15,4,1,1,11,416,MQ,RDU,1736
-4,4,2,2,11,416,MQ,RDU,1735
-7,4,3,3,11,416,MQ,RDU,1734
4,4,4,4,11,416,MQ,RDU,1733
-7,4,5,5,11,416,MQ,RDU,1732
-6,4,6,6,11,416,MQ,RDU,1731
-2,4,7,7,11,416,MQ,RDU,1730
-8,4,8,1,11,416,MQ,RDU,1729
-6,4,9,2,11,416,MQ,RDU,1728
3,4,10,3,11,416,MQ,RDU,1727
-12,4,11,4,11,416,MQ,RDU,1726
-4,4,13,6,11,416,MQ,RDU,1724
3,4,14,7,11,416,MQ,RDU,1723
-8,4,15,1,11,416,MQ,RDU,1722
-10,4,16,2,11,416,MQ,RDU,1721
1,4,17,3,11,416,MQ,RDU,1720
-5,4,18,4,11,416,MQ,RDU,1719
-7,4,19,5,11,416,MQ,RDU,1718
3,4,20,6,11,416,MQ,RDU,1717
-7,4,21,7,11,416,MQ,RDU,1716
-3,4,22,1,11,416,MQ,RDU,1715
-5,4,23,2,11,416,MQ,RDU,1714
-8,4,24,3,11,416,MQ,RDU,1713
-7,4,25,4,11,416,MQ,RDU,1712
-4,4,26,5,11,416,MQ,RDU,1711
-6,4,27,6,11,416,MQ,RDU,1710
-2,4,28,7,11,416,MQ,RDU,1709
-9,4,29,1,11,416,MQ,RDU,1708
-6,4,30,2,11,416,MQ,RDU,1707
42,4,1,1,16,416,MQ,RDU,1736
-4,4,2,2,16,416,MQ,RDU,1735
-6,4,3,3,16,416,MQ,RDU,1734
16,4,4,4,16,416,MQ,RDU,1733
-4,4,5,5,16,416,MQ,RDU,1732
75,4,6,6,16,416,MQ,RDU,1731
-3,4,7,7,16,416,MQ,RDU,1730
0,4,8,1,16,416,MQ,RDU,1729
-3,4,9,2,16,416,MQ,RDU,1728
-2,4,10,3,16,416,MQ,RDU,1727
-4,4,11,4,16,416,MQ,RDU,1726
-4,4,12,5,16,416,MQ,RDU,1725
-5,4,13,6,16,416,MQ,RDU,1724
-6,4,14,7,16,416,MQ,RDU,1723
-7,4,15,1,16,416,MQ,RDU,1722
-2,4,16,2,16,416,MQ,RDU,1721
-5,4,17,3,16,416,MQ,RDU,1720
30,4,18,4,16,416,MQ,RDU,1719
0,4,19,5,16,416,MQ,RDU,1718
12,4,20,6,16,416,MQ,RDU,1717
-4,4,21,7,16,416,MQ,RDU,1716
-3,4,22,1,16,416,MQ,RDU,1715
-9,4,23,2,16,416,MQ,RDU,1714
-8,4,24,3,16,416,MQ,RDU,1713
10,4,25,4,16,416,MQ,RDU,1712
-7,4,26,5,16,416,MQ,RDU,1711
-9,4,27,6,16,416,MQ,RDU,1710
27,4,28,7,16,416,MQ,RDU,1709
97,4,29,1,16,416,MQ,RDU,1708
3,4,30,2,16,416,MQ,RDU,1707
-6,4,1,1,8,416,MQ,RDU,1736
-6,4,2,2,8,416,MQ,RDU,1735
-16,4,3,3,8,416,MQ,RDU,1734
-3,4,4,4,8,416,MQ,RDU,1733
-3,4,5,5,8,416,MQ,RDU,1732
6,4,8,1,8,416,MQ,RDU,1729
-6,4,9,2,8,416,MQ,RDU,1728
-3,4,10,3,8,416,MQ,RDU,1727
88,4,11,4,8,416,MQ,RDU,1726
0,4,12,5,8,416,MQ,RDU,1725
-7,4,16,2,8,416,MQ,RDU,1721
-4,4,17,3,8,416,MQ,RDU,1720
3,4,18,4,8,416,MQ,RDU,1719
-2,4,19,5,8,416,MQ,RDU,1718
-6,4,22,1,8,416,MQ,RDU,1715
-2,4,24,3,8,416,MQ,RDU,1713
6,4,25,4,8,416,MQ,RDU,1712
-5,4,26,5,8,416,MQ,RDU,1711
6,4,29,1,8,416,MQ,RDU,1708
-6,4,30,2,8,416,MQ,RDU,1707
5,4,1,1,13,416,MQ,RDU,1736
-5,4,2,2,13,416,MQ,RDU,1735
-4,4,3,3,13,416,MQ,RDU,1734
-7,4,4,4,13,416,MQ,RDU,1733
5,4,5,5,13,416,MQ,RDU,1732
-4,4,6,6,13,416,MQ,RDU,1731
-7,4,8,1,13,416,MQ,RDU,1729
-2,4,10,3,13,416,MQ,RDU,1727
3,4,11,4,13,416,MQ,RDU,1726
-3,4,12,5,13,416,MQ,RDU,1725
-4,4,15,1,13,416,MQ,RDU,1722
0,4,16,2,13,416,MQ,RDU,1721
-2,4,17,3,13,416,MQ,RDU,1720
-5,4,18,4,13,416,MQ,RDU,1719
-3,4,19,5,13,416,MQ,RDU,1718
15,4,22,1,13,416,MQ,RDU,1715
-7,4,23,2,13,416,MQ,RDU,1714
-5,4,24,3,13,416,MQ,RDU,1713
-4,4,25,4,13,416,MQ,RDU,1712
-5,4,26,5,13,416,MQ,RDU,1711
-7,4,29,1,13,416,MQ,RDU,1708
-7,4,30,2,13,416,MQ,RDU,1707
80,4,1,1,18,416,MQ,RDU,1736
5,4,2,2,18,416,MQ,RDU,1735
12,4,3,3,18,416,MQ,RDU,1734
-6,4,4,4,18,416,MQ,RDU,1733
20,4,5,5,18,416,MQ,RDU,1732
17,4,7,7,18,416,MQ,RDU,1730
2,4,8,1,18,416,MQ,RDU,1729
-2,4,9,2,18,416,MQ,RDU,1728
1,4,10,3,18,416,MQ,RDU,1727
-2,4,11,4,18,416,MQ,RDU,1726
0,4,12,5,18,416,MQ,RDU,1725
-1,4,14,7,18,416,MQ,RDU,1723
-7,4,15,1,18,416,MQ,RDU,1722
-1,4,16,2,18,416,MQ,RDU,1721
-7,4,17,3,18,416,MQ,RDU,1720
140,4,18,4,18,416,MQ,RDU,1719
8,4,21,7,18,416,MQ,RDU,1716
-9,4,22,1,18,416,MQ,RDU,1715
1,4,23,2,18,416,MQ,RDU,1714
-9,4,24,3,18,416,MQ,RDU,1713
73,4,25,4,18,416,MQ,RDU,1712
-5,4,26,5,18,416,MQ,RDU,1711
169,4,29,1,18,416,MQ,RDU,1708
0,4,30,2,18,416,MQ,RDU,1707
0,4,1,1,9,487,NW,DTW,1736
-7,4,2,2,9,487,NW,DTW,1735
-4,4,3,3,9,487,NW,DTW,1734
-7,4,4,4,9,487,NW,DTW,1733
-2,4,5,5,9,487,NW,DTW,1732
-5,4,6,6,9,487,NW,DTW,1731
-8,4,7,7,12,487,NW,DTW,1730
-6,4,8,1,12,487,NW,DTW,1729
-2,4,9,2,12,487,NW,DTW,1728
0,4,10,3,12,487,NW,DTW,1727
-4,4,11,4,12,487,NW,DTW,1726
-4,4,12,5,12,487,NW,DTW,1725
43,4,13,6,12,487,NW,DTW,1724
-10,4,14,7,12,487,NW,DTW,1723
-7,4,15,1,12,487,NW,DTW,1722
-8,4,16,2,12,487,NW,DTW,1721
33,4,17,3,12,487,NW,DTW,1720
-6,4,18,4,12,487,NW,DTW,1719
110,4,19,5,12,487,NW,DTW,1718
-7,4,20,6,12,487,NW,DTW,1717
-1,4,21,7,12,487,NW,DTW,1716
-4,4,22,1,12,487,NW,DTW,1715
-11,4,23,2,12,487,NW,DTW,1714
-6,4,24,3,12,487,NW,DTW,1713
-5,4,25,4,12,487,NW,DTW,1712
4,4,26,5,12,487,NW,DTW,1711
-7,4,27,6,12,487,NW,DTW,1710
97,4,28,7,12,487,NW,DTW,1709
-5,4,29,1,12,487,NW,DTW,1708
-1,4,30,2,12,487,NW,DTW,1707
3,4,7,7,20,487,NW,DTW,1730
-2,4,8,1,20,487,NW,DTW,1729
-10,4,9,2,20,487,NW,DTW,1728
-9,4,10,3,20,487,NW,DTW,1727
-7,4,11,4,20,487,NW,DTW,1726
-3,4,12,5,20,487,NW,DTW,1725
-10,4,13,6,20,487,NW,DTW,1724
105,4,14,7,20,487,NW,DTW,1723
17,4,15,1,20,487,NW,DTW,1722
-8,4,16,2,20,487,NW,DTW,1721
-6,4,17,3,20,487,NW,DTW,1720
-6,4,20,6,20,487,NW,DTW,1717
-7,4,21,7,20,487,NW,DTW,1716
-3,4,22,1,20,487,NW,DTW,1715
-13,4,23,2,20,487,NW,DTW,1714
-4,4,24,3,20,487,NW,DTW,1713
33,4,25,4,20,487,NW,DTW,1712
-3,4,26,5,20,487,NW,DTW,1711
-9,4,27,6,20,487,NW,DTW,1710
295,4,28,7,20,487,NW,DTW,1709
10,4,29,1,20,487,NW,DTW,1708
-11,4,30,2,20,487,NW,DTW,1707
28,4,7,7,16,487,NW,DTW,1730
5,4,8,1,16,487,NW,DTW,1729
-3,4,9,2,16,487,NW,DTW,1728
15,4,10,3,16,487,NW,DTW,1727
-5,4,11,4,16,487,NW,DTW,1726
-2,4,12,5,16,487,NW,DTW,1725
-1,4,13,6,16,487,NW,DTW,1724
-2,4,14,7,16,487,NW,DTW,1723
-2,4,15,1,16,487,NW,DTW,1722
-7,4,16,2,16,487,NW,DTW,1721
-3,4,17,3,16,487,NW,DTW,1720
99,4,18,4,16,487,NW,DTW,1719
197,4,19,5,16,487,NW,DTW,1718
11,4,20,6,16,487,NW,DTW,1717
14,4,21,7,16,487,NW,DTW,1716
0,4,22,1,16,487,NW,DTW,1715
-3,4,23,2,16,487,NW,DTW,1714
-7,4,24,3,16,487,NW,DTW,1713
99,4,25,4,16,487,NW,DTW,1712
-1,4,26,5,16,487,NW,DTW,1711
66,4,27,6,16,487,NW,DTW,1710
51,4,28,7,16,487,NW,DTW,1709
7,4,29,1,16,487,NW,DTW,1708
-4,4,30,2,16,487,NW,DTW,1707
124,4,1,1,14,487,NW,DTW,1736
19,4,2,2,14,487,NW,DTW,1735
-11,4,3,3,14,487,NW,DTW,1734
-3,4,4,4,14,487,NW,DTW,1733
-6,4,5,5,14,487,NW,DTW,1732
74,4,7,7,14,487,NW,DTW,1730
-1,4,8,1,14,487,NW,DTW,1729
68,4,9,2,14,487,NW,DTW,1728
-5,4,10,3,14,487,NW,DTW,1727
-6,4,11,4,14,487,NW,DTW,1726
-4,4,12,5,14,487,NW,DTW,1725
-9,4,14,7,14,487,NW,DTW,1723
-7,4,15,1,14,487,NW,DTW,1722
-4,4,16,2,14,487,NW,DTW,1721
0,4,17,3,14,487,NW,DTW,1720
-6,4,18,4,14,487,NW,DTW,1719
66,4,19,5,14,487,NW,DTW,1718
-5,4,21,7,14,487,NW,DTW,1716
-10,4,22,1,14,487,NW,DTW,1715
50,4,23,2,14,487,NW,DTW,1714
-7,4,24,3,14,487,NW,DTW,1713
-3,4,25,4,14,487,NW,DTW,1712
-6,4,26,5,14,487,NW,DTW,1711
82,4,28,7,14,487,NW,DTW,1709
18,4,29,1,14,487,NW,DTW,1708
-3,4,30,2,14,487,NW,DTW,1707
-5,4,1,1,11,487,NW,DTW,1736
-3,4,2,2,11,487,NW,DTW,1735
-8,4,3,3,11,487,NW,DTW,1734
18,4,4,4,11,487,NW,DTW,1733
-8,4,5,5,11,487,NW,DTW,1732
-6,4,8,1,11,487,NW,DTW,1729
-7,4,9,2,11,487,NW,DTW,1728
-8,4,10,3,11,487,NW,DTW,1727
-9,4,11,4,11,487,NW,DTW,1726
-8,4,12,5,11,487,NW,DTW,1725
-3,4,16,2,11,487,NW,DTW,1721
-2,4,17,3,11,487,NW,DTW,1720
-6,4,18,4,11,487,NW,DTW,1719
-4,4,19,5,11,487,NW,DTW,1718
-8,4,22,1,11,487,NW,DTW,1715
-8,4,23,2,11,487,NW,DTW,1714
-12,4,24,3,11,487,NW,DTW,1713
-6,4,25,4,11,487,NW,DTW,1712
-4,4,26,5,11,487,NW,DTW,1711
-5,4,29,1,11,487,NW,DTW,1708
-9,4,30,2,11,487,NW,DTW,1707
-7,4,1,1,18,487,NW,DTW,1736
-4,4,2,2,18,487,NW,DTW,1735
-4,4,3,3,18,487,NW,DTW,1734
-7,4,4,4,18,487,NW,DTW,1733
-7,4,5,5,18,487,NW,DTW,1732
1,4,7,7,18,487,NW,DTW,1730
-6,4,8,1,18,487,NW,DTW,1729
-9,4,9,2,18,487,NW,DTW,1728
-7,4,10,3,18,487,NW,DTW,1727
-5,4,11,4,18,487,NW,DTW,1726
-7,4,12,5,18,487,NW,DTW,1725
-12,4,13,6,18,487,NW,DTW,1724
-5,4,14,7,18,487,NW,DTW,1723
-6,4,15,1,18,487,NW,DTW,1722
8,4,16,2,18,487,NW,DTW,1721
-7,4,17,3,18,487,NW,DTW,1720
156,4,18,4,18,487,NW,DTW,1719
-9,4,20,6,18,487,NW,DTW,1717
-5,4,21,7,18,487,NW,DTW,1716
-5,4,22,1,18,487,NW,DTW,1715
33,4,23,2,18,487,NW,DTW,1714
-6,4,24,3,18,487,NW,DTW,1713
0,4,26,5,18,487,NW,DTW,1711
-5,4,27,6,18,487,NW,DTW,1710
168,4,28,7,18,487,NW,DTW,1709
-5,4,29,1,18,487,NW,DTW,1708
-7,4,30,2,18,487,NW,DTW,1707
145,4,1,1,20,487,NW,DTW,1736
-11,4,3,3,20,487,NW,DTW,1734
-1,4,4,4,20,487,NW,DTW,1733
-11,4,5,5,20,487,NW,DTW,1732
-2,4,6,6,20,487,NW,DTW,1731
-5,4,7,7,8,1008,NW,MSP,1730
-2,4,8,1,8,1008,NW,MSP,1729
0,4,9,2,8,1008,NW,MSP,1728
-9,4,10,3,8,1008,NW,MSP,1727
0,4,11,4,8,1008,NW,MSP,1726
-8,4,12,5,8,1008,NW,MSP,1725
-6,4,13,6,8,1008,NW,MSP,1724
-6,4,14,7,8,1008,NW,MSP,1723
-3,4,15,1,8,1008,NW,MSP,1722
-10,4,16,2,8,1008,NW,MSP,1721
-4,4,17,3,8,1008,NW,MSP,1720
-9,4,18,4,8,1008,NW,MSP,1719
-7,4,19,5,8,1008,NW,MSP,1718
47,4,20,6,8,1008,NW,MSP,1717
-3,4,21,7,8,1008,NW,MSP,1716
-4,4,22,1,8,1008,NW,MSP,1715
-7,4,23,2,8,1008,NW,MSP,1714
-2,4,24,3,8,1008,NW,MSP,1713
2,4,25,4,8,1008,NW,MSP,1712
-6,4,26,5,8,1008,NW,MSP,1711
-9,4,27,6,8,1008,NW,MSP,1710
-6,4,28,7,8,1008,NW,MSP,1709
-1,4,29,1,8,1008,NW,MSP,1708
-3,4,30,2,8,1008,NW,MSP,1707
-4,4,7,7,6,1008,NW,MSP,1730
-5,4,8,1,6,1008,NW,MSP,1729
-8,4,9,2,6,1008,NW,MSP,1728
-9,4,10,3,6,1008,NW,MSP,1727
-9,4,11,4,6,1008,NW,MSP,1726
-10,4,12,5,6,1008,NW,MSP,1725
-7,4,13,6,6,1008,NW,MSP,1724
-6,4,14,7,6,1008,NW,MSP,1723
-2,4,15,1,6,1008,NW,MSP,1722
-6,4,16,2,6,1008,NW,MSP,1721
-1,4,17,3,6,1008,NW,MSP,1720
-6,4,18,4,6,1008,NW,MSP,1719
-3,4,19,5,6,1008,NW,MSP,1718
-4,4,20,6,6,1008,NW,MSP,1717
-7,4,21,7,6,1008,NW,MSP,1716
-6,4,22,1,6,1008,NW,MSP,1715
-5,4,23,2,6,1008,NW,MSP,1714
-7,4,24,3,6,1008,NW,MSP,1713
-5,4,25,4,6,1008,NW,MSP,1712
-8,4,26,5,6,1008,NW,MSP,1711
-8,4,27,6,6,1008,NW,MSP,1710
-8,4,28,7,6,1008,NW,MSP,1709
10,4,29,1,6,1008,NW,MSP,1708
-4,4,30,2,6,1008,NW,MSP,1707
-3,4,1,1,6,1008,NW,MSP,1736
-6,4,2,2,6,1008,NW,MSP,1735
-4,4,3,3,6,1008,NW,MSP,1734
-4,4,4,4,6,1008,NW,MSP,1733
-9,4,5,5,6,1008,NW,MSP,1732
-2,4,6,6,6,1008,NW,MSP,1731
-8,4,7,7,11,1008,NW,MSP,1730
-6,4,8,1,11,1008,NW,MSP,1729
-8,4,9,2,11,1008,NW,MSP,1728
-6,4,10,3,11,1008,NW,MSP,1727
-1,4,11,4,11,1008,NW,MSP,1726
-5,4,12,5,11,1008,NW,MSP,1725
-6,4,14,7,11,1008,NW,MSP,1723
-8,4,15,1,11,1008,NW,MSP,1722
-7,4,16,2,11,1008,NW,MSP,1721
17,4,17,3,11,1008,NW,MSP,1720
21,4,18,4,11,1008,NW,MSP,1719
20,4,19,5,11,1008,NW,MSP,1718
-8,4,21,7,11,1008,NW,MSP,1716
18,4,22,1,11,1008,NW,MSP,1715
-7,4,23,2,11,1008,NW,MSP,1714
-6,4,24,3,11,1008,NW,MSP,1713
-10,4,25,4,11,1008,NW,MSP,1712
-8,4,26,5,11,1008,NW,MSP,1711
-1,4,28,7,11,1008,NW,MSP,1709
-10,4,30,2,11,1008,NW,MSP,1707
64,4,1,1,13,1008,NW,MSP,1736
-3,4,2,2,13,1008,NW,MSP,1735
-4,4,3,3,13,1008,NW,MSP,1734
-6,4,4,4,13,1008,NW,MSP,1733
-10,4,5,5,13,1008,NW,MSP,1732
-4,4,6,6,13,1008,NW,MSP,1731
0,4,7,7,17,1008,NW,MSP,1730
-1,4,8,1,17,1008,NW,MSP,1729
-8,4,9,2,17,1008,NW,MSP,1728
-5,4,10,3,17,1008,NW,MSP,1727
-3,4,11,4,17,1008,NW,MSP,1726
-8,4,12,5,17,1008,NW,MSP,1725
1,4,13,6,17,1008,NW,MSP,1724
-4,4,14,7,17,1008,NW,MSP,1723
-6,4,15,1,17,1008,NW,MSP,1722
-6,4,16,2,17,1008,NW,MSP,1721
-4,4,17,3,17,1008,NW,MSP,1720
105,4,18,4,17,1008,NW,MSP,1719
4,4,20,6,17,1008,NW,MSP,1717
1,4,21,7,17,1008,NW,MSP,1716
-6,4,22,1,17,1008,NW,MSP,1715
-5,4,23,2,17,1008,NW,MSP,1714
-3,4,24,3,17,1008,NW,MSP,1713
109,4,25,4,17,1008,NW,MSP,1712
-6,4,26,5,17,1008,NW,MSP,1711
-2,4,27,6,17,1008,NW,MSP,1710
86,4,28,7,17,1008,NW,MSP,1709
-6,4,29,1,17,1008,NW,MSP,1708
-6,4,30,2,17,1008,NW,MSP,1707
0,4,7,7,18,1008,NW,MSP,1730
-4,4,8,1,18,1008,NW,MSP,1729
57,4,9,2,18,1008,NW,MSP,1728
-6,4,10,3,18,1008,NW,MSP,1727
-7,4,11,4,18,1008,NW,MSP,1726
-3,4,12,5,18,1008,NW,MSP,1725
-4,4,14,7,18,1008,NW,MSP,1723
-7,4,15,1,18,1008,NW,MSP,1722
-1,4,16,2,18,1008,NW,MSP,1721
-4,4,17,3,18,1008,NW,MSP,1720
92,4,18,4,18,1008,NW,MSP,1719
47,4,19,5,18,1008,NW,MSP,1718
-4,4,21,7,18,1008,NW,MSP,1716
-12,4,22,1,18,1008,NW,MSP,1715
-8,4,23,2,18,1008,NW,MSP,1714
-7,4,24,3,18,1008,NW,MSP,1713
-4,4,26,5,18,1008,NW,MSP,1711
10,4,28,7,18,1008,NW,MSP,1709
-9,4,29,1,18,1008,NW,MSP,1708
-8,4,30,2,18,1008,NW,MSP,1707
-1,4,1,1,6,946,NW,MEM,1736
-2,4,2,2,6,946,NW,MEM,1735
-4,4,3,3,6,946,NW,MEM,1734
-4,4,5,5,6,946,NW,MEM,1732
-9,4,6,6,6,946,NW,MEM,1731
0,4,8,1,6,946,NW,MEM,1729
-3,4,9,2,6,946,NW,MEM,1728
-8,4,10,3,6,946,NW,MEM,1727
-10,4,11,4,6,946,NW,MEM,1726
-7,4,12,5,6,946,NW,MEM,1725
-6,4,13,6,6,946,NW,MEM,1724
-12,4,15,1,6,946,NW,MEM,1722
-7,4,16,2,6,946,NW,MEM,1721
-7,4,17,3,6,946,NW,MEM,1720
-8,4,18,4,6,946,NW,MEM,1719
-2,4,19,5,6,946,NW,MEM,1718
-5,4,20,6,6,946,NW,MEM,1717
-3,4,22,1,6,946,NW,MEM,1715
-9,4,23,2,6,946,NW,MEM,1714
-4,4,24,3,6,946,NW,MEM,1713
-3,4,25,4,6,946,NW,MEM,1712
-5,4,26,5,6,946,NW,MEM,1711
-7,4,27,6,6,946,NW,MEM,1710
-1,4,29,1,6,946,NW,MEM,1708
-9,4,30,2,6,946,NW,MEM,1707
-7,4,1,1,10,946,NW,MEM,1736
49,4,2,2,10,946,NW,MEM,1735
-10,4,3,3,10,946,NW,MEM,1734
-7,4,4,4,10,946,NW,MEM,1733
-7,4,5,5,10,946,NW,MEM,1732
62,4,6,6,10,946,NW,MEM,1731
-8,4,7,7,10,946,NW,MEM,1730
-2,4,8,1,10,946,NW,MEM,1729
-8,4,9,2,10,946,NW,MEM,1728
-10,4,10,3,10,946,NW,MEM,1727
-9,4,11,4,10,946,NW,MEM,1726
-2,4,12,5,10,946,NW,MEM,1725
-8,4,13,6,10,946,NW,MEM,1724
-2,4,14,7,10,946,NW,MEM,1723
-11,4,15,1,10,946,NW,MEM,1722
140,4,16,2,10,946,NW,MEM,1721
-11,4,17,3,10,946,NW,MEM,1720
-10,4,18,4,10,946,NW,MEM,1719
-6,4,19,5,10,946,NW,MEM,1718
-9,4,20,6,10,946,NW,MEM,1717
34,4,21,7,10,946,NW,MEM,1716
-5,4,22,1,10,946,NW,MEM,1715
-7,4,23,2,10,946,NW,MEM,1714
-5,4,24,3,10,946,NW,MEM,1713
-6,4,25,4,10,946,NW,MEM,1712
-3,4,26,5,10,946,NW,MEM,1711
27,4,27,6,10,946,NW,MEM,1710
-9,4,28,7,10,946,NW,MEM,1709
61,4,29,1,10,946,NW,MEM,1708
-7,4,30,2,10,946,NW,MEM,1707
1,4,1,1,14,946,NW,MEM,1736
-3,4,2,2,14,946,NW,MEM,1735
19,4,3,3,14,946,NW,MEM,1734
-3,4,4,4,14,946,NW,MEM,1733
-1,4,5,5,14,946,NW,MEM,1732
-15,4,7,7,14,946,NW,MEM,1730
-6,4,8,1,14,946,NW,MEM,1729
-6,4,9,2,14,946,NW,MEM,1728
-7,4,10,3,14,946,NW,MEM,1727
-6,4,11,4,14,946,NW,MEM,1726
-1,4,12,5,14,946,NW,MEM,1725
-7,4,13,6,14,946,NW,MEM,1724
-10,4,14,7,14,946,NW,MEM,1723
-2,4,15,1,14,946,NW,MEM,1722
-2,4,16,2,14,946,NW,MEM,1721
147,4,17,3,14,946,NW,MEM,1720
-3,4,18,4,14,946,NW,MEM,1719
5,4,19,5,14,946,NW,MEM,1718
-6,4,20,6,14,946,NW,MEM,1717
-4,4,21,7,14,946,NW,MEM,1716
-8,4,22,1,14,946,NW,MEM,1715
25,4,23,2,14,946,NW,MEM,1714
-6,4,24,3,14,946,NW,MEM,1713
-4,4,25,4,14,946,NW,MEM,1712
-5,4,26,5,14,946,NW,MEM,1711
-7,4,27,6,14,946,NW,MEM,1710
-6,4,30,2,14,946,NW,MEM,1707
2,4,1,1,16,487,NW,DTW,1736
40,4,2,2,16,487,NW,DTW,1735
-3,4,3,3,16,487,NW,DTW,1734
-5,4,4,4,16,487,NW,DTW,1733
35,4,5,5,16,487,NW,DTW,1732
12,4,6,6,16,487,NW,DTW,1731
-3,4,7,7,6,487,NW,DTW,1730
-1,4,8,1,6,487,NW,DTW,1729
-4,4,9,2,6,487,NW,DTW,1728
-7,4,10,3,6,487,NW,DTW,1727
0,4,11,4,6,487,NW,DTW,1726
-4,4,12,5,6,487,NW,DTW,1725
-4,4,13,6,6,487,NW,DTW,1724
-5,4,14,7,6,487,NW,DTW,1723
48,4,15,1,6,487,NW,DTW,1722
-3,4,16,2,6,487,NW,DTW,1721
1,4,17,3,6,487,NW,DTW,1720
-2,4,18,4,6,487,NW,DTW,1719
16,4,19,5,6,487,NW,DTW,1718
-3,4,20,6,6,487,NW,DTW,1717
-7,4,21,7,6,487,NW,DTW,1716
-8,4,22,1,6,487,NW,DTW,1715
-2,4,23,2,6,487,NW,DTW,1714
-4,4,24,3,6,487,NW,DTW,1713
-3,4,25,4,6,487,NW,DTW,1712
-2,4,26,5,6,487,NW,DTW,1711
-4,4,27,6,6,487,NW,DTW,1710
-7,4,28,7,6,487,NW,DTW,1709
0,4,30,2,6,487,NW,DTW,1707
-2,4,1,1,6,487,NW,DTW,1736
57,4,2,2,6,487,NW,DTW,1735
-7,4,3,3,6,487,NW,DTW,1734
-5,4,4,4,6,487,NW,DTW,1733
0,4,5,5,6,487,NW,DTW,1732
-6,4,6,6,6,487,NW,DTW,1731
0,4,7,7,9,487,NW,DTW,1730
-5,4,8,1,9,487,NW,DTW,1729
-5,4,9,2,9,487,NW,DTW,1728
-9,4,10,3,9,487,NW,DTW,1727
-9,4,11,4,9,487,NW,DTW,1726
-7,4,12,5,9,487,NW,DTW,1725
-7,4,13,6,9,487,NW,DTW,1724
-7,4,14,7,9,487,NW,DTW,1723
-6,4,15,1,9,487,NW,DTW,1722
-5,4,16,2,9,487,NW,DTW,1721
-4,4,17,3,9,487,NW,DTW,1720
-6,4,18,4,9,487,NW,DTW,1719
-4,4,19,5,9,487,NW,DTW,1718
-3,4,20,6,9,487,NW,DTW,1717
-2,4,21,7,9,487,NW,DTW,1716
-2,4,22,1,9,487,NW,DTW,1715
-8,4,23,2,9,487,NW,DTW,1714
-4,4,24,3,9,487,NW,DTW,1713
-7,4,25,4,9,487,NW,DTW,1712
-5,4,26,5,9,487,NW,DTW,1711
-9,4,27,6,9,487,NW,DTW,1710
-5,4,28,7,9,487,NW,DTW,1709
-1,4,29,1,9,487,NW,DTW,1708
-1,4,30,2,9,487,NW,DTW,1707
159,4,1,1,17,1008,NW,MSP,1736
32,4,2,2,17,1008,NW,MSP,1735
-6,4,3,3,17,1008,NW,MSP,1734
-2,4,4,4,17,1008,NW,MSP,1733
0,4,5,5,17,1008,NW,MSP,1732
-6,4,6,6,17,1008,NW,MSP,1731
-1,4,1,1,12,487,NW,DTW,1736
-4,4,2,2,12,487,NW,DTW,1735
-9,4,3,3,12,487,NW,DTW,1734
-9,4,4,4,12,487,NW,DTW,1733
-4,4,5,5,12,487,NW,DTW,1732
-5,4,6,6,12,487,NW,DTW,1731
39,4,7,7,13,1008,NW,MSP,1730
0,4,8,1,13,1008,NW,MSP,1729
-5,4,9,2,13,1008,NW,MSP,1728
-13,4,10,3,13,1008,NW,MSP,1727
20,4,11,4,13,1008,NW,MSP,1726
-9,4,12,5,13,1008,NW,MSP,1725
5,4,13,6,13,1008,NW,MSP,1724
-6,4,14,7,13,1008,NW,MSP,1723
-10,4,15,1,13,1008,NW,MSP,1722
-4,4,17,3,13,1008,NW,MSP,1720
-9,4,18,4,13,1008,NW,MSP,1719
-11,4,19,5,13,1008,NW,MSP,1718
14,4,20,6,13,1008,NW,MSP,1717
-10,4,21,7,13,1008,NW,MSP,1716
1,4,22,1,13,1008,NW,MSP,1715
-5,4,23,2,13,1008,NW,MSP,1714
-7,4,24,3,13,1008,NW,MSP,1713
0,4,25,4,13,1008,NW,MSP,1712
-9,4,26,5,13,1008,NW,MSP,1711
-8,4,27,6,13,1008,NW,MSP,1710
109,4,29,1,13,1008,NW,MSP,1708
54,4,30,2,13,1008,NW,MSP,1707
-4,4,1,1,8,1008,NW,MSP,1736
0,4,2,2,8,1008,NW,MSP,1735
-5,4,3,3,8,1008,NW,MSP,1734
-7,4,4,4,8,1008,NW,MSP,1733
-5,4,5,5,8,1008,NW,MSP,1732
-7,4,6,6,8,1008,NW,MSP,1731
72,4,1,1,11,1008,NW,MSP,1736
45,4,2,2,11,1008,NW,MSP,1735
-13,4,3,3,11,1008,NW,MSP,1734
-7,4,4,4,11,1008,NW,MSP,1733
1,4,5,5,11,1008,NW,MSP,1732
-3,4,1,1,8,2454,UA,LAX,1736
2,4,2,2,8,2454,UA,LAX,1735
-3,4,3,3,8,2454,UA,LAX,1734
-3,4,4,4,8,2454,UA,LAX,1733
-4,4,5,5,8,2454,UA,LAX,1732
-1,4,6,6,8,2454,UA,LAX,1731
-2,4,7,7,8,2454,UA,LAX,1730
-1,4,8,1,8,2454,UA,LAX,1729
-3,4,9,2,8,2454,UA,LAX,1728
-3,4,10,3,8,2454,UA,LAX,1727
0,4,11,4,8,2454,UA,LAX,1726
1,4,12,5,8,2454,UA,LAX,1725
1,4,13,6,8,2454,UA,LAX,1724
-4,4,14,7,8,2454,UA,LAX,1723
-3,4,16,2,8,2454,UA,LAX,1721
-6,4,17,3,8,2454,UA,LAX,1720
0,4,18,4,8,2454,UA,LAX,1719
1,4,19,5,8,2454,UA,LAX,1718
0,4,20,6,8,2454,UA,LAX,1717
-5,4,21,7,8,2454,UA,LAX,1716
-3,4,22,1,8,2454,UA,LAX,1715
-4,4,23,2,8,2454,UA,LAX,1714
-4,4,24,3,8,2454,UA,LAX,1713
0,4,25,4,8,2454,UA,LAX,1712
-2,4,26,5,8,2454,UA,LAX,1711
-3,4,27,6,8,2454,UA,LAX,1710
-4,4,28,7,8,2454,UA,LAX,1709
-2,4,29,1,8,2454,UA,LAX,1708
-1,4,30,2,8,2454,UA,LAX,1707
1,4,7,7,11,2454,UA,LAX,1730
10,4,8,1,11,2454,UA,LAX,1729
-3,4,9,2,11,2454,UA,LAX,1728
-3,4,10,3,11,2454,UA,LAX,1727
-2,4,11,4,11,2454,UA,LAX,1726
-6,4,12,5,11,2454,UA,LAX,1725
144,4,13,6,11,2454,UA,LAX,1724
-3,4,14,7,11,2454,UA,LAX,1723
25,4,15,1,11,2454,UA,LAX,1722
-2,4,16,2,11,2454,UA,LAX,1721
-4,4,17,3,11,2454,UA,LAX,1720
-3,4,18,4,11,2454,UA,LAX,1719
-3,4,19,5,11,2454,UA,LAX,1718
-1,4,20,6,11,2454,UA,LAX,1717
-1,4,21,7,11,2454,UA,LAX,1716
-3,4,22,1,11,2454,UA,LAX,1715
-3,4,23,2,11,2454,UA,LAX,1714
-3,4,24,3,11,2454,UA,LAX,1713
-2,4,25,4,11,2454,UA,LAX,1712
-2,4,26,5,11,2454,UA,LAX,1711
-5,4,27,6,11,2454,UA,LAX,1710
-5,4,28,7,11,2454,UA,LAX,1709
-3,4,29,1,11,2454,UA,LAX,1708
-2,4,30,2,11,2454,UA,LAX,1707
13,4,1,1,18,2454,UA,LAX,1736
0,4,2,2,18,2454,UA,LAX,1735
25,4,3,3,18,2454,UA,LAX,1734
0,4,4,4,18,2454,UA,LAX,1733
-1,4,5,5,18,2454,UA,LAX,1732
-1,4,6,6,18,2454,UA,LAX,1731
10,4,7,7,18,2454,UA,LAX,1730
-1,4,8,1,18,2454,UA,LAX,1729
-1,4,9,2,18,2454,UA,LAX,1728
-2,4,10,3,18,2454,UA,LAX,1727
0,4,11,4,18,2454,UA,LAX,1726
10,4,12,5,18,2454,UA,LAX,1725
3,4,13,6,18,2454,UA,LAX,1724
16,4,14,7,18,2454,UA,LAX,1723
-5,4,15,1,18,2454,UA,LAX,1722
-1,4,16,2,18,2454,UA,LAX,1721
-3,4,17,3,18,2454,UA,LAX,1720
35,4,18,4,18,2454,UA,LAX,1719
230,4,19,5,18,2454,UA,LAX,1718
-1,4,20,6,18,2454,UA,LAX,1717
14,4,21,7,18,2454,UA,LAX,1716
5,4,22,1,18,2454,UA,LAX,1715
-4,4,23,2,18,2454,UA,LAX,1714
1,4,24,3,18,2454,UA,LAX,1713
61,4,25,4,18,2454,UA,LAX,1712
5,4,26,5,18,2454,UA,LAX,1711
-1,4,27,6,18,2454,UA,LAX,1710
42,4,28,7,18,2454,UA,LAX,1709
-3,4,29,1,18,2454,UA,LAX,1708
21,4,30,2,18,2454,UA,LAX,1707
-3,4,1,1,10,2565,UA,SFO,1736
0,4,2,2,10,2565,UA,SFO,1735
-5,4,3,3,10,2565,UA,SFO,1734
4,4,4,4,10,2565,UA,SFO,1733
4,4,5,5,10,2565,UA,SFO,1732
-1,4,6,6,10,2565,UA,SFO,1731
-1,4,7,7,10,2565,UA,SFO,1730
-5,4,8,1,10,2565,UA,SFO,1729
4,4,9,2,10,2565,UA,SFO,1728
-1,4,10,3,10,2565,UA,SFO,1727
-2,4,11,4,10,2565,UA,SFO,1726
0,4,12,5,10,2565,UA,SFO,1725
-1,4,13,6,10,2565,UA,SFO,1724
0,4,14,7,10,2565,UA,SFO,1723
6,4,15,1,10,2565,UA,SFO,1722
-1,4,16,2,10,2565,UA,SFO,1721
-2,4,17,3,10,2565,UA,SFO,1720
-3,4,18,4,10,2565,UA,SFO,1719
-3,4,19,5,10,2565,UA,SFO,1718
-4,4,20,6,10,2565,UA,SFO,1717
0,4,21,7,10,2565,UA,SFO,1716
7,4,22,1,10,2565,UA,SFO,1715
0,4,23,2,10,2565,UA,SFO,1714
64,4,24,3,10,2565,UA,SFO,1713
-4,4,25,4,10,2565,UA,SFO,1712
-5,4,26,5,10,2565,UA,SFO,1711
0,4,27,6,10,2565,UA,SFO,1710
-3,4,28,7,10,2565,UA,SFO,1709
0,4,29,1,10,2565,UA,SFO,1708
2,4,30,2,10,2565,UA,SFO,1707
0,4,1,1,17,2565,UA,SFO,1736
39,4,2,2,17,2565,UA,SFO,1735
25,4,3,3,17,2565,UA,SFO,1734
-1,4,4,4,17,2565,UA,SFO,1733
6,4,5,5,17,2565,UA,SFO,1732
19,4,7,7,18,2565,UA,SFO,1730
-4,4,9,2,18,2565,UA,SFO,1728
7,4,10,3,18,2565,UA,SFO,1727
-3,4,11,4,18,2565,UA,SFO,1726
-3,4,12,5,18,2565,UA,SFO,1725
8,4,13,6,18,2565,UA,SFO,1724
14,4,14,7,18,2565,UA,SFO,1723
-3,4,15,1,18,2565,UA,SFO,1722
4,4,16,2,18,2565,UA,SFO,1721
-2,4,17,3,18,2565,UA,SFO,1720
88,4,18,4,18,2565,UA,SFO,1719
120,4,19,5,18,2565,UA,SFO,1718
-4,4,20,6,18,2565,UA,SFO,1717
98,4,21,7,18,2565,UA,SFO,1716
0,4,22,1,18,2565,UA,SFO,1715
-2,4,23,2,18,2565,UA,SFO,1714
8,4,24,3,18,2565,UA,SFO,1713
-1,4,25,4,18,2565,UA,SFO,1712
-4,4,26,5,18,2565,UA,SFO,1711
0,4,27,6,18,2565,UA,SFO,1710
12,4,28,7,18,2565,UA,SFO,1709
-3,4,29,1,18,2565,UA,SFO,1708
44,4,30,2,18,2565,UA,SFO,1707
-3,4,1,1,7,2565,UA,SFO,1736
1,4,2,2,7,2565,UA,SFO,1735
-2,4,3,3,7,2565,UA,SFO,1734
-3,4,4,4,7,2565,UA,SFO,1733
0,4,5,5,7,2565,UA,SFO,1732
2,4,6,6,7,2565,UA,SFO,1731
1,4,7,7,7,2565,UA,SFO,1730
3,4,8,1,7,2565,UA,SFO,1729
-2,4,9,2,7,2565,UA,SFO,1728
-2,4,10,3,7,2565,UA,SFO,1727
-5,4,11,4,7,2565,UA,SFO,1726
-2,4,12,5,7,2565,UA,SFO,1725
-4,4,13,6,7,2565,UA,SFO,1724
0,4,14,7,7,2565,UA,SFO,1723
-1,4,15,1,7,2565,UA,SFO,1722
-3,4,16,2,7,2565,UA,SFO,1721
-6,4,17,3,7,2565,UA,SFO,1720
-2,4,18,4,7,2565,UA,SFO,1719
-3,4,19,5,7,2565,UA,SFO,1718
-3,4,20,6,7,2565,UA,SFO,1717
-4,4,21,7,7,2565,UA,SFO,1716
-5,4,22,1,7,2565,UA,SFO,1715
-2,4,23,2,7,2565,UA,SFO,1714
-5,4,24,3,7,2565,UA,SFO,1713
-1,4,25,4,7,2565,UA,SFO,1712
-2,4,26,5,7,2565,UA,SFO,1711
-2,4,27,6,7,2565,UA,SFO,1710
-1,4,28,7,7,2565,UA,SFO,1709
-1,4,29,1,7,2565,UA,SFO,1708
-1,4,30,2,7,2565,UA,SFO,1707
-2,4,1,1,11,2454,UA,LAX,1736
4,4,2,2,11,2454,UA,LAX,1735
-4,4,3,3,11,2454,UA,LAX,1734
37,4,4,4,11,2454,UA,LAX,1733
-4,4,5,5,11,2454,UA,LAX,1732
-3,4,6,6,11,2454,UA,LAX,1731
-4,4,1,1,14,1605,UA,DEN,1736
0,4,2,2,14,1605,UA,DEN,1735
1,4,3,3,14,1605,UA,DEN,1734
0,4,4,4,14,1605,UA,DEN,1733
0,4,5,5,14,1605,UA,DEN,1732
-4,4,7,7,14,1605,UA,DEN,1730
-5,4,8,1,14,1605,UA,DEN,1729
-5,4,9,2,14,1605,UA,DEN,1728
-2,4,10,3,14,1605,UA,DEN,1727
-9,4,11,4,14,1605,UA,DEN,1726
3,4,12,5,14,1605,UA,DEN,1725
-5,4,13,6,14,1605,UA,DEN,1724
-1,4,14,7,14,1605,UA,DEN,1723
-1,4,15,1,14,1605,UA,DEN,1722
-5,4,16,2,14,1605,UA,DEN,1721
-3,4,17,3,14,1605,UA,DEN,1720
-6,4,18,4,14,1605,UA,DEN,1719
-2,4,19,5,14,1605,UA,DEN,1718
1,4,20,6,14,1605,UA,DEN,1717
157,4,21,7,14,1605,UA,DEN,1716
-5,4,22,1,14,1605,UA,DEN,1715
-7,4,23,2,14,1605,UA,DEN,1714
-1,4,24,3,14,1605,UA,DEN,1713
13,4,25,4,14,1605,UA,DEN,1712
-5,4,26,5,14,1605,UA,DEN,1711
-8,4,27,6,14,1605,UA,DEN,1710
10,4,28,7,14,1605,UA,DEN,1709
-1,4,29,1,14,1605,UA,DEN,1708
-5,4,30,2,14,1605,UA,DEN,1707
17,4,1,1,11,1605,UA,DEN,1736
-2,4,2,2,11,1605,UA,DEN,1735
8,4,3,3,11,1605,UA,DEN,1734
9,4,4,4,11,1605,UA,DEN,1733
-1,4,5,5,11,1605,UA,DEN,1732
31,4,6,6,11,1605,UA,DEN,1731
-4,4,7,7,9,1605,UA,DEN,1730
-2,4,8,1,9,1605,UA,DEN,1729
-6,4,9,2,9,1605,UA,DEN,1728
-1,4,10,3,9,1605,UA,DEN,1727
-3,4,11,4,9,1605,UA,DEN,1726
-2,4,12,5,9,1605,UA,DEN,1725
-2,4,13,6,9,1605,UA,DEN,1724
-3,4,14,7,9,1605,UA,DEN,1723
-5,4,15,1,9,1605,UA,DEN,1722
-3,4,16,2,9,1605,UA,DEN,1721
-4,4,17,3,9,1605,UA,DEN,1720
-2,4,18,4,9,1605,UA,DEN,1719
-6,4,19,5,9,1605,UA,DEN,1718
-2,4,20,6,9,1605,UA,DEN,1717
3,4,21,7,9,1605,UA,DEN,1716
-2,4,22,1,9,1605,UA,DEN,1715
-5,4,23,2,9,1605,UA,DEN,1714
-4,4,24,3,9,1605,UA,DEN,1713
-3,4,25,4,9,1605,UA,DEN,1712
-2,4,26,5,9,1605,UA,DEN,1711
-4,4,27,6,9,1605,UA,DEN,1710
-3,4,28,7,9,1605,UA,DEN,1709
-6,4,29,1,9,1605,UA,DEN,1708
-5,4,30,2,9,1605,UA,DEN,1707
2,4,7,7,16,719,UA,ORD,1730
9,4,8,1,16,719,UA,ORD,1729
-5,4,9,2,16,719,UA,ORD,1728
-6,4,10,3,16,719,UA,ORD,1727
-6,4,11,4,16,719,UA,ORD,1726
-6,4,12,5,16,719,UA,ORD,1725
3,4,14,7,16,719,UA,ORD,1723
-2,4,15,1,16,719,UA,ORD,1722
-6,4,16,2,16,719,UA,ORD,1721
-3,4,17,3,16,719,UA,ORD,1720
123,4,18,4,16,719,UA,ORD,1719
73,4,19,5,16,719,UA,ORD,1718
-4,4,21,7,16,719,UA,ORD,1716
12,4,23,2,16,719,UA,ORD,1714
17,4,24,3,16,719,UA,ORD,1713
-2,4,25,4,16,719,UA,ORD,1712
-6,4,26,5,16,719,UA,ORD,1711
-1,4,28,7,16,719,UA,ORD,1709
63,4,29,1,16,719,UA,ORD,1708
-7,4,30,2,16,719,UA,ORD,1707
-2,4,1,1,6,719,UA,ORD,1736
-3,4,2,2,6,719,UA,ORD,1735
-6,4,3,3,6,719,UA,ORD,1734
-4,4,4,4,6,719,UA,ORD,1733
-7,4,5,5,6,719,UA,ORD,1732
-3,4,7,7,6,719,UA,ORD,1730
-4,4,8,1,6,719,UA,ORD,1729
-3,4,9,2,6,719,UA,ORD,1728
-3,4,10,3,6,719,UA,ORD,1727
-3,4,11,4,6,719,UA,ORD,1726
-2,4,12,5,6,719,UA,ORD,1725
-6,4,13,6,6,719,UA,ORD,1724
-6,4,14,7,6,719,UA,ORD,1723
-6,4,15,1,6,719,UA,ORD,1722
-5,4,16,2,6,719,UA,ORD,1721
-7,4,17,3,6,719,UA,ORD,1720
-5,4,18,4,6,719,UA,ORD,1719
8,4,19,5,6,719,UA,ORD,1718
-3,4,20,6,6,719,UA,ORD,1717
-6,4,21,7,6,719,UA,ORD,1716
-3,4,22,1,6,719,UA,ORD,1715
-5,4,23,2,6,719,UA,ORD,1714
-4,4,24,3,6,719,UA,ORD,1713
-7,4,25,4,6,719,UA,ORD,1712
-5,4,26,5,6,719,UA,ORD,1711
-6,4,27,6,6,719,UA,ORD,1710
-6,4,28,7,6,719,UA,ORD,1709
-2,4,29,1,6,719,UA,ORD,1708
-14,4,30,2,6,719,UA,ORD,1707
-3,4,1,1,7,719,UA,ORD,1736
2,4,2,2,7,719,UA,ORD,1735
-6,4,3,3,7,719,UA,ORD,1734
-3,4,4,4,7,719,UA,ORD,1733
2,4,5,5,7,719,UA,ORD,1732
-6,4,6,6,7,719,UA,ORD,1731
-3,4,7,7,7,719,UA,ORD,1730
-10,4,8,1,7,719,UA,ORD,1729
-4,4,9,2,7,719,UA,ORD,1728
-6,4,10,3,7,719,UA,ORD,1727
-2,4,11,4,7,719,UA,ORD,1726
-7,4,12,5,7,719,UA,ORD,1725
0,4,13,6,7,719,UA,ORD,1724
-6,4,14,7,7,719,UA,ORD,1723
-4,4,15,1,7,719,UA,ORD,1722
-4,4,16,2,7,719,UA,ORD,1721
-4,4,17,3,7,719,UA,ORD,1720
-3,4,18,4,7,719,UA,ORD,1719
0,4,19,5,7,719,UA,ORD,1718
-3,4,20,6,7,719,UA,ORD,1717
-6,4,21,7,7,719,UA,ORD,1716
-4,4,22,1,7,719,UA,ORD,1715
-4,4,23,2,7,719,UA,ORD,1714
-6,4,24,3,7,719,UA,ORD,1713
-6,4,25,4,7,719,UA,ORD,1712
-6,4,26,5,7,719,UA,ORD,1711
1,4,27,6,7,719,UA,ORD,1710
-7,4,28,7,7,719,UA,ORD,1709
-5,4,29,1,7,719,UA,ORD,1708
-10,4,30,2,7,719,UA,ORD,1707
-5,4,1,1,8,719,UA,ORD,1736
-5,4,2,2,8,719,UA,ORD,1735
40,4,3,3,8,719,UA,ORD,1734
-2,4,4,4,8,719,UA,ORD,1733
-6,4,5,5,8,719,UA,ORD,1732
-4,4,6,6,8,719,UA,ORD,1731
-1,4,8,1,8,719,UA,ORD,1729
-5,4,9,2,8,719,UA,ORD,1728
-3,4,10,3,8,719,UA,ORD,1727
17,4,11,4,8,719,UA,ORD,1726
-6,4,12,5,8,719,UA,ORD,1725
-5,4,15,1,8,719,UA,ORD,1722
4,4,16,2,8,719,UA,ORD,1721
-4,4,17,3,8,719,UA,ORD,1720
-4,4,18,4,8,719,UA,ORD,1719
19,4,19,5,8,719,UA,ORD,1718
2,4,22,1,8,719,UA,ORD,1715
3,4,23,2,8,719,UA,ORD,1714
-3,4,24,3,8,719,UA,ORD,1713
-1,4,25,4,8,719,UA,ORD,1712
-2,4,26,5,8,719,UA,ORD,1711
-5,4,29,1,8,719,UA,ORD,1708
-6,4,30,2,8,719,UA,ORD,1707
-3,4,1,1,15,719,UA,ORD,1736
43,4,2,2,15,719,UA,ORD,1735
-2,4,3,3,15,719,UA,ORD,1734
-1,4,4,4,15,719,UA,ORD,1733
-1,4,5,5,15,719,UA,ORD,1732
3,4,7,7,15,719,UA,ORD,1730
6,4,8,1,15,719,UA,ORD,1729
-6,4,9,2,15,719,UA,ORD,1728
-5,4,10,3,15,719,UA,ORD,1727
-6,4,11,4,15,719,UA,ORD,1726
-4,4,12,5,15,719,UA,ORD,1725
-5,4,13,6,15,719,UA,ORD,1724
-3,4,15,1,15,719,UA,ORD,1722
-1,4,16,2,15,719,UA,ORD,1721
-4,4,17,3,15,719,UA,ORD,1720
56,4,18,4,15,719,UA,ORD,1719
37,4,19,5,15,719,UA,ORD,1718
-1,4,20,6,15,719,UA,ORD,1717
0,4,21,7,15,719,UA,ORD,1716
7,4,22,1,15,719,UA,ORD,1715
-2,4,23,2,15,719,UA,ORD,1714
-5,4,24,3,15,719,UA,ORD,1713
8,4,25,4,15,719,UA,ORD,1712
-6,4,26,5,15,719,UA,ORD,1711
-5,4,27,6,15,719,UA,ORD,1710
48,4,28,7,15,719,UA,ORD,1709
-5,4,29,1,15,719,UA,ORD,1708
-5,4,30,2,15,719,UA,ORD,1707
0,4,1,1,10,719,UA,ORD,1736
55,4,2,2,10,719,UA,ORD,1735
-5,4,3,3,10,719,UA,ORD,1734
-4,4,4,4,10,719,UA,ORD,1733
-5,4,5,5,10,719,UA,ORD,1732
35,4,6,6,10,719,UA,ORD,1731
-4,4,1,1,11,719,UA,ORD,1736
39,4,2,2,11,719,UA,ORD,1735
-4,4,3,3,11,719,UA,ORD,1734
-6,4,4,4,11,719,UA,ORD,1733
-9,4,5,5,11,719,UA,ORD,1732
-5,4,8,1,11,719,UA,ORD,1729
-7,4,9,2,11,719,UA,ORD,1728
-2,4,10,3,11,719,UA,ORD,1727
-6,4,11,4,11,719,UA,ORD,1726
-4,4,12,5,11,719,UA,ORD,1725
-5,4,15,1,11,719,UA,ORD,1722
3,4,16,2,11,719,UA,ORD,1721
-7,4,17,3,11,719,UA,ORD,1720
-6,4,18,4,11,719,UA,ORD,1719
-1,4,19,5,11,719,UA,ORD,1718
-5,4,22,1,11,719,UA,ORD,1715
-6,4,23,2,11,719,UA,ORD,1714
-8,4,24,3,11,719,UA,ORD,1713
-3,4,25,4,11,719,UA,ORD,1712
-2,4,26,5,11,719,UA,ORD,1711
-5,4,29,1,11,719,UA,ORD,1708
-4,4,1,1,12,719,UA,ORD,1736
123,4,2,2,12,719,UA,ORD,1735
-5,4,3,3,12,719,UA,ORD,1734
-6,4,4,4,12,719,UA,ORD,1733
-3,4,5,5,12,719,UA,ORD,1732
-2,4,6,6,12,719,UA,ORD,1731
-2,4,16,2,13,719,UA,ORD,1721
19,4,18,4,13,719,UA,ORD,1719
-5,4,19,5,13,719,UA,ORD,1718
9,4,21,7,13,719,UA,ORD,1716
-6,4,23,2,13,719,UA,ORD,1714
-6,4,24,3,13,719,UA,ORD,1713
-4,4,25,4,13,719,UA,ORD,1712
-2,4,26,5,13,719,UA,ORD,1711
-3,4,28,7,13,719,UA,ORD,1709
-3,4,29,1,13,719,UA,ORD,1708
6,4,30,2,13,719,UA,ORD,1707
-4,4,1,1,14,719,UA,ORD,1736
-5,4,3,3,14,719,UA,ORD,1734
0,4,4,4,14,719,UA,ORD,1733
-2,4,5,5,14,719,UA,ORD,1732
-5,4,6,6,14,719,UA,ORD,1731
4,4,7,7,14,719,UA,ORD,1730
-5,4,8,1,14,719,UA,ORD,1729
-6,4,9,2,14,719,UA,ORD,1728
-2,4,10,3,14,719,UA,ORD,1727
-4,4,11,4,14,719,UA,ORD,1726
-3,4,12,5,14,719,UA,ORD,1725
-2,4,13,6,14,719,UA,ORD,1724
-2,4,14,7,14,719,UA,ORD,1723
-4,4,15,1,14,719,UA,ORD,1722
-6,4,16,2,14,719,UA,ORD,1721
-5,4,17,3,14,719,UA,ORD,1720
22,4,18,4,14,719,UA,ORD,1719
-4,4,19,5,14,719,UA,ORD,1718
-1,4,20,6,14,719,UA,ORD,1717
3,4,21,7,14,719,UA,ORD,1716
-5,4,22,1,14,719,UA,ORD,1715
-4,4,23,2,14,719,UA,ORD,1714
-5,4,24,3,14,719,UA,ORD,1713
2,4,25,4,14,719,UA,ORD,1712
-5,4,26,5,14,719,UA,ORD,1711
-7,4,27,6,14,719,UA,ORD,1710
18,4,28,7,14,719,UA,ORD,1709
-4,4,29,1,14,719,UA,ORD,1708
-1,4,30,2,14,719,UA,ORD,1707
-7,4,1,1,9,719,UA,ORD,1736
-1,4,2,2,9,719,UA,ORD,1735
-5,4,3,3,9,719,UA,ORD,1734
2,4,4,4,9,719,UA,ORD,1733
17,4,5,5,9,719,UA,ORD,1732
0,4,6,6,9,719,UA,ORD,1731
-1,4,7,7,9,719,UA,ORD,1730
-1,4,8,1,9,719,UA,ORD,1729
-5,4,9,2,9,719,UA,ORD,1728
-3,4,10,3,9,719,UA,ORD,1727
-2,4,11,4,9,719,UA,ORD,1726
-2,4,12,5,9,719,UA,ORD,1725
-6,4,13,6,9,719,UA,ORD,1724
-3,4,14,7,9,719,UA,ORD,1723
-2,4,15,1,9,719,UA,ORD,1722
-2,4,16,2,9,719,UA,ORD,1721
-3,4,17,3,9,719,UA,ORD,1720
-1,4,18,4,9,719,UA,ORD,1719
-3,4,19,5,9,719,UA,ORD,1718
-3,4,20,6,9,719,UA,ORD,1717
25,4,21,7,9,719,UA,ORD,1716
7,4,22,1,9,719,UA,ORD,1715
-3,4,23,2,9,719,UA,ORD,1714
-3,4,24,3,9,719,UA,ORD,1713
-4,4,25,4,9,719,UA,ORD,1712
-5,4,26,5,9,719,UA,ORD,1711
-6,4,27,6,9,719,UA,ORD,1710
-4,4,28,7,9,719,UA,ORD,1709
-7,4,29,1,9,719,UA,ORD,1708
-5,4,30,2,9,719,UA,ORD,1707
49,4,1,1,17,719,UA,ORD,1736
15,4,2,2,17,719,UA,ORD,1735
17,4,3,3,17,719,UA,ORD,1734
-1,4,4,4,17,719,UA,ORD,1733
11,4,5,5,17,719,UA,ORD,1732
10,4,6,6,17,719,UA,ORD,1731
27,4,7,7,17,719,UA,ORD,1730
-1,4,8,1,17,719,UA,ORD,1729
-3,4,9,2,17,719,UA,ORD,1728
-5,4,10,3,17,719,UA,ORD,1727
-8,4,11,4,17,719,UA,ORD,1726
-6,4,12,5,17,719,UA,ORD,1725
-2,4,13,6,17,719,UA,ORD,1724
8,4,14,7,17,719,UA,ORD,1723
-5,4,15,1,17,719,UA,ORD,1722
-1,4,16,2,17,719,UA,ORD,1721
0,4,17,3,17,719,UA,ORD,1720
151,4,18,4,17,719,UA,ORD,1719
6,4,19,5,17,719,UA,ORD,1718
-6,4,20,6,17,719,UA,ORD,1717
11,4,21,7,17,719,UA,ORD,1716
-3,4,22,1,17,719,UA,ORD,1715
-6,4,23,2,17,719,UA,ORD,1714
-6,4,24,3,17,719,UA,ORD,1713
56,4,25,4,17,719,UA,ORD,1712
0,4,26,5,17,719,UA,ORD,1711
-5,4,27,6,17,719,UA,ORD,1710
124,4,28,7,17,719,UA,ORD,1709
-4,4,29,1,17,719,UA,ORD,1708
-4,4,30,2,17,719,UA,ORD,1707
45,4,1,1,18,719,UA,ORD,1736
10,4,2,2,18,719,UA,ORD,1735
40,4,3,3,18,719,UA,ORD,1734
-6,4,4,4,18,719,UA,ORD,1733
-4,4,5,5,18,719,UA,ORD,1732
-4,4,6,6,18,719,UA,ORD,1731
264,4,7,7,18,719,UA,ORD,1730
41,4,8,1,18,719,UA,ORD,1729
0,4,9,2,18,719,UA,ORD,1728
-5,4,10,3,18,719,UA,ORD,1727
-3,4,11,4,18,719,UA,ORD,1726
54,4,12,5,18,719,UA,ORD,1725
-2,4,13,6,18,719,UA,ORD,1724
5,4,14,7,18,719,UA,ORD,1723
-2,4,15,1,18,719,UA,ORD,1722
-1,4,16,2,18,719,UA,ORD,1721
-5,4,17,3,18,719,UA,ORD,1720
98,4,18,4,18,719,UA,ORD,1719
81,4,19,5,18,719,UA,ORD,1718
-3,4,20,6,18,719,UA,ORD,1717
71,4,21,7,18,719,UA,ORD,1716
-2,4,22,1,18,719,UA,ORD,1715
0,4,23,2,18,719,UA,ORD,1714
0,4,24,3,18,719,UA,ORD,1713
42,4,25,4,18,719,UA,ORD,1712
-3,4,26,5,18,719,UA,ORD,1711
-4,4,27,6,18,719,UA,ORD,1710
197,4,28,7,18,719,UA,ORD,1709
-5,4,29,1,18,719,UA,ORD,1708
-3,4,30,2,18,719,UA,ORD,1707
-4,4,1,1,19,719,UA,ORD,1736
90,4,2,2,19,719,UA,ORD,1735
-3,4,3,3,19,719,UA,ORD,1734
0,4,4,4,19,719,UA,ORD,1733
-6,4,5,5,19,719,UA,ORD,1732
-1,4,7,7,19,719,UA,ORD,1730
8,4,8,1,19,719,UA,ORD,1729
-6,4,9,2,19,719,UA,ORD,1728
-6,4,10,3,19,719,UA,ORD,1727
-9,4,11,4,19,719,UA,ORD,1726
-8,4,12,5,19,719,UA,ORD,1725
-1,4,14,7,19,719,UA,ORD,1723
-6,4,15,1,19,719,UA,ORD,1722
-6,4,16,2,19,719,UA,ORD,1721
-9,4,17,3,19,719,UA,ORD,1720
80,4,18,4,19,719,UA,ORD,1719
91,4,19,5,19,719,UA,ORD,1718
9,4,21,7,19,719,UA,ORD,1716
-7,4,22,1,19,719,UA,ORD,1715
-6,4,23,2,19,719,UA,ORD,1714
91,4,24,3,19,719,UA,ORD,1713
-2,4,25,4,19,719,UA,ORD,1712
-7,4,26,5,19,719,UA,ORD,1711
113,4,28,7,19,719,UA,ORD,1709
-8,4,29,1,19,719,UA,ORD,1708
-5,4,30,2,19,719,UA,ORD,1707
-2,4,7,7,12,719,UA,ORD,1730
-6,4,8,1,12,719,UA,ORD,1729
-4,4,9,2,12,719,UA,ORD,1728
-4,4,10,3,12,719,UA,ORD,1727
-3,4,11,4,12,719,UA,ORD,1726
-5,4,12,5,12,719,UA,ORD,1725
-2,4,13,6,12,719,UA,ORD,1724
-5,4,14,7,12,719,UA,ORD,1723
0,4,15,1,12,719,UA,ORD,1722
-3,4,16,2,12,719,UA,ORD,1721
3,4,17,3,12,719,UA,ORD,1720
0,4,18,4,12,719,UA,ORD,1719
-3,4,19,5,12,719,UA,ORD,1718
52,4,20,6,12,719,UA,ORD,1717
-4,4,21,7,12,719,UA,ORD,1716
0,4,22,1,12,719,UA,ORD,1715
-7,4,23,2,12,719,UA,ORD,1714
2,4,24,3,12,719,UA,ORD,1713
-5,4,25,4,12,719,UA,ORD,1712
3,4,26,5,12,719,UA,ORD,1711
-6,4,27,6,12,719,UA,ORD,1710
-2,4,28,7,12,719,UA,ORD,1709
-5,4,29,1,12,719,UA,ORD,1708
-4,4,30,2,12,719,UA,ORD,1707
515,4,7,7,16,1605,UA,DEN,1730
23,4,8,1,16,1605,UA,DEN,1729
-2,4,9,2,16,1605,UA,DEN,1728
-3,4,10,3,16,1605,UA,DEN,1727
-3,4,11,4,16,1605,UA,DEN,1726
4,4,12,5,16,1605,UA,DEN,1725
-8,4,13,6,16,1605,UA,DEN,1724
1,4,14,7,16,1605,UA,DEN,1723
-3,4,15,1,16,1605,UA,DEN,1722
1,4,16,2,16,1605,UA,DEN,1721
4,4,17,3,16,1605,UA,DEN,1720
128,4,18,4,16,1605,UA,DEN,1719
54,4,19,5,16,1605,UA,DEN,1718
-4,4,20,6,16,1605,UA,DEN,1717
15,4,21,7,16,1605,UA,DEN,1716
-5,4,22,1,16,1605,UA,DEN,1715
2,4,23,2,16,1605,UA,DEN,1714
-3,4,24,3,16,1605,UA,DEN,1713
0,4,25,4,16,1605,UA,DEN,1712
-3,4,26,5,16,1605,UA,DEN,1711
0,4,27,6,16,1605,UA,DEN,1710
7,4,28,7,16,1605,UA,DEN,1709
-1,4,29,1,16,1605,UA,DEN,1708
-1,4,30,2,16,1605,UA,DEN,1707
0,4,8,1,10,719,UA,ORD,1729
-3,4,9,2,10,719,UA,ORD,1728
0,4,10,3,10,719,UA,ORD,1727
0,4,11,4,10,719,UA,ORD,1726
-4,4,12,5,10,719,UA,ORD,1725
-7,4,14,7,10,719,UA,ORD,1723
-5,4,15,1,10,719,UA,ORD,1722
-7,4,16,2,10,719,UA,ORD,1721
-2,4,17,3,10,719,UA,ORD,1720
-4,4,18,4,10,719,UA,ORD,1719
-4,4,19,5,10,719,UA,ORD,1718
-3,4,21,7,10,719,UA,ORD,1716
-2,4,22,1,10,719,UA,ORD,1715
-5,4,23,2,10,719,UA,ORD,1714
-3,4,24,3,10,719,UA,ORD,1713
-5,4,25,4,10,719,UA,ORD,1712
-4,4,26,5,10,719,UA,ORD,1711
-1,4,28,7,10,719,UA,ORD,1709
-2,4,30,2,10,719,UA,ORD,1707
0,4,1,1,15,2565,UA,SFO,1736
-4,4,2,2,15,2565,UA,SFO,1735
-5,4,3,3,15,2565,UA,SFO,1734
2,4,4,4,15,2565,UA,SFO,1733
0,4,5,5,15,2565,UA,SFO,1732
0,4,6,6,15,2565,UA,SFO,1731
2,4,7,7,15,2565,UA,SFO,1730
-8,4,8,1,15,2565,UA,SFO,1729
0,4,9,2,15,2565,UA,SFO,1728
-1,4,10,3,15,2565,UA,SFO,1727
5,4,11,4,15,2565,UA,SFO,1726
0,4,12,5,15,2565,UA,SFO,1725
14,4,13,6,15,2565,UA,SFO,1724
20,4,14,7,15,2565,UA,SFO,1723
-2,4,15,1,15,2565,UA,SFO,1722
-4,4,16,2,15,2565,UA,SFO,1721
-1,4,17,3,15,2565,UA,SFO,1720
64,4,18,4,15,2565,UA,SFO,1719
103,4,19,5,15,2565,UA,SFO,1718
17,4,20,6,15,2565,UA,SFO,1717
9,4,21,7,15,2565,UA,SFO,1716
4,4,22,1,15,2565,UA,SFO,1715
-3,4,23,2,15,2565,UA,SFO,1714
44,4,24,3,15,2565,UA,SFO,1713
3,4,25,4,15,2565,UA,SFO,1712
-2,4,26,5,15,2565,UA,SFO,1711
4,4,27,6,15,2565,UA,SFO,1710
17,4,28,7,15,2565,UA,SFO,1709
-3,4,29,1,15,2565,UA,SFO,1708
1,4,30,2,15,2565,UA,SFO,1707
-2,4,1,1,8,1605,UA,DEN,1736
-3,4,2,2,8,1605,UA,DEN,1735
19,4,3,3,8,1605,UA,DEN,1734
27,4,4,4,8,1605,UA,DEN,1733
-1,4,5,5,8,1605,UA,DEN,1732
27,4,6,6,8,1605,UA,DEN,1731
-5,4,1,1,16,1605,UA,DEN,1736
-4,4,2,2,16,1605,UA,DEN,1735
3,4,3,3,16,1605,UA,DEN,1734
13,4,4,4,16,1605,UA,DEN,1733
-2,4,5,5,16,1605,UA,DEN,1732
-2,4,6,6,16,1605,UA,DEN,1731
-2,4,7,7,11,1605,UA,DEN,1730
-5,4,8,1,11,1605,UA,DEN,1729
3,4,9,2,11,1605,UA,DEN,1728
-5,4,10,3,11,1605,UA,DEN,1727
11,4,11,4,11,1605,UA,DEN,1726
-3,4,12,5,11,1605,UA,DEN,1725
-5,4,13,6,11,1605,UA,DEN,1724
8,4,14,7,11,1605,UA,DEN,1723
-5,4,15,1,11,1605,UA,DEN,1722
7,4,16,2,11,1605,UA,DEN,1721
0,4,17,3,11,1605,UA,DEN,1720
-5,4,18,4,11,1605,UA,DEN,1719
-5,4,19,5,11,1605,UA,DEN,1718
-6,4,20,6,11,1605,UA,DEN,1717
-3,4,21,7,11,1605,UA,DEN,1716
-5,4,22,1,11,1605,UA,DEN,1715
-1,4,23,2,11,1605,UA,DEN,1714
1,4,24,3,11,1605,UA,DEN,1713
-6,4,25,4,11,1605,UA,DEN,1712
-5,4,26,5,11,1605,UA,DEN,1711
-5,4,27,6,11,1605,UA,DEN,1710
-7,4,28,7,11,1605,UA,DEN,1709
-6,4,29,1,11,1605,UA,DEN,1708
-7,4,30,2,11,1605,UA,DEN,1707
-1,4,6,6,9,1086,UA,MIA,1731
-2,4,7,7,9,1086,UA,MIA,1730
21,4,1,1,7,529,US,CLT,1736
-7,4,2,2,7,529,US,CLT,1735
-13,4,3,3,7,529,US,CLT,1734
-3,4,4,4,7,529,US,CLT,1733
-5,4,5,5,7,529,US,CLT,1732
-1,4,6,6,7,529,US,CLT,1731
31,4,7,7,7,529,US,CLT,1730
0,4,8,1,7,529,US,CLT,1729
-2,4,9,2,7,529,US,CLT,1728
-4,4,10,3,7,529,US,CLT,1727
0,4,11,4,7,529,US,CLT,1726
-1,4,12,5,7,529,US,CLT,1725
6,4,13,6,7,529,US,CLT,1724
2,4,14,7,7,529,US,CLT,1723
2,4,15,1,7,529,US,CLT,1722
-4,4,16,2,7,529,US,CLT,1721
-5,4,17,3,7,529,US,CLT,1720
10,4,18,4,7,529,US,CLT,1719
22,4,19,5,7,529,US,CLT,1718
61,4,20,6,7,529,US,CLT,1717
-4,4,21,7,7,529,US,CLT,1716
12,4,22,1,7,529,US,CLT,1715
-7,4,23,2,7,529,US,CLT,1714
-5,4,24,3,7,529,US,CLT,1713
-4,4,25,4,7,529,US,CLT,1712
-3,4,26,5,7,529,US,CLT,1711
0,4,27,6,7,529,US,CLT,1710
2,4,28,7,7,529,US,CLT,1709
28,4,29,1,7,529,US,CLT,1708
-2,4,30,2,7,529,US,CLT,1707
2,4,1,1,13,529,US,CLT,1736
59,4,2,2,13,529,US,CLT,1735
68,4,3,3,13,529,US,CLT,1734
4,4,4,4,13,529,US,CLT,1733
12,4,6,6,13,529,US,CLT,1731
25,4,7,7,13,529,US,CLT,1730
-1,4,8,1,13,529,US,CLT,1729
-4,4,10,3,13,529,US,CLT,1727
4,4,11,4,13,529,US,CLT,1726
8,4,12,5,13,529,US,CLT,1725
-9,4,13,6,13,529,US,CLT,1724
110,4,14,7,13,529,US,CLT,1723
-4,4,15,1,13,529,US,CLT,1722
-2,4,16,2,13,529,US,CLT,1721
0,4,17,3,13,529,US,CLT,1720
-5,4,18,4,13,529,US,CLT,1719
17,4,19,5,13,529,US,CLT,1718
2,4,20,6,13,529,US,CLT,1717
0,4,21,7,13,529,US,CLT,1716
-4,4,22,1,13,529,US,CLT,1715
-5,4,23,2,13,529,US,CLT,1714
-1,4,24,3,13,529,US,CLT,1713
4,4,25,4,13,529,US,CLT,1712
-1,4,26,5,13,529,US,CLT,1711
-6,4,27,6,13,529,US,CLT,1710
96,4,28,7,13,529,US,CLT,1709
0,4,29,1,13,529,US,CLT,1708
2,4,30,2,13,529,US,CLT,1707
0,4,1,1,10,529,US,CLT,1736
-3,4,2,2,10,529,US,CLT,1735
0,4,3,3,10,529,US,CLT,1734
-1,4,4,4,10,529,US,CLT,1733
1,4,5,5,10,529,US,CLT,1732
2,4,6,6,10,529,US,CLT,1731
11,4,7,7,10,529,US,CLT,1730
20,4,8,1,10,529,US,CLT,1729
-1,4,9,2,10,529,US,CLT,1728
-5,4,10,3,10,529,US,CLT,1727
-6,4,11,4,10,529,US,CLT,1726
-4,4,12,5,10,529,US,CLT,1725
44,4,13,6,10,529,US,CLT,1724
2,4,14,7,10,529,US,CLT,1723
-5,4,15,1,10,529,US,CLT,1722
-8,4,16,2,10,529,US,CLT,1721
-5,4,17,3,10,529,US,CLT,1720
0,4,18,4,10,529,US,CLT,1719
1,4,19,5,10,529,US,CLT,1718
20,4,20,6,10,529,US,CLT,1717
0,4,21,7,10,529,US,CLT,1716
-2,4,22,1,10,529,US,CLT,1715
1,4,23,2,10,529,US,CLT,1714
8,4,24,3,10,529,US,CLT,1713
-3,4,25,4,10,529,US,CLT,1712
-5,4,26,5,10,529,US,CLT,1711
-5,4,27,6,10,529,US,CLT,1710
-1,4,28,7,10,529,US,CLT,1709
-2,4,29,1,10,529,US,CLT,1708
-3,4,30,2,10,529,US,CLT,1707
3,4,1,1,16,529,US,CLT,1736
3,4,2,2,16,529,US,CLT,1735
11,4,3,3,16,529,US,CLT,1734
-1,4,4,4,16,529,US,CLT,1733
16,4,5,5,16,529,US,CLT,1732
3,4,7,7,16,529,US,CLT,1730
2,4,8,1,16,529,US,CLT,1729
15,4,9,2,16,529,US,CLT,1728
8,4,10,3,16,529,US,CLT,1727
8,4,11,4,16,529,US,CLT,1726
7,4,12,5,16,529,US,CLT,1725
16,4,14,7,16,529,US,CLT,1723
1,4,15,1,16,529,US,CLT,1722
-4,4,16,2,16,529,US,CLT,1721
-1,4,17,3,16,529,US,CLT,1720
4,4,18,4,16,529,US,CLT,1719
359,4,19,5,16,529,US,CLT,1718
15,4,21,7,16,529,US,CLT,1716
-3,4,22,1,16,529,US,CLT,1715
-4,4,23,2,16,529,US,CLT,1714
1,4,24,3,16,529,US,CLT,1713
28,4,25,4,16,529,US,CLT,1712
9,4,26,5,16,529,US,CLT,1711
228,4,28,7,16,529,US,CLT,1709
-4,4,29,1,16,529,US,CLT,1708
71,4,30,2,16,529,US,CLT,1707
1,4,1,1,9,529,US,CLT,1736
-5,4,2,2,9,529,US,CLT,1735
-5,4,3,3,9,529,US,CLT,1734
-1,4,4,4,9,529,US,CLT,1733
-5,4,5,5,9,529,US,CLT,1732
-6,4,6,6,9,529,US,CLT,1731
15,4,7,7,9,529,US,CLT,1730
0,4,8,1,9,529,US,CLT,1729
39,4,9,2,9,529,US,CLT,1728
-4,4,10,3,9,529,US,CLT,1727
-5,4,11,4,9,529,US,CLT,1726
0,4,12,5,9,529,US,CLT,1725
-2,4,13,6,9,529,US,CLT,1724
-3,4,14,7,9,529,US,CLT,1723
-4,4,15,1,9,529,US,CLT,1722
-6,4,16,2,9,529,US,CLT,1721
-7,4,17,3,9,529,US,CLT,1720
-3,4,18,4,9,529,US,CLT,1719
-5,4,19,5,9,529,US,CLT,1718
10,4,20,6,9,529,US,CLT,1717
-5,4,21,7,9,529,US,CLT,1716
-2,4,22,1,9,529,US,CLT,1715
-4,4,23,2,9,529,US,CLT,1714
-5,4,24,3,9,529,US,CLT,1713
-6,4,25,4,9,529,US,CLT,1712
-6,4,26,5,9,529,US,CLT,1711
-6,4,27,6,9,529,US,CLT,1710
-5,4,28,7,9,529,US,CLT,1709
-3,4,29,1,9,529,US,CLT,1708
-4,4,30,2,9,529,US,CLT,1707
1,4,1,1,19,529,US,CLT,1736
-5,4,2,2,19,529,US,CLT,1735
-3,4,4,4,19,529,US,CLT,1733
11,4,5,5,19,529,US,CLT,1732
0,4,7,7,19,529,US,CLT,1730
-3,4,8,1,19,529,US,CLT,1729
-2,4,9,2,19,529,US,CLT,1728
-4,4,10,3,19,529,US,CLT,1727
-1,4,11,4,19,529,US,CLT,1726
9,4,12,5,19,529,US,CLT,1725
-4,4,14,7,19,529,US,CLT,1723
0,4,15,1,19,529,US,CLT,1722
-6,4,16,2,19,529,US,CLT,1721
-6,4,17,3,19,529,US,CLT,1720
95,4,18,4,19,529,US,CLT,1719
176,4,19,5,19,529,US,CLT,1718
16,4,21,7,19,529,US,CLT,1716
-9,4,22,1,19,529,US,CLT,1715
-4,4,23,2,19,529,US,CLT,1714
13,4,25,4,19,529,US,CLT,1712
27,4,26,5,19,529,US,CLT,1711
-4,4,29,1,19,529,US,CLT,1708
-10,4,30,2,19,529,US,CLT,1707
-1,4,1,1,8,529,US,CLT,1736
-3,4,6,6,8,529,US,CLT,1731
10,4,7,7,8,529,US,CLT,1730
7,4,13,6,8,529,US,CLT,1724
-3,4,14,7,8,529,US,CLT,1723
8,4,21,7,8,529,US,CLT,1716
-4,4,27,6,8,529,US,CLT,1710
-4,4,28,7,8,529,US,CLT,1709
-4,4,2,2,8,529,US,CLT,1735
2,4,3,3,8,529,US,CLT,1734
-1,4,4,4,8,529,US,CLT,1733
-6,4,5,5,8,529,US,CLT,1732
-4,4,8,1,8,529,US,CLT,1729
-4,4,9,2,8,529,US,CLT,1728
-6,4,10,3,8,529,US,CLT,1727
-5,4,11,4,8,529,US,CLT,1726
2,4,12,5,8,529,US,CLT,1725
-4,4,15,1,8,529,US,CLT,1722
-2,4,16,2,8,529,US,CLT,1721
-2,4,17,3,8,529,US,CLT,1720
3,4,18,4,8,529,US,CLT,1719
26,4,19,5,8,529,US,CLT,1718
0,4,22,1,8,529,US,CLT,1715
-6,4,23,2,8,529,US,CLT,1714
-5,4,24,3,8,529,US,CLT,1713
-3,4,25,4,8,529,US,CLT,1712
-2,4,26,5,8,529,US,CLT,1711
31,4,29,1,8,529,US,CLT,1708
-3,4,30,2,8,529,US,CLT,1707
54,4,1,1,18,529,US,CLT,1736
-2,4,2,2,18,529,US,CLT,1735
34,4,3,3,18,529,US,CLT,1734
15,4,4,4,18,529,US,CLT,1733
27,4,5,5,18,529,US,CLT,1732
35,4,6,6,18,529,US,CLT,1731
23,4,7,7,18,529,US,CLT,1730
4,4,8,1,18,529,US,CLT,1729
-7,4,9,2,18,529,US,CLT,1728
-5,4,10,3,18,529,US,CLT,1727
0,4,11,4,18,529,US,CLT,1726
12,4,12,5,18,529,US,CLT,1725
12,4,13,6,18,529,US,CLT,1724
14,4,14,7,18,529,US,CLT,1723
13,4,15,1,18,529,US,CLT,1722
-4,4,16,2,18,529,US,CLT,1721
-3,4,17,3,18,529,US,CLT,1720
81,4,20,6,18,529,US,CLT,1717
-1,4,21,7,18,529,US,CLT,1716
0,4,22,1,18,529,US,CLT,1715
-4,4,23,2,18,529,US,CLT,1714
9,4,24,3,18,529,US,CLT,1713
81,4,25,4,18,529,US,CLT,1712
10,4,26,5,18,529,US,CLT,1711
-5,4,27,6,18,529,US,CLT,1710
132,4,28,7,18,529,US,CLT,1709
-5,4,29,1,18,529,US,CLT,1708
10,4,30,2,18,529,US,CLT,1707
5,4,7,7,15,745,DL,ATL,1730
0,4,8,1,15,745,DL,ATL,1729
-3,4,9,2,15,745,DL,ATL,1728
9,4,10,3,15,745,DL,ATL,1727
28,4,11,4,15,745,DL,ATL,1726
24,4,12,5,15,745,DL,ATL,1725
4,4,13,6,15,745,DL,ATL,1724
8,4,14,7,15,745,DL,ATL,1723
28,4,15,1,15,745,DL,ATL,1722
3,4,16,2,15,745,DL,ATL,1721
0,4,17,3,15,745,DL,ATL,1720
53,4,18,4,15,745,DL,ATL,1719
5,4,19,5,15,745,DL,ATL,1718
-4,4,20,6,15,745,DL,ATL,1717
3,4,21,7,15,745,DL,ATL,1716
1,4,22,1,15,745,DL,ATL,1715
-2,4,23,2,15,745,DL,ATL,1714
-2,4,24,3,15,745,DL,ATL,1713
56,4,25,4,15,745,DL,ATL,1712
7,4,26,5,15,745,DL,ATL,1711
-2,4,27,6,15,745,DL,ATL,1710
26,4,28,7,15,745,DL,ATL,1709
6,4,29,1,15,745,DL,ATL,1708
-2,4,30,2,15,745,DL,ATL,1707
-4,4,1,1,9,745,DL,ATL,1736
-7,4,2,2,9,745,DL,ATL,1735
-2,4,3,3,9,745,DL,ATL,1734
-5,4,4,4,9,745,DL,ATL,1733
-3,4,5,5,9,745,DL,ATL,1732
0,4,6,6,9,745,DL,ATL,1731
-4,4,7,7,9,745,DL,ATL,1730
0,4,8,1,9,745,DL,ATL,1729
-7,4,9,2,9,745,DL,ATL,1728
-3,4,10,3,9,745,DL,ATL,1727
-3,4,11,4,9,745,DL,ATL,1726
-1,4,12,5,9,745,DL,ATL,1725
7,4,13,6,9,745,DL,ATL,1724
1,4,14,7,9,745,DL,ATL,1723
-2,4,15,1,9,745,DL,ATL,1722
-4,4,16,2,9,745,DL,ATL,1721
-6,4,17,3,9,745,DL,ATL,1720
-4,4,18,4,9,745,DL,ATL,1719
-3,4,19,5,9,745,DL,ATL,1718
2,4,20,6,9,745,DL,ATL,1717
-3,4,21,7,9,745,DL,ATL,1716
-4,4,22,1,9,745,DL,ATL,1715
-3,4,23,2,9,745,DL,ATL,1714
-5,4,24,3,9,745,DL,ATL,1713
-1,4,25,4,9,745,DL,ATL,1712
-5,4,26,5,9,745,DL,ATL,1711
35,4,27,6,9,745,DL,ATL,1710
0,4,28,7,9,745,DL,ATL,1709
-3,4,29,1,9,745,DL,ATL,1708
-7,4,30,2,9,745,DL,ATL,1707
1,4,7,7,8,745,DL,ATL,1730
28,4,8,1,8,745,DL,ATL,1729
-4,4,9,2,8,745,DL,ATL,1728
-2,4,10,3,8,745,DL,ATL,1727
10,4,11,4,8,745,DL,ATL,1726
-2,4,12,5,8,745,DL,ATL,1725
1,4,13,6,8,745,DL,ATL,1724
1,4,14,7,8,745,DL,ATL,1723
-5,4,15,1,8,745,DL,ATL,1722
-9,4,16,2,8,745,DL,ATL,1721
-3,4,17,3,8,745,DL,ATL,1720
-8,4,18,4,8,745,DL,ATL,1719
-4,4,19,5,8,745,DL,ATL,1718
19,4,20,6,8,745,DL,ATL,1717
1,4,21,7,8,745,DL,ATL,1716
-7,4,22,1,8,745,DL,ATL,1715
-5,4,23,2,8,745,DL,ATL,1714
-5,4,24,3,8,745,DL,ATL,1713
5,4,25,4,8,745,DL,ATL,1712
-6,4,26,5,8,745,DL,ATL,1711
-5,4,27,6,8,745,DL,ATL,1710
-4,4,28,7,8,745,DL,ATL,1709
-3,4,29,1,8,745,DL,ATL,1708
-4,4,30,2,8,745,DL,ATL,1707
17,4,1,1,17,745,DL,ATL,1736
-5,4,2,2,17,745,DL,ATL,1735
-2,4,3,3,17,745,DL,ATL,1734
2,4,4,4,17,745,DL,ATL,1733
-2,4,5,5,17,745,DL,ATL,1732
-4,4,8,1,17,745,DL,ATL,1729
0,4,9,2,17,745,DL,ATL,1728
-5,4,10,3,17,745,DL,ATL,1727
6,4,11,4,17,745,DL,ATL,1726
33,4,12,5,17,745,DL,ATL,1725
4,4,15,1,17,745,DL,ATL,1722
-6,4,16,2,17,745,DL,ATL,1721
7,4,17,3,17,745,DL,ATL,1720
97,4,18,4,17,745,DL,ATL,1719
-2,4,22,1,17,745,DL,ATL,1715
-3,4,23,2,17,745,DL,ATL,1714
2,4,24,3,17,745,DL,ATL,1713
-1,4,26,5,17,745,DL,ATL,1711
-9,4,29,1,17,745,DL,ATL,1708
4,4,30,2,17,745,DL,ATL,1707
-4,4,7,7,11,745,DL,ATL,1730
1,4,8,1,11,745,DL,ATL,1729
-3,4,9,2,11,745,DL,ATL,1728
-7,4,10,3,11,745,DL,ATL,1727
3,4,11,4,11,745,DL,ATL,1726
3,4,12,5,11,745,DL,ATL,1725
-5,4,13,6,11,745,DL,ATL,1724
0,4,14,7,11,745,DL,ATL,1723
-3,4,15,1,11,745,DL,ATL,1722
0,4,16,2,11,745,DL,ATL,1721
-8,4,17,3,11,745,DL,ATL,1720
-1,4,18,4,11,745,DL,ATL,1719
-2,4,19,5,11,745,DL,ATL,1718
58,4,20,6,11,745,DL,ATL,1717
-1,4,21,7,11,745,DL,ATL,1716
3,4,22,1,11,745,DL,ATL,1715
-6,4,23,2,11,745,DL,ATL,1714
1,4,24,3,11,745,DL,ATL,1713
3,4,25,4,11,745,DL,ATL,1712
-3,4,26,5,11,745,DL,ATL,1711
0,4,27,6,11,745,DL,ATL,1710
-1,4,28,7,11,745,DL,ATL,1709
0,4,29,1,11,745,DL,ATL,1708
-5,4,30,2,11,745,DL,ATL,1707
2,4,1,1,14,745,DL,ATL,1736
-5,4,2,2,14,745,DL,ATL,1735
-2,4,3,3,14,745,DL,ATL,1734
-1,4,4,4,14,745,DL,ATL,1733
6,4,5,5,14,745,DL,ATL,1732
5,4,6,6,14,745,DL,ATL,1731
24,4,7,7,14,745,DL,ATL,1730
1,4,8,1,14,745,DL,ATL,1729
0,4,9,2,14,745,DL,ATL,1728
-5,4,10,3,14,745,DL,ATL,1727
17,4,11,4,14,745,DL,ATL,1726
16,4,12,5,14,745,DL,ATL,1725
8,4,13,6,14,745,DL,ATL,1724
-3,4,14,7,14,745,DL,ATL,1723
-4,4,15,1,14,745,DL,ATL,1722
-13,4,16,2,14,745,DL,ATL,1721
-5,4,17,3,14,745,DL,ATL,1720
-1,4,18,4,14,745,DL,ATL,1719
1,4,19,5,14,745,DL,ATL,1718
1,4,20,6,14,745,DL,ATL,1717
-4,4,21,7,14,745,DL,ATL,1716
6,4,22,1,14,745,DL,ATL,1715
-8,4,23,2,14,745,DL,ATL,1714
-8,4,24,3,14,745,DL,ATL,1713
19,4,25,4,14,745,DL,ATL,1712
11,4,26,5,14,745,DL,ATL,1711
-6,4,27,6,14,745,DL,ATL,1710
13,4,28,7,14,745,DL,ATL,1709
-2,4,29,1,14,745,DL,ATL,1708
4,4,30,2,14,745,DL,ATL,1707
-7,4,1,1,20,745,DL,ATL,1736
9,4,2,2,20,745,DL,ATL,1735
36,4,3,3,20,745,DL,ATL,1734
-3,4,4,4,20,745,DL,ATL,1733
20,4,5,5,20,745,DL,ATL,1732
-8,4,6,6,20,745,DL,ATL,1731
18,4,7,7,20,745,DL,ATL,1730
14,4,8,1,20,745,DL,ATL,1729
1,4,9,2,20,745,DL,ATL,1728
-7,4,10,3,20,745,DL,ATL,1727
53,4,11,4,20,745,DL,ATL,1726
11,4,12,5,20,745,DL,ATL,1725
-7,4,13,6,20,745,DL,ATL,1724
23,4,14,7,20,745,DL,ATL,1723
-17,4,15,1,20,745,DL,ATL,1722
-9,4,16,2,20,745,DL,ATL,1721
156,4,17,3,20,745,DL,ATL,1720
134,4,18,4,20,745,DL,ATL,1719
-4,4,20,6,20,745,DL,ATL,1717
-10,4,21,7,20,745,DL,ATL,1716
-9,4,22,1,20,745,DL,ATL,1715
-7,4,23,2,20,745,DL,ATL,1714
-1,4,24,3,20,745,DL,ATL,1713
52,4,25,4,20,745,DL,ATL,1712
-9,4,26,5,20,745,DL,ATL,1711
-9,4,27,6,20,745,DL,ATL,1710
-19,4,29,1,20,745,DL,ATL,1708
-1,4,30,2,20,745,DL,ATL,1707
1,4,1,1,9,569,DL,CVG,1736
-5,4,2,2,9,569,DL,CVG,1735
-7,4,3,3,9,569,DL,CVG,1734
-3,4,4,4,9,569,DL,CVG,1733
-3,4,5,5,9,569,DL,CVG,1732
-2,4,6,6,9,569,DL,CVG,1731
-3,4,1,1,11,745,DL,ATL,1736
-5,4,2,2,11,745,DL,ATL,1735
1,4,3,3,11,745,DL,ATL,1734
7,4,4,4,11,745,DL,ATL,1733
7,4,5,5,11,745,DL,ATL,1732
0,4,6,6,11,745,DL,ATL,1731
-8,4,1,1,6,569,DL,CVG,1736
-10,4,2,2,6,569,DL,CVG,1735
-4,4,3,3,6,569,DL,CVG,1734
1,4,4,4,6,569,DL,CVG,1733
-10,4,5,5,6,569,DL,CVG,1732
-3,4,6,6,6,569,DL,CVG,1731
-4,4,7,7,6,569,DL,CVG,1730
-7,4,8,1,6,569,DL,CVG,1729
-2,4,9,2,6,569,DL,CVG,1728
-6,4,10,3,6,569,DL,CVG,1727
-8,4,11,4,6,569,DL,CVG,1726
-7,4,12,5,6,569,DL,CVG,1725
0,4,13,6,6,569,DL,CVG,1724
0,4,14,7,6,569,DL,CVG,1723
-2,4,15,1,6,569,DL,CVG,1722
-3,4,16,2,6,569,DL,CVG,1721
-6,4,17,3,6,569,DL,CVG,1720
-7,4,18,4,6,569,DL,CVG,1719
0,4,19,5,6,569,DL,CVG,1718
16,4,20,6,6,569,DL,CVG,1717
-3,4,21,7,6,569,DL,CVG,1716
-3,4,22,1,6,569,DL,CVG,1715
32,4,23,2,6,569,DL,CVG,1714
-7,4,24,3,6,569,DL,CVG,1713
-5,4,25,4,6,569,DL,CVG,1712
-5,4,26,5,6,569,DL,CVG,1711
-9,4,27,6,6,569,DL,CVG,1710
-7,4,28,7,6,569,DL,CVG,1709
-4,4,29,1,6,569,DL,CVG,1708
-7,4,30,2,6,569,DL,CVG,1707
3,4,1,1,15,745,DL,ATL,1736
0,4,2,2,15,745,DL,ATL,1735
-2,4,3,3,15,745,DL,ATL,1734
3,4,4,4,15,745,DL,ATL,1733
-6,4,5,5,15,745,DL,ATL,1732
-3,4,6,6,15,745,DL,ATL,1731
4,4,1,1,6,745,DL,ATL,1736
-3,4,2,2,6,745,DL,ATL,1735
-5,4,3,3,6,745,DL,ATL,1734
2,4,4,4,6,745,DL,ATL,1733
0,4,5,5,6,745,DL,ATL,1732
0,4,6,6,6,745,DL,ATL,1731
-3,4,7,7,6,745,DL,ATL,1730
-3,4,8,1,6,745,DL,ATL,1729
1,4,9,2,6,745,DL,ATL,1728
0,4,10,3,6,745,DL,ATL,1727
12,4,11,4,6,745,DL,ATL,1726
6,4,12,5,6,745,DL,ATL,1725
8,4,13,6,6,745,DL,ATL,1724
14,4,14,7,6,745,DL,ATL,1723
-2,4,15,1,6,745,DL,ATL,1722
-1,4,16,2,6,745,DL,ATL,1721
-2,4,17,3,6,745,DL,ATL,1720
7,4,18,4,6,745,DL,ATL,1719
2,4,19,5,6,745,DL,ATL,1718
4,4,20,6,6,745,DL,ATL,1717
8,4,21,7,6,745,DL,ATL,1716
6,4,22,1,6,745,DL,ATL,1715
-2,4,23,2,6,745,DL,ATL,1714
-4,4,24,3,6,745,DL,ATL,1713
3,4,25,4,6,745,DL,ATL,1712
0,4,26,5,6,745,DL,ATL,1711
-3,4,27,6,6,745,DL,ATL,1710
-3,4,28,7,6,745,DL,ATL,1709
7,4,29,1,6,745,DL,ATL,1708
-6,4,30,2,6,745,DL,ATL,1707
-4,4,7,7,17,569,DL,CVG,1730
-6,4,8,1,17,569,DL,CVG,1729
-8,4,9,2,17,569,DL,CVG,1728
0,4,10,3,17,569,DL,CVG,1727
-2,4,11,4,17,569,DL,CVG,1726
1,4,12,5,17,569,DL,CVG,1725
-11,4,13,6,17,569,DL,CVG,1724
-3,4,14,7,17,569,DL,CVG,1723
0,4,15,1,17,569,DL,CVG,1722
6,4,16,2,17,569,DL,CVG,1721
-3,4,17,3,17,569,DL,CVG,1720
119,4,18,4,17,569,DL,CVG,1719
-8,4,20,6,17,569,DL,CVG,1717
-5,4,21,7,17,569,DL,CVG,1716
-5,4,22,1,17,569,DL,CVG,1715
-7,4,23,2,17,569,DL,CVG,1714
-4,4,24,3,17,569,DL,CVG,1713
74,4,25,4,17,569,DL,CVG,1712
5,4,26,5,17,569,DL,CVG,1711
-4,4,27,6,17,569,DL,CVG,1710
169,4,28,7,17,569,DL,CVG,1709
-3,4,29,1,17,569,DL,CVG,1708
-6,4,30,2,17,569,DL,CVG,1707
0,4,7,7,9,569,DL,CVG,1730
1,4,8,1,9,569,DL,CVG,1729
0,4,9,2,9,569,DL,CVG,1728
-9,4,10,3,9,569,DL,CVG,1727
0,4,11,4,9,569,DL,CVG,1726
-1,4,12,5,9,569,DL,CVG,1725
-1,4,13,6,9,569,DL,CVG,1724
-4,4,14,7,9,569,DL,CVG,1723
-3,4,15,1,9,569,DL,CVG,1722
-4,4,16,2,9,569,DL,CVG,1721
-6,4,17,3,9,569,DL,CVG,1720
-3,4,18,4,9,569,DL,CVG,1719
3,4,19,5,9,569,DL,CVG,1718
7,4,20,6,9,569,DL,CVG,1717
-7,4,21,7,9,569,DL,CVG,1716
-1,4,22,1,9,569,DL,CVG,1715
-5,4,23,2,9,569,DL,CVG,1714
-5,4,24,3,9,569,DL,CVG,1713
-6,4,25,4,9,569,DL,CVG,1712
-1,4,26,5,9,569,DL,CVG,1711
36,4,27,6,9,569,DL,CVG,1710
4,4,28,7,9,569,DL,CVG,1709
-8,4,29,1,9,569,DL,CVG,1708
-1,4,30,2,9,569,DL,CVG,1707
3,4,1,1,17,745,DL,ATL,1736
9,4,2,2,17,745,DL,ATL,1735
6,4,3,3,17,745,DL,ATL,1734
-4,4,4,4,17,745,DL,ATL,1733
-7,4,5,5,17,745,DL,ATL,1732
3,4,6,6,17,745,DL,ATL,1731
-1,4,7,7,17,745,DL,ATL,1730
-3,4,8,1,17,745,DL,ATL,1729
-7,4,9,2,17,745,DL,ATL,1728
4,4,10,3,17,745,DL,ATL,1727
21,4,11,4,17,745,DL,ATL,1726
48,4,12,5,17,745,DL,ATL,1725
14,4,13,6,17,745,DL,ATL,1724
-3,4,14,7,17,745,DL,ATL,1723
-2,4,15,1,17,745,DL,ATL,1722
-1,4,16,2,17,745,DL,ATL,1721
-1,4,17,3,17,745,DL,ATL,1720
90,4,18,4,17,745,DL,ATL,1719
335,4,19,5,17,745,DL,ATL,1718
-1,4,20,6,17,745,DL,ATL,1717
-1,4,21,7,17,745,DL,ATL,1716
-1,4,22,1,17,745,DL,ATL,1715
-3,4,23,2,17,745,DL,ATL,1714
-3,4,24,3,17,745,DL,ATL,1713
75,4,25,4,17,745,DL,ATL,1712
14,4,26,5,17,745,DL,ATL,1711
-1,4,27,6,17,745,DL,ATL,1710
-5,4,29,1,17,745,DL,ATL,1708
-5,4,30,2,17,745,DL,ATL,1707
-2,4,7,7,13,569,DL,CVG,1730
-1,4,8,1,13,569,DL,CVG,1729
-5,4,9,2,13,569,DL,CVG,1728
-6,4,10,3,13,569,DL,CVG,1727
16,4,11,4,13,569,DL,CVG,1726
0,4,12,5,13,569,DL,CVG,1725
-2,4,13,6,13,569,DL,CVG,1724
2,4,14,7,13,569,DL,CVG,1723
-2,4,15,1,13,569,DL,CVG,1722
31,4,16,2,13,569,DL,CVG,1721
-7,4,17,3,13,569,DL,CVG,1720
-6,4,18,4,13,569,DL,CVG,1719
0,4,19,5,13,569,DL,CVG,1718
-2,4,20,6,13,569,DL,CVG,1717
4,4,21,7,13,569,DL,CVG,1716
-2,4,22,1,13,569,DL,CVG,1715
-7,4,23,2,13,569,DL,CVG,1714
-4,4,24,3,13,569,DL,CVG,1713
0,4,25,4,13,569,DL,CVG,1712
-2,4,26,5,13,569,DL,CVG,1711
-10,4,27,6,13,569,DL,CVG,1710
68,4,28,7,13,569,DL,CVG,1709
-2,4,29,1,13,569,DL,CVG,1708
-8,4,30,2,13,569,DL,CVG,1707
8,4,1,1,13,569,DL,CVG,1736
-2,4,2,2,13,569,DL,CVG,1735
-1,4,3,3,13,569,DL,CVG,1734
7,4,4,4,13,569,DL,CVG,1733
3,4,5,5,13,569,DL,CVG,1732
-2,4,6,6,13,569,DL,CVG,1731
2,4,1,1,8,745,DL,ATL,1736
6,4,2,2,8,745,DL,ATL,1735
-6,4,3,3,8,745,DL,ATL,1734
-1,4,4,4,8,745,DL,ATL,1733
2,4,5,5,8,745,DL,ATL,1732
14,4,6,6,8,745,DL,ATL,1731
-6,4,1,1,17,569,DL,CVG,1736
-1,4,2,2,17,569,DL,CVG,1735
-3,4,3,3,17,569,DL,CVG,1734
-5,4,4,4,17,569,DL,CVG,1733
-6,4,5,5,17,569,DL,CVG,1732
-10,4,6,6,17,569,DL,CVG,1731
3,4,1,1,5,745,DL,ATL,1736
-6,4,2,2,5,745,DL,ATL,1735
-4,4,3,3,5,745,DL,ATL,1734
-5,4,4,4,5,745,DL,ATL,1733
-1,4,5,5,5,745,DL,ATL,1732
-5,4,6,6,5,745,DL,ATL,1731
6,4,7,7,5,745,DL,ATL,1730
7,4,8,1,5,745,DL,ATL,1729
-6,4,9,2,5,745,DL,ATL,1728
-2,4,10,3,5,745,DL,ATL,1727
10,4,11,4,5,745,DL,ATL,1726
-1,4,12,5,5,745,DL,ATL,1725
-2,4,13,6,5,745,DL,ATL,1724
-2,4,14,7,5,745,DL,ATL,1723
6,4,15,1,5,745,DL,ATL,1722
-3,4,16,2,5,745,DL,ATL,1721
-7,4,17,3,5,745,DL,ATL,1720
-2,4,18,4,5,745,DL,ATL,1719
13,4,19,5,5,745,DL,ATL,1718
-4,4,21,7,5,745,DL,ATL,1716
16,4,22,1,5,745,DL,ATL,1715
-4,4,23,2,5,745,DL,ATL,1714
-10,4,24,3,5,745,DL,ATL,1713
-4,4,25,4,5,745,DL,ATL,1712
-1,4,26,5,5,745,DL,ATL,1711
-4,4,27,6,5,745,DL,ATL,1710
-7,4,28,7,5,745,DL,ATL,1709
9,4,29,1,5,745,DL,ATL,1708
-1,4,30,2,5,745,DL,ATL,1707
3,4,1,1,18,1968,DL,SLC,1736
-11,4,2,2,18,1968,DL,SLC,1735
-9,4,3,3,18,1968,DL,SLC,1734
-10,4,4,4,18,1968,DL,SLC,1733
-7,4,5,5,18,1968,DL,SLC,1732
-9,4,6,6,18,1968,DL,SLC,1731
4,4,7,7,18,1968,DL,SLC,1730
-2,4,8,1,18,1968,DL,SLC,1729
-7,4,9,2,18,1968,DL,SLC,1728
0,4,10,3,18,1968,DL,SLC,1727
-1,4,11,4,18,1968,DL,SLC,1726
-1,4,12,5,18,1968,DL,SLC,1725
-8,4,13,6,18,1968,DL,SLC,1724
1,4,14,7,18,1968,DL,SLC,1723
-6,4,15,1,18,1968,DL,SLC,1722
-10,4,16,2,18,1968,DL,SLC,1721
-4,4,17,3,18,1968,DL,SLC,1720
107,4,18,4,18,1968,DL,SLC,1719
93,4,19,5,18,1968,DL,SLC,1718
-6,4,20,6,18,1968,DL,SLC,1717
19,4,21,7,18,1968,DL,SLC,1716
-7,4,22,1,18,1968,DL,SLC,1715
-6,4,23,2,18,1968,DL,SLC,1714
-9,4,24,3,18,1968,DL,SLC,1713
10,4,25,4,18,1968,DL,SLC,1712
-8,4,26,5,18,1968,DL,SLC,1711
-1,4,27,6,18,1968,DL,SLC,1710
0,4,28,7,18,1968,DL,SLC,1709
-16,4,29,1,18,1968,DL,SLC,1708
-18,4,30,2,18,1968,DL,SLC,1707
11,4,1,1,12,745,DL,ATL,1736
0,4,2,2,12,745,DL,ATL,1735
38,4,3,3,12,745,DL,ATL,1734
0,4,4,4,12,745,DL,ATL,1733
6,4,5,5,12,745,DL,ATL,1732
4,4,6,6,12,745,DL,ATL,1731
-4,4,7,7,12,745,DL,ATL,1730
1,4,8,1,12,745,DL,ATL,1729
-7,4,9,2,12,745,DL,ATL,1728
21,4,10,3,12,745,DL,ATL,1727
2,4,11,4,12,745,DL,ATL,1726
35,4,12,5,12,745,DL,ATL,1725
2,4,13,6,12,745,DL,ATL,1724
3,4,14,7,12,745,DL,ATL,1723
-5,4,15,1,12,745,DL,ATL,1722
-3,4,16,2,12,745,DL,ATL,1721
0,4,17,3,12,745,DL,ATL,1720
-1,4,18,4,12,745,DL,ATL,1719
-1,4,19,5,12,745,DL,ATL,1718
4,4,20,6,12,745,DL,ATL,1717
-3,4,21,7,12,745,DL,ATL,1716
0,4,22,1,12,745,DL,ATL,1715
-4,4,23,2,12,745,DL,ATL,1714
-5,4,24,3,12,745,DL,ATL,1713
-3,4,25,4,12,745,DL,ATL,1712
4,4,26,5,12,745,DL,ATL,1711
34,4,27,6,12,745,DL,ATL,1710
-3,4,28,7,12,745,DL,ATL,1709
0,4,29,1,12,745,DL,ATL,1708
-4,4,30,2,12,745,DL,ATL,1707
4,4,1,1,18,745,DL,ATL,1736
1,4,2,2,18,745,DL,ATL,1735
16,4,3,3,18,745,DL,ATL,1734
-6,4,4,4,18,745,DL,ATL,1733
0,4,5,5,18,745,DL,ATL,1732
-6,4,6,6,18,745,DL,ATL,1731
13,4,7,7,18,745,DL,ATL,1730
9,4,8,1,18,745,DL,ATL,1729
4,4,9,2,18,745,DL,ATL,1728
5,4,10,3,18,745,DL,ATL,1727
50,4,11,4,18,745,DL,ATL,1726
59,4,12,5,18,745,DL,ATL,1725
24,4,13,6,18,745,DL,ATL,1724
0,4,14,7,18,745,DL,ATL,1723
-8,4,15,1,18,745,DL,ATL,1722
5,4,16,2,18,745,DL,ATL,1721
-1,4,17,3,18,745,DL,ATL,1720
197,4,18,4,18,745,DL,ATL,1719
200,4,19,5,18,745,DL,ATL,1718
2,4,20,6,18,745,DL,ATL,1717
-3,4,21,7,18,745,DL,ATL,1716
-5,4,22,1,18,745,DL,ATL,1715
1,4,23,2,18,745,DL,ATL,1714
-3,4,24,3,18,745,DL,ATL,1713
125,4,25,4,18,745,DL,ATL,1712
-4,4,26,5,18,745,DL,ATL,1711
-2,4,27,6,18,745,DL,ATL,1710
163,4,28,7,18,745,DL,ATL,1709
-8,4,29,1,18,745,DL,ATL,1708
19,4,30,2,18,745,DL,ATL,1707
-2,4,1,1,7,1968,DL,SLC,1736
0,4,2,2,7,1968,DL,SLC,1735
-3,4,3,3,7,1968,DL,SLC,1734
2,4,4,4,7,1968,DL,SLC,1733
-6,4,5,5,7,1968,DL,SLC,1732
-4,4,6,6,7,1968,DL,SLC,1731
-1,4,7,7,7,1968,DL,SLC,1730
0,4,8,1,7,1968,DL,SLC,1729
-4,4,9,2,7,1968,DL,SLC,1728
-4,4,10,3,7,1968,DL,SLC,1727
5,4,11,4,7,1968,DL,SLC,1726
1,4,12,5,7,1968,DL,SLC,1725
0,4,13,6,7,1968,DL,SLC,1724
-6,4,14,7,7,1968,DL,SLC,1723
-4,4,15,1,7,1968,DL,SLC,1722
7,4,16,2,7,1968,DL,SLC,1721
-8,4,17,3,7,1968,DL,SLC,1720
-1,4,18,4,7,1968,DL,SLC,1719
-5,4,19,5,7,1968,DL,SLC,1718
-1,4,20,6,7,1968,DL,SLC,1717
-4,4,21,7,7,1968,DL,SLC,1716
-2,4,22,1,7,1968,DL,SLC,1715
-4,4,23,2,7,1968,DL,SLC,1714
-2,4,24,3,7,1968,DL,SLC,1713
0,4,25,4,7,1968,DL,SLC,1712
-11,4,26,5,7,1968,DL,SLC,1711
-5,4,27,6,7,1968,DL,SLC,1710
-8,4,28,7,7,1968,DL,SLC,1709
-5,4,29,1,7,1968,DL,SLC,1708
-7,4,30,2,7,1968,DL,SLC,1707
-8,4,1,1,16,938,DL,MCO,1736
-8,4,2,2,16,938,DL,MCO,1735
-12,4,3,3,16,938,DL,MCO,1734
-6,4,4,4,16,938,DL,MCO,1733
-6,4,5,5,16,938,DL,MCO,1732
-10,4,6,6,16,938,DL,MCO,1731
-3,4,7,7,16,938,DL,MCO,1730
-3,4,8,1,16,938,DL,MCO,1729
-9,4,9,2,16,938,DL,MCO,1728
2,4,10,3,16,938,DL,MCO,1727
-9,4,11,4,16,938,DL,MCO,1726
-5,4,12,5,16,938,DL,MCO,1725
-11,4,13,6,16,938,DL,MCO,1724
3,4,14,7,16,938,DL,MCO,1723
-5,4,15,1,16,938,DL,MCO,1722
10,4,16,2,16,938,DL,MCO,1721
-5,4,17,3,16,938,DL,MCO,1720
388,4,18,4,16,938,DL,MCO,1719
53,4,19,5,16,938,DL,MCO,1718
-4,4,20,6,16,938,DL,MCO,1717
-4,4,21,7,16,938,DL,MCO,1716
-8,4,22,1,16,938,DL,MCO,1715
-11,4,23,2,16,938,DL,MCO,1714
-7,4,24,3,16,938,DL,MCO,1713
30,4,25,4,16,938,DL,MCO,1712
-4,4,26,5,16,938,DL,MCO,1711
-8,4,27,6,16,938,DL,MCO,1710
20,4,28,7,16,938,DL,MCO,1709
-7,4,29,1,16,938,DL,MCO,1708
-8,4,30,2,16,938,DL,MCO,1707
111,4,1,1,19,1065,DL,FLL,1736
16,4,2,2,19,1065,DL,FLL,1735
164,4,3,3,19,1065,DL,FLL,1734
8,4,4,4,19,1065,DL,FLL,1733
9,4,5,5,19,1065,DL,FLL,1732
17,4,6,6,19,1065,DL,FLL,1731
12,4,7,7,19,1065,DL,FLL,1730
21,4,8,1,19,1065,DL,FLL,1729
12,4,9,2,19,1065,DL,FLL,1728
16,4,10,3,19,1065,DL,FLL,1727
21,4,11,4,19,1065,DL,FLL,1726
-6,4,12,5,19,1065,DL,FLL,1725
-8,4,13,6,19,1065,DL,FLL,1724
39,4,14,7,19,1065,DL,FLL,1723
2,4,15,1,19,1065,DL,FLL,1722
-9,4,16,2,19,1065,DL,FLL,1721
-4,4,17,3,19,1065,DL,FLL,1720
136,4,18,4,19,1065,DL,FLL,1719
5,4,20,6,19,1065,DL,FLL,1717
2,4,21,7,19,1065,DL,FLL,1716
46,4,22,1,19,1065,DL,FLL,1715
2,4,23,2,19,1065,DL,FLL,1714
-6,4,24,3,19,1065,DL,FLL,1713
1,4,25,4,19,1065,DL,FLL,1712
11,4,26,5,19,1065,DL,FLL,1711
-3,4,27,6,19,1065,DL,FLL,1710
54,4,28,7,19,1065,DL,FLL,1709
-10,4,29,1,19,1065,DL,FLL,1708
5,4,30,2,19,1065,DL,FLL,1707
1,4,1,1,8,1065,DL,FLL,1736
-1,4,2,2,8,1065,DL,FLL,1735
-5,4,3,3,8,1065,DL,FLL,1734
6,4,4,4,8,1065,DL,FLL,1733
-3,4,5,5,8,1065,DL,FLL,1732
-4,4,6,6,8,1065,DL,FLL,1731
5,4,7,7,8,1065,DL,FLL,1730
-1,4,8,1,8,1065,DL,FLL,1729
13,4,9,2,8,1065,DL,FLL,1728
-3,4,10,3,8,1065,DL,FLL,1727
-2,4,11,4,8,1065,DL,FLL,1726
-5,4,12,5,8,1065,DL,FLL,1725
-2,4,13,6,8,1065,DL,FLL,1724
-2,4,14,7,8,1065,DL,FLL,1723
8,4,15,1,8,1065,DL,FLL,1722
8,4,16,2,8,1065,DL,FLL,1721
-5,4,17,3,8,1065,DL,FLL,1720
-3,4,18,4,8,1065,DL,FLL,1719
5,4,19,5,8,1065,DL,FLL,1718
24,4,20,6,8,1065,DL,FLL,1717
2,4,21,7,8,1065,DL,FLL,1716
-8,4,22,1,8,1065,DL,FLL,1715
-6,4,23,2,8,1065,DL,FLL,1714
-6,4,24,3,8,1065,DL,FLL,1713
-4,4,25,4,8,1065,DL,FLL,1712
-2,4,26,5,8,1065,DL,FLL,1711
1,4,27,6,8,1065,DL,FLL,1710
-2,4,28,7,8,1065,DL,FLL,1709
72,4,29,1,8,1065,DL,FLL,1708
-1,4,30,2,8,1065,DL,FLL,1707
12,4,1,1,14,938,DL,MCO,1736
-11,4,2,2,14,938,DL,MCO,1735
-8,4,3,3,14,938,DL,MCO,1734
7,4,4,4,14,938,DL,MCO,1733
-10,4,5,5,14,938,DL,MCO,1732
-7,4,6,6,14,938,DL,MCO,1731
2,4,7,7,14,938,DL,MCO,1730
-9,4,8,1,14,938,DL,MCO,1729
-3,4,9,2,14,938,DL,MCO,1728
-7,4,10,3,14,938,DL,MCO,1727
-7,4,11,4,14,938,DL,MCO,1726
-5,4,12,5,14,938,DL,MCO,1725
-13,4,13,6,14,938,DL,MCO,1724
4,4,14,7,14,938,DL,MCO,1723
-6,4,15,1,14,938,DL,MCO,1722
-4,4,16,2,14,938,DL,MCO,1721
-2,4,17,3,14,938,DL,MCO,1720
-1,4,18,4,14,938,DL,MCO,1719
-1,4,19,5,14,938,DL,MCO,1718
28,4,20,6,14,938,DL,MCO,1717
-1,4,21,7,14,938,DL,MCO,1716
2,4,22,1,14,938,DL,MCO,1715
-14,4,23,2,14,938,DL,MCO,1714
-2,4,24,3,14,938,DL,MCO,1713
16,4,25,4,14,938,DL,MCO,1712
16,4,26,5,14,938,DL,MCO,1711
67,4,27,6,14,938,DL,MCO,1710
-3,4,28,7,14,938,DL,MCO,1709
-6,4,29,1,14,938,DL,MCO,1708
-4,4,30,2,14,938,DL,MCO,1707
-4,4,1,1,7,938,DL,MCO,1736
0,4,2,2,7,938,DL,MCO,1735
-4,4,3,3,7,938,DL,MCO,1734
1,4,4,4,7,938,DL,MCO,1733
-3,4,5,5,7,938,DL,MCO,1732
-1,4,6,6,7,938,DL,MCO,1731
-2,4,7,7,7,938,DL,MCO,1730
-3,4,8,1,7,938,DL,MCO,1729
-8,4,9,2,7,938,DL,MCO,1728
-6,4,10,3,7,938,DL,MCO,1727
-2,4,11,4,7,938,DL,MCO,1726
-7,4,12,5,7,938,DL,MCO,1725
-3,4,13,6,7,938,DL,MCO,1724
3,4,14,7,7,938,DL,MCO,1723
2,4,15,1,7,938,DL,MCO,1722
-1,4,16,2,7,938,DL,MCO,1721
-3,4,17,3,7,938,DL,MCO,1720
-2,4,18,4,7,938,DL,MCO,1719
-1,4,19,5,7,938,DL,MCO,1718
10,4,20,6,7,938,DL,MCO,1717
-4,4,21,7,7,938,DL,MCO,1716
-4,4,22,1,7,938,DL,MCO,1715
-9,4,23,2,7,938,DL,MCO,1714
-5,4,24,3,7,938,DL,MCO,1713
-7,4,25,4,7,938,DL,MCO,1712
-1,4,26,5,7,938,DL,MCO,1711
-3,4,27,6,7,938,DL,MCO,1710
-2,4,28,7,7,938,DL,MCO,1709
-6,4,29,1,7,938,DL,MCO,1708
-7,4,30,2,7,938,DL,MCO,1707
-7,4,1,1,9,938,DL,MCO,1736
-6,4,2,2,9,938,DL,MCO,1735
-7,4,3,3,9,938,DL,MCO,1734
0,4,4,4,9,938,DL,MCO,1733
-3,4,5,5,9,938,DL,MCO,1732
-6,4,6,6,9,938,DL,MCO,1731
-1,4,7,7,9,938,DL,MCO,1730
78,4,8,1,9,938,DL,MCO,1729
-5,4,9,2,9,938,DL,MCO,1728
-3,4,10,3,9,938,DL,MCO,1727
-6,4,11,4,9,938,DL,MCO,1726
0,4,12,5,9,938,DL,MCO,1725
-9,4,13,6,9,938,DL,MCO,1724
-3,4,14,7,9,938,DL,MCO,1723
-6,4,15,1,9,938,DL,MCO,1722
-2,4,16,2,9,938,DL,MCO,1721
-1,4,17,3,9,938,DL,MCO,1720
-1,4,18,4,9,938,DL,MCO,1719
35,4,19,5,9,938,DL,MCO,1718
3,4,20,6,9,938,DL,MCO,1717
-3,4,21,7,9,938,DL,MCO,1716
-3,4,22,1,9,938,DL,MCO,1715
-5,4,23,2,9,938,DL,MCO,1714
-8,4,24,3,9,938,DL,MCO,1713
-2,4,25,4,9,938,DL,MCO,1712
3,4,26,5,9,938,DL,MCO,1711
-6,4,27,6,9,938,DL,MCO,1710
-3,4,28,7,9,938,DL,MCO,1709
50,4,29,1,9,938,DL,MCO,1708
-3,4,30,2,9,938,DL,MCO,1707
16,4,1,1,15,1065,DL,FLL,1736
91,4,2,2,15,1065,DL,FLL,1735
-11,4,3,3,15,1065,DL,FLL,1734
-7,4,4,4,15,1065,DL,FLL,1733
2,4,5,5,15,1065,DL,FLL,1732
51,4,6,6,15,1065,DL,FLL,1731
42,4,7,7,15,1065,DL,FLL,1730
3,4,8,1,15,1065,DL,FLL,1729
-4,4,9,2,15,1065,DL,FLL,1728
-3,4,10,3,15,1065,DL,FLL,1727
11,4,11,4,15,1065,DL,FLL,1726
-1,4,12,5,15,1065,DL,FLL,1725
0,4,13,6,15,1065,DL,FLL,1724
8,4,14,7,15,1065,DL,FLL,1723
3,4,15,1,15,1065,DL,FLL,1722
25,4,16,2,15,1065,DL,FLL,1721
-2,4,17,3,15,1065,DL,FLL,1720
1,4,18,4,15,1065,DL,FLL,1719
-3,4,19,5,15,1065,DL,FLL,1718
-1,4,20,6,15,1065,DL,FLL,1717
16,4,21,7,15,1065,DL,FLL,1716
-10,4,22,1,15,1065,DL,FLL,1715
-9,4,23,2,15,1065,DL,FLL,1714
1,4,24,3,15,1065,DL,FLL,1713
4,4,25,4,15,1065,DL,FLL,1712
-1,4,26,5,15,1065,DL,FLL,1711
-8,4,27,6,15,1065,DL,FLL,1710
40,4,28,7,15,1065,DL,FLL,1709
-5,4,29,1,15,1065,DL,FLL,1708
-5,4,30,2,15,1065,DL,FLL,1707
-10,4,1,1,8,2227,HP,LAS,1736
38,4,1,1,20,2227,HP,LAS,1736
44,4,1,1,9,2133,HP,PHX,1736
0,4,1,1,17,2133,HP,PHX,1736
-2,4,1,1,7,2133,HP,PHX,1736
0,4,1,1,15,2133,HP,PHX,1736
0,4,2,2,8,2227,HP,LAS,1735
-2,4,2,2,20,2227,HP,LAS,1735
3,4,2,2,9,2133,HP,PHX,1735
-3,4,2,2,17,2133,HP,PHX,1735
2,4,2,2,7,2133,HP,PHX,1735
-4,4,2,2,15,2133,HP,PHX,1735
-7,4,3,3,8,2227,HP,LAS,1734
15,4,3,3,20,2227,HP,LAS,1734
-1,4,3,3,9,2133,HP,PHX,1734
11,4,3,3,17,2133,HP,PHX,1734
-6,4,3,3,7,2133,HP,PHX,1734
-5,4,3,3,15,2133,HP,PHX,1734
-6,4,4,4,8,2227,HP,LAS,1733
-1,4,4,4,20,2227,HP,LAS,1733
1,4,4,4,9,2133,HP,PHX,1733
0,4,4,4,17,2133,HP,PHX,1733
-9,4,4,4,7,2133,HP,PHX,1733
32,4,4,4,15,2133,HP,PHX,1733
-2,4,5,5,8,2227,HP,LAS,1732
0,4,5,5,20,2227,HP,LAS,1732
23,4,5,5,9,2133,HP,PHX,1732
0,4,5,5,17,2133,HP,PHX,1732
14,4,5,5,7,2133,HP,PHX,1732
48,4,5,5,15,2133,HP,PHX,1732
-6,4,6,6,8,2227,HP,LAS,1731
8,4,6,6,20,2227,HP,LAS,1731
0,4,6,6,9,2133,HP,PHX,1731
-4,4,6,6,7,2133,HP,PHX,1731
6,4,6,6,17,2133,HP,PHX,1731
12,4,7,7,8,2227,HP,LAS,1730
0,4,7,7,20,2227,HP,LAS,1730
0,4,7,7,9,2133,HP,PHX,1730
0,4,7,7,17,2133,HP,PHX,1730
12,4,7,7,15,2133,HP,PHX,1730
4,4,7,7,7,2133,HP,PHX,1730
17,4,8,1,8,2227,HP,LAS,1729
2,4,8,1,20,2227,HP,LAS,1729
18,4,8,1,9,2133,HP,PHX,1729
-7,4,8,1,17,2133,HP,PHX,1729
-2,4,8,1,15,2133,HP,PHX,1729
1,4,8,1,7,2133,HP,PHX,1729
-5,4,9,2,8,2227,HP,LAS,1728
18,4,9,2,20,2227,HP,LAS,1728
-2,4,9,2,9,2133,HP,PHX,1728
-3,4,9,2,17,2133,HP,PHX,1728
3,4,9,2,15,2133,HP,PHX,1728
-9,4,9,2,7,2133,HP,PHX,1728
7,4,10,3,8,2227,HP,LAS,1727
-5,4,10,3,20,2227,HP,LAS,1727
2,4,10,3,9,2133,HP,PHX,1727
-6,4,10,3,17,2133,HP,PHX,1727
2,4,10,3,15,2133,HP,PHX,1727
0,4,10,3,7,2133,HP,PHX,1727
4,4,11,4,8,2227,HP,LAS,1726
-9,4,11,4,20,2227,HP,LAS,1726
-1,4,11,4,9,2133,HP,PHX,1726
6,4,11,4,17,2133,HP,PHX,1726
-4,4,11,4,15,2133,HP,PHX,1726
-3,4,11,4,7,2133,HP,PHX,1726
-5,4,12,5,8,2227,HP,LAS,1725
10,4,12,5,20,2227,HP,LAS,1725
0,4,12,5,9,2133,HP,PHX,1725
1,4,12,5,17,2133,HP,PHX,1725
11,4,12,5,15,2133,HP,PHX,1725
-6,4,12,5,7,2133,HP,PHX,1725
1,4,13,6,8,2227,HP,LAS,1724
-2,4,13,6,20,2227,HP,LAS,1724
1,4,13,6,9,2133,HP,PHX,1724
-9,4,13,6,17,2133,HP,PHX,1724
250,4,13,6,7,2133,HP,PHX,1724
-8,4,14,7,8,2227,HP,LAS,1723
173,4,14,7,20,2227,HP,LAS,1723
-6,4,14,7,9,2133,HP,PHX,1723
-2,4,14,7,17,2133,HP,PHX,1723
-4,4,14,7,15,2133,HP,PHX,1723
-1,4,14,7,7,2133,HP,PHX,1723
1,4,15,1,8,2227,HP,LAS,1722
0,4,15,1,20,2227,HP,LAS,1722
56,4,15,1,9,2133,HP,PHX,1722
0,4,15,1,17,2133,HP,PHX,1722
-1,4,15,1,15,2133,HP,PHX,1722
38,4,15,1,7,2133,HP,PHX,1722
7,4,16,2,8,2227,HP,LAS,1721
-4,4,16,2,20,2227,HP,LAS,1721
-6,4,16,2,9,2133,HP,PHX,1721
-9,4,16,2,17,2133,HP,PHX,1721
-8,4,16,2,15,2133,HP,PHX,1721
0,4,16,2,7,2133,HP,PHX,1721
-2,4,17,3,8,2227,HP,LAS,1720
47,4,17,3,20,2227,HP,LAS,1720
21,4,17,3,9,2133,HP,PHX,1720
-4,4,17,3,17,2133,HP,PHX,1720
8,4,17,3,15,2133,HP,PHX,1720
7,4,17,3,7,2133,HP,PHX,1720
0,4,18,4,8,2227,HP,LAS,1719
119,4,18,4,20,2227,HP,LAS,1719
-4,4,18,4,9,2133,HP,PHX,1719
91,4,18,4,17,2133,HP,PHX,1719
56,4,18,4,15,2133,HP,PHX,1719
-9,4,18,4,7,2133,HP,PHX,1719
-9,4,19,5,8,2227,HP,LAS,1718
10,4,19,5,20,2227,HP,LAS,1718
-2,4,19,5,9,2133,HP,PHX,1718
98,4,19,5,17,2133,HP,PHX,1718
166,4,19,5,15,2133,HP,PHX,1718
6,4,19,5,7,2133,HP,PHX,1718
-5,4,20,6,8,2227,HP,LAS,1717
1,4,20,6,20,2227,HP,LAS,1717
5,4,20,6,9,2133,HP,PHX,1717
-2,4,20,6,17,2133,HP,PHX,1717
-4,4,20,6,7,2133,HP,PHX,1717
12,4,21,7,8,2227,HP,LAS,1716
-3,4,21,7,20,2227,HP,LAS,1716
-4,4,21,7,9,2133,HP,PHX,1716
4,4,21,7,17,2133,HP,PHX,1716
2,4,21,7,15,2133,HP,PHX,1716
7,4,21,7,7,2133,HP,PHX,1716
1,4,22,1,8,2227,HP,LAS,1715
-2,4,22,1,20,2227,HP,LAS,1715
4,4,22,1,9,2133,HP,PHX,1715
-2,4,22,1,17,2133,HP,PHX,1715
8,4,22,1,15,2133,HP,PHX,1715
0,4,22,1,7,2133,HP,PHX,1715
-7,4,23,2,8,2227,HP,LAS,1714
-2,4,23,2,20,2227,HP,LAS,1714
-2,4,23,2,9,2133,HP,PHX,1714
0,4,23,2,17,2133,HP,PHX,1714
-7,4,23,2,15,2133,HP,PHX,1714
-3,4,23,2,7,2133,HP,PHX,1714
-4,4,24,3,8,2227,HP,LAS,1713
-1,4,24,3,20,2227,HP,LAS,1713
-2,4,24,3,9,2133,HP,PHX,1713
-5,4,24,3,17,2133,HP,PHX,1713
-4,4,24,3,15,2133,HP,PHX,1713
-2,4,24,3,7,2133,HP,PHX,1713
0,4,25,4,8,2227,HP,LAS,1712
109,4,25,4,20,2227,HP,LAS,1712
8,4,25,4,9,2133,HP,PHX,1712
3,4,25,4,17,2133,HP,PHX,1712
0,4,25,4,15,2133,HP,PHX,1712
-8,4,25,4,7,2133,HP,PHX,1712
0,4,26,5,8,2227,HP,LAS,1711
-3,4,26,5,20,2227,HP,LAS,1711
-3,4,26,5,9,2133,HP,PHX,1711
3,4,26,5,17,2133,HP,PHX,1711
-2,4,26,5,15,2133,HP,PHX,1711
-5,4,26,5,7,2133,HP,PHX,1711
3,4,27,6,8,2227,HP,LAS,1710
-10,4,27,6,20,2227,HP,LAS,1710
3,4,27,6,9,2133,HP,PHX,1710
4,4,27,6,17,2133,HP,PHX,1710
1,4,27,6,7,2133,HP,PHX,1710
1,4,28,7,8,2227,HP,LAS,1709
20,4,28,7,20,2227,HP,LAS,1709
4,4,28,7,9,2133,HP,PHX,1709
13,4,28,7,17,2133,HP,PHX,1709
0,4,28,7,15,2133,HP,PHX,1709
5,4,28,7,7,2133,HP,PHX,1709
-3,4,29,1,8,2227,HP,LAS,1708
0,4,29,1,20,2227,HP,LAS,1708
13,4,29,1,9,2133,HP,PHX,1708
-10,4,29,1,17,2133,HP,PHX,1708
145,4,29,1,15,2133,HP,PHX,1708
-8,4,29,1,7,2133,HP,PHX,1708
0,4,30,2,8,2227,HP,LAS,1707
-4,4,30,2,20,2227,HP,LAS,1707
2,4,30,2,9,2133,HP,PHX,1707
18,4,30,2,17,2133,HP,PHX,1707
2,4,30,2,15,2133,HP,PHX,1707
0,4,30,2,7,2133,HP,PHX,1707
4,4,1,1,6,200,MQ,BOS,1736
1,4,2,2,6,200,MQ,BOS,1735
-4,4,3,3,6,200,MQ,BOS,1734
-2,4,4,4,6,200,MQ,BOS,1733
-3,4,5,5,6,200,MQ,BOS,1732
0,4,7,7,6,200,MQ,BOS,1730
-1,4,8,1,6,200,MQ,BOS,1729
10,4,9,2,6,200,MQ,BOS,1728
-3,4,10,3,6,200,MQ,BOS,1727
7,4,11,4,6,200,MQ,BOS,1726
33,4,12,5,6,200,MQ,BOS,1725
15,4,14,7,6,200,MQ,BOS,1723
-1,4,15,1,6,200,MQ,BOS,1722
2,4,16,2,6,200,MQ,BOS,1721
1,4,17,3,6,200,MQ,BOS,1720
4,4,18,4,6,200,MQ,BOS,1719
1,4,19,5,6,200,MQ,BOS,1718
15,4,21,7,6,200,MQ,BOS,1716
0,4,22,1,6,200,MQ,BOS,1715
0,4,23,2,6,200,MQ,BOS,1714
-2,4,24,3,6,200,MQ,BOS,1713
4,4,25,4,6,200,MQ,BOS,1712
-3,4,26,5,6,200,MQ,BOS,1711
12,4,28,7,6,200,MQ,BOS,1709
76,4,29,1,6,200,MQ,BOS,1708
0,4,30,2,6,200,MQ,BOS,1707
-1,4,1,1,9,200,MQ,BOS,1736
-5,4,2,2,9,200,MQ,BOS,1735
-6,4,3,3,9,200,MQ,BOS,1734
45,4,4,4,9,200,MQ,BOS,1733
-8,4,5,5,9,200,MQ,BOS,1732
-8,4,6,6,9,200,MQ,BOS,1731
-5,4,8,1,9,200,MQ,BOS,1729
-6,4,9,2,9,200,MQ,BOS,1728
-7,4,10,3,9,200,MQ,BOS,1727
3,4,11,4,9,200,MQ,BOS,1726
31,4,12,5,9,200,MQ,BOS,1725
-4,4,13,6,9,200,MQ,BOS,1724
-9,4,15,1,9,200,MQ,BOS,1722
-10,4,16,2,9,200,MQ,BOS,1721
-5,4,17,3,9,200,MQ,BOS,1720
-4,4,18,4,9,200,MQ,BOS,1719
2,4,19,5,9,200,MQ,BOS,1718
5,4,20,6,9,200,MQ,BOS,1717
-4,4,22,1,9,200,MQ,BOS,1715
24,4,23,2,9,200,MQ,BOS,1714
0,4,24,3,9,200,MQ,BOS,1713
-4,4,25,4,9,200,MQ,BOS,1712
-2,4,26,5,9,200,MQ,BOS,1711
-10,4,27,6,9,200,MQ,BOS,1710
-1,4,29,1,9,200,MQ,BOS,1708
0,4,30,2,9,200,MQ,BOS,1707
67,4,1,1,17,200,MQ,BOS,1736
0,4,2,2,17,200,MQ,BOS,1735
55,4,3,3,17,200,MQ,BOS,1734
4,4,4,4,17,200,MQ,BOS,1733
-11,4,5,5,17,200,MQ,BOS,1732
7,4,6,6,17,200,MQ,BOS,1731
-3,4,7,7,16,200,MQ,BOS,1730
28,4,8,1,16,200,MQ,BOS,1729
10,4,9,2,16,200,MQ,BOS,1728
11,4,10,3,16,200,MQ,BOS,1727
2,4,11,4,16,200,MQ,BOS,1726
39,4,12,5,16,200,MQ,BOS,1725
-4,4,13,6,16,200,MQ,BOS,1724
-4,4,14,7,16,200,MQ,BOS,1723
-1,4,15,1,16,200,MQ,BOS,1722
-2,4,16,2,16,200,MQ,BOS,1721
54,4,17,3,16,200,MQ,BOS,1720
78,4,20,6,16,200,MQ,BOS,1717
66,4,21,7,16,200,MQ,BOS,1716
-3,4,22,1,16,200,MQ,BOS,1715
-4,4,23,2,16,200,MQ,BOS,1714
1,4,24,3,16,200,MQ,BOS,1713
45,4,25,4,16,200,MQ,BOS,1712
-1,4,26,5,16,200,MQ,BOS,1711
-2,4,27,6,16,200,MQ,BOS,1710
102,4,28,7,16,200,MQ,BOS,1709
11,4,29,1,16,200,MQ,BOS,1708
3,4,30,2,16,200,MQ,BOS,1707
29,4,1,1,19,200,MQ,BOS,1736
-6,4,2,2,19,200,MQ,BOS,1735
14,4,3,3,19,200,MQ,BOS,1734
10,4,4,4,19,200,MQ,BOS,1733
19,4,5,5,19,200,MQ,BOS,1732
-2,4,7,7,19,200,MQ,BOS,1730
36,4,8,1,19,200,MQ,BOS,1729
6,4,9,2,19,200,MQ,BOS,1728
-3,4,10,3,19,200,MQ,BOS,1727
2,4,12,5,19,200,MQ,BOS,1725
-5,4,14,7,19,200,MQ,BOS,1723
-8,4,15,1,19,200,MQ,BOS,1722
-6,4,16,2,19,200,MQ,BOS,1721
34,4,17,3,19,200,MQ,BOS,1720
59,4,18,4,19,200,MQ,BOS,1719
0,4,21,7,19,200,MQ,BOS,1716
-2,4,22,1,19,200,MQ,BOS,1715
-6,4,23,2,19,200,MQ,BOS,1714
5,4,24,3,19,200,MQ,BOS,1713
52,4,25,4,19,200,MQ,BOS,1712
-7,4,26,5,19,200,MQ,BOS,1711
-4,4,29,1,19,200,MQ,BOS,1708
0,4,30,2,19,200,MQ,BOS,1707
-3,4,1,1,14,200,MQ,BOS,1736
2,4,2,2,14,200,MQ,BOS,1735
21,4,3,3,14,200,MQ,BOS,1734
60,4,4,4,14,200,MQ,BOS,1733
5,4,5,5,14,200,MQ,BOS,1732
2,4,6,6,14,200,MQ,BOS,1731
0,4,7,7,14,200,MQ,BOS,1730
2,4,8,1,14,200,MQ,BOS,1729
-5,4,9,2,14,200,MQ,BOS,1728
48,4,10,3,14,200,MQ,BOS,1727
21,4,11,4,14,200,MQ,BOS,1726
-1,4,12,5,14,200,MQ,BOS,1725
46,4,13,6,14,200,MQ,BOS,1724
0,4,14,7,14,200,MQ,BOS,1723
-3,4,15,1,14,200,MQ,BOS,1722
-4,4,16,2,14,200,MQ,BOS,1721
-7,4,17,3,14,200,MQ,BOS,1720
3,4,18,4,14,200,MQ,BOS,1719
-2,4,20,6,14,200,MQ,BOS,1717
-3,4,21,7,14,200,MQ,BOS,1716
-9,4,22,1,14,200,MQ,BOS,1715
0,4,23,2,14,200,MQ,BOS,1714
-6,4,24,3,14,200,MQ,BOS,1713
44,4,25,4,14,200,MQ,BOS,1712
-3,4,26,5,14,200,MQ,BOS,1711
-5,4,27,6,14,200,MQ,BOS,1710
146,4,28,7,14,200,MQ,BOS,1709
-10,4,29,1,14,200,MQ,BOS,1708
-5,4,30,2,14,200,MQ,BOS,1707
-1,4,1,1,8,2454,AA,LAX,1736
-6,4,2,2,8,2454,AA,LAX,1735
-6,4,3,3,8,2454,AA,LAX,1734
-6,4,4,4,8,2454,AA,LAX,1733
-2,4,5,5,8,2454,AA,LAX,1732
-1,4,6,6,8,2454,AA,LAX,1731
2,4,7,7,8,2454,AA,LAX,1730
5,4,8,1,8,2454,AA,LAX,1729
-1,4,9,2,8,2454,AA,LAX,1728
-5,4,10,3,8,2454,AA,LAX,1727
-2,4,11,4,8,2454,AA,LAX,1726
8,4,12,5,8,2454,AA,LAX,1725
-3,4,13,6,8,2454,AA,LAX,1724
-5,4,14,7,8,2454,AA,LAX,1723
-3,4,15,1,8,2454,AA,LAX,1722
-4,4,16,2,8,2454,AA,LAX,1721
-4,4,17,3,8,2454,AA,LAX,1720
-5,4,18,4,8,2454,AA,LAX,1719
-2,4,19,5,8,2454,AA,LAX,1718
-2,4,20,6,8,2454,AA,LAX,1717
-5,4,21,7,8,2454,AA,LAX,1716
-1,4,22,1,8,2454,AA,LAX,1715
9,4,23,2,8,2454,AA,LAX,1714
-7,4,24,3,8,2454,AA,LAX,1713
-7,4,25,4,8,2454,AA,LAX,1712
0,4,26,5,8,2454,AA,LAX,1711
-4,4,27,6,8,2454,AA,LAX,1710
-2,4,28,7,8,2454,AA,LAX,1709
-2,4,29,1,8,2454,AA,LAX,1708
-8,4,30,2,8,2454,AA,LAX,1707
0,4,1,1,18,1372,AA,DFW,1736
-3,4,2,2,18,1372,AA,DFW,1735
-10,4,3,3,18,1372,AA,DFW,1734
8,4,4,4,18,1372,AA,DFW,1733
54,4,5,5,18,1372,AA,DFW,1732
95,4,7,7,18,1372,AA,DFW,1730
34,4,8,1,18,1372,AA,DFW,1729
-6,4,9,2,18,1372,AA,DFW,1728
-2,4,10,3,18,1372,AA,DFW,1727
-1,4,11,4,18,1372,AA,DFW,1726
-3,4,12,5,18,1372,AA,DFW,1725
0,4,14,7,18,1372,AA,DFW,1723
-8,4,15,1,18,1372,AA,DFW,1722
-5,4,16,2,18,1372,AA,DFW,1721
-6,4,17,3,18,1372,AA,DFW,1720
123,4,18,4,18,1372,AA,DFW,1719
60,4,19,5,18,1372,AA,DFW,1718
-1,4,21,7,18,1372,AA,DFW,1716
-6,4,22,1,18,1372,AA,DFW,1715
7,4,23,2,18,1372,AA,DFW,1714
-3,4,24,3,18,1372,AA,DFW,1713
33,4,25,4,18,1372,AA,DFW,1712
20,4,26,5,18,1372,AA,DFW,1711
54,4,28,7,18,1372,AA,DFW,1709
-7,4,29,1,18,1372,AA,DFW,1708
-2,4,30,2,18,1372,AA,DFW,1707
-1,4,1,1,17,2454,AA,LAX,1736
-7,4,2,2,17,2454,AA,LAX,1735
-3,4,3,3,17,2454,AA,LAX,1734
6,4,4,4,17,2454,AA,LAX,1733
204,4,5,5,17,2454,AA,LAX,1732
-1,4,6,6,17,2454,AA,LAX,1731
15,4,7,7,17,2454,AA,LAX,1730
-8,4,8,1,17,2454,AA,LAX,1729
-3,4,9,2,17,2454,AA,LAX,1728
12,4,10,3,20,2454,AA,LAX,1727
0,4,11,4,17,2454,AA,LAX,1726
-4,4,12,5,17,2454,AA,LAX,1725
-6,4,13,6,17,2454,AA,LAX,1724
-4,4,14,7,17,2454,AA,LAX,1723
-8,4,15,1,17,2454,AA,LAX,1722
-3,4,16,2,17,2454,AA,LAX,1721
11,4,17,3,17,2454,AA,LAX,1720
-3,4,18,4,17,2454,AA,LAX,1719
6,4,19,5,17,2454,AA,LAX,1718
-8,4,20,6,17,2454,AA,LAX,1717
24,4,21,7,17,2454,AA,LAX,1716
-2,4,22,1,17,2454,AA,LAX,1715
-3,4,23,2,17,2454,AA,LAX,1714
-4,4,24,3,17,2454,AA,LAX,1713
-2,4,25,4,17,2454,AA,LAX,1712
0,4,26,5,17,2454,AA,LAX,1711
-2,4,27,6,17,2454,AA,LAX,1710
0,4,28,7,17,2454,AA,LAX,1709
-5,4,29,1,17,2454,AA,LAX,1708
1,4,30,2,17,2454,AA,LAX,1707
61,4,1,1,15,2454,AA,LAX,1736
0,4,2,2,15,2454,AA,LAX,1735
12,4,3,3,15,2454,AA,LAX,1734
-2,4,4,4,15,2454,AA,LAX,1733
-3,4,5,5,15,2454,AA,LAX,1732
-4,4,6,6,15,2454,AA,LAX,1731
-2,4,7,7,15,2454,AA,LAX,1730
21,4,8,1,15,2454,AA,LAX,1729
-5,4,9,2,15,2454,AA,LAX,1728
1,4,10,3,15,2454,AA,LAX,1727
-5,4,11,4,15,2454,AA,LAX,1726
-1,4,12,5,15,2454,AA,LAX,1725
-2,4,13,6,15,2454,AA,LAX,1724
-4,4,14,7,15,2454,AA,LAX,1723
-5,4,15,1,15,2454,AA,LAX,1722
2,4,16,2,15,2454,AA,LAX,1721
0,4,17,3,15,2454,AA,LAX,1720
-7,4,18,4,15,2454,AA,LAX,1719
31,4,19,5,15,2454,AA,LAX,1718
63,4,20,6,15,2454,AA,LAX,1717
-3,4,21,7,15,2454,AA,LAX,1716
-1,4,22,1,15,2454,AA,LAX,1715
1,4,23,2,15,2454,AA,LAX,1714
-2,4,24,3,15,2454,AA,LAX,1713
-4,4,25,4,15,2454,AA,LAX,1712
-4,4,26,5,15,2454,AA,LAX,1711
-1,4,27,6,15,2454,AA,LAX,1710
17,4,28,7,15,2454,AA,LAX,1709
-2,4,29,1,15,2454,AA,LAX,1708
-6,4,30,2,15,2454,AA,LAX,1707
-8,4,1,1,6,719,AA,ORD,1736
-9,4,2,2,6,719,AA,ORD,1735
-7,4,3,3,6,719,AA,ORD,1734
-12,4,4,4,6,719,AA,ORD,1733
-3,4,5,5,6,719,AA,ORD,1732
-9,4,6,6,6,719,AA,ORD,1731
-8,4,1,1,11,1372,AA,DFW,1736
-1,4,2,2,11,1372,AA,DFW,1735
-1,4,3,3,11,1372,AA,DFW,1734
-1,4,4,4,11,1372,AA,DFW,1733
0,4,5,5,11,1372,AA,DFW,1732
-6,4,6,6,11,1372,AA,DFW,1731
0,4,1,1,7,1372,AA,DFW,1736
0,4,2,2,7,1372,AA,DFW,1735
-6,4,3,3,7,1372,AA,DFW,1734
-5,4,4,4,7,1372,AA,DFW,1733
-6,4,5,5,7,1372,AA,DFW,1732
-6,4,6,6,7,1372,AA,DFW,1731
-2,4,1,1,13,1372,AA,DFW,1736
-5,4,2,2,13,1372,AA,DFW,1735
0,4,3,3,13,1372,AA,DFW,1734
-11,4,4,4,13,1372,AA,DFW,1733
-1,4,5,5,13,1372,AA,DFW,1732
-7,4,6,6,13,1372,AA,DFW,1731
10,4,1,1,14,719,AA,ORD,1736
-7,4,2,2,14,719,AA,ORD,1735
27,4,3,3,14,719,AA,ORD,1734
-1,4,4,4,14,719,AA,ORD,1733
-3,4,5,5,14,719,AA,ORD,1732
-6,4,6,6,14,719,AA,ORD,1731
-1,4,1,1,7,1608,AA,SJU,1736
0,4,2,2,7,1608,AA,SJU,1735
-2,4,3,3,7,1608,AA,SJU,1734
-1,4,4,4,7,1608,AA,SJU,1733
-2,4,5,5,7,1608,AA,SJU,1732
-3,4,6,6,7,1608,AA,SJU,1731
-1,4,7,7,7,1608,AA,SJU,1730
-3,4,8,1,7,1608,AA,SJU,1729
-1,4,9,2,7,1608,AA,SJU,1728
3,4,10,3,7,1608,AA,SJU,1727
0,4,11,4,7,1608,AA,SJU,1726
3,4,12,5,7,1608,AA,SJU,1725
1,4,13,6,7,1608,AA,SJU,1724
-5,4,14,7,7,1608,AA,SJU,1723
-7,4,15,1,7,1608,AA,SJU,1722
0,4,16,2,7,1608,AA,SJU,1721
-2,4,17,3,7,1608,AA,SJU,1720
-3,4,18,4,7,1608,AA,SJU,1719
1,4,19,5,7,1608,AA,SJU,1718
1,4,20,6,7,1608,AA,SJU,1717
6,4,21,7,7,1608,AA,SJU,1716
4,4,22,1,7,1608,AA,SJU,1715
-10,4,23,2,7,1608,AA,SJU,1714
-1,4,24,3,7,1608,AA,SJU,1713
0,4,25,4,7,1608,AA,SJU,1712
-1,4,26,5,7,1608,AA,SJU,1711
-3,4,27,6,7,1608,AA,SJU,1710
9,4,28,7,7,1608,AA,SJU,1709
-2,4,29,1,7,1608,AA,SJU,1708
-6,4,30,2,7,1608,AA,SJU,1707
-1,4,1,1,14,1372,AA,DFW,1736
-5,4,2,2,14,1372,AA,DFW,1735
11,4,3,3,14,1372,AA,DFW,1734
-4,4,4,4,14,1372,AA,DFW,1733
-6,4,5,5,14,1372,AA,DFW,1732
2,4,7,7,12,1086,AA,MIA,1730
1,4,8,1,12,1086,AA,MIA,1729
-5,4,9,2,12,1086,AA,MIA,1728
13,4,10,3,12,1086,AA,MIA,1727
8,4,11,4,12,1086,AA,MIA,1726
1,4,12,5,12,1086,AA,MIA,1725
22,4,13,6,12,1086,AA,MIA,1724
3,4,14,7,12,1086,AA,MIA,1723
-2,4,15,1,12,1086,AA,MIA,1722
4,4,16,2,12,1086,AA,MIA,1721
-3,4,17,3,12,1086,AA,MIA,1720
498,4,18,4,12,1086,AA,MIA,1719
0,4,19,5,12,1086,AA,MIA,1718
3,4,20,6,12,1086,AA,MIA,1717
4,4,21,7,12,1086,AA,MIA,1716
13,4,22,1,12,1086,AA,MIA,1715
1,4,23,2,12,1086,AA,MIA,1714
5,4,24,3,12,1086,AA,MIA,1713
-1,4,25,4,12,1086,AA,MIA,1712
0,4,26,5,12,1086,AA,MIA,1711
0,4,27,6,12,1086,AA,MIA,1710
-1,4,28,7,12,1086,AA,MIA,1709
-7,4,29,1,12,1086,AA,MIA,1708
10,4,30,2,12,1086,AA,MIA,1707
0,4,1,1,6,1086,AA,MIA,1736
3,4,2,2,6,1086,AA,MIA,1735
3,4,3,3,6,1086,AA,MIA,1734
-2,4,4,4,6,1086,AA,MIA,1733
1,4,5,5,6,1086,AA,MIA,1732
3,4,6,6,6,1086,AA,MIA,1731
6,4,7,7,6,1086,AA,MIA,1730
4,4,8,1,6,1086,AA,MIA,1729
-6,4,9,2,6,1086,AA,MIA,1728
3,4,10,3,6,1086,AA,MIA,1727
-3,4,11,4,6,1086,AA,MIA,1726
-3,4,12,5,6,1086,AA,MIA,1725
3,4,13,6,6,1086,AA,MIA,1724
-1,4,14,7,6,1086,AA,MIA,1723
0,4,15,1,6,1086,AA,MIA,1722
-6,4,16,2,6,1086,AA,MIA,1721
-8,4,17,3,6,1086,AA,MIA,1720
5,4,18,4,6,1086,AA,MIA,1719
-2,4,19,5,6,1086,AA,MIA,1718
0,4,20,6,6,1086,AA,MIA,1717
1,4,21,7,6,1086,AA,MIA,1716
4,4,22,1,6,1086,AA,MIA,1715
1,4,23,2,6,1086,AA,MIA,1714
1,4,24,3,6,1086,AA,MIA,1713
5,4,25,4,6,1086,AA,MIA,1712
-5,4,26,5,6,1086,AA,MIA,1711
3,4,27,6,6,1086,AA,MIA,1710
-7,4,28,7,6,1086,AA,MIA,1709
-7,4,29,1,6,1086,AA,MIA,1708
-1,4,30,2,6,1086,AA,MIA,1707
0,4,7,7,12,719,AA,ORD,1730
-3,4,8,1,12,719,AA,ORD,1729
-10,4,9,2,12,719,AA,ORD,1728
-1,4,10,3,12,719,AA,ORD,1727
-5,4,11,4,12,719,AA,ORD,1726
-10,4,12,5,12,719,AA,ORD,1725
-7,4,14,7,12,719,AA,ORD,1723
-6,4,15,1,12,719,AA,ORD,1722
-7,4,16,2,12,719,AA,ORD,1721
-4,4,17,3,12,719,AA,ORD,1720
-6,4,18,4,12,719,AA,ORD,1719
-6,4,19,5,12,719,AA,ORD,1718
-6,4,21,7,12,719,AA,ORD,1716
7,4,22,1,12,719,AA,ORD,1715
-9,4,23,2,12,719,AA,ORD,1714
-8,4,24,3,12,719,AA,ORD,1713
-2,4,25,4,12,719,AA,ORD,1712
-3,4,26,5,12,719,AA,ORD,1711
30,4,28,7,12,719,AA,ORD,1709
-8,4,29,1,12,719,AA,ORD,1708
-7,4,30,2,12,719,AA,ORD,1707
-3,4,7,7,8,1372,AA,DFW,1730
6,4,8,1,8,1372,AA,DFW,1729
-3,4,9,2,8,1372,AA,DFW,1728
-7,4,10,3,8,1372,AA,DFW,1727
-6,4,11,4,8,1372,AA,DFW,1726
0,4,12,5,8,1372,AA,DFW,1725
-6,4,13,6,8,1372,AA,DFW,1724
-3,4,14,7,8,1372,AA,DFW,1723
-8,4,15,1,8,1372,AA,DFW,1722
-4,4,16,2,8,1372,AA,DFW,1721
-8,4,17,3,8,1372,AA,DFW,1720
-4,4,18,4,8,1372,AA,DFW,1719
0,4,19,5,8,1372,AA,DFW,1718
1,4,20,6,8,1372,AA,DFW,1717
-6,4,21,7,8,1372,AA,DFW,1716
-3,4,22,1,8,1372,AA,DFW,1715
-5,4,23,2,8,1372,AA,DFW,1714
-7,4,24,3,8,1372,AA,DFW,1713
-5,4,25,4,8,1372,AA,DFW,1712
90,4,26,5,8,1372,AA,DFW,1711
-6,4,27,6,8,1372,AA,DFW,1710
-2,4,28,7,8,1372,AA,DFW,1709
-7,4,29,1,8,1372,AA,DFW,1708
-5,4,30,2,8,1372,AA,DFW,1707
-8,4,7,7,7,719,AA,ORD,1730
1,4,8,1,7,719,AA,ORD,1729
-2,4,9,2,7,719,AA,ORD,1728
-5,4,10,3,7,719,AA,ORD,1727
-3,4,11,4,7,719,AA,ORD,1726
-5,4,12,5,7,719,AA,ORD,1725
47,4,14,7,7,719,AA,ORD,1723
-3,4,15,1,7,719,AA,ORD,1722
-3,4,16,2,7,719,AA,ORD,1721
-6,4,17,3,7,719,AA,ORD,1720
-2,4,18,4,7,719,AA,ORD,1719
8,4,19,5,7,719,AA,ORD,1718
15,4,21,7,7,719,AA,ORD,1716
-2,4,22,1,7,719,AA,ORD,1715
-6,4,23,2,7,719,AA,ORD,1714
-6,4,24,3,7,719,AA,ORD,1713
-2,4,25,4,7,719,AA,ORD,1712
-6,4,26,5,7,719,AA,ORD,1711
16,4,28,7,7,719,AA,ORD,1709
-6,4,29,1,7,719,AA,ORD,1708
-9,4,30,2,7,719,AA,ORD,1707
44,4,1,1,18,719,AA,ORD,1736
5,4,2,2,18,719,AA,ORD,1735
62,4,3,3,18,719,AA,ORD,1734
-1,4,4,4,18,719,AA,ORD,1733
2,4,5,5,18,719,AA,ORD,1732
-2,4,7,7,16,719,AA,ORD,1730
-5,4,8,1,16,719,AA,ORD,1729
-5,4,9,2,16,719,AA,ORD,1728
-5,4,10,3,16,719,AA,ORD,1727
2,4,11,4,16,719,AA,ORD,1726
1,4,12,5,16,719,AA,ORD,1725
-3,4,14,7,16,719,AA,ORD,1723
9,4,15,1,16,719,AA,ORD,1722
-14,4,16,2,16,719,AA,ORD,1721
-1,4,17,3,16,719,AA,ORD,1720
-1,4,18,4,16,719,AA,ORD,1719
35,4,19,5,16,719,AA,ORD,1718
-8,4,21,7,16,719,AA,ORD,1716
-8,4,22,1,16,719,AA,ORD,1715
-5,4,23,2,16,719,AA,ORD,1714
-3,4,25,4,16,719,AA,ORD,1712
-1,4,26,5,16,719,AA,ORD,1711
303,4,28,7,16,719,AA,ORD,1709
-4,4,29,1,16,719,AA,ORD,1708
-9,4,30,2,16,719,AA,ORD,1707
-5,4,1,1,8,1372,AA,DFW,1736
-4,4,2,2,8,1372,AA,DFW,1735
-1,4,3,3,8,1372,AA,DFW,1734
-2,4,4,4,8,1372,AA,DFW,1733
6,4,5,5,8,1372,AA,DFW,1732
-4,4,6,6,8,1372,AA,DFW,1731
-6,4,1,1,12,719,AA,ORD,1736
13,4,2,2,12,719,AA,ORD,1735
-8,4,3,3,12,719,AA,ORD,1734
-9,4,4,4,12,719,AA,ORD,1733
-4,4,5,5,12,719,AA,ORD,1732
2,4,1,1,10,719,AA,ORD,1736
-6,4,3,3,10,719,AA,ORD,1734
-6,4,4,4,10,719,AA,ORD,1733
6,4,5,5,10,719,AA,ORD,1732
-10,4,6,6,10,719,AA,ORD,1731
-6,4,7,7,9,719,AA,ORD,1730
93,4,8,1,9,719,AA,ORD,1729
-2,4,9,2,9,719,AA,ORD,1728
-2,4,10,3,9,719,AA,ORD,1727
-10,4,11,4,9,719,AA,ORD,1726
-5,4,12,5,9,719,AA,ORD,1725
-4,4,13,6,9,719,AA,ORD,1724
-5,4,14,7,9,719,AA,ORD,1723
-6,4,15,1,9,719,AA,ORD,1722
-4,4,16,2,9,719,AA,ORD,1721
-10,4,17,3,9,719,AA,ORD,1720
19,4,18,4,9,719,AA,ORD,1719
6,4,19,5,9,719,AA,ORD,1718
-7,4,21,7,9,719,AA,ORD,1716
0,4,22,1,9,719,AA,ORD,1715
-9,4,23,2,9,719,AA,ORD,1714
-12,4,24,3,9,719,AA,ORD,1713
-3,4,25,4,9,719,AA,ORD,1712
-6,4,26,5,9,719,AA,ORD,1711
15,4,28,7,9,719,AA,ORD,1709
-6,4,29,1,9,719,AA,ORD,1708
-2,4,30,2,9,719,AA,ORD,1707
-3,4,1,1,10,1372,AA,DFW,1736
-7,4,2,2,10,1372,AA,DFW,1735
-7,4,3,3,10,1372,AA,DFW,1734
-6,4,4,4,10,1372,AA,DFW,1733
-7,4,5,5,10,1372,AA,DFW,1732
-9,4,6,6,10,1372,AA,DFW,1731
-4,4,7,7,10,1372,AA,DFW,1730
-7,4,8,1,10,1372,AA,DFW,1729
-5,4,9,2,10,1372,AA,DFW,1728
-4,4,10,3,10,1372,AA,DFW,1727
-1,4,11,4,10,1372,AA,DFW,1726
-3,4,12,5,10,1372,AA,DFW,1725
-8,4,13,6,10,1372,AA,DFW,1724
-14,4,14,7,10,1372,AA,DFW,1723
-9,4,15,1,10,1372,AA,DFW,1722
22,4,16,2,10,1372,AA,DFW,1721
2,4,17,3,10,1372,AA,DFW,1720
-7,4,18,4,10,1372,AA,DFW,1719
-1,4,19,5,10,1372,AA,DFW,1718
-4,4,20,6,10,1372,AA,DFW,1717
-9,4,21,7,10,1372,AA,DFW,1716
-3,4,23,2,10,1372,AA,DFW,1714
-4,4,24,3,10,1372,AA,DFW,1713
-5,4,25,4,10,1372,AA,DFW,1712
-8,4,26,5,10,1372,AA,DFW,1711
-1,4,27,6,10,1372,AA,DFW,1710
-1,4,28,7,10,1372,AA,DFW,1709
-6,4,29,1,10,1372,AA,DFW,1708
-12,4,30,2,10,1372,AA,DFW,1707
-6,4,1,1,9,719,AA,ORD,1736
97,4,2,2,9,719,AA,ORD,1735
-11,4,3,3,9,719,AA,ORD,1734
-6,4,4,4,9,719,AA,ORD,1733
-4,4,5,5,9,719,AA,ORD,1732
-8,4,6,6,9,719,AA,ORD,1731
0,4,1,1,16,1372,AA,DFW,1736
0,4,2,2,16,1372,AA,DFW,1735
-6,4,3,3,16,1372,AA,DFW,1734
-5,4,4,4,16,1372,AA,DFW,1733
-8,4,5,5,16,1372,AA,DFW,1732
0,4,6,6,16,1372,AA,DFW,1731
-4,4,8,1,16,1372,AA,DFW,1729
20,4,9,2,16,1372,AA,DFW,1728
-7,4,10,3,16,1372,AA,DFW,1727
-3,4,11,4,16,1372,AA,DFW,1726
0,4,12,5,16,1372,AA,DFW,1725
5,4,13,6,16,1372,AA,DFW,1724
-2,4,14,7,16,1372,AA,DFW,1723
-9,4,15,1,16,1372,AA,DFW,1722
-4,4,16,2,16,1372,AA,DFW,1721
-5,4,17,3,16,1372,AA,DFW,1720
68,4,18,4,16,1372,AA,DFW,1719
-5,4,20,6,16,1372,AA,DFW,1717
0,4,21,7,16,1372,AA,DFW,1716
-5,4,22,1,16,1372,AA,DFW,1715
-9,4,23,2,16,1372,AA,DFW,1714
-6,4,24,3,16,1372,AA,DFW,1713
-1,4,25,4,16,1372,AA,DFW,1712
85,4,26,5,16,1372,AA,DFW,1711
-9,4,27,6,16,1372,AA,DFW,1710
17,4,28,7,16,1372,AA,DFW,1709
-5,4,29,1,16,1372,AA,DFW,1708
-8,4,30,2,16,1372,AA,DFW,1707
19,4,7,7,17,719,AA,ORD,1730
10,4,8,1,17,719,AA,ORD,1729
-6,4,9,2,17,719,AA,ORD,1728
0,4,10,3,17,719,AA,ORD,1727
-3,4,11,4,17,719,AA,ORD,1726
26,4,12,5,17,719,AA,ORD,1725
-7,4,13,6,17,719,AA,ORD,1724
3,4,14,7,17,719,AA,ORD,1723
-7,4,15,1,17,719,AA,ORD,1722
-2,4,16,2,17,719,AA,ORD,1721
-3,4,17,3,17,719,AA,ORD,1720
72,4,18,4,17,719,AA,ORD,1719
38,4,19,5,17,719,AA,ORD,1718
-6,4,20,6,17,719,AA,ORD,1717
3,4,21,7,17,719,AA,ORD,1716
-7,4,22,1,17,719,AA,ORD,1715
-6,4,23,2,17,719,AA,ORD,1714
4,4,24,3,17,719,AA,ORD,1713
40,4,25,4,17,719,AA,ORD,1712
-3,4,26,5,17,719,AA,ORD,1711
-6,4,27,6,17,719,AA,ORD,1710
147,4,28,7,17,719,AA,ORD,1709
-5,4,29,1,17,719,AA,ORD,1708
-4,4,30,2,17,719,AA,ORD,1707
-4,4,7,7,11,719,AA,ORD,1730
-7,4,8,1,11,719,AA,ORD,1729
-4,4,9,2,11,719,AA,ORD,1728
-5,4,10,3,11,719,AA,ORD,1727
-6,4,11,4,11,719,AA,ORD,1726
-6,4,12,5,11,719,AA,ORD,1725
-2,4,13,6,11,719,AA,ORD,1724
-10,4,14,7,11,719,AA,ORD,1723
-9,4,15,1,11,719,AA,ORD,1722
-8,4,16,2,11,719,AA,ORD,1721
-6,4,17,3,11,719,AA,ORD,1720
-11,4,19,5,11,719,AA,ORD,1718
-4,4,20,6,11,719,AA,ORD,1717
-7,4,21,7,11,719,AA,ORD,1716
-8,4,22,1,11,719,AA,ORD,1715
-2,4,23,2,11,719,AA,ORD,1714
-7,4,24,3,11,719,AA,ORD,1713
-4,4,25,4,11,719,AA,ORD,1712
-2,4,26,5,11,719,AA,ORD,1711
-3,4,27,6,11,719,AA,ORD,1710
0,4,28,7,11,719,AA,ORD,1709
-4,4,29,1,11,719,AA,ORD,1708
-7,4,30,2,11,719,AA,ORD,1707
-5,4,7,7,6,719,AA,ORD,1730
-9,4,8,1,6,719,AA,ORD,1729
-7,4,9,2,6,719,AA,ORD,1728
-2,4,10,3,6,719,AA,ORD,1727
-5,4,11,4,6,719,AA,ORD,1726
-7,4,12,5,6,719,AA,ORD,1725
-7,4,13,6,6,719,AA,ORD,1724
-7,4,14,7,6,719,AA,ORD,1723
-6,4,15,1,6,719,AA,ORD,1722
-2,4,16,2,6,719,AA,ORD,1721
-6,4,17,3,6,719,AA,ORD,1720
-8,4,18,4,6,719,AA,ORD,1719
-6,4,19,5,6,719,AA,ORD,1718
-9,4,21,7,6,719,AA,ORD,1716
-4,4,22,1,6,719,AA,ORD,1715
-1,4,23,2,6,719,AA,ORD,1714
-7,4,24,3,6,719,AA,ORD,1713
-5,4,25,4,6,719,AA,ORD,1712
-7,4,26,5,6,719,AA,ORD,1711
-6,4,27,6,6,719,AA,ORD,1710
-6,4,28,7,6,719,AA,ORD,1709
-8,4,29,1,6,719,AA,ORD,1708
-9,4,30,2,6,719,AA,ORD,1707
-4,4,1,1,7,719,AA,ORD,1736
-8,4,2,2,7,719,AA,ORD,1735
-9,4,3,3,7,719,AA,ORD,1734
-7,4,4,4,7,719,AA,ORD,1733
-12,4,5,5,7,719,AA,ORD,1732
-3,4,6,6,7,719,AA,ORD,1731
70,4,1,1,10,1608,AA,SJU,1736
-4,4,2,2,10,1608,AA,SJU,1735
-2,4,3,3,10,1608,AA,SJU,1734
62,4,4,4,10,1608,AA,SJU,1733
-3,4,5,5,10,1608,AA,SJU,1732
-1,4,6,6,10,1608,AA,SJU,1731
-1,4,7,7,10,1608,AA,SJU,1730
-3,4,8,1,10,1608,AA,SJU,1729
-3,4,9,2,10,1608,AA,SJU,1728
0,4,10,3,10,1608,AA,SJU,1727
-7,4,11,4,10,1608,AA,SJU,1726
-3,4,12,5,10,1608,AA,SJU,1725
-3,4,13,6,10,1608,AA,SJU,1724
1,4,14,7,10,1608,AA,SJU,1723
0,4,15,1,10,1608,AA,SJU,1722
-4,4,16,2,10,1608,AA,SJU,1721
-7,4,17,3,10,1608,AA,SJU,1720
0,4,18,4,10,1608,AA,SJU,1719
0,4,19,5,10,1608,AA,SJU,1718
-4,4,20,6,10,1608,AA,SJU,1717
0,4,21,7,10,1608,AA,SJU,1716
-1,4,22,1,10,1608,AA,SJU,1715
-4,4,23,2,10,1608,AA,SJU,1714
-2,4,24,3,10,1608,AA,SJU,1713
3,4,25,4,10,1608,AA,SJU,1712
-5,4,26,5,10,1608,AA,SJU,1711
0,4,27,6,10,1608,AA,SJU,1710
-7,4,28,7,10,1608,AA,SJU,1709
-2,4,29,1,10,1608,AA,SJU,1708
-3,4,30,2,10,1608,AA,SJU,1707
-4,4,6,6,14,1372,AA,DFW,1731
-5,4,1,1,12,1086,AA,MIA,1736
2,4,2,2,12,1086,AA,MIA,1735
45,4,3,3,12,1086,AA,MIA,1734
1,4,4,4,12,1086,AA,MIA,1733
-6,4,5,5,12,1086,AA,MIA,1732
-2,4,6,6,12,1086,AA,MIA,1731
-1,4,8,1,6,719,AA,ORD,1729
-4,4,9,2,6,719,AA,ORD,1728
-7,4,10,3,6,719,AA,ORD,1727
-3,4,11,4,6,719,AA,ORD,1726
-8,4,12,5,6,719,AA,ORD,1725
-5,4,13,6,6,719,AA,ORD,1724
0,4,15,1,6,719,AA,ORD,1722
-8,4,16,2,6,719,AA,ORD,1721
-2,4,17,3,6,719,AA,ORD,1720
-4,4,18,4,6,719,AA,ORD,1719
39,4,19,5,6,719,AA,ORD,1718
-4,4,20,6,6,719,AA,ORD,1717
-6,4,22,1,6,719,AA,ORD,1715
-6,4,23,2,6,719,AA,ORD,1714
-1,4,24,3,6,719,AA,ORD,1713
-1,4,25,4,6,719,AA,ORD,1712
-7,4,26,5,6,719,AA,ORD,1711
-4,4,27,6,6,719,AA,ORD,1710
-7,4,29,1,6,719,AA,ORD,1708
-5,4,30,2,6,719,AA,ORD,1707
-3,4,7,7,13,1372,AA,DFW,1730
1,4,8,1,13,1372,AA,DFW,1729
-8,4,9,2,13,1372,AA,DFW,1728
-8,4,10,3,13,1372,AA,DFW,1727
-2,4,11,4,13,1372,AA,DFW,1726
-4,4,12,5,13,1372,AA,DFW,1725
-3,4,14,7,13,1372,AA,DFW,1723
-7,4,15,1,13,1372,AA,DFW,1722
-5,4,16,2,13,1372,AA,DFW,1721
-3,4,17,3,13,1372,AA,DFW,1720
8,4,18,4,13,1372,AA,DFW,1719
-2,4,19,5,13,1372,AA,DFW,1718
2,4,20,6,13,1372,AA,DFW,1717
-5,4,21,7,13,1372,AA,DFW,1716
-2,4,22,1,13,1372,AA,DFW,1715
-3,4,23,2,13,1372,AA,DFW,1714
-3,4,24,3,13,1372,AA,DFW,1713
-6,4,25,4,13,1372,AA,DFW,1712
-4,4,26,5,13,1372,AA,DFW,1711
4,4,27,6,13,1372,AA,DFW,1710
4,4,28,7,13,1372,AA,DFW,1709
-1,4,29,1,13,1372,AA,DFW,1708
-4,4,30,2,13,1372,AA,DFW,1707
20,4,1,1,18,1608,AA,SJU,1736
0,4,2,2,18,1608,AA,SJU,1735
-7,4,3,3,18,1608,AA,SJU,1734
0,4,4,4,18,1608,AA,SJU,1733
-1,4,5,5,18,1608,AA,SJU,1732
-3,4,6,6,18,1608,AA,SJU,1731
-3,4,7,7,18,1608,AA,SJU,1730
-9,4,8,1,18,1608,AA,SJU,1729
0,4,9,2,18,1608,AA,SJU,1728
-12,4,10,3,18,1608,AA,SJU,1727
0,4,11,4,18,1608,AA,SJU,1726
-2,4,12,5,18,1608,AA,SJU,1725
-9,4,13,6,18,1608,AA,SJU,1724
2,4,14,7,18,1608,AA,SJU,1723
-7,4,15,1,18,1608,AA,SJU,1722
-4,4,16,2,18,1608,AA,SJU,1721
-5,4,17,3,18,1608,AA,SJU,1720
84,4,18,4,18,1608,AA,SJU,1719
75,4,19,5,18,1608,AA,SJU,1718
-10,4,20,6,18,1608,AA,SJU,1717
-5,4,21,7,18,1608,AA,SJU,1716
-10,4,22,1,18,1608,AA,SJU,1715
-6,4,23,2,18,1608,AA,SJU,1714
-4,4,24,3,18,1608,AA,SJU,1713
0,4,25,4,18,1608,AA,SJU,1712
-8,4,26,5,18,1608,AA,SJU,1711
15,4,27,6,18,1608,AA,SJU,1710
0,4,28,7,18,1608,AA,SJU,1709
-8,4,29,1,18,1608,AA,SJU,1708
4,4,30,2,18,1608,AA,SJU,1707
-4,4,7,7,7,1372,AA,DFW,1730
-4,4,8,1,7,1372,AA,DFW,1729
-8,4,9,2,7,1372,AA,DFW,1728
-2,4,10,3,7,1372,AA,DFW,1727
-3,4,11,4,7,1372,AA,DFW,1726
-4,4,12,5,7,1372,AA,DFW,1725
-1,4,13,6,7,1372,AA,DFW,1724
-3,4,14,7,7,1372,AA,DFW,1723
-5,4,15,1,7,1372,AA,DFW,1722
-8,4,16,2,7,1372,AA,DFW,1721
-6,4,17,3,7,1372,AA,DFW,1720
-7,4,18,4,7,1372,AA,DFW,1719
0,4,19,5,7,1372,AA,DFW,1718
2,4,20,6,7,1372,AA,DFW,1717
-6,4,21,7,7,1372,AA,DFW,1716
0,4,22,1,7,1372,AA,DFW,1715
-2,4,23,2,7,1372,AA,DFW,1714
-4,4,24,3,7,1372,AA,DFW,1713
-2,4,25,4,7,1372,AA,DFW,1712
-4,4,26,5,7,1372,AA,DFW,1711
-6,4,27,6,7,1372,AA,DFW,1710
2,4,28,7,7,1372,AA,DFW,1709
-4,4,29,1,7,1372,AA,DFW,1708
0,4,30,2,7,1372,AA,DFW,1707
31,4,1,1,15,719,AA,ORD,1736
11,4,2,2,15,719,AA,ORD,1735
-5,4,3,3,15,719,AA,ORD,1734
-4,4,4,4,15,719,AA,ORD,1733
-1,4,5,5,15,719,AA,ORD,1732
-8,4,6,6,15,719,AA,ORD,1731
8,4,7,7,15,719,AA,ORD,1730
36,4,8,1,15,719,AA,ORD,1729
-4,4,9,2,15,719,AA,ORD,1728
0,4,10,3,15,719,AA,ORD,1727
-7,4,11,4,15,719,AA,ORD,1726
42,4,12,5,15,719,AA,ORD,1725
-5,4,13,6,15,719,AA,ORD,1724
-6,4,14,7,15,719,AA,ORD,1723
-10,4,15,1,15,719,AA,ORD,1722
-8,4,16,2,15,719,AA,ORD,1721
-7,4,17,3,15,719,AA,ORD,1720
0,4,18,4,15,719,AA,ORD,1719
50,4,19,5,15,719,AA,ORD,1718
-6,4,20,6,15,719,AA,ORD,1717
0,4,21,7,15,719,AA,ORD,1716
-9,4,22,1,15,719,AA,ORD,1715
-5,4,23,2,15,719,AA,ORD,1714
-5,4,24,3,15,719,AA,ORD,1713
39,4,26,5,15,719,AA,ORD,1711
-7,4,27,6,15,719,AA,ORD,1710
20,4,28,7,15,719,AA,ORD,1709
-8,4,29,1,15,719,AA,ORD,1708
-3,4,30,2,15,719,AA,ORD,1707
-2,4,7,7,13,719,AA,ORD,1730
-4,4,8,1,13,719,AA,ORD,1729
-7,4,9,2,13,719,AA,ORD,1728
-8,4,10,3,13,719,AA,ORD,1727
-4,4,11,4,13,719,AA,ORD,1726
-6,4,12,5,13,719,AA,ORD,1725
-3,4,13,6,13,719,AA,ORD,1724
-4,4,14,7,13,719,AA,ORD,1723
-2,4,15,1,13,719,AA,ORD,1722
-7,4,16,2,13,719,AA,ORD,1721
-11,4,17,3,13,719,AA,ORD,1720
3,4,18,4,13,719,AA,ORD,1719
-1,4,19,5,13,719,AA,ORD,1718
-8,4,20,6,13,719,AA,ORD,1717
-5,4,21,7,13,719,AA,ORD,1716
-2,4,22,1,13,719,AA,ORD,1715
-8,4,23,2,13,719,AA,ORD,1714
-6,4,24,3,13,719,AA,ORD,1713
1,4,25,4,13,719,AA,ORD,1712
-9,4,26,5,13,719,AA,ORD,1711
-10,4,27,6,13,719,AA,ORD,1710
8,4,28,7,13,719,AA,ORD,1709
-5,4,29,1,13,719,AA,ORD,1708
-4,4,30,2,13,719,AA,ORD,1707
-5,4,8,1,12,1372,AA,DFW,1729
-10,4,10,3,12,1372,AA,DFW,1727
13,4,11,4,12,1372,AA,DFW,1726
4,4,12,5,12,1372,AA,DFW,1725
-1,4,13,6,12,1372,AA,DFW,1724
0,4,14,7,12,1372,AA,DFW,1723
-11,4,15,1,12,1372,AA,DFW,1722
-10,4,16,2,12,1372,AA,DFW,1721
-9,4,17,3,12,1372,AA,DFW,1720
-2,4,18,4,12,1372,AA,DFW,1719
-5,4,19,5,12,1372,AA,DFW,1718
-10,4,20,6,12,1372,AA,DFW,1717
-7,4,21,7,12,1372,AA,DFW,1716
-4,4,22,1,12,1372,AA,DFW,1715
-5,4,24,3,12,1372,AA,DFW,1713
-4,4,25,4,12,1372,AA,DFW,1712
-10,4,26,5,12,1372,AA,DFW,1711
-13,4,27,6,12,1372,AA,DFW,1710
-7,4,28,7,12,1372,AA,DFW,1709
-11,4,29,1,12,1372,AA,DFW,1708
-12,4,30,2,12,1372,AA,DFW,1707
37,4,1,1,19,719,AA,ORD,1736
80,4,2,2,19,719,AA,ORD,1735
7,4,3,3,19,719,AA,ORD,1734
14,4,4,4,19,719,AA,ORD,1733
-2,4,5,5,19,719,AA,ORD,1732
-1,4,7,7,19,719,AA,ORD,1730
-6,4,8,1,19,719,AA,ORD,1729
-4,4,9,2,19,719,AA,ORD,1728
-3,4,10,3,19,719,AA,ORD,1727
-5,4,11,4,19,719,AA,ORD,1726
-9,4,12,5,19,719,AA,ORD,1725
-13,4,14,7,19,719,AA,ORD,1723
-7,4,15,1,19,719,AA,ORD,1722
-8,4,16,2,19,719,AA,ORD,1721
58,4,17,3,19,719,AA,ORD,1720
176,4,18,4,19,719,AA,ORD,1719
97,4,19,5,19,719,AA,ORD,1718
80,4,21,7,19,719,AA,ORD,1716
-9,4,22,1,19,719,AA,ORD,1715
-6,4,23,2,19,719,AA,ORD,1714
82,4,24,3,19,719,AA,ORD,1713
27,4,25,4,19,719,AA,ORD,1712
-8,4,26,5,19,719,AA,ORD,1711
-10,4,29,1,19,719,AA,ORD,1708
-10,4,30,2,19,719,AA,ORD,1707
8,4,1,1,17,1086,AA,MIA,1736
4,4,2,2,17,1086,AA,MIA,1735
-4,4,3,3,17,1086,AA,MIA,1734
0,4,4,4,17,1086,AA,MIA,1733
37,4,5,5,17,1086,AA,MIA,1732
-2,4,6,6,17,1086,AA,MIA,1731
42,4,7,7,17,1086,AA,MIA,1730
8,4,8,1,17,1086,AA,MIA,1729
5,4,9,2,17,1086,AA,MIA,1728
1,4,10,3,17,1086,AA,MIA,1727
4,4,11,4,17,1086,AA,MIA,1726
20,4,12,5,17,1086,AA,MIA,1725
-3,4,13,6,17,1086,AA,MIA,1724
34,4,14,7,17,1086,AA,MIA,1723
-6,4,15,1,17,1086,AA,MIA,1722
-2,4,16,2,17,1086,AA,MIA,1721
3,4,17,3,17,1086,AA,MIA,1720
80,4,18,4,17,1086,AA,MIA,1719
99,4,19,5,17,1086,AA,MIA,1718
0,4,20,6,17,1086,AA,MIA,1717
0,4,21,7,17,1086,AA,MIA,1716
-2,4,22,1,17,1086,AA,MIA,1715
0,4,23,2,17,1086,AA,MIA,1714
0,4,24,3,17,1086,AA,MIA,1713
84,4,25,4,17,1086,AA,MIA,1712
1,4,26,5,17,1086,AA,MIA,1711
-3,4,27,6,17,1086,AA,MIA,1710
112,4,28,7,17,1086,AA,MIA,1709
1,4,29,1,17,1086,AA,MIA,1708
4,4,30,2,17,1086,AA,MIA,1707
140,4,7,7,19,1372,AA,DFW,1730
-2,4,8,1,19,1372,AA,DFW,1729
-6,4,9,2,19,1372,AA,DFW,1728
-12,4,10,3,19,1372,AA,DFW,1727
-4,4,11,4,19,1372,AA,DFW,1726
-6,4,12,5,19,1372,AA,DFW,1725
71,4,14,7,19,1372,AA,DFW,1723
-8,4,15,1,19,1372,AA,DFW,1722
61,4,16,2,19,1372,AA,DFW,1721
4,4,17,3,19,1372,AA,DFW,1720
12,4,18,4,19,1372,AA,DFW,1719
63,4,19,5,19,1372,AA,DFW,1718
-7,4,21,7,19,1372,AA,DFW,1716
-13,4,22,1,19,1372,AA,DFW,1715
-6,4,23,2,19,1372,AA,DFW,1714
-8,4,24,3,19,1372,AA,DFW,1713
49,4,25,4,19,1372,AA,DFW,1712
37,4,26,5,19,1372,AA,DFW,1711
95,4,28,7,19,1372,AA,DFW,1709
-15,4,29,1,19,1372,AA,DFW,1708
-7,4,30,2,19,1372,AA,DFW,1707
56,4,7,7,15,1372,AA,DFW,1730
1,4,8,1,15,1372,AA,DFW,1729
-5,4,10,3,15,1372,AA,DFW,1727
-8,4,11,4,15,1372,AA,DFW,1726
-7,4,12,5,15,1372,AA,DFW,1725
60,4,13,6,15,1372,AA,DFW,1724
-5,4,14,7,15,1372,AA,DFW,1723
-7,4,15,1,15,1372,AA,DFW,1722
-12,4,16,2,15,1372,AA,DFW,1721
-7,4,17,3,15,1372,AA,DFW,1720
-6,4,18,4,15,1372,AA,DFW,1719
-9,4,19,5,15,1372,AA,DFW,1718
0,4,20,6,15,1372,AA,DFW,1717
-2,4,21,7,15,1372,AA,DFW,1716
-1,4,22,1,15,1372,AA,DFW,1715
-8,4,23,2,15,1372,AA,DFW,1714
-2,4,24,3,15,1372,AA,DFW,1713
13,4,25,4,15,1372,AA,DFW,1712
-2,4,26,5,15,1372,AA,DFW,1711
16,4,27,6,15,1372,AA,DFW,1710
-6,4,28,7,15,1372,AA,DFW,1709
-3,4,29,1,15,1372,AA,DFW,1708
-5,4,30,2,15,1372,AA,DFW,1707
-1,4,1,1,16,1725,AA,EGE,1736
2,4,2,2,16,1725,AA,EGE,1735
-6,4,3,3,16,1725,AA,EGE,1734
-4,4,4,4,16,1725,AA,EGE,1733
-8,4,5,5,16,1725,AA,EGE,1732
2,4,6,6,16,1725,AA,EGE,1731
-4,4,1,1,17,872,AA,STL,1736
-4,4,2,2,17,872,AA,STL,1735
2,4,3,3,17,872,AA,STL,1734
-7,4,4,4,17,872,AA,STL,1733
-8,4,5,5,17,872,AA,STL,1732
-5,4,6,6,17,872,AA,STL,1731
16,4,7,7,17,872,AA,STL,1730
-5,4,8,1,17,872,AA,STL,1729
-2,4,9,2,17,872,AA,STL,1728
13,4,10,3,17,872,AA,STL,1727
-4,4,11,4,17,872,AA,STL,1726
-7,4,13,6,17,872,AA,STL,1724
-6,4,14,7,17,872,AA,STL,1723
-9,4,15,1,17,872,AA,STL,1722
-6,4,16,2,17,872,AA,STL,1721
3,4,17,3,17,872,AA,STL,1720
14,4,18,4,17,872,AA,STL,1719
244,4,19,5,17,872,AA,STL,1718
-4,4,20,6,17,872,AA,STL,1717
-4,4,21,7,17,872,AA,STL,1716
-6,4,22,1,17,872,AA,STL,1715
-5,4,23,2,17,872,AA,STL,1714
-3,4,24,3,17,872,AA,STL,1713
43,4,25,4,17,872,AA,STL,1712
-4,4,26,5,17,872,AA,STL,1711
-7,4,27,6,17,872,AA,STL,1710
191,4,28,7,17,872,AA,STL,1709
-10,4,29,1,17,872,AA,STL,1708
-7,4,30,2,17,872,AA,STL,1707
