-9,7,1,1,17,1008,NW,MSP,1645
-2,7,2,2,17,1008,NW,MSP,1644
18,7,3,3,17,1008,NW,MSP,1643
-10,7,4,4,17,1008,NW,MSP,1642
-1,7,5,5,17,1008,NW,MSP,1641
-6,7,6,6,17,1008,NW,MSP,1640
-4,7,7,7,17,1008,NW,MSP,1639
-7,7,8,1,17,1008,NW,MSP,1638
132,7,9,2,17,1008,NW,MSP,1637
35,7,10,3,17,1008,NW,MSP,1636
-5,7,11,4,17,1008,NW,MSP,1635
-6,7,12,5,17,1008,NW,MSP,1634
-4,7,13,6,17,1008,NW,MSP,1633
6,7,14,7,17,1008,NW,MSP,1632
-1,7,15,1,17,1008,NW,MSP,1631
-6,7,16,2,17,1008,NW,MSP,1630
-3,7,17,3,17,1008,NW,MSP,1629
10,7,18,4,17,1008,NW,MSP,1628
106,7,19,5,17,1008,NW,MSP,1627
5,7,20,6,17,1008,NW,MSP,1626
45,7,21,7,17,1008,NW,MSP,1625
-7,7,22,1,17,1008,NW,MSP,1624
3,7,24,3,17,1008,NW,MSP,1622
-5,7,25,4,17,1008,NW,MSP,1621
-2,7,26,5,17,1008,NW,MSP,1620
-4,7,27,6,17,1008,NW,MSP,1619
68,7,28,7,17,1008,NW,MSP,1618
21,7,29,1,17,1008,NW,MSP,1617
3,7,30,2,17,1008,NW,MSP,1616
62,7,31,3,17,1008,NW,MSP,1615
-5,7,1,1,8,1008,NW,MSP,1645
-4,7,2,2,8,1008,NW,MSP,1644
-6,7,3,3,8,1008,NW,MSP,1643
-1,7,4,4,8,1008,NW,MSP,1642
-4,7,5,5,8,1008,NW,MSP,1641
0,7,6,6,8,1008,NW,MSP,1640
-7,7,7,7,8,1008,NW,MSP,1639
-7,7,8,1,8,1008,NW,MSP,1638
-8,7,9,2,8,1008,NW,MSP,1637
-5,7,10,3,8,1008,NW,MSP,1636
-4,7,11,4,8,1008,NW,MSP,1635
-2,7,12,5,8,1008,NW,MSP,1634
-7,7,13,6,8,1008,NW,MSP,1633
-5,7,14,7,8,1008,NW,MSP,1632
-2,7,15,1,8,1008,NW,MSP,1631
-11,7,16,2,8,1008,NW,MSP,1630
-6,7,17,3,8,1008,NW,MSP,1629
-5,7,18,4,8,1008,NW,MSP,1628
-4,7,19,5,8,1008,NW,MSP,1627
2,7,20,6,8,1008,NW,MSP,1626
-6,7,21,7,8,1008,NW,MSP,1625
-10,7,22,1,8,1008,NW,MSP,1624
-7,7,23,2,8,1008,NW,MSP,1623
53,7,25,4,8,1008,NW,MSP,1621
-4,7,26,5,8,1008,NW,MSP,1620
-8,7,27,6,8,1008,NW,MSP,1619
-7,7,28,7,8,1008,NW,MSP,1618
-5,7,29,1,8,1008,NW,MSP,1617
-2,7,30,2,8,1008,NW,MSP,1616
-2,7,31,3,8,1008,NW,MSP,1615
-5,7,1,1,7,487,NW,DTW,1645
-9,7,2,2,7,487,NW,DTW,1644
-3,7,3,3,7,487,NW,DTW,1643
23,7,4,4,7,487,NW,DTW,1642
3,7,5,5,7,487,NW,DTW,1641
-9,7,6,6,7,487,NW,DTW,1640
-5,7,8,1,7,487,NW,DTW,1638
-11,7,9,2,7,487,NW,DTW,1637
-4,7,11,4,7,487,NW,DTW,1635
-9,7,12,5,7,487,NW,DTW,1634
-1,7,13,6,7,487,NW,DTW,1633
-5,7,15,1,7,487,NW,DTW,1631
-14,7,16,2,7,487,NW,DTW,1630
-6,7,17,3,7,487,NW,DTW,1629
-8,7,18,4,7,487,NW,DTW,1628
22,7,19,5,7,487,NW,DTW,1627
44,7,20,6,7,487,NW,DTW,1626
-6,7,22,1,7,487,NW,DTW,1624
41,7,23,2,7,487,NW,DTW,1623
-6,7,24,3,7,487,NW,DTW,1622
-6,7,25,4,7,487,NW,DTW,1621
-7,7,26,5,7,487,NW,DTW,1620
-6,7,27,6,7,487,NW,DTW,1619
-4,7,30,2,7,487,NW,DTW,1616
-8,7,31,3,7,487,NW,DTW,1615
-11,7,1,1,12,487,NW,DTW,1645
-6,7,2,2,12,487,NW,DTW,1644
60,7,3,3,12,487,NW,DTW,1643
31,7,4,4,12,487,NW,DTW,1642
48,7,5,5,12,487,NW,DTW,1641
-5,7,6,6,12,487,NW,DTW,1640
-3,7,7,7,12,487,NW,DTW,1639
2,7,8,1,12,487,NW,DTW,1638
-4,7,9,2,12,487,NW,DTW,1637
-9,7,10,3,12,487,NW,DTW,1636
-10,7,11,4,12,487,NW,DTW,1635
-10,7,12,5,12,487,NW,DTW,1634
98,7,13,6,12,487,NW,DTW,1633
-4,7,14,7,12,487,NW,DTW,1632
-3,7,15,1,12,487,NW,DTW,1631
-7,7,16,2,12,487,NW,DTW,1630
-2,7,17,3,12,487,NW,DTW,1629
3,7,18,4,12,487,NW,DTW,1628
45,7,19,5,12,487,NW,DTW,1627
-7,7,20,6,12,487,NW,DTW,1626
-7,7,21,7,12,487,NW,DTW,1625
-5,7,22,1,12,487,NW,DTW,1624
-8,7,23,2,12,487,NW,DTW,1623
5,7,24,3,12,487,NW,DTW,1622
-12,7,25,4,12,487,NW,DTW,1621
39,7,26,5,12,487,NW,DTW,1620
-4,7,27,6,12,487,NW,DTW,1619
-4,7,28,7,12,487,NW,DTW,1618
16,7,29,1,12,487,NW,DTW,1617
1,7,30,2,12,487,NW,DTW,1616
-2,7,31,3,12,487,NW,DTW,1615
-6,7,1,1,9,487,NW,DTW,1645
-5,7,2,2,9,487,NW,DTW,1644
-6,7,3,3,9,487,NW,DTW,1643
-8,7,4,4,9,487,NW,DTW,1642
-6,7,5,5,9,487,NW,DTW,1641
-5,7,6,6,9,487,NW,DTW,1640
-8,7,7,7,9,487,NW,DTW,1639
-4,7,8,1,9,487,NW,DTW,1638
-7,7,9,2,9,487,NW,DTW,1637
-8,7,10,3,9,487,NW,DTW,1636
-9,7,11,4,9,487,NW,DTW,1635
-5,7,12,5,9,487,NW,DTW,1634
-6,7,13,6,9,487,NW,DTW,1633
-15,7,14,7,9,487,NW,DTW,1632
-3,7,15,1,9,487,NW,DTW,1631
-9,7,16,2,9,487,NW,DTW,1630
-5,7,17,3,9,487,NW,DTW,1629
-7,7,18,4,9,487,NW,DTW,1628
-7,7,19,5,9,487,NW,DTW,1627
0,7,20,6,9,487,NW,DTW,1626
-7,7,21,7,9,487,NW,DTW,1625
-9,7,22,1,9,487,NW,DTW,1624
-5,7,23,2,9,487,NW,DTW,1623
14,7,24,3,9,487,NW,DTW,1622
-6,7,26,5,9,487,NW,DTW,1620
-7,7,27,6,9,487,NW,DTW,1619
-4,7,28,7,9,487,NW,DTW,1618
-4,7,29,1,9,487,NW,DTW,1617
0,7,30,2,9,487,NW,DTW,1616
-9,7,31,3,9,487,NW,DTW,1615
-4,7,1,1,11,487,NW,DTW,1645
-12,7,2,2,11,487,NW,DTW,1644
-9,7,3,3,11,487,NW,DTW,1643
-6,7,6,6,11,487,NW,DTW,1640
-7,7,7,7,11,487,NW,DTW,1639
-3,7,8,1,11,487,NW,DTW,1638
-3,7,10,3,11,487,NW,DTW,1636
-5,7,11,4,11,487,NW,DTW,1635
-10,7,12,5,11,487,NW,DTW,1634
-3,7,13,6,11,487,NW,DTW,1633
-11,7,14,7,11,487,NW,DTW,1632
-5,7,15,1,11,487,NW,DTW,1631
-9,7,16,2,11,487,NW,DTW,1630
-5,7,18,4,11,487,NW,DTW,1628
0,7,19,5,11,487,NW,DTW,1627
-4,7,20,6,11,487,NW,DTW,1626
3,7,21,7,11,487,NW,DTW,1625
-6,7,22,1,11,487,NW,DTW,1624
-6,7,23,2,11,487,NW,DTW,1623
-11,7,24,3,11,487,NW,DTW,1622
-8,7,25,4,11,487,NW,DTW,1621
15,7,26,5,11,487,NW,DTW,1620
-4,7,27,6,11,487,NW,DTW,1619
-4,7,28,7,11,487,NW,DTW,1618
-6,7,29,1,11,487,NW,DTW,1617
-7,7,30,2,11,487,NW,DTW,1616
-10,7,31,3,11,487,NW,DTW,1615
-7,7,1,1,18,487,NW,DTW,1645
-4,7,2,2,18,487,NW,DTW,1644
0,7,3,3,18,487,NW,DTW,1643
18,7,4,4,18,487,NW,DTW,1642
-5,7,5,5,18,487,NW,DTW,1641
-3,7,6,6,18,487,NW,DTW,1640
-8,7,7,7,18,487,NW,DTW,1639
-9,7,8,1,18,487,NW,DTW,1638
143,7,9,2,18,487,NW,DTW,1637
40,7,10,3,18,487,NW,DTW,1636
16,7,11,4,18,487,NW,DTW,1635
75,7,12,5,18,487,NW,DTW,1634
0,7,13,6,18,487,NW,DTW,1633
-2,7,14,7,18,487,NW,DTW,1632
-8,7,15,1,18,487,NW,DTW,1631
-7,7,16,2,18,487,NW,DTW,1630
-6,7,17,3,18,487,NW,DTW,1629
223,7,18,4,18,487,NW,DTW,1628
-8,7,20,6,18,487,NW,DTW,1626
-1,7,22,1,18,487,NW,DTW,1624
-9,7,24,3,18,487,NW,DTW,1622
-9,7,25,4,18,487,NW,DTW,1621
-4,7,26,5,18,487,NW,DTW,1620
-6,7,27,6,18,487,NW,DTW,1619
-3,7,28,7,18,487,NW,DTW,1618
86,7,29,1,18,487,NW,DTW,1617
2,7,30,2,18,487,NW,DTW,1616
-8,7,31,3,18,487,NW,DTW,1615
-13,7,1,1,19,487,NW,DTW,1645
25,7,3,3,19,487,NW,DTW,1643
-4,7,7,7,19,487,NW,DTW,1639
-8,7,8,1,19,487,NW,DTW,1638
23,7,9,2,19,487,NW,DTW,1637
36,7,10,3,19,487,NW,DTW,1636
-6,7,11,4,19,487,NW,DTW,1635
-2,7,12,5,19,487,NW,DTW,1634
0,7,14,7,19,487,NW,DTW,1632
-11,7,15,1,19,487,NW,DTW,1631
-4,7,17,3,19,487,NW,DTW,1629
92,7,18,4,19,487,NW,DTW,1628
81,7,21,7,19,487,NW,DTW,1625
79,7,22,1,19,487,NW,DTW,1624
187,7,23,2,19,487,NW,DTW,1623
-4,7,24,3,19,487,NW,DTW,1622
-8,7,25,4,19,487,NW,DTW,1621
-1,7,26,5,19,487,NW,DTW,1620
1,7,28,7,19,487,NW,DTW,1618
-6,7,30,2,19,487,NW,DTW,1616
-5,7,31,3,19,487,NW,DTW,1615
-5,7,1,1,11,1008,NW,MSP,1645
-2,7,2,2,11,1008,NW,MSP,1644
54,7,3,3,11,1008,NW,MSP,1643
0,7,4,4,11,1008,NW,MSP,1642
-8,7,5,5,11,1008,NW,MSP,1641
-6,7,6,6,11,1008,NW,MSP,1640
-7,7,7,7,11,1008,NW,MSP,1639
79,7,8,1,11,1008,NW,MSP,1638
-7,7,9,2,11,1008,NW,MSP,1637
6,7,10,3,11,1008,NW,MSP,1636
2,7,11,4,11,1008,NW,MSP,1635
-7,7,12,5,11,1008,NW,MSP,1634
-6,7,13,6,11,1008,NW,MSP,1633
-4,7,14,7,11,1008,NW,MSP,1632
-4,7,15,1,11,1008,NW,MSP,1631
-6,7,16,2,11,1008,NW,MSP,1630
25,7,17,3,11,1008,NW,MSP,1629
-5,7,18,4,11,1008,NW,MSP,1628
-4,7,19,5,11,1008,NW,MSP,1627
-6,7,20,6,11,1008,NW,MSP,1626
-2,7,21,7,11,1008,NW,MSP,1625
-4,7,22,1,11,1008,NW,MSP,1624
-7,7,23,2,11,1008,NW,MSP,1623
2,7,24,3,11,1008,NW,MSP,1622
-3,7,25,4,11,1008,NW,MSP,1621
-2,7,26,5,11,1008,NW,MSP,1620
-7,7,27,6,11,1008,NW,MSP,1619
-2,7,28,7,11,1008,NW,MSP,1618
-5,7,29,1,11,1008,NW,MSP,1617
-4,7,30,2,11,1008,NW,MSP,1616
-5,7,31,3,11,1008,NW,MSP,1615
69,7,1,1,16,487,NW,DTW,1645
4,7,2,2,16,487,NW,DTW,1644
19,7,3,3,16,487,NW,DTW,1643
1,7,4,4,16,487,NW,DTW,1642
-8,7,5,5,16,487,NW,DTW,1641
-6,7,6,6,16,487,NW,DTW,1640
12,7,7,7,16,487,NW,DTW,1639
56,7,8,1,16,487,NW,DTW,1638
15,7,9,2,16,487,NW,DTW,1637
42,7,11,4,16,487,NW,DTW,1635
-6,7,12,5,16,487,NW,DTW,1634
-5,7,13,6,16,487,NW,DTW,1633
-3,7,15,1,16,487,NW,DTW,1631
-3,7,16,2,16,487,NW,DTW,1630
-8,7,17,3,16,487,NW,DTW,1629
78,7,18,4,16,487,NW,DTW,1628
220,7,19,5,16,487,NW,DTW,1627
-3,7,20,6,16,487,NW,DTW,1626
56,7,21,7,16,487,NW,DTW,1625
-6,7,22,1,16,487,NW,DTW,1624
11,7,24,3,16,487,NW,DTW,1622
-6,7,25,4,16,487,NW,DTW,1621
38,7,26,5,16,487,NW,DTW,1620
0,7,27,6,16,487,NW,DTW,1619
56,7,28,7,16,487,NW,DTW,1618
42,7,31,3,16,487,NW,DTW,1615
-6,7,2,2,14,487,NW,DTW,1644
85,7,3,3,14,487,NW,DTW,1643
31,7,6,6,14,487,NW,DTW,1640
-1,7,7,7,14,487,NW,DTW,1639
27,7,8,1,14,487,NW,DTW,1638
2,7,9,2,14,487,NW,DTW,1637
48,7,10,3,14,487,NW,DTW,1636
-4,7,11,4,14,487,NW,DTW,1635
-4,7,12,5,14,487,NW,DTW,1634
-2,7,13,6,14,487,NW,DTW,1633
-4,7,14,7,14,487,NW,DTW,1632
-4,7,15,1,14,487,NW,DTW,1631
-11,7,16,2,14,487,NW,DTW,1630
-2,7,17,3,14,487,NW,DTW,1629
0,7,18,4,14,487,NW,DTW,1628
147,7,20,6,14,487,NW,DTW,1626
-4,7,21,7,14,487,NW,DTW,1625
-7,7,22,1,14,487,NW,DTW,1624
16,7,24,3,14,487,NW,DTW,1622
-1,7,25,4,14,487,NW,DTW,1621
-5,7,26,5,14,487,NW,DTW,1620
-9,7,27,6,14,487,NW,DTW,1619
-2,7,28,7,14,487,NW,DTW,1618
-4,7,30,2,14,487,NW,DTW,1616
-4,7,31,3,14,487,NW,DTW,1615
48,7,1,1,13,1008,NW,MSP,1645
-3,7,2,2,13,1008,NW,MSP,1644
0,7,3,3,13,1008,NW,MSP,1643
-5,7,4,4,13,1008,NW,MSP,1642
-6,7,5,5,13,1008,NW,MSP,1641
-4,7,6,6,13,1008,NW,MSP,1640
0,7,7,7,13,1008,NW,MSP,1639
-4,7,8,1,13,1008,NW,MSP,1638
-6,7,9,2,13,1008,NW,MSP,1637
-4,7,10,3,13,1008,NW,MSP,1636
-5,7,11,4,13,1008,NW,MSP,1635
-6,7,12,5,13,1008,NW,MSP,1634
5,7,13,6,13,1008,NW,MSP,1633
-4,7,14,7,13,1008,NW,MSP,1632
-10,7,15,1,13,1008,NW,MSP,1631
-8,7,16,2,13,1008,NW,MSP,1630
65,7,17,3,13,1008,NW,MSP,1629
-7,7,18,4,13,1008,NW,MSP,1628
-10,7,20,6,13,1008,NW,MSP,1626
-11,7,21,7,13,1008,NW,MSP,1625
-6,7,22,1,13,1008,NW,MSP,1624
-9,7,23,2,13,1008,NW,MSP,1623
23,7,24,3,13,1008,NW,MSP,1622
-7,7,25,4,13,1008,NW,MSP,1621
-6,7,26,5,13,1008,NW,MSP,1620
-1,7,27,6,13,1008,NW,MSP,1619
-8,7,28,7,13,1008,NW,MSP,1618
-3,7,29,1,13,1008,NW,MSP,1617
-2,7,30,2,13,1008,NW,MSP,1616
-3,7,31,3,13,1008,NW,MSP,1615
-11,7,1,1,20,1008,NW,MSP,1645
14,7,2,2,20,1008,NW,MSP,1644
-1,7,3,3,20,1008,NW,MSP,1643
13,7,7,7,20,1008,NW,MSP,1639
19,7,8,1,20,1008,NW,MSP,1638
131,7,9,2,20,1008,NW,MSP,1637
99,7,10,3,20,1008,NW,MSP,1636
11,7,11,4,20,1008,NW,MSP,1635
-12,7,12,5,20,1008,NW,MSP,1634
-5,7,14,7,20,1008,NW,MSP,1632
-11,7,15,1,20,1008,NW,MSP,1631
-12,7,17,3,20,1008,NW,MSP,1629
-4,7,18,4,20,1008,NW,MSP,1628
-8,7,21,7,20,1008,NW,MSP,1625
-4,7,24,3,20,1008,NW,MSP,1622
-1,7,25,4,20,1008,NW,MSP,1621
-6,7,26,5,20,1008,NW,MSP,1620
-7,7,28,7,20,1008,NW,MSP,1618
-10,7,29,1,20,1008,NW,MSP,1617
-10,7,30,2,20,1008,NW,MSP,1616
-9,7,31,3,20,1008,NW,MSP,1615
-5,7,1,1,6,946,NW,MEM,1645
-6,7,3,3,6,946,NW,MEM,1643
0,7,4,4,6,946,NW,MEM,1642
-6,7,5,5,6,946,NW,MEM,1641
-6,7,6,6,6,946,NW,MEM,1640
-5,7,8,1,6,946,NW,MEM,1638
-9,7,9,2,6,946,NW,MEM,1637
-2,7,10,3,6,946,NW,MEM,1636
-5,7,11,4,6,946,NW,MEM,1635
-6,7,12,5,6,946,NW,MEM,1634
-8,7,13,6,6,946,NW,MEM,1633
-5,7,15,1,6,946,NW,MEM,1631
-8,7,16,2,6,946,NW,MEM,1630
-3,7,17,3,6,946,NW,MEM,1629
-8,7,18,4,6,946,NW,MEM,1628
-3,7,19,5,6,946,NW,MEM,1627
5,7,20,6,6,946,NW,MEM,1626
-7,7,22,1,6,946,NW,MEM,1624
-7,7,23,2,6,946,NW,MEM,1623
88,7,24,3,6,946,NW,MEM,1622
-9,7,25,4,6,946,NW,MEM,1621
-8,7,26,5,6,946,NW,MEM,1620
-5,7,27,6,6,946,NW,MEM,1619
-4,7,29,1,6,946,NW,MEM,1617
-6,7,30,2,6,946,NW,MEM,1616
-9,7,31,3,6,946,NW,MEM,1615
-8,7,1,1,18,946,NW,MEM,1645
116,7,2,2,18,946,NW,MEM,1644
-4,7,3,3,18,946,NW,MEM,1643
-5,7,6,6,18,946,NW,MEM,1640
-10,7,7,7,18,946,NW,MEM,1639
-13,7,8,1,18,946,NW,MEM,1638
31,7,10,3,18,946,NW,MEM,1636
-10,7,11,4,18,946,NW,MEM,1635
-9,7,12,5,18,946,NW,MEM,1634
-8,7,13,6,18,946,NW,MEM,1633
0,7,14,7,18,946,NW,MEM,1632
-8,7,15,1,18,946,NW,MEM,1631
-8,7,16,2,18,946,NW,MEM,1630
-8,7,18,4,18,946,NW,MEM,1628
-7,7,20,6,18,946,NW,MEM,1626
-5,7,21,7,18,946,NW,MEM,1625
-4,7,22,1,18,946,NW,MEM,1624
-3,7,24,3,18,946,NW,MEM,1622
-6,7,25,4,18,946,NW,MEM,1621
-10,7,26,5,18,946,NW,MEM,1620
-3,7,28,7,18,946,NW,MEM,1618
159,7,29,1,18,946,NW,MEM,1617
-4,7,31,3,18,946,NW,MEM,1615
-8,7,1,1,10,946,NW,MEM,1645
-10,7,2,2,10,946,NW,MEM,1644
-13,7,3,3,10,946,NW,MEM,1643
-4,7,4,4,10,946,NW,MEM,1642
-8,7,5,5,10,946,NW,MEM,1641
-3,7,6,6,10,946,NW,MEM,1640
60,7,7,7,10,946,NW,MEM,1639
-2,7,8,1,10,946,NW,MEM,1638
-7,7,9,2,10,946,NW,MEM,1637
-7,7,10,3,10,946,NW,MEM,1636
-10,7,11,4,10,946,NW,MEM,1635
-8,7,12,5,10,946,NW,MEM,1634
-6,7,13,6,10,946,NW,MEM,1633
-5,7,14,7,10,946,NW,MEM,1632
-4,7,15,1,10,946,NW,MEM,1631
-8,7,16,2,10,946,NW,MEM,1630
-7,7,18,4,10,946,NW,MEM,1628
-3,7,19,5,10,946,NW,MEM,1627
-7,7,20,6,10,946,NW,MEM,1626
201,7,21,7,10,946,NW,MEM,1625
-8,7,22,1,10,946,NW,MEM,1624
-4,7,23,2,10,946,NW,MEM,1623
0,7,24,3,10,946,NW,MEM,1622
-8,7,25,4,10,946,NW,MEM,1621
-6,7,26,5,10,946,NW,MEM,1620
-10,7,27,6,10,946,NW,MEM,1619
-4,7,28,7,10,946,NW,MEM,1618
-6,7,29,1,10,946,NW,MEM,1617
-10,7,31,3,10,946,NW,MEM,1615
-6,7,1,1,14,946,NW,MEM,1645
130,7,2,2,14,946,NW,MEM,1644
1,7,3,3,14,946,NW,MEM,1643
-4,7,4,4,14,946,NW,MEM,1642
2,7,5,5,14,946,NW,MEM,1641
-5,7,6,6,14,946,NW,MEM,1640
-10,7,7,7,14,946,NW,MEM,1639
-7,7,8,1,14,946,NW,MEM,1638
-8,7,9,2,14,946,NW,MEM,1637
-9,7,11,4,14,946,NW,MEM,1635
-10,7,12,5,14,946,NW,MEM,1634
-1,7,13,6,14,946,NW,MEM,1633
0,7,14,7,14,946,NW,MEM,1632
-7,7,15,1,14,946,NW,MEM,1631
95,7,16,2,14,946,NW,MEM,1630
20,7,17,3,14,946,NW,MEM,1629
-9,7,18,4,14,946,NW,MEM,1628
-5,7,19,5,14,946,NW,MEM,1627
-2,7,20,6,14,946,NW,MEM,1626
-6,7,21,7,14,946,NW,MEM,1625
84,7,22,1,14,946,NW,MEM,1624
-2,7,25,4,14,946,NW,MEM,1621
82,7,26,5,14,946,NW,MEM,1620
-7,7,27,6,14,946,NW,MEM,1619
30,7,28,7,14,946,NW,MEM,1618
23,7,29,1,14,946,NW,MEM,1617
0,7,30,2,14,946,NW,MEM,1616
-4,7,31,3,14,946,NW,MEM,1615
-8,7,1,1,6,487,NW,DTW,1645
-8,7,2,2,6,487,NW,DTW,1644
-3,7,3,3,6,487,NW,DTW,1643
-1,7,4,4,6,487,NW,DTW,1642
1,7,5,5,6,487,NW,DTW,1641
-4,7,6,6,6,487,NW,DTW,1640
-3,7,7,7,6,487,NW,DTW,1639
-4,7,8,1,6,487,NW,DTW,1638
-5,7,9,2,6,487,NW,DTW,1637
-5,7,10,3,6,487,NW,DTW,1636
-7,7,11,4,6,487,NW,DTW,1635
-9,7,12,5,6,487,NW,DTW,1634
-10,7,13,6,6,487,NW,DTW,1633
-6,7,14,7,6,487,NW,DTW,1632
0,7,15,1,6,487,NW,DTW,1631
-7,7,16,2,6,487,NW,DTW,1630
23,7,17,3,6,487,NW,DTW,1629
-6,7,18,4,6,487,NW,DTW,1628
-2,7,19,5,6,487,NW,DTW,1627
5,7,20,6,6,487,NW,DTW,1626
0,7,21,7,6,487,NW,DTW,1625
-8,7,22,1,6,487,NW,DTW,1624
-3,7,23,2,6,487,NW,DTW,1623
0,7,24,3,6,487,NW,DTW,1622
-6,7,25,4,6,487,NW,DTW,1621
-8,7,26,5,6,487,NW,DTW,1620
-7,7,27,6,6,487,NW,DTW,1619
-6,7,28,7,6,487,NW,DTW,1618
-3,7,29,1,6,487,NW,DTW,1617
-3,7,30,2,6,487,NW,DTW,1616
-2,7,31,3,6,487,NW,DTW,1615
-3,7,1,1,6,1008,NW,MSP,1645
-7,7,2,2,6,1008,NW,MSP,1644
-7,7,3,3,6,1008,NW,MSP,1643
-1,7,4,4,6,1008,NW,MSP,1642
-6,7,5,5,6,1008,NW,MSP,1641
-10,7,6,6,6,1008,NW,MSP,1640
-7,7,7,7,6,1008,NW,MSP,1639
-7,7,8,1,6,1008,NW,MSP,1638
-6,7,9,2,6,1008,NW,MSP,1637
-8,7,10,3,6,1008,NW,MSP,1636
-5,7,11,4,6,1008,NW,MSP,1635
-8,7,12,5,6,1008,NW,MSP,1634
-2,7,13,6,6,1008,NW,MSP,1633
-4,7,14,7,6,1008,NW,MSP,1632
-6,7,15,1,6,1008,NW,MSP,1631
-2,7,16,2,6,1008,NW,MSP,1630
-4,7,17,3,6,1008,NW,MSP,1629
-8,7,18,4,6,1008,NW,MSP,1628
9,7,19,5,6,1008,NW,MSP,1627
-5,7,20,6,6,1008,NW,MSP,1626
-1,7,21,7,6,1008,NW,MSP,1625
5,7,22,1,6,1008,NW,MSP,1624
-8,7,23,2,6,1008,NW,MSP,1623
47,7,24,3,6,1008,NW,MSP,1622
-7,7,25,4,6,1008,NW,MSP,1621
-4,7,26,5,6,1008,NW,MSP,1620
-8,7,27,6,6,1008,NW,MSP,1619
-6,7,28,7,6,1008,NW,MSP,1618
24,7,29,1,6,1008,NW,MSP,1617
-7,7,30,2,6,1008,NW,MSP,1616
-2,7,31,3,6,1008,NW,MSP,1615
-7,7,1,1,11,2454,UA,LAX,1645
-2,7,2,2,11,2454,UA,LAX,1644
0,7,3,3,11,2454,UA,LAX,1643
-6,7,4,4,11,2454,UA,LAX,1642
0,7,5,5,11,2454,UA,LAX,1641
-2,7,6,6,11,2454,UA,LAX,1640
-4,7,7,7,11,2454,UA,LAX,1639
-3,7,8,1,11,2454,UA,LAX,1638
20,7,9,2,11,2454,UA,LAX,1637
22,7,10,3,11,2454,UA,LAX,1636
-3,7,11,4,11,2454,UA,LAX,1635
-4,7,12,5,11,2454,UA,LAX,1634
-3,7,13,6,11,2454,UA,LAX,1633
0,7,14,7,11,2454,UA,LAX,1632
0,7,15,1,11,2454,UA,LAX,1631
-3,7,16,2,11,2454,UA,LAX,1630
3,7,17,3,11,2454,UA,LAX,1629
-2,7,18,4,11,2454,UA,LAX,1628
-1,7,19,5,11,2454,UA,LAX,1627
-4,7,20,6,11,2454,UA,LAX,1626
0,7,21,7,11,2454,UA,LAX,1625
0,7,22,1,11,2454,UA,LAX,1624
74,7,23,2,11,2454,UA,LAX,1623
0,7,24,3,11,2454,UA,LAX,1622
-2,7,25,4,11,2454,UA,LAX,1621
-4,7,26,5,11,2454,UA,LAX,1620
-2,7,27,6,11,2454,UA,LAX,1619
-4,7,28,7,11,2454,UA,LAX,1618
0,7,29,1,11,2454,UA,LAX,1617
-3,7,30,2,11,2454,UA,LAX,1616
-2,7,31,3,11,2454,UA,LAX,1615
-2,7,1,1,18,2454,UA,LAX,1645
-2,7,2,2,18,2454,UA,LAX,1644
-1,7,3,3,18,2454,UA,LAX,1643
-6,7,5,5,18,2454,UA,LAX,1641
-4,7,6,6,18,2454,UA,LAX,1640
10,7,7,7,18,2454,UA,LAX,1639
4,7,8,1,18,2454,UA,LAX,1638
117,7,9,2,18,2454,UA,LAX,1637
35,7,10,3,18,2454,UA,LAX,1636
-1,7,11,4,18,2454,UA,LAX,1635
-4,7,12,5,18,2454,UA,LAX,1634
-1,7,13,6,18,2454,UA,LAX,1633
3,7,14,7,18,2454,UA,LAX,1632
17,7,15,1,18,2454,UA,LAX,1631
-3,7,16,2,18,2454,UA,LAX,1630
-6,7,17,3,18,2454,UA,LAX,1629
11,7,18,4,18,2454,UA,LAX,1628
79,7,19,5,18,2454,UA,LAX,1627
-5,7,20,6,18,2454,UA,LAX,1626
2,7,21,7,18,2454,UA,LAX,1625
3,7,22,1,18,2454,UA,LAX,1624
198,7,23,2,18,2454,UA,LAX,1623
2,7,24,3,18,2454,UA,LAX,1622
-3,7,25,4,18,2454,UA,LAX,1621
1,7,26,5,18,2454,UA,LAX,1620
-4,7,27,6,18,2454,UA,LAX,1619
1,7,28,7,18,2454,UA,LAX,1618
9,7,29,1,18,2454,UA,LAX,1617
-2,7,30,2,18,2454,UA,LAX,1616
18,7,31,3,18,2454,UA,LAX,1615
-4,7,1,1,15,2565,UA,SFO,1645
2,7,2,2,15,2565,UA,SFO,1644
15,7,3,3,15,2565,UA,SFO,1643
-6,7,4,4,15,2565,UA,SFO,1642
0,7,5,5,15,2565,UA,SFO,1641
-1,7,6,6,15,2565,UA,SFO,1640
-5,7,7,7,15,2565,UA,SFO,1639
0,7,8,1,15,2565,UA,SFO,1638
5,7,9,2,15,2565,UA,SFO,1637
12,7,10,3,15,2565,UA,SFO,1636
0,7,11,4,15,2565,UA,SFO,1635
0,7,12,5,15,2565,UA,SFO,1634
2,7,14,7,15,2565,UA,SFO,1632
-1,7,15,1,15,2565,UA,SFO,1631
2,7,16,2,15,2565,UA,SFO,1630
-6,7,17,3,15,2565,UA,SFO,1629
14,7,18,4,15,2565,UA,SFO,1628
15,7,19,5,15,2565,UA,SFO,1627
9,7,21,7,15,2565,UA,SFO,1625
19,7,22,1,15,2565,UA,SFO,1624
32,7,24,3,15,2565,UA,SFO,1622
0,7,25,4,15,2565,UA,SFO,1621
-2,7,26,5,15,2565,UA,SFO,1620
52,7,28,7,15,2565,UA,SFO,1618
-5,7,29,1,15,2565,UA,SFO,1617
-6,7,30,2,15,2565,UA,SFO,1616
19,7,31,3,15,2565,UA,SFO,1615
-6,7,1,1,10,2565,UA,SFO,1645
-2,7,2,2,10,2565,UA,SFO,1644
-3,7,3,3,10,2565,UA,SFO,1643
-2,7,4,4,10,2565,UA,SFO,1642
9,7,8,1,10,2565,UA,SFO,1638
-2,7,9,2,10,2565,UA,SFO,1637
-1,7,10,3,10,2565,UA,SFO,1636
-4,7,11,4,10,2565,UA,SFO,1635
0,7,12,5,10,2565,UA,SFO,1634
-2,7,13,6,10,2565,UA,SFO,1633
-5,7,14,7,10,2565,UA,SFO,1632
-2,7,15,1,10,2565,UA,SFO,1631
-4,7,16,2,10,2565,UA,SFO,1630
-4,7,17,3,10,2565,UA,SFO,1629
-1,7,18,4,10,2565,UA,SFO,1628
-1,7,19,5,10,2565,UA,SFO,1627
-3,7,20,6,10,2565,UA,SFO,1626
-7,7,21,7,10,2565,UA,SFO,1625
14,7,22,1,10,2565,UA,SFO,1624
-3,7,23,2,10,2565,UA,SFO,1623
8,7,24,3,10,2565,UA,SFO,1622
1,7,25,4,10,2565,UA,SFO,1621
-1,7,26,5,10,2565,UA,SFO,1620
2,7,27,6,10,2565,UA,SFO,1619
-1,7,28,7,10,2565,UA,SFO,1618
3,7,29,1,10,2565,UA,SFO,1617
0,7,30,2,10,2565,UA,SFO,1616
-1,7,31,3,10,2565,UA,SFO,1615
-4,7,1,1,18,2565,UA,SFO,1645
-4,7,2,2,18,2565,UA,SFO,1644
-5,7,3,3,18,2565,UA,SFO,1643
-6,7,5,5,18,2565,UA,SFO,1641
0,7,6,6,18,2565,UA,SFO,1640
0,7,7,7,18,2565,UA,SFO,1639
-1,7,8,1,18,2565,UA,SFO,1638
149,7,9,2,18,2565,UA,SFO,1637
13,7,10,3,18,2565,UA,SFO,1636
5,7,11,4,18,2565,UA,SFO,1635
-1,7,12,5,18,2565,UA,SFO,1634
-4,7,13,6,18,2565,UA,SFO,1633
-5,7,14,7,18,2565,UA,SFO,1632
0,7,15,1,18,2565,UA,SFO,1631
-7,7,16,2,18,2565,UA,SFO,1630
1,7,17,3,18,2565,UA,SFO,1629
85,7,18,4,18,2565,UA,SFO,1628
210,7,19,5,18,2565,UA,SFO,1627
-5,7,20,6,18,2565,UA,SFO,1626
2,7,21,7,18,2565,UA,SFO,1625
-6,7,22,1,18,2565,UA,SFO,1624
221,7,23,2,18,2565,UA,SFO,1623
-3,7,24,3,18,2565,UA,SFO,1622
-5,7,25,4,18,2565,UA,SFO,1621
95,7,26,5,18,2565,UA,SFO,1620
1,7,27,6,18,2565,UA,SFO,1619
27,7,28,7,18,2565,UA,SFO,1618
14,7,29,1,18,2565,UA,SFO,1617
-5,7,30,2,18,2565,UA,SFO,1616
-4,7,31,3,18,2565,UA,SFO,1615
-5,7,1,1,7,2565,UA,SFO,1645
-1,7,2,2,7,2565,UA,SFO,1644
28,7,3,3,7,2565,UA,SFO,1643
-4,7,4,4,7,2565,UA,SFO,1642
-2,7,5,5,7,2565,UA,SFO,1641
6,7,6,6,7,2565,UA,SFO,1640
0,7,7,7,7,2565,UA,SFO,1639
-1,7,8,1,7,2565,UA,SFO,1638
-1,7,9,2,7,2565,UA,SFO,1637
-3,7,10,3,7,2565,UA,SFO,1636
-7,7,11,4,7,2565,UA,SFO,1635
-1,7,12,5,7,2565,UA,SFO,1634
-8,7,13,6,7,2565,UA,SFO,1633
-4,7,14,7,7,2565,UA,SFO,1632
-1,7,15,1,7,2565,UA,SFO,1631
-3,7,16,2,7,2565,UA,SFO,1630
-5,7,17,3,7,2565,UA,SFO,1629
-5,7,18,4,7,2565,UA,SFO,1628
7,7,19,5,7,2565,UA,SFO,1627
-3,7,20,6,7,2565,UA,SFO,1626
-1,7,21,7,7,2565,UA,SFO,1625
-5,7,22,1,7,2565,UA,SFO,1624
9,7,23,2,7,2565,UA,SFO,1623
-6,7,24,3,7,2565,UA,SFO,1622
-4,7,25,4,7,2565,UA,SFO,1621
0,7,26,5,7,2565,UA,SFO,1620
-1,7,27,6,7,2565,UA,SFO,1619
-4,7,28,7,7,2565,UA,SFO,1618
-4,7,29,1,7,2565,UA,SFO,1617
-5,7,30,2,7,2565,UA,SFO,1616
-3,7,31,3,7,2565,UA,SFO,1615
-3,7,1,1,8,2454,UA,LAX,1645
-7,7,2,2,8,2454,UA,LAX,1644
1,7,3,3,8,2454,UA,LAX,1643
-1,7,4,4,8,2454,UA,LAX,1642
-5,7,6,6,8,2454,UA,LAX,1640
-6,7,7,7,8,2454,UA,LAX,1639
2,7,8,1,8,2454,UA,LAX,1638
8,7,9,2,8,2454,UA,LAX,1637
-4,7,10,3,8,2454,UA,LAX,1636
-4,7,11,4,8,2454,UA,LAX,1635
-4,7,12,5,8,2454,UA,LAX,1634
-7,7,13,6,8,2454,UA,LAX,1633
-3,7,14,7,8,2454,UA,LAX,1632
-2,7,15,1,8,2454,UA,LAX,1631
-5,7,16,2,8,2454,UA,LAX,1630
-5,7,17,3,8,2454,UA,LAX,1629
-5,7,18,4,8,2454,UA,LAX,1628
-5,7,19,5,8,2454,UA,LAX,1627
0,7,20,6,8,2454,UA,LAX,1626
-1,7,21,7,8,2454,UA,LAX,1625
-5,7,22,1,8,2454,UA,LAX,1624
-2,7,23,2,8,2454,UA,LAX,1623
35,7,24,3,8,2454,UA,LAX,1622
-7,7,25,4,8,2454,UA,LAX,1621
-4,7,26,5,8,2454,UA,LAX,1620
-2,7,27,6,8,2454,UA,LAX,1619
-1,7,28,7,8,2454,UA,LAX,1618
-3,7,29,1,8,2454,UA,LAX,1617
-7,7,30,2,8,2454,UA,LAX,1616
-3,7,31,3,8,2454,UA,LAX,1615
-3,7,1,1,11,1605,UA,DEN,1645
2,7,2,2,11,1605,UA,DEN,1644
-2,7,3,3,11,1605,UA,DEN,1643
-5,7,4,4,11,1605,UA,DEN,1642
-4,7,5,5,11,1605,UA,DEN,1641
3,7,6,6,11,1605,UA,DEN,1640
-5,7,7,7,11,1605,UA,DEN,1639
0,7,8,1,11,1605,UA,DEN,1638
-1,7,9,2,11,1605,UA,DEN,1637
-5,7,10,3,11,1605,UA,DEN,1636
2,7,11,4,11,1605,UA,DEN,1635
3,7,12,5,11,1605,UA,DEN,1634
-1,7,13,6,11,1605,UA,DEN,1633
-2,7,14,7,11,1605,UA,DEN,1632
0,7,15,1,11,1605,UA,DEN,1631
3,7,16,2,11,1605,UA,DEN,1630
-6,7,17,3,11,1605,UA,DEN,1629
-4,7,18,4,11,1605,UA,DEN,1628
0,7,19,5,11,1605,UA,DEN,1627
0,7,20,6,11,1605,UA,DEN,1626
31,7,21,7,11,1605,UA,DEN,1625
-3,7,22,1,11,1605,UA,DEN,1624
-3,7,23,2,11,1605,UA,DEN,1623
-6,7,24,3,11,1605,UA,DEN,1622
4,7,25,4,11,1605,UA,DEN,1621
-4,7,26,5,11,1605,UA,DEN,1620
0,7,27,6,11,1605,UA,DEN,1619
5,7,28,7,11,1605,UA,DEN,1618
1,7,29,1,11,1605,UA,DEN,1617
-6,7,30,2,11,1605,UA,DEN,1616
-5,7,31,3,11,1605,UA,DEN,1615
-7,7,1,1,6,1605,UA,DEN,1645
-6,7,2,2,6,1605,UA,DEN,1644
-3,7,3,3,6,1605,UA,DEN,1643
-6,7,4,4,6,1605,UA,DEN,1642
-6,7,5,5,6,1605,UA,DEN,1641
-5,7,6,6,6,1605,UA,DEN,1640
-4,7,8,1,6,1605,UA,DEN,1638
-6,7,9,2,6,1605,UA,DEN,1637
-6,7,10,3,6,1605,UA,DEN,1636
-7,7,11,4,6,1605,UA,DEN,1635
-4,7,12,5,6,1605,UA,DEN,1634
-5,7,13,6,6,1605,UA,DEN,1633
-8,7,15,1,6,1605,UA,DEN,1631
-1,7,16,2,6,1605,UA,DEN,1630
-5,7,17,3,6,1605,UA,DEN,1629
-7,7,18,4,6,1605,UA,DEN,1628
-6,7,19,5,6,1605,UA,DEN,1627
0,7,20,6,6,1605,UA,DEN,1626
-7,7,22,1,6,1605,UA,DEN,1624
-1,7,23,2,6,1605,UA,DEN,1623
-3,7,24,3,6,1605,UA,DEN,1622
0,7,25,4,6,1605,UA,DEN,1621
-4,7,26,5,6,1605,UA,DEN,1620
-6,7,27,6,6,1605,UA,DEN,1619
-4,7,29,1,6,1605,UA,DEN,1617
-6,7,30,2,6,1605,UA,DEN,1616
-4,7,31,3,6,1605,UA,DEN,1615
-5,7,1,1,6,719,UA,ORD,1645
-1,7,2,2,6,719,UA,ORD,1644
-3,7,3,3,6,719,UA,ORD,1643
-1,7,4,4,6,719,UA,ORD,1642
-2,7,5,5,6,719,UA,ORD,1641
0,7,6,6,6,719,UA,ORD,1640
-4,7,8,1,6,719,UA,ORD,1638
0,7,9,2,6,719,UA,ORD,1637
-4,7,10,3,6,719,UA,ORD,1636
-2,7,11,4,6,719,UA,ORD,1635
-3,7,12,5,6,719,UA,ORD,1634
-5,7,13,6,6,719,UA,ORD,1633
-7,7,15,1,6,719,UA,ORD,1631
-5,7,16,2,6,719,UA,ORD,1630
-2,7,17,3,6,719,UA,ORD,1629
0,7,18,4,6,719,UA,ORD,1628
3,7,20,6,6,719,UA,ORD,1626
1,7,22,1,6,719,UA,ORD,1624
-5,7,23,2,6,719,UA,ORD,1623
1,7,24,3,6,719,UA,ORD,1622
-5,7,25,4,6,719,UA,ORD,1621
-2,7,26,5,6,719,UA,ORD,1620
-5,7,27,6,6,719,UA,ORD,1619
-2,7,29,1,6,719,UA,ORD,1617
-4,7,30,2,6,719,UA,ORD,1616
-3,7,31,3,6,719,UA,ORD,1615
-3,7,1,1,7,719,UA,ORD,1645
0,7,2,2,7,719,UA,ORD,1644
-5,7,3,3,7,719,UA,ORD,1643
-7,7,4,4,7,719,UA,ORD,1642
-8,7,6,6,7,719,UA,ORD,1640
1,7,8,1,7,719,UA,ORD,1638
-3,7,9,2,7,719,UA,ORD,1637
-5,7,10,3,7,719,UA,ORD,1636
-4,7,11,4,7,719,UA,ORD,1635
-7,7,12,5,7,719,UA,ORD,1634
-5,7,13,6,7,719,UA,ORD,1633
-3,7,15,1,7,719,UA,ORD,1631
-4,7,16,2,7,719,UA,ORD,1630
-5,7,17,3,7,719,UA,ORD,1629
-3,7,18,4,7,719,UA,ORD,1628
-5,7,19,5,7,719,UA,ORD,1627
-3,7,20,6,7,719,UA,ORD,1626
-4,7,22,1,7,719,UA,ORD,1624
-4,7,23,2,7,719,UA,ORD,1623
1,7,24,3,7,719,UA,ORD,1622
-1,7,25,4,7,719,UA,ORD,1621
-4,7,26,5,7,719,UA,ORD,1620
-6,7,27,6,7,719,UA,ORD,1619
-7,7,29,1,7,719,UA,ORD,1617
-6,7,30,2,7,719,UA,ORD,1616
-3,7,31,3,7,719,UA,ORD,1615
-6,7,1,1,8,719,UA,ORD,1645
-1,7,2,2,8,719,UA,ORD,1644
-6,7,3,3,8,719,UA,ORD,1643
-4,7,4,4,8,719,UA,ORD,1642
-2,7,5,5,8,719,UA,ORD,1641
-6,7,6,6,8,719,UA,ORD,1640
-3,7,7,7,8,719,UA,ORD,1639
4,7,8,1,8,719,UA,ORD,1638
-2,7,9,2,8,719,UA,ORD,1637
0,7,10,3,8,719,UA,ORD,1636
-5,7,11,4,8,719,UA,ORD,1635
-3,7,12,5,8,719,UA,ORD,1634
-1,7,13,6,8,719,UA,ORD,1633
0,7,14,7,8,719,UA,ORD,1632
-1,7,15,1,8,719,UA,ORD,1631
11,7,16,2,8,719,UA,ORD,1630
-3,7,17,3,8,719,UA,ORD,1629
-5,7,18,4,8,719,UA,ORD,1628
-4,7,19,5,8,719,UA,ORD,1627
12,7,20,6,8,719,UA,ORD,1626
-6,7,21,7,8,719,UA,ORD,1625
-4,7,22,1,8,719,UA,ORD,1624
-5,7,23,2,8,719,UA,ORD,1623
3,7,24,3,8,719,UA,ORD,1622
-6,7,25,4,8,719,UA,ORD,1621
1,7,26,5,8,719,UA,ORD,1620
0,7,27,6,8,719,UA,ORD,1619
-4,7,28,7,8,719,UA,ORD,1618
4,7,29,1,8,719,UA,ORD,1617
0,7,30,2,8,719,UA,ORD,1616
-4,7,31,3,8,719,UA,ORD,1615
-7,7,1,1,9,719,UA,ORD,1645
-3,7,2,2,9,719,UA,ORD,1644
-5,7,3,3,9,719,UA,ORD,1643
-4,7,4,4,9,719,UA,ORD,1642
-7,7,5,5,9,719,UA,ORD,1641
-3,7,6,6,9,719,UA,ORD,1640
-4,7,7,7,9,719,UA,ORD,1639
4,7,8,1,9,719,UA,ORD,1638
-8,7,9,2,9,719,UA,ORD,1637
-5,7,10,3,9,719,UA,ORD,1636
1,7,11,4,9,719,UA,ORD,1635
-6,7,12,5,9,719,UA,ORD,1634
-6,7,13,6,9,719,UA,ORD,1633
-4,7,14,7,9,719,UA,ORD,1632
-1,7,15,1,9,719,UA,ORD,1631
-7,7,16,2,9,719,UA,ORD,1630
-5,7,17,3,9,719,UA,ORD,1629
6,7,18,4,9,719,UA,ORD,1628
0,7,19,5,9,719,UA,ORD,1627
166,7,20,6,9,719,UA,ORD,1626
-5,7,21,7,9,719,UA,ORD,1625
-6,7,22,1,9,719,UA,ORD,1624
14,7,24,3,9,719,UA,ORD,1622
-5,7,25,4,9,719,UA,ORD,1621
-6,7,26,5,9,719,UA,ORD,1620
49,7,27,6,9,719,UA,ORD,1619
-1,7,28,7,9,719,UA,ORD,1618
-4,7,29,1,9,719,UA,ORD,1617
-5,7,30,2,9,719,UA,ORD,1616
-3,7,31,3,9,719,UA,ORD,1615
-6,7,1,1,11,719,UA,ORD,1645
-7,7,2,2,11,719,UA,ORD,1644
-3,7,3,3,11,719,UA,ORD,1643
-7,7,4,4,11,719,UA,ORD,1642
-3,7,5,5,11,719,UA,ORD,1641
-1,7,6,6,11,719,UA,ORD,1640
-7,7,8,1,11,719,UA,ORD,1638
-3,7,9,2,11,719,UA,ORD,1637
32,7,10,3,11,719,UA,ORD,1636
-6,7,11,4,11,719,UA,ORD,1635
-6,7,12,5,11,719,UA,ORD,1634
0,7,13,6,11,719,UA,ORD,1633
-3,7,15,1,11,719,UA,ORD,1631
-6,7,16,2,11,719,UA,ORD,1630
-3,7,17,3,11,719,UA,ORD,1629
-4,7,18,4,11,719,UA,ORD,1628
-6,7,19,5,11,719,UA,ORD,1627
4,7,20,6,11,719,UA,ORD,1626
-5,7,22,1,11,719,UA,ORD,1624
-7,7,23,2,11,719,UA,ORD,1623
-6,7,24,3,11,719,UA,ORD,1622
-3,7,25,4,11,719,UA,ORD,1621
-2,7,26,5,11,719,UA,ORD,1620
-4,7,27,6,11,719,UA,ORD,1619
-5,7,29,1,11,719,UA,ORD,1617
0,7,30,2,11,719,UA,ORD,1616
-2,7,31,3,11,719,UA,ORD,1615
-7,7,1,1,12,719,UA,ORD,1645
-5,7,2,2,12,719,UA,ORD,1644
-4,7,3,3,12,719,UA,ORD,1643
-7,7,4,4,12,719,UA,ORD,1642
-6,7,5,5,12,719,UA,ORD,1641
-6,7,8,1,12,719,UA,ORD,1638
-4,7,9,2,12,719,UA,ORD,1637
-6,7,10,3,12,719,UA,ORD,1636
-7,7,11,4,12,719,UA,ORD,1635
-8,7,12,5,12,719,UA,ORD,1634
-6,7,15,1,12,719,UA,ORD,1631
-7,7,16,2,12,719,UA,ORD,1630
-5,7,17,3,12,719,UA,ORD,1629
-4,7,18,4,12,719,UA,ORD,1628
50,7,19,5,12,719,UA,ORD,1627
-3,7,22,1,12,719,UA,ORD,1624
-7,7,23,2,12,719,UA,ORD,1623
-5,7,24,3,12,719,UA,ORD,1622
-8,7,25,4,12,719,UA,ORD,1621
-5,7,26,5,12,719,UA,ORD,1620
-6,7,29,1,12,719,UA,ORD,1617
-4,7,30,2,12,719,UA,ORD,1616
-6,7,31,3,12,719,UA,ORD,1615
3,7,1,1,13,719,UA,ORD,1645
0,7,2,2,13,719,UA,ORD,1644
-4,7,3,3,13,719,UA,ORD,1643
-5,7,6,6,13,719,UA,ORD,1640
6,7,7,7,13,719,UA,ORD,1639
-6,7,8,1,13,719,UA,ORD,1638
-4,7,9,2,13,719,UA,ORD,1637
30,7,10,3,13,719,UA,ORD,1636
9,7,12,5,13,719,UA,ORD,1634
-5,7,13,6,13,719,UA,ORD,1633
-2,7,14,7,13,719,UA,ORD,1632
-3,7,15,1,13,719,UA,ORD,1631
-4,7,16,2,13,719,UA,ORD,1630
34,7,17,3,13,719,UA,ORD,1629
-6,7,18,4,13,719,UA,ORD,1628
2,7,19,5,13,719,UA,ORD,1627
-4,7,20,6,13,719,UA,ORD,1626
-3,7,21,7,13,719,UA,ORD,1625
-3,7,22,1,13,719,UA,ORD,1624
80,7,24,3,13,719,UA,ORD,1622
-6,7,25,4,13,719,UA,ORD,1621
10,7,26,5,13,719,UA,ORD,1620
-3,7,27,6,13,719,UA,ORD,1619
-3,7,28,7,13,719,UA,ORD,1618
33,7,29,1,13,719,UA,ORD,1617
-5,7,30,2,13,719,UA,ORD,1616
-5,7,31,3,13,719,UA,ORD,1615
-6,7,1,1,14,719,UA,ORD,1645
-4,7,2,2,14,719,UA,ORD,1644
-1,7,3,3,14,719,UA,ORD,1643
-4,7,4,4,14,719,UA,ORD,1642
-6,7,5,5,14,719,UA,ORD,1641
-6,7,7,7,14,719,UA,ORD,1639
-4,7,8,1,14,719,UA,ORD,1638
-2,7,9,2,14,719,UA,ORD,1637
22,7,10,3,14,719,UA,ORD,1636
-2,7,11,4,14,719,UA,ORD,1635
-5,7,12,5,14,719,UA,ORD,1634
-3,7,14,7,14,719,UA,ORD,1632
-5,7,15,1,14,719,UA,ORD,1631
-2,7,16,2,14,719,UA,ORD,1630
-8,7,17,3,14,719,UA,ORD,1629
-3,7,18,4,14,719,UA,ORD,1628
215,7,19,5,14,719,UA,ORD,1627
-9,7,21,7,14,719,UA,ORD,1625
-4,7,22,1,14,719,UA,ORD,1624
331,7,23,2,14,719,UA,ORD,1623
-4,7,24,3,14,719,UA,ORD,1622
-5,7,25,4,14,719,UA,ORD,1621
32,7,26,5,14,719,UA,ORD,1620
0,7,28,7,14,719,UA,ORD,1618
216,7,29,1,14,719,UA,ORD,1617
-6,7,30,2,14,719,UA,ORD,1616
-4,7,31,3,14,719,UA,ORD,1615
-5,7,1,1,15,719,UA,ORD,1645
-4,7,3,3,15,719,UA,ORD,1643
-1,7,8,1,15,719,UA,ORD,1638
0,7,9,2,15,719,UA,ORD,1637
13,7,10,3,15,719,UA,ORD,1636
0,7,11,4,15,719,UA,ORD,1635
-2,7,12,5,15,719,UA,ORD,1634
1,7,15,1,15,719,UA,ORD,1631
-5,7,16,2,15,719,UA,ORD,1630
-3,7,17,3,15,719,UA,ORD,1629
-3,7,18,4,15,719,UA,ORD,1628
241,7,19,5,15,719,UA,ORD,1627
26,7,22,1,15,719,UA,ORD,1624
-4,7,24,3,15,719,UA,ORD,1622
-4,7,25,4,15,719,UA,ORD,1621
69,7,26,5,15,719,UA,ORD,1620
131,7,29,1,15,719,UA,ORD,1617
-3,7,30,2,15,719,UA,ORD,1616
-7,7,31,3,15,719,UA,ORD,1615
-5,7,1,1,16,719,UA,ORD,1645
0,7,2,2,16,719,UA,ORD,1644
-6,7,3,3,16,719,UA,ORD,1643
-3,7,4,4,16,719,UA,ORD,1642
-4,7,7,7,16,719,UA,ORD,1639
-5,7,8,1,16,719,UA,ORD,1638
-7,7,9,2,16,719,UA,ORD,1637
28,7,10,3,16,719,UA,ORD,1636
-6,7,11,4,16,719,UA,ORD,1635
-3,7,12,5,16,719,UA,ORD,1634
-6,7,14,7,16,719,UA,ORD,1632
-8,7,15,1,16,719,UA,ORD,1631
-8,7,17,3,16,719,UA,ORD,1629
-5,7,18,4,16,719,UA,ORD,1628
-6,7,21,7,16,719,UA,ORD,1625
202,7,23,2,16,719,UA,ORD,1623
-7,7,24,3,16,719,UA,ORD,1622
-3,7,25,4,16,719,UA,ORD,1621
30,7,26,5,16,719,UA,ORD,1620
123,7,28,7,16,719,UA,ORD,1618
54,7,29,1,16,719,UA,ORD,1617
-6,7,30,2,16,719,UA,ORD,1616
-5,7,31,3,16,719,UA,ORD,1615
-4,7,1,1,17,719,UA,ORD,1645
-6,7,2,2,17,719,UA,ORD,1644
-1,7,3,3,17,719,UA,ORD,1643
-6,7,6,6,17,719,UA,ORD,1640
-6,7,7,7,17,719,UA,ORD,1639
-7,7,8,1,17,719,UA,ORD,1638
66,7,9,2,17,719,UA,ORD,1637
45,7,10,3,17,719,UA,ORD,1636
10,7,11,4,17,719,UA,ORD,1635
-7,7,12,5,17,719,UA,ORD,1634
-5,7,13,6,17,719,UA,ORD,1633
-4,7,14,7,17,719,UA,ORD,1632
-6,7,15,1,17,719,UA,ORD,1631
-6,7,16,2,17,719,UA,ORD,1630
-4,7,17,3,17,719,UA,ORD,1629
-2,7,18,4,17,719,UA,ORD,1628
223,7,19,5,17,719,UA,ORD,1627
-7,7,20,6,17,719,UA,ORD,1626
17,7,21,7,17,719,UA,ORD,1625
110,7,22,1,17,719,UA,ORD,1624
-3,7,24,3,17,719,UA,ORD,1622
-2,7,25,4,17,719,UA,ORD,1621
139,7,26,5,17,719,UA,ORD,1620
-7,7,27,6,17,719,UA,ORD,1619
134,7,28,7,17,719,UA,ORD,1618
91,7,29,1,17,719,UA,ORD,1617
-9,7,30,2,17,719,UA,ORD,1616
-3,7,31,3,17,719,UA,ORD,1615
-7,7,1,1,18,719,UA,ORD,1645
-3,7,2,2,18,719,UA,ORD,1644
-4,7,3,3,18,719,UA,ORD,1643
-3,7,4,4,18,719,UA,ORD,1642
-7,7,5,5,18,719,UA,ORD,1641
0,7,7,7,18,719,UA,ORD,1639
1,7,8,1,18,719,UA,ORD,1638
150,7,9,2,18,719,UA,ORD,1637
44,7,10,3,18,719,UA,ORD,1636
11,7,11,4,18,719,UA,ORD,1635
17,7,12,5,18,719,UA,ORD,1634
-9,7,14,7,18,719,UA,ORD,1632
-7,7,15,1,18,719,UA,ORD,1631
20,7,16,2,18,719,UA,ORD,1630
-4,7,17,3,18,719,UA,ORD,1629
0,7,18,4,18,719,UA,ORD,1628
278,7,19,5,18,719,UA,ORD,1627
9,7,21,7,18,719,UA,ORD,1625
147,7,22,1,18,719,UA,ORD,1624
-6,7,24,3,18,719,UA,ORD,1622
-4,7,25,4,18,719,UA,ORD,1621
115,7,26,5,18,719,UA,ORD,1620
57,7,28,7,18,719,UA,ORD,1618
33,7,29,1,18,719,UA,ORD,1617
-3,7,30,2,18,719,UA,ORD,1616
-8,7,31,3,18,719,UA,ORD,1615
-5,7,1,1,19,719,UA,ORD,1645
-6,7,2,2,19,719,UA,ORD,1644
-6,7,3,3,19,719,UA,ORD,1643
-7,7,6,6,19,719,UA,ORD,1640
-4,7,7,7,19,719,UA,ORD,1639
-6,7,8,1,19,719,UA,ORD,1638
43,7,9,2,19,719,UA,ORD,1637
29,7,10,3,19,719,UA,ORD,1636
2,7,11,4,19,719,UA,ORD,1635
-5,7,12,5,19,719,UA,ORD,1634
-6,7,13,6,19,719,UA,ORD,1633
157,7,14,7,19,719,UA,ORD,1632
-5,7,15,1,19,719,UA,ORD,1631
-6,7,16,2,19,719,UA,ORD,1630
-4,7,17,3,19,719,UA,ORD,1629
57,7,18,4,19,719,UA,ORD,1628
164,7,19,5,19,719,UA,ORD,1627
-3,7,20,6,19,719,UA,ORD,1626
-3,7,21,7,19,719,UA,ORD,1625
108,7,22,1,19,719,UA,ORD,1624
-6,7,24,3,19,719,UA,ORD,1622
-8,7,25,4,19,719,UA,ORD,1621
78,7,26,5,19,719,UA,ORD,1620
-7,7,27,6,19,719,UA,ORD,1619
80,7,28,7,19,719,UA,ORD,1618
29,7,29,1,19,719,UA,ORD,1617
-5,7,31,3,19,719,UA,ORD,1615
-7,7,1,1,20,719,UA,ORD,1645
-5,7,2,2,20,719,UA,ORD,1644
-6,7,3,3,20,719,UA,ORD,1643
-4,7,7,7,20,719,UA,ORD,1639
-8,7,8,1,20,719,UA,ORD,1638
143,7,9,2,20,719,UA,ORD,1637
-4,7,10,3,20,719,UA,ORD,1636
-7,7,11,4,20,719,UA,ORD,1635
-6,7,12,5,20,719,UA,ORD,1634
-7,7,14,7,20,719,UA,ORD,1632
-8,7,15,1,20,719,UA,ORD,1631
-5,7,16,2,20,719,UA,ORD,1630
-5,7,17,3,20,719,UA,ORD,1629
107,7,18,4,20,719,UA,ORD,1628
-3,7,21,7,20,719,UA,ORD,1625
64,7,22,1,20,719,UA,ORD,1624
-5,7,24,3,20,719,UA,ORD,1622
-4,7,25,4,20,719,UA,ORD,1621
87,7,26,5,20,719,UA,ORD,1620
56,7,28,7,20,719,UA,ORD,1618
-6,7,30,2,20,719,UA,ORD,1616
-3,7,31,3,20,719,UA,ORD,1615
10,7,1,1,16,1605,UA,DEN,1645
-4,7,2,2,16,1605,UA,DEN,1644
-2,7,3,3,16,1605,UA,DEN,1643
-5,7,4,4,16,1605,UA,DEN,1642
-5,7,5,5,16,1605,UA,DEN,1641
1,7,6,6,16,1605,UA,DEN,1640
-4,7,7,7,16,1605,UA,DEN,1639
-3,7,8,1,16,1605,UA,DEN,1638
-3,7,9,2,16,1605,UA,DEN,1637
-1,7,10,3,16,1605,UA,DEN,1636
-4,7,11,4,16,1605,UA,DEN,1635
-4,7,12,5,16,1605,UA,DEN,1634
-9,7,13,6,16,1605,UA,DEN,1633
-3,7,14,7,16,1605,UA,DEN,1632
-7,7,15,1,16,1605,UA,DEN,1631
-6,7,16,2,16,1605,UA,DEN,1630
2,7,17,3,16,1605,UA,DEN,1629
-2,7,18,4,16,1605,UA,DEN,1628
223,7,19,5,16,1605,UA,DEN,1627
-4,7,20,6,16,1605,UA,DEN,1626
0,7,21,7,16,1605,UA,DEN,1625
-2,7,22,1,16,1605,UA,DEN,1624
234,7,23,2,16,1605,UA,DEN,1623
-2,7,24,3,16,1605,UA,DEN,1622
14,7,25,4,16,1605,UA,DEN,1621
-2,7,26,5,16,1605,UA,DEN,1620
8,7,27,6,16,1605,UA,DEN,1619
1,7,28,7,16,1605,UA,DEN,1618
2,7,29,1,16,1605,UA,DEN,1617
59,7,30,2,16,1605,UA,DEN,1616
-5,7,31,3,16,1605,UA,DEN,1615
-5,7,1,1,10,719,UA,ORD,1645
-3,7,2,2,10,719,UA,ORD,1644
-4,7,3,3,10,719,UA,ORD,1643
-7,7,4,4,10,719,UA,ORD,1642
-4,7,6,6,10,719,UA,ORD,1640
-4,7,7,7,10,719,UA,ORD,1639
5,7,8,1,10,719,UA,ORD,1638
-2,7,9,2,10,719,UA,ORD,1637
-4,7,11,4,10,719,UA,ORD,1635
-5,7,12,5,10,719,UA,ORD,1634
-4,7,13,6,10,719,UA,ORD,1633
-8,7,14,7,10,719,UA,ORD,1632
7,7,15,1,10,719,UA,ORD,1631
-5,7,16,2,10,719,UA,ORD,1630
-4,7,17,3,10,719,UA,ORD,1629
-1,7,18,4,10,719,UA,ORD,1628
-3,7,19,5,10,719,UA,ORD,1627
2,7,20,6,10,719,UA,ORD,1626
8,7,21,7,10,719,UA,ORD,1625
-3,7,22,1,10,719,UA,ORD,1624
-2,7,23,2,10,719,UA,ORD,1623
-5,7,24,3,10,719,UA,ORD,1622
2,7,25,4,10,719,UA,ORD,1621
0,7,26,5,10,719,UA,ORD,1620
-2,7,27,6,10,719,UA,ORD,1619
-1,7,28,7,10,719,UA,ORD,1618
25,7,29,1,10,719,UA,ORD,1617
-6,7,30,2,10,719,UA,ORD,1616
-4,7,31,3,10,719,UA,ORD,1615
-3,7,1,1,13,1605,UA,DEN,1645
5,7,2,2,13,1605,UA,DEN,1644
-2,7,3,3,13,1605,UA,DEN,1643
-3,7,5,5,13,1605,UA,DEN,1641
65,7,6,6,13,1605,UA,DEN,1640
-4,7,7,7,13,1605,UA,DEN,1639
29,7,8,1,13,1605,UA,DEN,1638
-3,7,9,2,13,1605,UA,DEN,1637
12,7,10,3,13,1605,UA,DEN,1636
-2,7,11,4,13,1605,UA,DEN,1635
-4,7,12,5,13,1605,UA,DEN,1634
-2,7,13,6,13,1605,UA,DEN,1633
-1,7,14,7,13,1605,UA,DEN,1632
-3,7,15,1,13,1605,UA,DEN,1631
1,7,16,2,13,1605,UA,DEN,1630
-6,7,17,3,13,1605,UA,DEN,1629
-1,7,18,4,13,1605,UA,DEN,1628
5,7,19,5,13,1605,UA,DEN,1627
11,7,20,6,13,1605,UA,DEN,1626
-5,7,21,7,13,1605,UA,DEN,1625
-2,7,22,1,13,1605,UA,DEN,1624
-2,7,23,2,13,1605,UA,DEN,1623
-4,7,24,3,13,1605,UA,DEN,1622
-2,7,25,4,13,1605,UA,DEN,1621
1,7,26,5,13,1605,UA,DEN,1620
0,7,27,6,13,1605,UA,DEN,1619
2,7,28,7,13,1605,UA,DEN,1618
-4,7,29,1,13,1605,UA,DEN,1617
22,7,30,2,13,1605,UA,DEN,1616
-4,7,31,3,13,1605,UA,DEN,1615
-2,7,1,1,8,1605,UA,DEN,1645
-7,7,2,2,8,1605,UA,DEN,1644
-2,7,3,3,8,1605,UA,DEN,1643
-3,7,4,4,8,1605,UA,DEN,1642
-5,7,5,5,8,1605,UA,DEN,1641
-5,7,6,6,8,1605,UA,DEN,1640
-4,7,7,7,8,1605,UA,DEN,1639
144,7,8,1,8,1605,UA,DEN,1638
3,7,9,2,8,1605,UA,DEN,1637
-5,7,10,3,8,1605,UA,DEN,1636
-6,7,11,4,8,1605,UA,DEN,1635
-1,7,12,5,8,1605,UA,DEN,1634
16,7,13,6,8,1605,UA,DEN,1633
-3,7,14,7,8,1605,UA,DEN,1632
-1,7,15,1,8,1605,UA,DEN,1631
-1,7,16,2,8,1605,UA,DEN,1630
-6,7,17,3,8,1605,UA,DEN,1629
-5,7,18,4,8,1605,UA,DEN,1628
-6,7,19,5,8,1605,UA,DEN,1627
-4,7,20,6,8,1605,UA,DEN,1626
1,7,21,7,8,1605,UA,DEN,1625
-4,7,22,1,8,1605,UA,DEN,1624
6,7,23,2,8,1605,UA,DEN,1623
-4,7,24,3,8,1605,UA,DEN,1622
-5,7,25,4,8,1605,UA,DEN,1621
-4,7,26,5,8,1605,UA,DEN,1620
-5,7,27,6,8,1605,UA,DEN,1619
0,7,28,7,8,1605,UA,DEN,1618
-1,7,29,1,8,1605,UA,DEN,1617
-1,7,30,2,8,1605,UA,DEN,1616
-5,7,31,3,8,1605,UA,DEN,1615
0,7,21,7,7,1605,UA,DEN,1625
-1,7,28,7,7,1605,UA,DEN,1618
-6,7,7,7,6,1605,UA,DEN,1639
-3,7,6,6,12,2565,UA,SFO,1640
-2,7,13,6,12,2565,UA,SFO,1633
-3,7,20,6,12,2565,UA,SFO,1626
1,7,27,6,12,2565,UA,SFO,1619
-3,7,6,6,10,2565,UA,SFO,1640
-4,7,7,7,10,2565,UA,SFO,1639
6,7,1,1,13,529,US,CLT,1645
21,7,2,2,13,529,US,CLT,1644
9,7,3,3,13,529,US,CLT,1643
36,7,4,4,13,529,US,CLT,1642
-1,7,5,5,13,529,US,CLT,1641
1,7,6,6,13,529,US,CLT,1640
-2,7,7,7,13,529,US,CLT,1639
22,7,8,1,13,529,US,CLT,1638
-1,7,9,2,13,529,US,CLT,1637
17,7,10,3,13,529,US,CLT,1636
-7,7,11,4,13,529,US,CLT,1635
21,7,12,5,13,529,US,CLT,1634
-2,7,13,6,13,529,US,CLT,1633
-7,7,14,7,13,529,US,CLT,1632
79,7,15,1,13,529,US,CLT,1631
-4,7,16,2,13,529,US,CLT,1630
-8,7,17,3,13,529,US,CLT,1629
-4,7,18,4,13,529,US,CLT,1628
-3,7,19,5,13,529,US,CLT,1627
6,7,20,6,13,529,US,CLT,1626
0,7,21,7,13,529,US,CLT,1625
-4,7,22,1,13,529,US,CLT,1624
0,7,23,2,13,529,US,CLT,1623
4,7,24,3,13,529,US,CLT,1622
-6,7,25,4,13,529,US,CLT,1621
-5,7,26,5,13,529,US,CLT,1620
8,7,27,6,13,529,US,CLT,1619
0,7,28,7,13,529,US,CLT,1618
-3,7,29,1,13,529,US,CLT,1617
-7,7,30,2,13,529,US,CLT,1616
-6,7,31,3,13,529,US,CLT,1615
1,7,1,1,7,529,US,CLT,1645
1,7,2,2,7,529,US,CLT,1644
2,7,3,3,7,529,US,CLT,1643
19,7,4,4,7,529,US,CLT,1642
0,7,5,5,7,529,US,CLT,1641
4,7,6,6,7,529,US,CLT,1640
7,7,7,7,7,529,US,CLT,1639
-8,7,8,1,7,529,US,CLT,1638
-7,7,9,2,7,529,US,CLT,1637
-8,7,10,3,7,529,US,CLT,1636
53,7,11,4,7,529,US,CLT,1635
6,7,12,5,7,529,US,CLT,1634
-1,7,13,6,7,529,US,CLT,1633
9,7,14,7,7,529,US,CLT,1632
11,7,15,1,7,529,US,CLT,1631
0,7,16,2,7,529,US,CLT,1630
1,7,17,3,7,529,US,CLT,1629
-5,7,18,4,7,529,US,CLT,1628
13,7,19,5,7,529,US,CLT,1627
25,7,20,6,7,529,US,CLT,1626
13,7,21,7,7,529,US,CLT,1625
1,7,22,1,7,529,US,CLT,1624
-3,7,23,2,7,529,US,CLT,1623
0,7,24,3,7,529,US,CLT,1622
-3,7,25,4,7,529,US,CLT,1621
-4,7,26,5,7,529,US,CLT,1620
14,7,27,6,7,529,US,CLT,1619
0,7,28,7,7,529,US,CLT,1618
4,7,29,1,7,529,US,CLT,1617
3,7,30,2,7,529,US,CLT,1616
0,7,31,3,7,529,US,CLT,1615
-2,7,1,1,9,529,US,CLT,1645
-6,7,2,2,9,529,US,CLT,1644
16,7,3,3,9,529,US,CLT,1643
2,7,4,4,9,529,US,CLT,1642
-6,7,5,5,9,529,US,CLT,1641
0,7,6,6,9,529,US,CLT,1640
-3,7,7,7,9,529,US,CLT,1639
5,7,8,1,9,529,US,CLT,1638
-13,7,9,2,9,529,US,CLT,1637
-7,7,10,3,9,529,US,CLT,1636
-3,7,11,4,9,529,US,CLT,1635
-6,7,12,5,9,529,US,CLT,1634
7,7,13,6,9,529,US,CLT,1633
-10,7,14,7,9,529,US,CLT,1632
13,7,15,1,9,529,US,CLT,1631
-6,7,16,2,9,529,US,CLT,1630
-14,7,17,3,9,529,US,CLT,1629
0,7,18,4,9,529,US,CLT,1628
25,7,19,5,9,529,US,CLT,1627
5,7,20,6,9,529,US,CLT,1626
73,7,21,7,9,529,US,CLT,1625
-6,7,22,1,9,529,US,CLT,1624
-8,7,23,2,9,529,US,CLT,1623
1,7,24,3,9,529,US,CLT,1622
-2,7,25,4,9,529,US,CLT,1621
-9,7,26,5,9,529,US,CLT,1620
-1,7,27,6,9,529,US,CLT,1619
13,7,28,7,9,529,US,CLT,1618
-9,7,29,1,9,529,US,CLT,1617
-1,7,30,2,9,529,US,CLT,1616
-7,7,31,3,9,529,US,CLT,1615
1,7,1,1,8,745,DL,ATL,1645
-1,7,2,2,8,745,DL,ATL,1644
0,7,3,3,8,745,DL,ATL,1643
12,7,4,4,8,745,DL,ATL,1642
0,7,5,5,8,745,DL,ATL,1641
-4,7,6,6,8,745,DL,ATL,1640
0,7,7,7,8,745,DL,ATL,1639
0,7,8,1,8,745,DL,ATL,1638
-5,7,9,2,8,745,DL,ATL,1637
-4,7,10,3,8,745,DL,ATL,1636
25,7,11,4,8,745,DL,ATL,1635
-1,7,12,5,8,745,DL,ATL,1634
-1,7,13,6,8,745,DL,ATL,1633
4,7,14,7,8,745,DL,ATL,1632
5,7,15,1,8,745,DL,ATL,1631
1,7,17,3,8,745,DL,ATL,1629
0,7,18,4,8,745,DL,ATL,1628
8,7,19,5,8,745,DL,ATL,1627
21,7,20,6,8,745,DL,ATL,1626
1,7,21,7,8,745,DL,ATL,1625
-1,7,22,1,8,745,DL,ATL,1624
-2,7,23,2,8,745,DL,ATL,1623
-3,7,24,3,8,745,DL,ATL,1622
2,7,25,4,8,745,DL,ATL,1621
13,7,26,5,8,745,DL,ATL,1620
-1,7,27,6,8,745,DL,ATL,1619
4,7,28,7,8,745,DL,ATL,1618
0,7,29,1,8,745,DL,ATL,1617
-1,7,30,2,8,745,DL,ATL,1616
-1,7,31,3,8,745,DL,ATL,1615
0,7,1,1,17,569,DL,CVG,1645
-4,7,2,2,17,569,DL,CVG,1644
11,7,3,3,17,569,DL,CVG,1643
-5,7,5,5,17,569,DL,CVG,1641
-8,7,6,6,17,569,DL,CVG,1640
3,7,7,7,17,569,DL,CVG,1639
2,7,8,1,17,569,DL,CVG,1638
132,7,9,2,17,569,DL,CVG,1637
-5,7,10,3,17,569,DL,CVG,1636
5,7,11,4,17,569,DL,CVG,1635
-3,7,12,5,17,569,DL,CVG,1634
-4,7,13,6,17,569,DL,CVG,1633
-4,7,14,7,17,569,DL,CVG,1632
-6,7,15,1,17,569,DL,CVG,1631
-2,7,16,2,17,569,DL,CVG,1630
2,7,17,3,17,569,DL,CVG,1629
4,7,18,4,17,569,DL,CVG,1628
385,7,19,5,17,569,DL,CVG,1627
9,7,20,6,17,569,DL,CVG,1626
-2,7,21,7,17,569,DL,CVG,1625
3,7,22,1,17,569,DL,CVG,1624
17,7,24,3,17,569,DL,CVG,1622
-1,7,25,4,17,569,DL,CVG,1621
-6,7,26,5,17,569,DL,CVG,1620
-7,7,27,6,17,569,DL,CVG,1619
69,7,28,7,17,569,DL,CVG,1618
285,7,29,1,17,569,DL,CVG,1617
-5,7,30,2,17,569,DL,CVG,1616
-5,7,31,3,17,569,DL,CVG,1615
-3,7,1,1,17,745,DL,ATL,1645
129,7,2,2,17,745,DL,ATL,1644
7,7,3,3,17,745,DL,ATL,1643
4,7,8,1,17,745,DL,ATL,1638
76,7,9,2,17,745,DL,ATL,1637
-2,7,10,3,17,745,DL,ATL,1636
69,7,11,4,17,745,DL,ATL,1635
2,7,12,5,17,745,DL,ATL,1634
-1,7,15,1,17,745,DL,ATL,1631
8,7,16,2,17,745,DL,ATL,1630
-3,7,17,3,17,745,DL,ATL,1629
0,7,18,4,17,745,DL,ATL,1628
-3,7,22,1,17,745,DL,ATL,1624
238,7,23,2,17,745,DL,ATL,1623
12,7,24,3,17,745,DL,ATL,1622
0,7,25,4,17,745,DL,ATL,1621
36,7,26,5,17,745,DL,ATL,1620
2,7,29,1,17,745,DL,ATL,1617
2,7,30,2,17,745,DL,ATL,1616
5,7,31,3,17,745,DL,ATL,1615
9,7,1,1,14,745,DL,ATL,1645
6,7,2,2,14,745,DL,ATL,1644
2,7,3,3,14,745,DL,ATL,1643
2,7,4,4,14,745,DL,ATL,1642
6,7,5,5,14,745,DL,ATL,1641
-2,7,6,6,14,745,DL,ATL,1640
16,7,7,7,14,745,DL,ATL,1639
3,7,8,1,14,745,DL,ATL,1638
11,7,9,2,14,745,DL,ATL,1637
0,7,10,3,14,745,DL,ATL,1636
3,7,11,4,14,745,DL,ATL,1635
-1,7,12,5,14,745,DL,ATL,1634
3,7,13,6,14,745,DL,ATL,1633
20,7,14,7,14,745,DL,ATL,1632
0,7,15,1,14,745,DL,ATL,1631
-4,7,16,2,14,745,DL,ATL,1630
2,7,17,3,14,745,DL,ATL,1629
-4,7,18,4,14,745,DL,ATL,1628
-1,7,19,5,14,745,DL,ATL,1627
5,7,20,6,14,745,DL,ATL,1626
2,7,21,7,14,745,DL,ATL,1625
-4,7,22,1,14,745,DL,ATL,1624
-2,7,23,2,14,745,DL,ATL,1623
3,7,24,3,14,745,DL,ATL,1622
2,7,25,4,14,745,DL,ATL,1621
43,7,26,5,14,745,DL,ATL,1620
1,7,27,6,14,745,DL,ATL,1619
609,7,28,7,14,745,DL,ATL,1618
-3,7,29,1,14,745,DL,ATL,1617
25,7,30,2,14,745,DL,ATL,1616
0,7,31,3,14,745,DL,ATL,1615
-5,7,1,1,20,745,DL,ATL,1645
63,7,2,2,20,745,DL,ATL,1644
5,7,3,3,20,745,DL,ATL,1643
0,7,5,5,20,745,DL,ATL,1641
-3,7,6,6,20,745,DL,ATL,1640
13,7,7,7,20,745,DL,ATL,1639
0,7,8,1,20,745,DL,ATL,1638
120,7,9,2,20,745,DL,ATL,1637
45,7,11,4,20,745,DL,ATL,1635
0,7,12,5,20,745,DL,ATL,1634
0,7,13,6,20,745,DL,ATL,1633
2,7,14,7,20,745,DL,ATL,1632
-4,7,15,1,20,745,DL,ATL,1631
0,7,16,2,20,745,DL,ATL,1630
-1,7,17,3,20,745,DL,ATL,1629
25,7,18,4,20,745,DL,ATL,1628
-5,7,20,6,20,745,DL,ATL,1626
18,7,21,7,20,745,DL,ATL,1625
25,7,22,1,20,745,DL,ATL,1624
1,7,24,3,20,745,DL,ATL,1622
-8,7,25,4,20,745,DL,ATL,1621
60,7,26,5,20,745,DL,ATL,1620
0,7,27,6,20,745,DL,ATL,1619
30,7,28,7,20,745,DL,ATL,1618
0,7,29,1,20,745,DL,ATL,1617
0,7,30,2,20,745,DL,ATL,1616
33,7,31,3,20,745,DL,ATL,1615
5,7,1,1,17,745,DL,ATL,1645
6,7,2,2,17,745,DL,ATL,1644
88,7,3,3,17,745,DL,ATL,1643
-4,7,5,5,17,745,DL,ATL,1641
0,7,6,6,17,745,DL,ATL,1640
3,7,7,7,17,745,DL,ATL,1639
3,7,8,1,17,745,DL,ATL,1638
54,7,9,2,17,745,DL,ATL,1637
-2,7,10,3,17,745,DL,ATL,1636
35,7,11,4,17,745,DL,ATL,1635
1,7,12,5,17,745,DL,ATL,1634
3,7,13,6,17,745,DL,ATL,1633
3,7,14,7,17,745,DL,ATL,1632
0,7,15,1,17,745,DL,ATL,1631
-3,7,16,2,17,745,DL,ATL,1630
1,7,17,3,17,745,DL,ATL,1629
-1,7,18,4,17,745,DL,ATL,1628
135,7,19,5,17,745,DL,ATL,1627
2,7,20,6,17,745,DL,ATL,1626
6,7,21,7,17,745,DL,ATL,1625
1,7,22,1,17,745,DL,ATL,1624
38,7,24,3,17,745,DL,ATL,1622
-2,7,25,4,17,745,DL,ATL,1621
21,7,26,5,17,745,DL,ATL,1620
24,7,27,6,17,745,DL,ATL,1619
-2,7,28,7,17,745,DL,ATL,1618
12,7,29,1,17,745,DL,ATL,1617
12,7,30,2,17,745,DL,ATL,1616
73,7,31,3,17,745,DL,ATL,1615
-2,7,1,1,18,745,DL,ATL,1645
74,7,2,2,18,745,DL,ATL,1644
62,7,3,3,18,745,DL,ATL,1643
-10,7,5,5,18,745,DL,ATL,1641
2,7,6,6,18,745,DL,ATL,1640
5,7,7,7,18,745,DL,ATL,1639
13,7,8,1,18,745,DL,ATL,1638
198,7,9,2,18,745,DL,ATL,1637
18,7,10,3,18,745,DL,ATL,1636
40,7,11,4,18,745,DL,ATL,1635
-2,7,12,5,18,745,DL,ATL,1634
7,7,13,6,18,745,DL,ATL,1633
7,7,14,7,18,745,DL,ATL,1632
27,7,15,1,18,745,DL,ATL,1631
59,7,16,2,18,745,DL,ATL,1630
-3,7,17,3,18,745,DL,ATL,1629
0,7,18,4,18,745,DL,ATL,1628
-1,7,20,6,18,745,DL,ATL,1626
-1,7,21,7,18,745,DL,ATL,1625
6,7,22,1,18,745,DL,ATL,1624
13,7,24,3,18,745,DL,ATL,1622
0,7,25,4,18,745,DL,ATL,1621
17,7,26,5,18,745,DL,ATL,1620
28,7,27,6,18,745,DL,ATL,1619
13,7,28,7,18,745,DL,ATL,1618
-4,7,29,1,18,745,DL,ATL,1617
34,7,30,2,18,745,DL,ATL,1616
4,7,31,3,18,745,DL,ATL,1615
4,7,1,1,11,745,DL,ATL,1645
4,7,2,2,11,745,DL,ATL,1644
0,7,3,3,11,745,DL,ATL,1643
-2,7,4,4,11,745,DL,ATL,1642
-3,7,5,5,11,745,DL,ATL,1641
4,7,6,6,11,745,DL,ATL,1640
-3,7,7,7,11,745,DL,ATL,1639
1,7,8,1,11,745,DL,ATL,1638
3,7,9,2,11,745,DL,ATL,1637
-2,7,10,3,11,745,DL,ATL,1636
2,7,11,4,11,745,DL,ATL,1635
5,7,12,5,11,745,DL,ATL,1634
10,7,13,6,11,745,DL,ATL,1633
1,7,14,7,11,745,DL,ATL,1632
-2,7,15,1,11,745,DL,ATL,1631
4,7,16,2,11,745,DL,ATL,1630
10,7,17,3,11,745,DL,ATL,1629
-2,7,18,4,11,745,DL,ATL,1628
10,7,19,5,11,745,DL,ATL,1627
13,7,20,6,11,745,DL,ATL,1626
1,7,21,7,11,745,DL,ATL,1625
1,7,22,1,11,745,DL,ATL,1624
3,7,23,2,11,745,DL,ATL,1623
6,7,24,3,11,745,DL,ATL,1622
10,7,25,4,11,745,DL,ATL,1621
2,7,26,5,11,745,DL,ATL,1620
5,7,27,6,11,745,DL,ATL,1619
0,7,28,7,11,745,DL,ATL,1618
-4,7,29,1,11,745,DL,ATL,1617
-4,7,30,2,11,745,DL,ATL,1616
-1,7,31,3,11,745,DL,ATL,1615
3,7,1,1,15,745,DL,ATL,1645
-3,7,2,2,15,745,DL,ATL,1644
12,7,3,3,15,745,DL,ATL,1643
-5,7,4,4,15,745,DL,ATL,1642
-4,7,6,6,15,745,DL,ATL,1640
2,7,7,7,15,745,DL,ATL,1639
7,7,8,1,15,745,DL,ATL,1638
33,7,9,2,15,745,DL,ATL,1637
3,7,10,3,15,745,DL,ATL,1636
24,7,11,4,15,745,DL,ATL,1635
2,7,12,5,15,745,DL,ATL,1634
-4,7,13,6,15,745,DL,ATL,1633
7,7,14,7,15,745,DL,ATL,1632
-2,7,15,1,15,745,DL,ATL,1631
3,7,16,2,15,745,DL,ATL,1630
8,7,17,3,15,745,DL,ATL,1629
-5,7,18,4,15,745,DL,ATL,1628
3,7,20,6,15,745,DL,ATL,1626
6,7,21,7,15,745,DL,ATL,1625
8,7,22,1,15,745,DL,ATL,1624
283,7,23,2,15,745,DL,ATL,1623
19,7,24,3,15,745,DL,ATL,1622
1,7,25,4,15,745,DL,ATL,1621
35,7,26,5,15,745,DL,ATL,1620
2,7,27,6,15,745,DL,ATL,1619
7,7,28,7,15,745,DL,ATL,1618
-2,7,29,1,15,745,DL,ATL,1617
-3,7,30,2,15,745,DL,ATL,1616
-1,7,31,3,15,745,DL,ATL,1615
-5,7,1,1,9,569,DL,CVG,1645
-1,7,2,2,9,569,DL,CVG,1644
1,7,3,3,9,569,DL,CVG,1643
-3,7,4,4,9,569,DL,CVG,1642
4,7,5,5,9,569,DL,CVG,1641
0,7,6,6,9,569,DL,CVG,1640
0,7,7,7,9,569,DL,CVG,1639
3,7,8,1,9,569,DL,CVG,1638
-5,7,9,2,9,569,DL,CVG,1637
-5,7,10,3,9,569,DL,CVG,1636
-3,7,11,4,9,569,DL,CVG,1635
0,7,12,5,9,569,DL,CVG,1634
-7,7,13,6,9,569,DL,CVG,1633
-5,7,14,7,9,569,DL,CVG,1632
-4,7,15,1,9,569,DL,CVG,1631
-6,7,16,2,9,569,DL,CVG,1630
-5,7,18,4,9,569,DL,CVG,1628
-1,7,19,5,9,569,DL,CVG,1627
11,7,20,6,9,569,DL,CVG,1626
-1,7,21,7,9,569,DL,CVG,1625
0,7,22,1,9,569,DL,CVG,1624
0,7,23,2,9,569,DL,CVG,1623
12,7,24,3,9,569,DL,CVG,1622
-5,7,25,4,9,569,DL,CVG,1621
2,7,26,5,9,569,DL,CVG,1620
16,7,27,6,9,569,DL,CVG,1619
-2,7,28,7,9,569,DL,CVG,1618
-1,7,29,1,9,569,DL,CVG,1617
-2,7,30,2,9,569,DL,CVG,1616
-1,7,31,3,9,569,DL,CVG,1615
14,7,1,1,13,569,DL,CVG,1645
-7,7,2,2,13,569,DL,CVG,1644
-5,7,3,3,13,569,DL,CVG,1643
-10,7,4,4,13,569,DL,CVG,1642
0,7,5,5,13,569,DL,CVG,1641
-6,7,6,6,13,569,DL,CVG,1640
0,7,7,7,13,569,DL,CVG,1639
-2,7,8,1,13,569,DL,CVG,1638
-9,7,9,2,13,569,DL,CVG,1637
-10,7,10,3,13,569,DL,CVG,1636
-11,7,11,4,13,569,DL,CVG,1635
-3,7,12,5,13,569,DL,CVG,1634
-3,7,13,6,13,569,DL,CVG,1633
-12,7,14,7,13,569,DL,CVG,1632
-2,7,15,1,13,569,DL,CVG,1631
-3,7,16,2,13,569,DL,CVG,1630
3,7,17,3,13,569,DL,CVG,1629
-8,7,18,4,13,569,DL,CVG,1628
6,7,19,5,13,569,DL,CVG,1627
0,7,20,6,13,569,DL,CVG,1626
1,7,21,7,13,569,DL,CVG,1625
16,7,22,1,13,569,DL,CVG,1624
-6,7,23,2,13,569,DL,CVG,1623
0,7,25,4,13,569,DL,CVG,1621
-2,7,26,5,13,569,DL,CVG,1620
-3,7,27,6,13,569,DL,CVG,1619
-6,7,28,7,13,569,DL,CVG,1618
0,7,29,1,13,569,DL,CVG,1617
0,7,30,2,13,569,DL,CVG,1616
-2,7,31,3,13,569,DL,CVG,1615
0,7,1,1,9,745,DL,ATL,1645
1,7,2,2,9,745,DL,ATL,1644
6,7,3,3,9,745,DL,ATL,1643
6,7,4,4,9,745,DL,ATL,1642
-4,7,5,5,9,745,DL,ATL,1641
1,7,6,6,9,745,DL,ATL,1640
7,7,7,7,9,745,DL,ATL,1639
-2,7,8,1,9,745,DL,ATL,1638
-4,7,9,2,9,745,DL,ATL,1637
0,7,10,3,9,745,DL,ATL,1636
15,7,11,4,9,745,DL,ATL,1635
7,7,12,5,9,745,DL,ATL,1634
0,7,13,6,9,745,DL,ATL,1633
6,7,14,7,9,745,DL,ATL,1632
16,7,15,1,9,745,DL,ATL,1631
-1,7,16,2,9,745,DL,ATL,1630
3,7,17,3,9,745,DL,ATL,1629
8,7,18,4,9,745,DL,ATL,1628
19,7,19,5,9,745,DL,ATL,1627
14,7,20,6,9,745,DL,ATL,1626
5,7,21,7,9,745,DL,ATL,1625
3,7,22,1,9,745,DL,ATL,1624
-3,7,23,2,9,745,DL,ATL,1623
55,7,24,3,9,745,DL,ATL,1622
4,7,25,4,9,745,DL,ATL,1621
11,7,26,5,9,745,DL,ATL,1620
5,7,27,6,9,745,DL,ATL,1619
1,7,28,7,9,745,DL,ATL,1618
18,7,29,1,9,745,DL,ATL,1617
-1,7,30,2,9,745,DL,ATL,1616
10,7,31,3,9,745,DL,ATL,1615
6,7,1,1,5,745,DL,ATL,1645
2,7,2,2,5,745,DL,ATL,1644
-2,7,3,3,5,745,DL,ATL,1643
-5,7,4,4,5,745,DL,ATL,1642
-6,7,5,5,5,745,DL,ATL,1641
-7,7,6,6,5,745,DL,ATL,1640
2,7,7,7,5,745,DL,ATL,1639
0,7,8,1,5,745,DL,ATL,1638
1,7,9,2,5,745,DL,ATL,1637
-6,7,10,3,5,745,DL,ATL,1636
-3,7,11,4,5,745,DL,ATL,1635
-5,7,12,5,5,745,DL,ATL,1634
0,7,13,6,5,745,DL,ATL,1633
-1,7,14,7,5,745,DL,ATL,1632
0,7,15,1,5,745,DL,ATL,1631
-2,7,16,2,5,745,DL,ATL,1630
-4,7,17,3,5,745,DL,ATL,1629
-3,7,18,4,5,745,DL,ATL,1628
-1,7,19,5,5,745,DL,ATL,1627
1,7,20,6,5,745,DL,ATL,1626
-4,7,21,7,5,745,DL,ATL,1625
-5,7,22,1,5,745,DL,ATL,1624
-2,7,23,2,5,745,DL,ATL,1623
1,7,24,3,5,745,DL,ATL,1622
-5,7,25,4,5,745,DL,ATL,1621
0,7,26,5,5,745,DL,ATL,1620
-4,7,27,6,5,745,DL,ATL,1619
13,7,28,7,5,745,DL,ATL,1618
2,7,29,1,5,745,DL,ATL,1617
-7,7,30,2,5,745,DL,ATL,1616
1,7,31,3,5,745,DL,ATL,1615
24,7,1,1,7,745,DL,ATL,1645
-3,7,2,2,7,745,DL,ATL,1644
0,7,3,3,7,745,DL,ATL,1643
4,7,4,4,7,745,DL,ATL,1642
-4,7,5,5,7,745,DL,ATL,1641
-3,7,6,6,7,745,DL,ATL,1640
6,7,7,7,7,745,DL,ATL,1639
5,7,8,1,7,745,DL,ATL,1638
3,7,9,2,7,745,DL,ATL,1637
-2,7,10,3,7,745,DL,ATL,1636
-5,7,11,4,7,745,DL,ATL,1635
1,7,12,5,7,745,DL,ATL,1634
14,7,13,6,7,745,DL,ATL,1633
2,7,14,7,7,745,DL,ATL,1632
1,7,15,1,7,745,DL,ATL,1631
-4,7,16,2,7,745,DL,ATL,1630
-2,7,17,3,7,745,DL,ATL,1629
-2,7,18,4,7,745,DL,ATL,1628
5,7,19,5,7,745,DL,ATL,1627
20,7,20,6,7,745,DL,ATL,1626
0,7,21,7,7,745,DL,ATL,1625
-2,7,22,1,7,745,DL,ATL,1624
5,7,23,2,7,745,DL,ATL,1623
-4,7,25,4,7,745,DL,ATL,1621
3,7,26,5,7,745,DL,ATL,1620
2,7,27,6,7,745,DL,ATL,1619
5,7,28,7,7,745,DL,ATL,1618
7,7,29,1,7,745,DL,ATL,1617
0,7,30,2,7,745,DL,ATL,1616
1,7,31,3,7,745,DL,ATL,1615
1,7,1,1,17,1968,DL,SLC,1645
1,7,2,2,17,1968,DL,SLC,1644
2,7,3,3,17,1968,DL,SLC,1643
-2,7,4,4,17,1968,DL,SLC,1642
-5,7,5,5,17,1968,DL,SLC,1641
0,7,6,6,17,1968,DL,SLC,1640
-2,7,7,7,17,1968,DL,SLC,1639
1,7,8,1,17,1968,DL,SLC,1638
6,7,9,2,17,1968,DL,SLC,1637
-1,7,10,3,17,1968,DL,SLC,1636
-6,7,11,4,17,1968,DL,SLC,1635
-2,7,12,5,17,1968,DL,SLC,1634
6,7,13,6,17,1968,DL,SLC,1633
-2,7,14,7,17,1968,DL,SLC,1632
-1,7,15,1,17,1968,DL,SLC,1631
-9,7,16,2,17,1968,DL,SLC,1630
-5,7,17,3,17,1968,DL,SLC,1629
-8,7,18,4,17,1968,DL,SLC,1628
133,7,19,5,17,1968,DL,SLC,1627
-3,7,20,6,17,1968,DL,SLC,1626
0,7,21,7,17,1968,DL,SLC,1625
-10,7,22,1,17,1968,DL,SLC,1624
253,7,23,2,17,1968,DL,SLC,1623
-1,7,24,3,17,1968,DL,SLC,1622
-4,7,25,4,17,1968,DL,SLC,1621
-1,7,26,5,17,1968,DL,SLC,1620
0,7,27,6,17,1968,DL,SLC,1619
2,7,28,7,17,1968,DL,SLC,1618
-7,7,29,1,17,1968,DL,SLC,1617
-3,7,30,2,17,1968,DL,SLC,1616
1,7,31,3,17,1968,DL,SLC,1615
1,7,1,1,12,745,DL,ATL,1645
11,7,2,2,12,745,DL,ATL,1644
145,7,3,3,12,745,DL,ATL,1643
5,7,4,4,12,745,DL,ATL,1642
1,7,5,5,12,745,DL,ATL,1641
-3,7,6,6,12,745,DL,ATL,1640
4,7,7,7,12,745,DL,ATL,1639
1,7,8,1,12,745,DL,ATL,1638
-2,7,9,2,12,745,DL,ATL,1637
2,7,10,3,12,745,DL,ATL,1636
-2,7,11,4,12,745,DL,ATL,1635
-2,7,12,5,12,745,DL,ATL,1634
14,7,13,6,12,745,DL,ATL,1633
3,7,14,7,12,745,DL,ATL,1632
17,7,15,1,12,745,DL,ATL,1631
9,7,16,2,12,745,DL,ATL,1630
9,7,17,3,12,745,DL,ATL,1629
5,7,18,4,12,745,DL,ATL,1628
19,7,19,5,12,745,DL,ATL,1627
4,7,20,6,12,745,DL,ATL,1626
2,7,21,7,12,745,DL,ATL,1625
-3,7,22,1,12,745,DL,ATL,1624
2,7,23,2,12,745,DL,ATL,1623
7,7,24,3,12,745,DL,ATL,1622
-2,7,25,4,12,745,DL,ATL,1621
0,7,26,5,12,745,DL,ATL,1620
2,7,27,6,12,745,DL,ATL,1619
-8,7,28,7,12,745,DL,ATL,1618
-1,7,29,1,12,745,DL,ATL,1617
3,7,30,2,12,745,DL,ATL,1616
-3,7,31,3,12,745,DL,ATL,1615
-1,7,1,1,6,569,DL,CVG,1645
-7,7,2,2,6,569,DL,CVG,1644
2,7,3,3,6,569,DL,CVG,1643
1,7,4,4,6,569,DL,CVG,1642
3,7,6,6,6,569,DL,CVG,1640
-6,7,7,7,6,569,DL,CVG,1639
-4,7,8,1,6,569,DL,CVG,1638
-5,7,9,2,6,569,DL,CVG,1637
-5,7,10,3,6,569,DL,CVG,1636
-8,7,11,4,6,569,DL,CVG,1635
-7,7,12,5,6,569,DL,CVG,1634
-5,7,13,6,6,569,DL,CVG,1633
-7,7,14,7,6,569,DL,CVG,1632
2,7,15,1,6,569,DL,CVG,1631
-5,7,16,2,6,569,DL,CVG,1630
-5,7,17,3,6,569,DL,CVG,1629
-4,7,18,4,6,569,DL,CVG,1628
-5,7,19,5,6,569,DL,CVG,1627
59,7,20,6,6,569,DL,CVG,1626
-3,7,21,7,6,569,DL,CVG,1625
-5,7,22,1,6,569,DL,CVG,1624
0,7,23,2,6,569,DL,CVG,1623
6,7,24,3,6,569,DL,CVG,1622
-9,7,25,4,6,569,DL,CVG,1621
2,7,26,5,6,569,DL,CVG,1620
-5,7,27,6,6,569,DL,CVG,1619
-3,7,28,7,6,569,DL,CVG,1618
-2,7,29,1,6,569,DL,CVG,1617
-2,7,30,2,6,569,DL,CVG,1616
-3,7,31,3,6,569,DL,CVG,1615
2,7,1,1,7,1968,DL,SLC,1645
-2,7,2,2,7,1968,DL,SLC,1644
19,7,3,3,7,1968,DL,SLC,1643
1,7,4,4,7,1968,DL,SLC,1642
-4,7,5,5,7,1968,DL,SLC,1641
-5,7,6,6,7,1968,DL,SLC,1640
-1,7,7,7,7,1968,DL,SLC,1639
5,7,8,1,7,1968,DL,SLC,1638
-1,7,9,2,7,1968,DL,SLC,1637
2,7,10,3,7,1968,DL,SLC,1636
6,7,11,4,7,1968,DL,SLC,1635
4,7,12,5,7,1968,DL,SLC,1634
1,7,13,6,7,1968,DL,SLC,1633
-3,7,14,7,7,1968,DL,SLC,1632
-3,7,15,1,7,1968,DL,SLC,1631
-3,7,16,2,7,1968,DL,SLC,1630
-1,7,17,3,7,1968,DL,SLC,1629
2,7,18,4,7,1968,DL,SLC,1628
-2,7,19,5,7,1968,DL,SLC,1627
3,7,20,6,7,1968,DL,SLC,1626
4,7,21,7,7,1968,DL,SLC,1625
-1,7,22,1,7,1968,DL,SLC,1624
0,7,23,2,7,1968,DL,SLC,1623
4,7,24,3,7,1968,DL,SLC,1622
1,7,25,4,7,1968,DL,SLC,1621
0,7,26,5,7,1968,DL,SLC,1620
-5,7,27,6,7,1968,DL,SLC,1619
-3,7,28,7,7,1968,DL,SLC,1618
-2,7,29,1,7,1968,DL,SLC,1617
1,7,30,2,7,1968,DL,SLC,1616
1,7,31,3,7,1968,DL,SLC,1615
16,7,1,1,15,938,DL,MCO,1645
0,7,2,2,15,938,DL,MCO,1644
-1,7,3,3,15,938,DL,MCO,1643
-4,7,4,4,15,938,DL,MCO,1642
-7,7,5,5,15,938,DL,MCO,1641
-7,7,6,6,15,938,DL,MCO,1640
0,7,7,7,15,938,DL,MCO,1639
1,7,8,1,15,938,DL,MCO,1638
-8,7,9,2,15,938,DL,MCO,1637
-4,7,10,3,15,938,DL,MCO,1636
-10,7,11,4,15,938,DL,MCO,1635
2,7,12,5,15,938,DL,MCO,1634
34,7,13,6,15,938,DL,MCO,1633
-3,7,14,7,15,938,DL,MCO,1632
-11,7,15,1,15,938,DL,MCO,1631
-5,7,16,2,15,938,DL,MCO,1630
-7,7,17,3,15,938,DL,MCO,1629
-8,7,18,4,15,938,DL,MCO,1628
273,7,19,5,15,938,DL,MCO,1627
-6,7,20,6,15,938,DL,MCO,1626
-8,7,21,7,15,938,DL,MCO,1625
-7,7,22,1,15,938,DL,MCO,1624
2,7,23,2,15,938,DL,MCO,1623
-2,7,24,3,15,938,DL,MCO,1622
-10,7,25,4,15,938,DL,MCO,1621
11,7,26,5,15,938,DL,MCO,1620
-6,7,27,6,15,938,DL,MCO,1619
-5,7,28,7,15,938,DL,MCO,1618
-2,7,29,1,15,938,DL,MCO,1617
-7,7,30,2,15,938,DL,MCO,1616
-7,7,31,3,15,938,DL,MCO,1615
-2,7,1,1,8,1065,DL,FLL,1645
1,7,2,2,8,1065,DL,FLL,1644
-2,7,3,3,8,1065,DL,FLL,1643
-1,7,4,4,8,1065,DL,FLL,1642
-1,7,5,5,8,1065,DL,FLL,1641
-4,7,6,6,8,1065,DL,FLL,1640
-1,7,7,7,8,1065,DL,FLL,1639
16,7,8,1,8,1065,DL,FLL,1638
-8,7,9,2,8,1065,DL,FLL,1637
-3,7,10,3,8,1065,DL,FLL,1636
10,7,11,4,8,1065,DL,FLL,1635
-4,7,12,5,8,1065,DL,FLL,1634
4,7,13,6,8,1065,DL,FLL,1633
-2,7,14,7,8,1065,DL,FLL,1632
1,7,15,1,8,1065,DL,FLL,1631
-4,7,16,2,8,1065,DL,FLL,1630
105,7,17,3,8,1065,DL,FLL,1629
-8,7,18,4,8,1065,DL,FLL,1628
-6,7,19,5,8,1065,DL,FLL,1627
3,7,20,6,8,1065,DL,FLL,1626
-6,7,21,7,8,1065,DL,FLL,1625
-6,7,22,1,8,1065,DL,FLL,1624
-11,7,23,2,8,1065,DL,FLL,1623
-4,7,24,3,8,1065,DL,FLL,1622
-6,7,25,4,8,1065,DL,FLL,1621
-8,7,26,5,8,1065,DL,FLL,1620
0,7,27,6,8,1065,DL,FLL,1619
-1,7,28,7,8,1065,DL,FLL,1618
-5,7,29,1,8,1065,DL,FLL,1617
-1,7,30,2,8,1065,DL,FLL,1616
3,7,31,3,8,1065,DL,FLL,1615
-5,7,1,1,13,938,DL,MCO,1645
16,7,2,2,13,938,DL,MCO,1644
0,7,3,3,13,938,DL,MCO,1643
-3,7,4,4,13,938,DL,MCO,1642
-1,7,5,5,13,938,DL,MCO,1641
-2,7,6,6,13,938,DL,MCO,1640
1,7,7,7,13,938,DL,MCO,1639
1,7,8,1,13,938,DL,MCO,1638
-1,7,9,2,13,938,DL,MCO,1637
25,7,10,3,13,938,DL,MCO,1636
-5,7,11,4,13,938,DL,MCO,1635
-6,7,12,5,13,938,DL,MCO,1634
156,7,13,6,13,938,DL,MCO,1633
11,7,14,7,13,938,DL,MCO,1632
0,7,15,1,13,938,DL,MCO,1631
38,7,16,2,13,938,DL,MCO,1630
1,7,17,3,13,938,DL,MCO,1629
0,7,18,4,13,938,DL,MCO,1628
3,7,19,5,13,938,DL,MCO,1627
2,7,20,6,13,938,DL,MCO,1626
21,7,21,7,13,938,DL,MCO,1625
1,7,22,1,13,938,DL,MCO,1624
-3,7,23,2,13,938,DL,MCO,1623
-1,7,24,3,13,938,DL,MCO,1622
-7,7,25,4,13,938,DL,MCO,1621
-1,7,26,5,13,938,DL,MCO,1620
-5,7,27,6,13,938,DL,MCO,1619
-6,7,28,7,13,938,DL,MCO,1618
-3,7,29,1,13,938,DL,MCO,1617
-5,7,30,2,13,938,DL,MCO,1616
-5,7,31,3,13,938,DL,MCO,1615
-4,7,1,1,9,938,DL,MCO,1645
-1,7,2,2,9,938,DL,MCO,1644
-6,7,3,3,9,938,DL,MCO,1643
-4,7,4,4,9,938,DL,MCO,1642
-11,7,5,5,9,938,DL,MCO,1641
-8,7,6,6,9,938,DL,MCO,1640
-5,7,7,7,9,938,DL,MCO,1639
-2,7,8,1,9,938,DL,MCO,1638
-8,7,9,2,9,938,DL,MCO,1637
-4,7,10,3,9,938,DL,MCO,1636
-7,7,11,4,9,938,DL,MCO,1635
-10,7,12,5,9,938,DL,MCO,1634
-7,7,13,6,9,938,DL,MCO,1633
-3,7,14,7,9,938,DL,MCO,1632
-3,7,15,1,9,938,DL,MCO,1631
-3,7,16,2,9,938,DL,MCO,1630
-3,7,17,3,9,938,DL,MCO,1629
-5,7,18,4,9,938,DL,MCO,1628
-7,7,19,5,9,938,DL,MCO,1627
3,7,20,6,9,938,DL,MCO,1626
-5,7,21,7,9,938,DL,MCO,1625
-3,7,22,1,9,938,DL,MCO,1624
1,7,23,2,9,938,DL,MCO,1623
-3,7,24,3,9,938,DL,MCO,1622
-6,7,25,4,9,938,DL,MCO,1621
-4,7,26,5,9,938,DL,MCO,1620
-2,7,27,6,9,938,DL,MCO,1619
-8,7,28,7,9,938,DL,MCO,1618
-2,7,29,1,9,938,DL,MCO,1617
3,7,30,2,9,938,DL,MCO,1616
-1,7,31,3,9,938,DL,MCO,1615
5,7,1,1,15,1065,DL,FLL,1645
7,7,2,2,15,1065,DL,FLL,1644
51,7,3,3,15,1065,DL,FLL,1643
-9,7,4,4,15,1065,DL,FLL,1642
-4,7,5,5,15,1065,DL,FLL,1641
3,7,6,6,15,1065,DL,FLL,1640
-2,7,7,7,15,1065,DL,FLL,1639
10,7,8,1,15,1065,DL,FLL,1638
8,7,9,2,15,1065,DL,FLL,1637
-10,7,10,3,15,1065,DL,FLL,1636
-2,7,11,4,15,1065,DL,FLL,1635
8,7,12,5,15,1065,DL,FLL,1634
54,7,13,6,15,1065,DL,FLL,1633
-2,7,14,7,15,1065,DL,FLL,1632
-2,7,15,1,15,1065,DL,FLL,1631
0,7,16,2,15,1065,DL,FLL,1630
-3,7,17,3,15,1065,DL,FLL,1629
1,7,18,4,15,1065,DL,FLL,1628
307,7,19,5,15,1065,DL,FLL,1627
57,7,20,6,15,1065,DL,FLL,1626
13,7,21,7,15,1065,DL,FLL,1625
3,7,22,1,15,1065,DL,FLL,1624
10,7,23,2,15,1065,DL,FLL,1623
3,7,24,3,15,1065,DL,FLL,1622
5,7,25,4,15,1065,DL,FLL,1621
41,7,26,5,15,1065,DL,FLL,1620
10,7,27,6,15,1065,DL,FLL,1619
1,7,28,7,15,1065,DL,FLL,1618
0,7,29,1,15,1065,DL,FLL,1617
11,7,30,2,15,1065,DL,FLL,1616
8,7,31,3,15,1065,DL,FLL,1615
-5,7,1,1,20,2227,HP,LAS,1645
20,7,1,1,8,2227,HP,LAS,1645
10,7,1,1,18,2133,HP,PHX,1645
-2,7,1,1,7,2133,HP,PHX,1645
0,7,1,1,10,2133,HP,PHX,1645
10,7,1,1,15,2133,HP,PHX,1645
-2,7,2,2,20,2227,HP,LAS,1644
-1,7,2,2,8,2227,HP,LAS,1644
-5,7,2,2,18,2133,HP,PHX,1644
-5,7,2,2,7,2133,HP,PHX,1644
1,7,2,2,10,2133,HP,PHX,1644
15,7,2,2,15,2133,HP,PHX,1644
-7,7,3,3,20,2227,HP,LAS,1643
0,7,3,3,8,2227,HP,LAS,1643
-3,7,3,3,18,2133,HP,PHX,1643
5,7,3,3,7,2133,HP,PHX,1643
-7,7,3,3,10,2133,HP,PHX,1643
-3,7,3,3,15,2133,HP,PHX,1643
-9,7,4,4,20,2227,HP,LAS,1642
-1,7,4,4,8,2227,HP,LAS,1642
-4,7,4,4,18,2133,HP,PHX,1642
-5,7,4,4,10,2133,HP,PHX,1642
-8,7,5,5,20,2227,HP,LAS,1641
4,7,5,5,8,2227,HP,LAS,1641
0,7,5,5,10,2133,HP,PHX,1641
11,7,5,5,15,2133,HP,PHX,1641
-5,7,6,6,20,2227,HP,LAS,1640
-2,7,6,6,8,2227,HP,LAS,1640
0,7,6,6,18,2133,HP,PHX,1640
5,7,6,6,7,2133,HP,PHX,1640
6,7,7,7,20,2227,HP,LAS,1639
15,7,7,7,8,2227,HP,LAS,1639
34,7,7,7,18,2133,HP,PHX,1639
10,7,7,7,7,2133,HP,PHX,1639
0,7,7,7,10,2133,HP,PHX,1639
23,7,7,7,15,2133,HP,PHX,1639
9,7,8,1,20,2227,HP,LAS,1638
20,7,8,1,8,2227,HP,LAS,1638
10,7,8,1,18,2133,HP,PHX,1638
12,7,8,1,7,2133,HP,PHX,1638
1,7,8,1,15,2133,HP,PHX,1638
50,7,9,2,20,2227,HP,LAS,1637
35,7,9,2,8,2227,HP,LAS,1637
102,7,9,2,18,2133,HP,PHX,1637
2,7,9,2,7,2133,HP,PHX,1637
-2,7,9,2,10,2133,HP,PHX,1637
13,7,9,2,15,2133,HP,PHX,1637
9,7,10,3,20,2227,HP,LAS,1636
1,7,10,3,8,2227,HP,LAS,1636
6,7,10,3,18,2133,HP,PHX,1636
71,7,10,3,7,2133,HP,PHX,1636
101,7,10,3,10,2133,HP,PHX,1636
-2,7,10,3,15,2133,HP,PHX,1636
10,7,11,4,20,2227,HP,LAS,1635
4,7,11,4,8,2227,HP,LAS,1635
6,7,11,4,18,2133,HP,PHX,1635
83,7,11,4,7,2133,HP,PHX,1635
45,7,11,4,10,2133,HP,PHX,1635
6,7,11,4,15,2133,HP,PHX,1635
-3,7,12,5,20,2227,HP,LAS,1634
-3,7,12,5,8,2227,HP,LAS,1634
6,7,12,5,18,2133,HP,PHX,1634
-1,7,12,5,7,2133,HP,PHX,1634
-6,7,12,5,10,2133,HP,PHX,1634
0,7,12,5,15,2133,HP,PHX,1634
27,7,13,6,20,2227,HP,LAS,1633
-4,7,13,6,8,2227,HP,LAS,1633
0,7,13,6,18,2133,HP,PHX,1633
-1,7,13,6,10,2133,HP,PHX,1633
0,7,13,6,7,2133,HP,PHX,1633
6,7,14,7,20,2227,HP,LAS,1632
-5,7,14,7,8,2227,HP,LAS,1632
3,7,14,7,18,2133,HP,PHX,1632
-5,7,14,7,7,2133,HP,PHX,1632
-4,7,14,7,10,2133,HP,PHX,1632
-2,7,14,7,15,2133,HP,PHX,1632
47,7,15,1,20,2227,HP,LAS,1631
4,7,15,1,8,2227,HP,LAS,1631
0,7,15,1,7,2133,HP,PHX,1631
122,7,15,1,10,2133,HP,PHX,1631
-3,7,15,1,15,2133,HP,PHX,1631
-5,7,16,2,20,2227,HP,LAS,1630
0,7,16,2,8,2227,HP,LAS,1630
23,7,16,2,18,2133,HP,PHX,1630
-1,7,16,2,7,2133,HP,PHX,1630
-7,7,16,2,10,2133,HP,PHX,1630
0,7,16,2,15,2133,HP,PHX,1630
-2,7,17,3,20,2227,HP,LAS,1629
-6,7,17,3,8,2227,HP,LAS,1629
0,7,17,3,18,2133,HP,PHX,1629
-1,7,17,3,7,2133,HP,PHX,1629
-4,7,17,3,10,2133,HP,PHX,1629
0,7,17,3,15,2133,HP,PHX,1629
25,7,18,4,20,2227,HP,LAS,1628
-3,7,18,4,8,2227,HP,LAS,1628
12,7,18,4,18,2133,HP,PHX,1628
0,7,18,4,7,2133,HP,PHX,1628
-2,7,18,4,10,2133,HP,PHX,1628
-5,7,18,4,15,2133,HP,PHX,1628
38,7,19,5,20,2227,HP,LAS,1627
87,7,19,5,8,2227,HP,LAS,1627
1,7,19,5,7,2133,HP,PHX,1627
3,7,19,5,10,2133,HP,PHX,1627
267,7,19,5,15,2133,HP,PHX,1627
-1,7,20,6,20,2227,HP,LAS,1626
-2,7,20,6,8,2227,HP,LAS,1626
0,7,20,6,18,2133,HP,PHX,1626
0,7,20,6,10,2133,HP,PHX,1626
-1,7,20,6,7,2133,HP,PHX,1626
0,7,21,7,20,2227,HP,LAS,1625
8,7,21,7,8,2227,HP,LAS,1625
4,7,21,7,18,2133,HP,PHX,1625
-5,7,21,7,7,2133,HP,PHX,1625
0,7,21,7,10,2133,HP,PHX,1625
-5,7,21,7,15,2133,HP,PHX,1625
28,7,22,1,20,2227,HP,LAS,1624
-2,7,22,1,8,2227,HP,LAS,1624
-5,7,22,1,18,2133,HP,PHX,1624
0,7,22,1,7,2133,HP,PHX,1624
-3,7,22,1,10,2133,HP,PHX,1624
-2,7,22,1,15,2133,HP,PHX,1624
155,7,23,2,20,2227,HP,LAS,1623
-9,7,23,2,8,2227,HP,LAS,1623
3,7,23,2,7,2133,HP,PHX,1623
-6,7,23,2,10,2133,HP,PHX,1623
21,7,23,2,15,2133,HP,PHX,1623
7,7,24,3,20,2227,HP,LAS,1622
-2,7,24,3,8,2227,HP,LAS,1622
13,7,24,3,18,2133,HP,PHX,1622
-4,7,24,3,7,2133,HP,PHX,1622
16,7,24,3,10,2133,HP,PHX,1622
273,7,24,3,15,2133,HP,PHX,1622
34,7,25,4,20,2227,HP,LAS,1621
-2,7,25,4,8,2227,HP,LAS,1621
0,7,25,4,18,2133,HP,PHX,1621
-6,7,25,4,7,2133,HP,PHX,1621
115,7,25,4,10,2133,HP,PHX,1621
-6,7,25,4,15,2133,HP,PHX,1621
29,7,26,5,20,2227,HP,LAS,1620
-3,7,26,5,8,2227,HP,LAS,1620
20,7,26,5,18,2133,HP,PHX,1620
16,7,26,5,7,2133,HP,PHX,1620
-4,7,26,5,10,2133,HP,PHX,1620
2,7,26,5,15,2133,HP,PHX,1620
4,7,27,6,20,2227,HP,LAS,1619
0,7,27,6,8,2227,HP,LAS,1619
7,7,27,6,18,2133,HP,PHX,1619
0,7,27,6,10,2133,HP,PHX,1619
-3,7,27,6,7,2133,HP,PHX,1619
24,7,28,7,20,2227,HP,LAS,1618
-7,7,28,7,8,2227,HP,LAS,1618
57,7,28,7,18,2133,HP,PHX,1618
0,7,28,7,7,2133,HP,PHX,1618
10,7,28,7,10,2133,HP,PHX,1618
-8,7,28,7,15,2133,HP,PHX,1618
12,7,29,1,20,2227,HP,LAS,1617
-3,7,29,1,8,2227,HP,LAS,1617
7,7,29,1,18,2133,HP,PHX,1617
6,7,29,1,7,2133,HP,PHX,1617
-4,7,29,1,10,2133,HP,PHX,1617
0,7,29,1,15,2133,HP,PHX,1617
-9,7,30,2,20,2227,HP,LAS,1616
-7,7,30,2,8,2227,HP,LAS,1616
8,7,30,2,18,2133,HP,PHX,1616
0,7,30,2,7,2133,HP,PHX,1616
7,7,30,2,10,2133,HP,PHX,1616
0,7,30,2,15,2133,HP,PHX,1616
-4,7,31,3,20,2227,HP,LAS,1615
-4,7,31,3,8,2227,HP,LAS,1615
13,7,31,3,18,2133,HP,PHX,1615
3,7,31,3,7,2133,HP,PHX,1615
-4,7,31,3,10,2133,HP,PHX,1615
-4,7,31,3,15,2133,HP,PHX,1615
-2,7,1,1,6,200,MQ,BOS,1645
-3,7,2,2,6,200,MQ,BOS,1644
-2,7,3,3,6,200,MQ,BOS,1643
-5,7,4,4,6,200,MQ,BOS,1642
0,7,5,5,6,200,MQ,BOS,1641
-2,7,7,7,6,200,MQ,BOS,1639
-1,7,8,1,6,200,MQ,BOS,1638
-1,7,9,2,6,200,MQ,BOS,1637
-4,7,10,3,6,200,MQ,BOS,1636
-8,7,11,4,6,200,MQ,BOS,1635
-3,7,12,5,6,200,MQ,BOS,1634
-4,7,14,7,6,200,MQ,BOS,1632
-1,7,15,1,6,200,MQ,BOS,1631
-3,7,16,2,6,200,MQ,BOS,1630
-4,7,17,3,6,200,MQ,BOS,1629
-2,7,18,4,6,200,MQ,BOS,1628
-4,7,19,5,6,200,MQ,BOS,1627
-3,7,21,7,6,200,MQ,BOS,1625
1,7,22,1,6,200,MQ,BOS,1624
-2,7,23,2,6,200,MQ,BOS,1623
54,7,24,3,6,200,MQ,BOS,1622
-6,7,25,4,6,200,MQ,BOS,1621
2,7,26,5,6,200,MQ,BOS,1620
-5,7,28,7,6,200,MQ,BOS,1618
-1,7,29,1,6,200,MQ,BOS,1617
-3,7,30,2,6,200,MQ,BOS,1616
-3,7,31,3,6,200,MQ,BOS,1615
5,7,1,1,9,200,MQ,BOS,1645
-5,7,2,2,9,200,MQ,BOS,1644
83,7,3,3,9,200,MQ,BOS,1643
-7,7,4,4,9,200,MQ,BOS,1642
9,7,5,5,9,200,MQ,BOS,1641
-5,7,6,6,9,200,MQ,BOS,1640
-1,7,8,1,9,200,MQ,BOS,1638
14,7,9,2,9,200,MQ,BOS,1637
-1,7,10,3,9,200,MQ,BOS,1636
2,7,11,4,9,200,MQ,BOS,1635
4,7,12,5,9,200,MQ,BOS,1634
1,7,13,6,9,200,MQ,BOS,1633
-1,7,15,1,9,200,MQ,BOS,1631
-4,7,16,2,9,200,MQ,BOS,1630
-5,7,17,3,9,200,MQ,BOS,1629
-1,7,18,4,9,200,MQ,BOS,1628
9,7,19,5,9,200,MQ,BOS,1627
8,7,20,6,9,200,MQ,BOS,1626
-4,7,22,1,9,200,MQ,BOS,1624
0,7,23,2,9,200,MQ,BOS,1623
8,7,24,3,9,200,MQ,BOS,1622
0,7,25,4,9,200,MQ,BOS,1621
-2,7,27,6,9,200,MQ,BOS,1619
2,7,29,1,9,200,MQ,BOS,1617
-2,7,30,2,9,200,MQ,BOS,1616
-2,7,31,3,9,200,MQ,BOS,1615
-4,7,1,1,16,200,MQ,BOS,1645
9,7,2,2,16,200,MQ,BOS,1644
40,7,3,3,16,200,MQ,BOS,1643
0,7,4,4,16,200,MQ,BOS,1642
-1,7,5,5,16,200,MQ,BOS,1641
50,7,7,7,16,200,MQ,BOS,1639
1,7,8,1,16,200,MQ,BOS,1638
25,7,9,2,16,200,MQ,BOS,1637
24,7,10,3,16,200,MQ,BOS,1636
23,7,12,5,16,200,MQ,BOS,1634
33,7,15,1,16,200,MQ,BOS,1631
10,7,16,2,16,200,MQ,BOS,1630
-2,7,17,3,16,200,MQ,BOS,1629
17,7,18,4,16,200,MQ,BOS,1628
-2,7,21,7,16,200,MQ,BOS,1625
41,7,22,1,16,200,MQ,BOS,1624
1,7,24,3,16,200,MQ,BOS,1622
-3,7,25,4,16,200,MQ,BOS,1621
6,7,26,5,16,200,MQ,BOS,1620
-1,7,29,1,16,200,MQ,BOS,1617
-9,7,30,2,16,200,MQ,BOS,1616
-1,7,31,3,16,200,MQ,BOS,1615
-6,7,1,1,19,200,MQ,BOS,1645
-5,7,2,2,19,200,MQ,BOS,1644
5,7,3,3,19,200,MQ,BOS,1643
81,7,7,7,19,200,MQ,BOS,1639
21,7,8,1,19,200,MQ,BOS,1638
19,7,10,3,19,200,MQ,BOS,1636
45,7,11,4,19,200,MQ,BOS,1635
9,7,12,5,19,200,MQ,BOS,1634
25,7,14,7,19,200,MQ,BOS,1632
31,7,15,1,19,200,MQ,BOS,1631
-10,7,16,2,19,200,MQ,BOS,1630
-5,7,17,3,19,200,MQ,BOS,1629
2,7,18,4,19,200,MQ,BOS,1628
216,7,19,5,19,200,MQ,BOS,1627
16,7,21,7,19,200,MQ,BOS,1625
22,7,22,1,19,200,MQ,BOS,1624
-1,7,24,3,19,200,MQ,BOS,1622
4,7,25,4,19,200,MQ,BOS,1621
0,7,26,5,19,200,MQ,BOS,1620
23,7,28,7,19,200,MQ,BOS,1618
1,7,29,1,19,200,MQ,BOS,1617
-8,7,30,2,19,200,MQ,BOS,1616
2,7,31,3,19,200,MQ,BOS,1615
17,7,2,2,18,200,MQ,BOS,1644
11,7,3,3,18,200,MQ,BOS,1643
3,7,4,4,18,200,MQ,BOS,1642
-4,7,5,5,18,200,MQ,BOS,1641
53,7,6,6,18,200,MQ,BOS,1640
19,7,7,7,18,200,MQ,BOS,1639
4,7,8,1,18,200,MQ,BOS,1638
14,7,10,3,18,200,MQ,BOS,1636
16,7,11,4,18,200,MQ,BOS,1635
-5,7,12,5,18,200,MQ,BOS,1634
24,7,13,6,18,200,MQ,BOS,1633
-1,7,14,7,18,200,MQ,BOS,1632
-3,7,15,1,18,200,MQ,BOS,1631
-1,7,16,2,18,200,MQ,BOS,1630
-8,7,17,3,18,200,MQ,BOS,1629
-4,7,18,4,18,200,MQ,BOS,1628
254,7,19,5,18,200,MQ,BOS,1627
-9,7,20,6,18,200,MQ,BOS,1626
-6,7,22,1,18,200,MQ,BOS,1624
0,7,25,4,18,200,MQ,BOS,1621
-3,7,26,5,18,200,MQ,BOS,1620
-4,7,27,6,18,200,MQ,BOS,1619
16,7,28,7,18,200,MQ,BOS,1618
1,7,29,1,18,200,MQ,BOS,1617
-2,7,30,2,18,200,MQ,BOS,1616
-4,7,31,3,18,200,MQ,BOS,1615
-4,7,1,1,14,200,MQ,BOS,1645
-9,7,2,2,14,200,MQ,BOS,1644
-7,7,3,3,14,200,MQ,BOS,1643
-2,7,5,5,14,200,MQ,BOS,1641
-7,7,6,6,14,200,MQ,BOS,1640
-3,7,7,7,14,200,MQ,BOS,1639
-3,7,8,1,14,200,MQ,BOS,1638
-8,7,9,2,14,200,MQ,BOS,1637
19,7,10,3,14,200,MQ,BOS,1636
-8,7,11,4,14,200,MQ,BOS,1635
-4,7,12,5,14,200,MQ,BOS,1634
-4,7,13,6,14,200,MQ,BOS,1633
-4,7,14,7,14,200,MQ,BOS,1632
-4,7,15,1,14,200,MQ,BOS,1631
-6,7,16,2,14,200,MQ,BOS,1630
-7,7,17,3,14,200,MQ,BOS,1629
-6,7,18,4,14,200,MQ,BOS,1628
-5,7,19,5,14,200,MQ,BOS,1627
0,7,20,6,14,200,MQ,BOS,1626
-6,7,21,7,14,200,MQ,BOS,1625
-3,7,22,1,14,200,MQ,BOS,1624
-7,7,23,2,14,200,MQ,BOS,1623
-2,7,24,3,14,200,MQ,BOS,1622
24,7,25,4,14,200,MQ,BOS,1621
-5,7,26,5,14,200,MQ,BOS,1620
4,7,27,6,14,200,MQ,BOS,1619
-3,7,28,7,14,200,MQ,BOS,1618
-5,7,29,1,14,200,MQ,BOS,1617
1,7,30,2,14,200,MQ,BOS,1616
53,7,31,3,14,200,MQ,BOS,1615
5,7,1,1,11,416,MQ,RDU,1645
0,7,2,2,11,416,MQ,RDU,1644
5,7,3,3,11,416,MQ,RDU,1643
1,7,4,4,11,416,MQ,RDU,1642
-3,7,5,5,11,416,MQ,RDU,1641
-8,7,6,6,11,416,MQ,RDU,1640
12,7,8,1,11,416,MQ,RDU,1638
-6,7,9,2,11,416,MQ,RDU,1637
0,7,10,3,11,416,MQ,RDU,1636
-1,7,11,4,11,416,MQ,RDU,1635
-5,7,12,5,11,416,MQ,RDU,1634
-2,7,13,6,11,416,MQ,RDU,1633
2,7,14,7,11,416,MQ,RDU,1632
12,7,15,1,11,416,MQ,RDU,1631
-4,7,16,2,11,416,MQ,RDU,1630
-1,7,17,3,11,416,MQ,RDU,1629
0,7,18,4,11,416,MQ,RDU,1628
4,7,19,5,11,416,MQ,RDU,1627
0,7,20,6,11,416,MQ,RDU,1626
0,7,21,7,11,416,MQ,RDU,1625
5,7,22,1,11,416,MQ,RDU,1624
0,7,23,2,11,416,MQ,RDU,1623
19,7,24,3,11,416,MQ,RDU,1622
-2,7,25,4,11,416,MQ,RDU,1621
-3,7,26,5,11,416,MQ,RDU,1620
9,7,27,6,11,416,MQ,RDU,1619
-6,7,28,7,11,416,MQ,RDU,1618
36,7,29,1,11,416,MQ,RDU,1617
6,7,30,2,11,416,MQ,RDU,1616
-2,7,31,3,11,416,MQ,RDU,1615
-6,7,1,1,16,416,MQ,RDU,1645
-4,7,2,2,15,416,MQ,RDU,1644
-9,7,3,3,15,416,MQ,RDU,1643
-8,7,4,4,15,416,MQ,RDU,1642
-4,7,5,5,15,416,MQ,RDU,1641
-10,7,6,6,15,416,MQ,RDU,1640
4,7,7,7,15,416,MQ,RDU,1639
0,7,8,1,15,416,MQ,RDU,1638
-4,7,9,2,15,416,MQ,RDU,1637
-10,7,10,3,15,416,MQ,RDU,1636
-10,7,11,4,15,416,MQ,RDU,1635
0,7,12,5,15,416,MQ,RDU,1634
55,7,13,6,15,416,MQ,RDU,1633
7,7,14,7,15,416,MQ,RDU,1632
3,7,15,1,15,416,MQ,RDU,1631
-5,7,16,2,15,416,MQ,RDU,1630
52,7,17,3,15,416,MQ,RDU,1629
-2,7,18,4,15,416,MQ,RDU,1628
132,7,20,6,15,416,MQ,RDU,1626
-3,7,21,7,15,416,MQ,RDU,1625
63,7,22,1,15,416,MQ,RDU,1624
3,7,23,2,15,416,MQ,RDU,1623
-9,7,24,3,15,416,MQ,RDU,1622
27,7,25,4,15,416,MQ,RDU,1621
48,7,26,5,15,416,MQ,RDU,1620
-3,7,27,6,15,416,MQ,RDU,1619
2,7,28,7,15,416,MQ,RDU,1618
0,7,29,1,15,416,MQ,RDU,1617
-5,7,30,2,15,416,MQ,RDU,1616
0,7,31,3,15,416,MQ,RDU,1615
-3,7,1,1,8,416,MQ,RDU,1645
81,7,3,3,8,416,MQ,RDU,1643
-2,7,4,4,8,416,MQ,RDU,1642
-4,7,5,5,8,416,MQ,RDU,1641
-3,7,8,1,8,416,MQ,RDU,1638
-1,7,9,2,8,416,MQ,RDU,1637
0,7,10,3,8,416,MQ,RDU,1636
1,7,11,4,8,416,MQ,RDU,1635
17,7,12,5,8,416,MQ,RDU,1634
-3,7,15,1,8,416,MQ,RDU,1631
-3,7,16,2,8,416,MQ,RDU,1630
-4,7,17,3,8,416,MQ,RDU,1629
-2,7,18,4,8,416,MQ,RDU,1628
-1,7,19,5,8,416,MQ,RDU,1627
-2,7,22,1,8,416,MQ,RDU,1624
-8,7,23,2,8,416,MQ,RDU,1623
0,7,24,3,8,416,MQ,RDU,1622
-2,7,25,4,8,416,MQ,RDU,1621
55,7,26,5,8,416,MQ,RDU,1620
2,7,29,1,8,416,MQ,RDU,1617
-2,7,30,2,8,416,MQ,RDU,1616
0,7,31,3,8,416,MQ,RDU,1615
-2,7,1,1,13,416,MQ,RDU,1645
-4,7,2,2,13,416,MQ,RDU,1644
18,7,3,3,13,416,MQ,RDU,1643
-3,7,5,5,13,416,MQ,RDU,1641
7,7,6,6,13,416,MQ,RDU,1640
8,7,7,7,13,416,MQ,RDU,1639
-1,7,8,1,13,416,MQ,RDU,1638
32,7,9,2,13,416,MQ,RDU,1637
5,7,10,3,13,416,MQ,RDU,1636
48,7,11,4,13,416,MQ,RDU,1635
2,7,12,5,13,416,MQ,RDU,1634
-3,7,13,6,13,416,MQ,RDU,1633
3,7,14,7,13,416,MQ,RDU,1632
3,7,15,1,13,416,MQ,RDU,1631
-4,7,16,2,13,416,MQ,RDU,1630
0,7,17,3,13,416,MQ,RDU,1629
0,7,18,4,13,416,MQ,RDU,1628
-4,7,19,5,13,416,MQ,RDU,1627
5,7,20,6,13,416,MQ,RDU,1626
13,7,21,7,13,416,MQ,RDU,1625
-1,7,22,1,13,416,MQ,RDU,1624
-5,7,24,3,13,416,MQ,RDU,1622
62,7,26,5,13,416,MQ,RDU,1620
6,7,27,6,13,416,MQ,RDU,1619
-1,7,28,7,13,416,MQ,RDU,1618
-3,7,29,1,13,416,MQ,RDU,1617
-4,7,30,2,13,416,MQ,RDU,1616
0,7,31,3,13,416,MQ,RDU,1615
8,7,1,1,18,416,MQ,RDU,1645
10,7,2,2,18,416,MQ,RDU,1644
-6,7,3,3,18,416,MQ,RDU,1643
-6,7,4,4,18,416,MQ,RDU,1642
-7,7,7,7,18,416,MQ,RDU,1639
-3,7,8,1,18,416,MQ,RDU,1638
9,7,10,3,18,416,MQ,RDU,1636
-11,7,11,4,18,416,MQ,RDU,1635
-3,7,12,5,18,416,MQ,RDU,1634
6,7,14,7,18,416,MQ,RDU,1632
49,7,15,1,18,416,MQ,RDU,1631
-9,7,16,2,18,416,MQ,RDU,1630
-2,7,17,3,18,416,MQ,RDU,1629
-1,7,18,4,18,416,MQ,RDU,1628
8,7,22,1,18,416,MQ,RDU,1624
-6,7,24,3,18,416,MQ,RDU,1622
96,7,25,4,18,416,MQ,RDU,1621
6,7,26,5,18,416,MQ,RDU,1620
13,7,28,7,18,416,MQ,RDU,1618
-1,7,29,1,18,416,MQ,RDU,1617
-9,7,30,2,18,416,MQ,RDU,1616
-5,7,31,3,18,416,MQ,RDU,1615
-5,7,1,1,8,2454,AA,LAX,1645
-5,7,2,2,8,2454,AA,LAX,1644
3,7,3,3,8,2454,AA,LAX,1643
-6,7,4,4,8,2454,AA,LAX,1642
38,7,5,5,8,2454,AA,LAX,1641
-1,7,6,6,8,2454,AA,LAX,1640
-3,7,7,7,8,2454,AA,LAX,1639
0,7,8,1,8,2454,AA,LAX,1638
-1,7,9,2,8,2454,AA,LAX,1637
-2,7,10,3,8,2454,AA,LAX,1636
-2,7,11,4,8,2454,AA,LAX,1635
0,7,12,5,8,2454,AA,LAX,1634
3,7,13,6,8,2454,AA,LAX,1633
8,7,14,7,8,2454,AA,LAX,1632
2,7,15,1,8,2454,AA,LAX,1631
3,7,16,2,8,2454,AA,LAX,1630
0,7,17,3,8,2454,AA,LAX,1629
-3,7,18,4,8,2454,AA,LAX,1628
2,7,19,5,8,2454,AA,LAX,1627
1,7,20,6,8,2454,AA,LAX,1626
3,7,21,7,8,2454,AA,LAX,1625
2,7,22,1,8,2454,AA,LAX,1624
-5,7,23,2,8,2454,AA,LAX,1623
-3,7,24,3,8,2454,AA,LAX,1622
207,7,25,4,8,2454,AA,LAX,1621
0,7,26,5,8,2454,AA,LAX,1620
16,7,27,6,8,2454,AA,LAX,1619
-1,7,28,7,8,2454,AA,LAX,1618
-2,7,29,1,8,2454,AA,LAX,1617
2,7,30,2,8,2454,AA,LAX,1616
4,7,31,3,8,2454,AA,LAX,1615
-2,7,1,1,18,1372,AA,DFW,1645
45,7,2,2,18,1372,AA,DFW,1644
66,7,3,3,18,1372,AA,DFW,1643
-11,7,4,4,18,1372,AA,DFW,1642
-9,7,5,5,18,1372,AA,DFW,1641
-2,7,6,6,18,1372,AA,DFW,1640
1,7,7,7,18,1372,AA,DFW,1639
19,7,8,1,18,1372,AA,DFW,1638
-5,7,10,3,18,1372,AA,DFW,1636
0,7,11,4,18,1372,AA,DFW,1635
73,7,12,5,18,1372,AA,DFW,1634
-4,7,13,6,18,1372,AA,DFW,1633
2,7,14,7,18,1372,AA,DFW,1632
-2,7,15,1,18,1372,AA,DFW,1631
-1,7,16,2,18,1372,AA,DFW,1630
-8,7,17,3,18,1372,AA,DFW,1629
-2,7,18,4,18,1372,AA,DFW,1628
227,7,19,5,18,1372,AA,DFW,1627
-1,7,20,6,18,1372,AA,DFW,1626
3,7,21,7,18,1372,AA,DFW,1625
1,7,22,1,18,1372,AA,DFW,1624
-9,7,24,3,18,1372,AA,DFW,1622
-4,7,25,4,18,1372,AA,DFW,1621
-1,7,26,5,18,1372,AA,DFW,1620
0,7,27,6,18,1372,AA,DFW,1619
2,7,28,7,18,1372,AA,DFW,1618
-2,7,29,1,18,1372,AA,DFW,1617
-1,7,30,2,18,1372,AA,DFW,1616
-4,7,31,3,18,1372,AA,DFW,1615
67,7,1,1,17,2454,AA,LAX,1645
-1,7,2,2,17,2454,AA,LAX,1644
-3,7,3,3,17,2454,AA,LAX,1643
68,7,4,4,17,2454,AA,LAX,1642
-5,7,5,5,17,2454,AA,LAX,1641
-2,7,6,6,17,2454,AA,LAX,1640
118,7,7,7,17,2454,AA,LAX,1639
7,7,8,1,17,2454,AA,LAX,1638
130,7,9,2,17,2454,AA,LAX,1637
-1,7,10,3,17,2454,AA,LAX,1636
-4,7,11,4,17,2454,AA,LAX,1635
1,7,12,5,17,2454,AA,LAX,1634
1,7,13,6,17,2454,AA,LAX,1633
-6,7,14,7,17,2454,AA,LAX,1632
3,7,15,1,17,2454,AA,LAX,1631
-1,7,16,2,17,2454,AA,LAX,1630
1,7,17,3,17,2454,AA,LAX,1629
-1,7,18,4,17,2454,AA,LAX,1628
150,7,19,5,17,2454,AA,LAX,1627
2,7,20,6,17,2454,AA,LAX,1626
0,7,21,7,17,2454,AA,LAX,1625
-3,7,22,1,17,2454,AA,LAX,1624
178,7,23,2,17,2454,AA,LAX,1623
2,7,25,4,17,2454,AA,LAX,1621
-1,7,26,5,17,2454,AA,LAX,1620
-7,7,27,6,17,2454,AA,LAX,1619
-6,7,28,7,17,2454,AA,LAX,1618
-2,7,29,1,17,2454,AA,LAX,1617
7,7,30,2,17,2454,AA,LAX,1616
-5,7,1,1,15,2454,AA,LAX,1645
1,7,2,2,15,2454,AA,LAX,1644
-7,7,3,3,15,2454,AA,LAX,1643
-2,7,4,4,15,2454,AA,LAX,1642
-3,7,5,5,15,2454,AA,LAX,1641
33,7,6,6,15,2454,AA,LAX,1640
0,7,7,7,15,2454,AA,LAX,1639
-4,7,8,1,15,2454,AA,LAX,1638
-6,7,9,2,15,2454,AA,LAX,1637
-2,7,10,3,15,2454,AA,LAX,1636
0,7,11,4,15,2454,AA,LAX,1635
-2,7,12,5,15,2454,AA,LAX,1634
16,7,13,6,15,2454,AA,LAX,1633
-3,7,14,7,15,2454,AA,LAX,1632
-1,7,15,1,15,2454,AA,LAX,1631
38,7,16,2,15,2454,AA,LAX,1630
1,7,17,3,15,2454,AA,LAX,1629
292,7,19,5,15,2454,AA,LAX,1627
4,7,20,6,15,2454,AA,LAX,1626
1,7,21,7,15,2454,AA,LAX,1625
-4,7,22,1,15,2454,AA,LAX,1624
-6,7,23,2,15,2454,AA,LAX,1623
-1,7,24,3,15,2454,AA,LAX,1622
3,7,25,4,15,2454,AA,LAX,1621
0,7,26,5,15,2454,AA,LAX,1620
-2,7,27,6,15,2454,AA,LAX,1619
2,7,28,7,15,2454,AA,LAX,1618
0,7,29,1,15,2454,AA,LAX,1617
-2,7,30,2,15,2454,AA,LAX,1616
-2,7,31,3,15,2454,AA,LAX,1615
-6,7,2,2,10,1372,AA,DFW,1644
3,7,3,3,10,1372,AA,DFW,1643
-1,7,4,4,10,1372,AA,DFW,1642
-5,7,5,5,10,1372,AA,DFW,1641
-2,7,6,6,10,1372,AA,DFW,1640
-2,7,7,7,10,1372,AA,DFW,1639
2,7,8,1,10,1372,AA,DFW,1638
-4,7,9,2,10,1372,AA,DFW,1637
0,7,10,3,10,1372,AA,DFW,1636
-7,7,11,4,10,1372,AA,DFW,1635
-13,7,12,5,10,1372,AA,DFW,1634
-5,7,13,6,10,1372,AA,DFW,1633
-6,7,14,7,10,1372,AA,DFW,1632
4,7,15,1,10,1372,AA,DFW,1631
-5,7,16,2,10,1372,AA,DFW,1630
-3,7,17,3,10,1372,AA,DFW,1629
-5,7,18,4,10,1372,AA,DFW,1628
-2,7,19,5,10,1372,AA,DFW,1627
14,7,20,6,10,1372,AA,DFW,1626
11,7,21,7,10,1372,AA,DFW,1625
-5,7,22,1,10,1372,AA,DFW,1624
-6,7,23,2,10,1372,AA,DFW,1623
-1,7,24,3,10,1372,AA,DFW,1622
-5,7,25,4,10,1372,AA,DFW,1621
-3,7,26,5,10,1372,AA,DFW,1620
-8,7,27,6,10,1372,AA,DFW,1619
12,7,28,7,10,1372,AA,DFW,1618
-2,7,29,1,10,1372,AA,DFW,1617
-8,7,30,2,10,1372,AA,DFW,1616
-9,7,31,3,10,1372,AA,DFW,1615
5,7,1,1,7,1608,AA,SJU,1645
0,7,2,2,7,1608,AA,SJU,1644
0,7,3,3,7,1608,AA,SJU,1643
-1,7,4,4,7,1608,AA,SJU,1642
1,7,5,5,7,1608,AA,SJU,1641
1,7,6,6,7,1608,AA,SJU,1640
-5,7,7,7,7,1608,AA,SJU,1639
0,7,8,1,7,1608,AA,SJU,1638
3,7,9,2,7,1608,AA,SJU,1637
5,7,10,3,7,1608,AA,SJU,1636
0,7,11,4,7,1608,AA,SJU,1635
-3,7,12,5,7,1608,AA,SJU,1634
-4,7,13,6,7,1608,AA,SJU,1633
110,7,14,7,7,1608,AA,SJU,1632
-1,7,15,1,7,1608,AA,SJU,1631
-2,7,16,2,7,1608,AA,SJU,1630
-10,7,17,3,7,1608,AA,SJU,1629
1,7,18,4,7,1608,AA,SJU,1628
5,7,19,5,7,1608,AA,SJU,1627
-5,7,20,6,7,1608,AA,SJU,1626
-9,7,21,7,7,1608,AA,SJU,1625
24,7,22,1,7,1608,AA,SJU,1624
-3,7,23,2,7,1608,AA,SJU,1623
6,7,24,3,7,1608,AA,SJU,1622
-8,7,25,4,7,1608,AA,SJU,1621
-4,7,26,5,7,1608,AA,SJU,1620
0,7,27,6,7,1608,AA,SJU,1619
-3,7,28,7,7,1608,AA,SJU,1618
0,7,29,1,7,1608,AA,SJU,1617
-2,7,30,2,7,1608,AA,SJU,1616
-3,7,31,3,7,1608,AA,SJU,1615
-1,7,2,2,16,1372,AA,DFW,1644
0,7,3,3,16,1372,AA,DFW,1643
-4,7,4,4,16,1372,AA,DFW,1642
-9,7,5,5,16,1372,AA,DFW,1641
-6,7,7,7,16,1372,AA,DFW,1639
0,7,8,1,16,1372,AA,DFW,1638
-2,7,9,2,16,1372,AA,DFW,1637
136,7,10,3,16,1372,AA,DFW,1636
0,7,11,4,16,1372,AA,DFW,1635
-2,7,12,5,16,1372,AA,DFW,1634
0,7,14,7,16,1372,AA,DFW,1632
1,7,15,1,16,1372,AA,DFW,1631
-5,7,16,2,16,1372,AA,DFW,1630
-2,7,17,3,16,1372,AA,DFW,1629
-7,7,18,4,16,1372,AA,DFW,1628
8,7,19,5,16,1372,AA,DFW,1627
-1,7,21,7,16,1372,AA,DFW,1625
4,7,22,1,16,1372,AA,DFW,1624
-2,7,24,3,16,1372,AA,DFW,1622
-1,7,25,4,16,1372,AA,DFW,1621
-2,7,26,5,16,1372,AA,DFW,1620
-2,7,28,7,16,1372,AA,DFW,1618
6,7,29,1,16,1372,AA,DFW,1617
-5,7,30,2,16,1372,AA,DFW,1616
-1,7,31,3,16,1372,AA,DFW,1615
-6,7,2,2,12,719,AA,ORD,1644
-1,7,3,3,12,719,AA,ORD,1643
-2,7,4,4,12,719,AA,ORD,1642
-7,7,5,5,12,719,AA,ORD,1641
-1,7,7,7,12,719,AA,ORD,1639
-6,7,8,1,12,719,AA,ORD,1638
-4,7,9,2,12,719,AA,ORD,1637
-9,7,10,3,12,719,AA,ORD,1636
2,7,11,4,12,719,AA,ORD,1635
-4,7,12,5,12,719,AA,ORD,1634
58,7,14,7,12,719,AA,ORD,1632
-3,7,15,1,12,719,AA,ORD,1631
-6,7,16,2,12,719,AA,ORD,1630
-7,7,17,3,12,719,AA,ORD,1629
24,7,18,4,12,719,AA,ORD,1628
-2,7,19,5,12,719,AA,ORD,1627
-5,7,21,7,12,719,AA,ORD,1625
-9,7,22,1,12,719,AA,ORD,1624
8,7,23,2,12,719,AA,ORD,1623
-7,7,24,3,12,719,AA,ORD,1622
-10,7,25,4,12,719,AA,ORD,1621
-7,7,26,5,12,719,AA,ORD,1620
11,7,28,7,12,719,AA,ORD,1618
-5,7,29,1,12,719,AA,ORD,1617
-6,7,30,2,12,719,AA,ORD,1616
-6,7,31,3,12,719,AA,ORD,1615
0,7,1,1,12,1086,AA,MIA,1645
2,7,1,1,6,1086,AA,MIA,1645
19,7,2,2,6,1086,AA,MIA,1644
17,7,3,3,6,1086,AA,MIA,1643
2,7,4,4,6,1086,AA,MIA,1642
0,7,5,5,6,1086,AA,MIA,1641
-1,7,6,6,6,1086,AA,MIA,1640
2,7,7,7,6,1086,AA,MIA,1639
3,7,8,1,6,1086,AA,MIA,1638
7,7,9,2,6,1086,AA,MIA,1637
14,7,10,3,6,1086,AA,MIA,1636
6,7,11,4,6,1086,AA,MIA,1635
-1,7,12,5,6,1086,AA,MIA,1634
-4,7,13,6,6,1086,AA,MIA,1633
1,7,14,7,6,1086,AA,MIA,1632
291,7,15,1,6,1086,AA,MIA,1631
-3,7,16,2,6,1086,AA,MIA,1630
-1,7,17,3,6,1086,AA,MIA,1629
-2,7,18,4,6,1086,AA,MIA,1628
8,7,19,5,6,1086,AA,MIA,1627
12,7,20,6,6,1086,AA,MIA,1626
0,7,21,7,6,1086,AA,MIA,1625
0,7,22,1,6,1086,AA,MIA,1624
0,7,23,2,6,1086,AA,MIA,1623
7,7,24,3,6,1086,AA,MIA,1622
-3,7,25,4,6,1086,AA,MIA,1621
0,7,26,5,6,1086,AA,MIA,1620
262,7,27,6,6,1086,AA,MIA,1619
0,7,28,7,6,1086,AA,MIA,1618
9,7,29,1,6,1086,AA,MIA,1617
0,7,30,2,6,1086,AA,MIA,1616
-1,7,31,3,6,1086,AA,MIA,1615
-9,7,1,1,12,719,AA,ORD,1645
-7,7,2,2,13,719,AA,ORD,1644
-4,7,3,3,13,719,AA,ORD,1643
-7,7,4,4,13,719,AA,ORD,1642
19,7,5,5,13,719,AA,ORD,1641
-6,7,6,6,13,719,AA,ORD,1640
1,7,7,7,13,719,AA,ORD,1639
29,7,8,1,13,719,AA,ORD,1638
-2,7,9,2,13,719,AA,ORD,1637
19,7,10,3,13,719,AA,ORD,1636
-3,7,11,4,13,719,AA,ORD,1635
-7,7,12,5,13,719,AA,ORD,1634
-1,7,13,6,13,719,AA,ORD,1633
-3,7,14,7,13,719,AA,ORD,1632
-7,7,15,1,13,719,AA,ORD,1631
-5,7,16,2,13,719,AA,ORD,1630
-4,7,17,3,13,719,AA,ORD,1629
-5,7,18,4,13,719,AA,ORD,1628
-5,7,19,5,13,719,AA,ORD,1627
-10,7,20,6,13,719,AA,ORD,1626
2,7,21,7,13,719,AA,ORD,1625
16,7,22,1,13,719,AA,ORD,1624
4,7,24,3,13,719,AA,ORD,1622
-6,7,25,4,13,719,AA,ORD,1621
60,7,26,5,13,719,AA,ORD,1620
-5,7,27,6,13,719,AA,ORD,1619
-4,7,28,7,13,719,AA,ORD,1618
266,7,29,1,13,719,AA,ORD,1617
-8,7,30,2,13,719,AA,ORD,1616
-4,7,31,3,13,719,AA,ORD,1615
-5,7,2,2,8,1372,AA,DFW,1644
-5,7,3,3,8,1372,AA,DFW,1643
-6,7,4,4,8,1372,AA,DFW,1642
1,7,5,5,8,1372,AA,DFW,1641
-3,7,7,7,8,1372,AA,DFW,1639
8,7,8,1,8,1372,AA,DFW,1638
-2,7,9,2,8,1372,AA,DFW,1637
-6,7,10,3,8,1372,AA,DFW,1636
2,7,11,4,8,1372,AA,DFW,1635
0,7,12,5,8,1372,AA,DFW,1634
-3,7,13,6,8,1372,AA,DFW,1633
-2,7,14,7,8,1372,AA,DFW,1632
18,7,15,1,8,1372,AA,DFW,1631
-4,7,16,2,8,1372,AA,DFW,1630
-6,7,17,3,8,1372,AA,DFW,1629
-4,7,18,4,8,1372,AA,DFW,1628
-4,7,19,5,8,1372,AA,DFW,1627
14,7,20,6,8,1372,AA,DFW,1626
2,7,21,7,8,1372,AA,DFW,1625
-4,7,22,1,8,1372,AA,DFW,1624
-8,7,23,2,8,1372,AA,DFW,1623
0,7,24,3,8,1372,AA,DFW,1622
1,7,25,4,8,1372,AA,DFW,1621
-8,7,26,5,8,1372,AA,DFW,1620
-4,7,27,6,8,1372,AA,DFW,1619
0,7,28,7,8,1372,AA,DFW,1618
-2,7,29,1,8,1372,AA,DFW,1617
-9,7,30,2,8,1372,AA,DFW,1616
4,7,31,3,8,1372,AA,DFW,1615
-8,7,1,1,6,1372,AA,DFW,1645
-6,7,2,2,6,1372,AA,DFW,1644
0,7,3,3,6,1372,AA,DFW,1643
-4,7,4,4,6,1372,AA,DFW,1642
-5,7,5,5,6,1372,AA,DFW,1641
-7,7,6,6,6,1372,AA,DFW,1640
-5,7,7,7,6,1372,AA,DFW,1639
-6,7,8,1,6,1372,AA,DFW,1638
-2,7,9,2,6,1372,AA,DFW,1637
-5,7,10,3,6,1372,AA,DFW,1636
-1,7,14,7,6,1372,AA,DFW,1632
-8,7,15,1,6,1372,AA,DFW,1631
-5,7,16,2,6,1372,AA,DFW,1630
-8,7,17,3,6,1372,AA,DFW,1629
-5,7,18,4,6,1372,AA,DFW,1628
5,7,19,5,6,1372,AA,DFW,1627
-5,7,20,6,6,1372,AA,DFW,1626
-5,7,21,7,6,1372,AA,DFW,1625
-7,7,22,1,6,1372,AA,DFW,1624
-2,7,23,2,6,1372,AA,DFW,1623
-5,7,24,3,6,1372,AA,DFW,1622
-5,7,25,4,6,1372,AA,DFW,1621
0,7,26,5,6,1372,AA,DFW,1620
2,7,27,6,6,1372,AA,DFW,1619
-5,7,28,7,6,1372,AA,DFW,1618
-2,7,29,1,6,1372,AA,DFW,1617
-8,7,30,2,6,1372,AA,DFW,1616
-6,7,31,3,6,1372,AA,DFW,1615
6,7,2,2,6,719,AA,ORD,1644
0,7,3,3,6,719,AA,ORD,1643
-5,7,4,4,6,719,AA,ORD,1642
-10,7,5,5,6,719,AA,ORD,1641
-11,7,6,6,6,719,AA,ORD,1640
0,7,7,7,6,719,AA,ORD,1639
-8,7,8,1,6,719,AA,ORD,1638
-8,7,9,2,6,719,AA,ORD,1637
-4,7,10,3,6,719,AA,ORD,1636
-1,7,11,4,6,719,AA,ORD,1635
0,7,12,5,6,719,AA,ORD,1634
80,7,13,6,6,719,AA,ORD,1633
-2,7,14,7,6,719,AA,ORD,1632
-3,7,15,1,6,719,AA,ORD,1631
-9,7,16,2,6,719,AA,ORD,1630
-1,7,17,3,6,719,AA,ORD,1629
14,7,18,4,6,719,AA,ORD,1628
-9,7,19,5,6,719,AA,ORD,1627
6,7,20,6,6,719,AA,ORD,1626
1,7,21,7,6,719,AA,ORD,1625
-5,7,22,1,6,719,AA,ORD,1624
-9,7,23,2,6,719,AA,ORD,1623
-3,7,24,3,6,719,AA,ORD,1622
-2,7,25,4,6,719,AA,ORD,1621
-2,7,26,5,6,719,AA,ORD,1620
-4,7,27,6,6,719,AA,ORD,1619
-3,7,28,7,6,719,AA,ORD,1618
-13,7,29,1,6,719,AA,ORD,1617
-5,7,30,2,6,719,AA,ORD,1616
-5,7,31,3,6,719,AA,ORD,1615
-7,7,2,2,19,719,AA,ORD,1644
-5,7,3,3,19,719,AA,ORD,1643
-9,7,5,5,19,719,AA,ORD,1641
-4,7,7,7,19,719,AA,ORD,1639
-4,7,8,1,19,719,AA,ORD,1638
47,7,9,2,19,719,AA,ORD,1637
-3,7,10,3,19,719,AA,ORD,1636
-1,7,11,4,19,719,AA,ORD,1635
-8,7,12,5,19,719,AA,ORD,1634
-3,7,14,7,19,719,AA,ORD,1632
-4,7,15,1,19,719,AA,ORD,1631
-10,7,16,2,19,719,AA,ORD,1630
-4,7,17,3,19,719,AA,ORD,1629
39,7,18,4,19,719,AA,ORD,1628
-4,7,21,7,19,719,AA,ORD,1625
66,7,22,1,19,719,AA,ORD,1624
46,7,24,3,19,719,AA,ORD,1622
-6,7,25,4,19,719,AA,ORD,1621
74,7,26,5,19,719,AA,ORD,1620
-8,7,30,2,19,719,AA,ORD,1616
0,7,31,3,19,719,AA,ORD,1615
-5,7,3,3,7,719,AA,ORD,1643
-11,7,4,4,7,719,AA,ORD,1642
5,7,5,5,7,719,AA,ORD,1641
-8,7,6,6,7,719,AA,ORD,1640
-3,7,7,7,7,719,AA,ORD,1639
0,7,8,1,7,719,AA,ORD,1638
-9,7,9,2,7,719,AA,ORD,1637
-10,7,10,3,7,719,AA,ORD,1636
-6,7,11,4,7,719,AA,ORD,1635
-6,7,12,5,7,719,AA,ORD,1634
-6,7,13,6,7,719,AA,ORD,1633
3,7,14,7,7,719,AA,ORD,1632
-1,7,15,1,7,719,AA,ORD,1631
-3,7,16,2,7,719,AA,ORD,1630
-6,7,17,3,7,719,AA,ORD,1629
-4,7,18,4,7,719,AA,ORD,1628
-8,7,19,5,7,719,AA,ORD,1627
-3,7,20,6,7,719,AA,ORD,1626
-4,7,21,7,7,719,AA,ORD,1625
-5,7,22,1,7,719,AA,ORD,1624
4,7,25,4,7,719,AA,ORD,1621
-4,7,26,5,7,719,AA,ORD,1620
-6,7,27,6,7,719,AA,ORD,1619
-4,7,28,7,7,719,AA,ORD,1618
-2,7,29,1,7,719,AA,ORD,1617
8,7,30,2,7,719,AA,ORD,1616
-7,7,31,3,7,719,AA,ORD,1615
-5,7,1,1,9,719,AA,ORD,1645
-4,7,3,3,9,719,AA,ORD,1643
2,7,4,4,9,719,AA,ORD,1642
-8,7,5,5,9,719,AA,ORD,1641
-6,7,6,6,9,719,AA,ORD,1640
-9,7,7,7,9,719,AA,ORD,1639
-1,7,8,1,9,719,AA,ORD,1638
-9,7,9,2,9,719,AA,ORD,1637
-3,7,10,3,9,719,AA,ORD,1636
-5,7,11,4,9,719,AA,ORD,1635
-4,7,12,5,9,719,AA,ORD,1634
-5,7,13,6,9,719,AA,ORD,1633
-8,7,14,7,9,719,AA,ORD,1632
-5,7,15,1,9,719,AA,ORD,1631
-5,7,16,2,9,719,AA,ORD,1630
-4,7,17,3,9,719,AA,ORD,1629
-7,7,18,4,9,719,AA,ORD,1628
-1,7,19,5,9,719,AA,ORD,1627
0,7,20,6,9,719,AA,ORD,1626
-9,7,21,7,9,719,AA,ORD,1625
19,7,22,1,9,719,AA,ORD,1624
1,7,23,2,9,719,AA,ORD,1623
7,7,24,3,9,719,AA,ORD,1622
5,7,25,4,9,719,AA,ORD,1621
-5,7,26,5,9,719,AA,ORD,1620
-7,7,28,7,9,719,AA,ORD,1618
-15,7,29,1,9,719,AA,ORD,1617
-5,7,30,2,9,719,AA,ORD,1616
0,7,31,3,9,719,AA,ORD,1615
-5,7,1,1,10,1372,AA,DFW,1645
-5,7,1,1,16,1372,AA,DFW,1645
-6,7,1,1,15,1372,AA,DFW,1645
-4,7,2,2,15,1372,AA,DFW,1644
115,7,3,3,15,1372,AA,DFW,1643
-5,7,5,5,15,1372,AA,DFW,1641
-4,7,6,6,15,1372,AA,DFW,1640
-4,7,7,7,15,1372,AA,DFW,1639
4,7,8,1,15,1372,AA,DFW,1638
-6,7,9,2,15,1372,AA,DFW,1637
-2,7,10,3,15,1372,AA,DFW,1636
0,7,11,4,15,1372,AA,DFW,1635
-2,7,12,5,15,1372,AA,DFW,1634
-8,7,13,6,15,1372,AA,DFW,1633
-1,7,14,7,15,1372,AA,DFW,1632
-6,7,15,1,15,1372,AA,DFW,1631
-6,7,16,2,15,1372,AA,DFW,1630
0,7,17,3,15,1372,AA,DFW,1629
1,7,18,4,15,1372,AA,DFW,1628
74,7,19,5,15,1372,AA,DFW,1627
-1,7,20,6,15,1372,AA,DFW,1626
-3,7,21,7,15,1372,AA,DFW,1625
-3,7,22,1,15,1372,AA,DFW,1624
265,7,23,2,15,1372,AA,DFW,1623
10,7,24,3,15,1372,AA,DFW,1622
-9,7,25,4,15,1372,AA,DFW,1621
4,7,26,5,15,1372,AA,DFW,1620
-2,7,27,6,15,1372,AA,DFW,1619
-4,7,28,7,15,1372,AA,DFW,1618
-5,7,29,1,15,1372,AA,DFW,1617
-7,7,30,2,15,1372,AA,DFW,1616
-7,7,31,3,15,1372,AA,DFW,1615
-4,7,2,2,10,719,AA,ORD,1644
-6,7,3,3,10,719,AA,ORD,1643
-7,7,4,4,10,719,AA,ORD,1642
-5,7,5,5,10,719,AA,ORD,1641
-3,7,6,6,10,719,AA,ORD,1640
-1,7,8,1,10,719,AA,ORD,1638
-8,7,9,2,10,719,AA,ORD,1637
-7,7,10,3,10,719,AA,ORD,1636
-9,7,11,4,10,719,AA,ORD,1635
-9,7,12,5,10,719,AA,ORD,1634
-7,7,13,6,10,719,AA,ORD,1633
36,7,15,1,10,719,AA,ORD,1631
-5,7,16,2,10,719,AA,ORD,1630
-8,7,17,3,10,719,AA,ORD,1629
-5,7,18,4,10,719,AA,ORD,1628
-1,7,19,5,10,719,AA,ORD,1627
-6,7,20,6,10,719,AA,ORD,1626
-7,7,22,1,10,719,AA,ORD,1624
-10,7,23,2,10,719,AA,ORD,1623
4,7,24,3,10,719,AA,ORD,1622
-2,7,25,4,10,719,AA,ORD,1621
-4,7,26,5,10,719,AA,ORD,1620
-1,7,27,6,10,719,AA,ORD,1619
-4,7,29,1,10,719,AA,ORD,1617
-5,7,30,2,10,719,AA,ORD,1616
-2,7,31,3,10,719,AA,ORD,1615
