-1,1,5,6,18,319,US,PIT,1822
-5,1,1,2,10,529,US,CLT,1826
-1,1,2,3,10,529,US,CLT,1825
-4,1,4,5,10,529,US,CLT,1823
3,1,5,6,10,529,US,CLT,1822
10,1,6,7,11,529,US,CLT,1821
5,1,7,1,11,529,US,CLT,1820
-5,1,8,2,11,529,US,CLT,1819
-3,1,9,3,11,529,US,CLT,1818
-9,1,10,4,11,529,US,CLT,1817
-3,1,11,5,11,529,US,CLT,1816
1,1,12,6,11,529,US,CLT,1815
-3,1,13,7,11,529,US,CLT,1814
-3,1,14,1,11,529,US,CLT,1813
-7,1,15,2,11,529,US,CLT,1812
-6,1,16,3,11,529,US,CLT,1811
-6,1,17,4,11,529,US,CLT,1810
-5,1,18,5,11,529,US,CLT,1809
-8,1,19,6,11,529,US,CLT,1808
-9,1,20,7,11,529,US,CLT,1807
3,1,21,1,11,529,US,CLT,1806
-4,1,22,2,11,529,US,CLT,1805
13,1,23,3,11,529,US,CLT,1804
-3,1,24,4,11,529,US,CLT,1803
-4,1,25,5,11,529,US,CLT,1802
-7,1,26,6,11,529,US,CLT,1801
-5,1,27,7,11,529,US,CLT,1800
-6,1,28,1,11,529,US,CLT,1799
-6,1,29,2,11,529,US,CLT,1798
-2,1,30,3,11,529,US,CLT,1797
-2,1,31,4,11,529,US,CLT,1796
-4,1,1,2,13,529,US,CLT,1826
0,1,2,3,13,529,US,CLT,1825
28,1,3,4,13,529,US,CLT,1824
0,1,4,5,13,529,US,CLT,1823
8,1,5,6,13,529,US,CLT,1822
14,1,6,7,13,529,US,CLT,1821
18,1,7,1,13,529,US,CLT,1820
10,1,8,2,13,529,US,CLT,1819
0,1,9,3,13,529,US,CLT,1818
10,1,10,4,13,529,US,CLT,1817
-1,1,11,5,13,529,US,CLT,1816
1,1,12,6,13,529,US,CLT,1815
5,1,13,7,13,529,US,CLT,1814
0,1,14,1,13,529,US,CLT,1813
6,1,15,2,13,529,US,CLT,1812
-5,1,16,3,13,529,US,CLT,1811
-2,1,17,4,13,529,US,CLT,1810
6,1,18,5,13,529,US,CLT,1809
7,1,19,6,13,529,US,CLT,1808
-1,1,20,7,13,529,US,CLT,1807
2,1,21,1,13,529,US,CLT,1806
-9,1,22,2,13,529,US,CLT,1805
4,1,23,3,13,529,US,CLT,1804
-4,1,24,4,13,529,US,CLT,1803
-4,1,25,5,13,529,US,CLT,1802
-2,1,26,6,13,529,US,CLT,1801
4,1,27,7,13,529,US,CLT,1800
-3,1,28,1,13,529,US,CLT,1799
-2,1,29,2,13,529,US,CLT,1798
-8,1,30,3,13,529,US,CLT,1797
-1,1,31,4,13,529,US,CLT,1796
14,1,1,2,18,319,US,PIT,1826
7,1,2,3,18,319,US,PIT,1825
13,1,3,4,18,319,US,PIT,1824
4,1,4,5,18,319,US,PIT,1823
6,1,2,3,6,319,US,PIT,1825
-2,1,3,4,6,319,US,PIT,1824
-1,1,5,6,6,319,US,PIT,1822
11,1,6,7,6,319,US,PIT,1821
-3,1,7,1,6,319,US,PIT,1820
-7,1,8,2,6,319,US,PIT,1819
-4,1,9,3,6,319,US,PIT,1818
-3,1,10,4,6,319,US,PIT,1817
-6,1,11,5,6,319,US,PIT,1816
-3,1,12,6,6,319,US,PIT,1815
-2,1,13,7,6,319,US,PIT,1814
-5,1,14,1,6,319,US,PIT,1813
-7,1,15,2,6,319,US,PIT,1812
-1,1,16,3,6,319,US,PIT,1811
0,1,17,4,6,319,US,PIT,1810
-2,1,18,5,6,319,US,PIT,1809
-3,1,19,6,6,319,US,PIT,1808
-8,1,20,7,6,319,US,PIT,1807
-1,1,21,1,6,319,US,PIT,1806
-4,1,22,2,6,319,US,PIT,1805
-7,1,23,3,6,319,US,PIT,1804
-4,1,24,4,6,319,US,PIT,1803
-8,1,25,5,6,319,US,PIT,1802
-2,1,26,6,6,319,US,PIT,1801
-6,1,27,7,6,319,US,PIT,1800
-4,1,28,1,6,319,US,PIT,1799
-8,1,29,2,6,319,US,PIT,1798
-9,1,30,3,6,319,US,PIT,1797
-4,1,31,4,6,319,US,PIT,1796
5,1,1,2,9,319,US,PIT,1826
25,1,2,3,9,319,US,PIT,1825
4,1,3,4,9,319,US,PIT,1824
0,1,4,5,9,319,US,PIT,1823
-3,1,1,2,10,529,US,CLT,1826
6,1,2,3,10,529,US,CLT,1825
5,1,3,4,10,529,US,CLT,1824
-3,1,4,5,10,529,US,CLT,1823
3,1,5,6,10,529,US,CLT,1822
10,1,6,7,10,529,US,CLT,1821
36,1,7,1,10,529,US,CLT,1820
-9,1,8,2,10,529,US,CLT,1819
-6,1,9,3,10,529,US,CLT,1818
-8,1,10,4,10,529,US,CLT,1817
-6,1,11,5,10,529,US,CLT,1816
-4,1,12,6,10,529,US,CLT,1815
-6,1,13,7,10,529,US,CLT,1814
8,1,14,1,10,529,US,CLT,1813
-6,1,15,2,10,529,US,CLT,1812
-3,1,16,3,10,529,US,CLT,1811
-9,1,17,4,10,529,US,CLT,1810
-6,1,18,5,10,529,US,CLT,1809
-6,1,19,6,10,529,US,CLT,1808
-8,1,20,7,10,529,US,CLT,1807
5,1,21,1,10,529,US,CLT,1806
-10,1,22,2,10,529,US,CLT,1805
-7,1,23,3,10,529,US,CLT,1804
-7,1,24,4,10,529,US,CLT,1803
-11,1,25,5,10,529,US,CLT,1802
-3,1,26,6,10,529,US,CLT,1801
-6,1,27,7,10,529,US,CLT,1800
-7,1,28,1,10,529,US,CLT,1799
-8,1,29,2,10,529,US,CLT,1798
-10,1,30,3,10,529,US,CLT,1797
-7,1,31,4,10,529,US,CLT,1796
-4,1,6,7,8,529,US,CLT,1821
-8,1,7,1,8,529,US,CLT,1820
-5,1,8,2,8,529,US,CLT,1819
-5,1,9,3,8,529,US,CLT,1818
-6,1,10,4,8,529,US,CLT,1817
-5,1,11,5,8,529,US,CLT,1816
-6,1,12,6,8,529,US,CLT,1815
-4,1,13,7,8,529,US,CLT,1814
6,1,14,1,8,529,US,CLT,1813
-5,1,15,2,8,529,US,CLT,1812
-7,1,16,3,8,529,US,CLT,1811
-4,1,17,4,8,529,US,CLT,1810
7,1,18,5,8,529,US,CLT,1809
-8,1,19,6,8,529,US,CLT,1808
11,1,20,7,8,529,US,CLT,1807
3,1,21,1,8,529,US,CLT,1806
-8,1,22,2,8,529,US,CLT,1805
-9,1,23,3,8,529,US,CLT,1804
-7,1,24,4,8,529,US,CLT,1803
-11,1,25,5,8,529,US,CLT,1802
-11,1,26,6,8,529,US,CLT,1801
-9,1,27,7,8,529,US,CLT,1800
-6,1,28,1,8,529,US,CLT,1799
-5,1,29,2,8,529,US,CLT,1798
-5,1,30,3,8,529,US,CLT,1797
-4,1,31,4,8,529,US,CLT,1796
1,1,1,2,8,529,US,CLT,1826
-1,1,2,3,8,529,US,CLT,1825
-1,1,3,4,8,529,US,CLT,1824
-2,1,4,5,8,529,US,CLT,1823
-1,1,5,6,8,529,US,CLT,1822
-2,1,1,2,16,319,US,PIT,1826
-3,1,2,3,16,319,US,PIT,1825
56,1,3,4,16,319,US,PIT,1824
-5,1,4,5,16,319,US,PIT,1823
0,1,5,6,16,319,US,PIT,1822
-2,1,6,7,16,319,US,PIT,1821
17,1,7,1,16,319,US,PIT,1820
-7,1,8,2,16,319,US,PIT,1819
-3,1,9,3,16,319,US,PIT,1818
3,1,10,4,16,319,US,PIT,1817
3,1,11,5,16,319,US,PIT,1816
-6,1,12,6,16,319,US,PIT,1815
2,1,13,7,16,319,US,PIT,1814
9,1,14,1,16,319,US,PIT,1813
-3,1,15,2,16,319,US,PIT,1812
-4,1,16,3,16,319,US,PIT,1811
-4,1,17,4,16,319,US,PIT,1810
-3,1,18,5,16,319,US,PIT,1809
11,1,19,6,16,319,US,PIT,1808
-2,1,20,7,16,319,US,PIT,1807
138,1,21,1,16,319,US,PIT,1806
-4,1,22,2,16,319,US,PIT,1805
-5,1,23,3,16,319,US,PIT,1804
10,1,24,4,16,319,US,PIT,1803
-4,1,25,5,16,319,US,PIT,1802
-3,1,26,6,16,319,US,PIT,1801
7,1,27,7,16,319,US,PIT,1800
-3,1,28,1,16,319,US,PIT,1799
-5,1,29,2,16,319,US,PIT,1798
-2,1,30,3,16,319,US,PIT,1797
-4,1,31,4,16,319,US,PIT,1796
-7,1,1,2,11,319,US,PIT,1826
5,1,2,3,11,319,US,PIT,1825
96,1,3,4,11,319,US,PIT,1824
-5,1,4,5,11,319,US,PIT,1823
21,1,5,6,11,319,US,PIT,1822
2,1,6,7,11,319,US,PIT,1821
7,1,7,1,11,319,US,PIT,1820
-2,1,8,2,11,319,US,PIT,1819
-4,1,9,3,11,319,US,PIT,1818
-7,1,10,4,11,319,US,PIT,1817
-2,1,11,5,11,319,US,PIT,1816
-7,1,12,6,11,319,US,PIT,1815
11,1,13,7,11,319,US,PIT,1814
-4,1,14,1,11,319,US,PIT,1813
2,1,15,2,11,319,US,PIT,1812
-8,1,16,3,11,319,US,PIT,1811
-1,1,17,4,11,319,US,PIT,1810
23,1,19,6,11,319,US,PIT,1808
-4,1,20,7,11,319,US,PIT,1807
9,1,21,1,11,319,US,PIT,1806
-5,1,22,2,11,319,US,PIT,1805
0,1,23,3,11,319,US,PIT,1804
-8,1,24,4,11,319,US,PIT,1803
-2,1,25,5,11,319,US,PIT,1802
-2,1,26,6,11,319,US,PIT,1801
1,1,27,7,11,319,US,PIT,1800
-6,1,28,1,11,319,US,PIT,1799
-10,1,29,2,11,319,US,PIT,1798
-10,1,30,3,11,319,US,PIT,1797
-6,1,31,4,11,319,US,PIT,1796
0,1,1,2,18,529,US,CLT,1826
22,1,2,3,18,529,US,CLT,1825
48,1,3,4,18,529,US,CLT,1824
-4,1,4,5,18,529,US,CLT,1823
-5,1,5,6,18,529,US,CLT,1822
22,1,6,7,18,529,US,CLT,1821
5,1,7,1,18,529,US,CLT,1820
-4,1,8,2,18,529,US,CLT,1819
-2,1,9,3,18,529,US,CLT,1818
-1,1,10,4,18,529,US,CLT,1817
8,1,11,5,18,529,US,CLT,1816
-5,1,12,6,18,529,US,CLT,1815
24,1,13,7,18,529,US,CLT,1814
-6,1,15,2,18,529,US,CLT,1812
14,1,16,3,18,529,US,CLT,1811
-7,1,17,4,18,529,US,CLT,1810
23,1,18,5,18,529,US,CLT,1809
-7,1,19,6,18,529,US,CLT,1808
13,1,20,7,18,529,US,CLT,1807
67,1,21,1,18,529,US,CLT,1806
-3,1,22,2,18,529,US,CLT,1805
5,1,23,3,18,529,US,CLT,1804
-3,1,24,4,18,529,US,CLT,1803
3,1,25,5,18,529,US,CLT,1802
-2,1,26,6,18,529,US,CLT,1801
-7,1,28,1,18,529,US,CLT,1799
-1,1,29,2,18,529,US,CLT,1798
-5,1,30,3,18,529,US,CLT,1797
29,1,31,4,18,529,US,CLT,1796
-3,1,1,2,19,529,US,CLT,1826
-3,1,2,3,19,529,US,CLT,1825
30,1,3,4,19,529,US,CLT,1824
-5,1,4,5,19,529,US,CLT,1823
10,1,6,7,19,529,US,CLT,1821
19,1,7,1,19,529,US,CLT,1820
-8,1,8,2,19,529,US,CLT,1819
-4,1,9,3,19,529,US,CLT,1818
-3,1,10,4,19,529,US,CLT,1817
-11,1,11,5,19,529,US,CLT,1816
24,1,13,7,19,529,US,CLT,1814
-10,1,14,1,19,529,US,CLT,1813
-3,1,15,2,19,529,US,CLT,1812
-4,1,16,3,19,529,US,CLT,1811
-2,1,17,4,19,529,US,CLT,1810
-7,1,18,5,19,529,US,CLT,1809
-9,1,20,7,19,529,US,CLT,1807
-5,1,21,1,19,529,US,CLT,1806
-4,1,22,2,19,529,US,CLT,1805
-5,1,23,3,19,529,US,CLT,1804
-5,1,24,4,19,529,US,CLT,1803
-9,1,25,5,19,529,US,CLT,1802
-3,1,27,7,19,529,US,CLT,1800
-6,1,28,1,19,529,US,CLT,1799
-5,1,29,2,19,529,US,CLT,1798
-7,1,30,3,19,529,US,CLT,1797
-7,1,31,4,19,529,US,CLT,1796
81,1,1,2,9,487,NW,DTW,1826
-4,1,2,3,9,487,NW,DTW,1825
-10,1,3,4,9,487,NW,DTW,1824
13,1,4,5,9,487,NW,DTW,1823
-6,1,5,6,9,487,NW,DTW,1822
-3,1,6,7,9,487,NW,DTW,1821
83,1,7,1,9,487,NW,DTW,1820
-2,1,8,2,9,487,NW,DTW,1819
-6,1,9,3,9,487,NW,DTW,1818
-4,1,10,4,9,487,NW,DTW,1817
-9,1,11,5,9,487,NW,DTW,1816
-11,1,12,6,9,487,NW,DTW,1815
0,1,13,7,9,487,NW,DTW,1814
-4,1,14,1,9,487,NW,DTW,1813
-8,1,15,2,9,487,NW,DTW,1812
-7,1,16,3,9,487,NW,DTW,1811
-7,1,17,4,9,487,NW,DTW,1810
-6,1,18,5,9,487,NW,DTW,1809
-6,1,19,6,9,487,NW,DTW,1808
24,1,20,7,9,487,NW,DTW,1807
-13,1,21,1,9,487,NW,DTW,1806
-6,1,22,2,9,487,NW,DTW,1805
-5,1,23,3,9,487,NW,DTW,1804
-4,1,24,4,9,487,NW,DTW,1803
-11,1,25,5,9,487,NW,DTW,1802
-1,1,26,6,9,487,NW,DTW,1801
-8,1,27,7,9,487,NW,DTW,1800
-9,1,28,1,9,487,NW,DTW,1799
-9,1,29,2,9,487,NW,DTW,1798
-5,1,30,3,9,487,NW,DTW,1797
-2,1,1,2,6,487,NW,DTW,1826
-2,1,2,3,6,487,NW,DTW,1825
-2,1,3,4,6,487,NW,DTW,1824
-8,1,4,5,6,487,NW,DTW,1823
-7,1,5,6,6,487,NW,DTW,1822
14,1,6,7,6,487,NW,DTW,1821
452,1,7,1,6,487,NW,DTW,1820
79,1,8,2,6,487,NW,DTW,1819
-10,1,9,3,6,487,NW,DTW,1818
-5,1,10,4,6,487,NW,DTW,1817
-5,1,11,5,6,487,NW,DTW,1816
14,1,12,6,6,487,NW,DTW,1815
-8,1,13,7,6,487,NW,DTW,1814
0,1,14,1,6,487,NW,DTW,1813
-8,1,15,2,6,487,NW,DTW,1812
-9,1,16,3,6,487,NW,DTW,1811
-2,1,18,5,6,487,NW,DTW,1809
-10,1,19,6,6,487,NW,DTW,1808
-2,1,20,7,6,487,NW,DTW,1807
-6,1,21,1,6,487,NW,DTW,1806
-10,1,22,2,6,487,NW,DTW,1805
-6,1,23,3,6,487,NW,DTW,1804
-6,1,24,4,6,487,NW,DTW,1803
-5,1,25,5,6,487,NW,DTW,1802
-2,1,26,6,6,487,NW,DTW,1801
12,1,27,7,6,487,NW,DTW,1800
-2,1,28,1,6,487,NW,DTW,1799
-6,1,29,2,6,487,NW,DTW,1798
-6,1,30,3,6,487,NW,DTW,1797
-5,1,31,4,6,487,NW,DTW,1796
-3,1,1,2,14,487,NW,DTW,1826
1,1,2,3,14,487,NW,DTW,1825
-6,1,3,4,14,487,NW,DTW,1824
-1,1,4,5,14,487,NW,DTW,1823
38,1,7,1,14,487,NW,DTW,1820
-7,1,8,2,14,487,NW,DTW,1819
-6,1,9,3,14,487,NW,DTW,1818
-9,1,10,4,14,487,NW,DTW,1817
1,1,13,7,14,487,NW,DTW,1814
-6,1,14,1,14,487,NW,DTW,1813
25,1,15,2,14,487,NW,DTW,1812
4,1,16,3,14,487,NW,DTW,1811
-6,1,17,4,14,487,NW,DTW,1810
-5,1,18,5,14,487,NW,DTW,1809
-8,1,20,7,14,487,NW,DTW,1807
-4,1,21,1,14,487,NW,DTW,1806
-13,1,22,2,14,487,NW,DTW,1805
-8,1,23,3,14,487,NW,DTW,1804
17,1,24,4,14,487,NW,DTW,1803
-4,1,25,5,14,487,NW,DTW,1802
-11,1,27,7,14,487,NW,DTW,1800
-9,1,28,1,14,487,NW,DTW,1799
-11,1,29,2,14,487,NW,DTW,1798
-7,1,30,3,14,487,NW,DTW,1797
-4,1,1,2,11,487,NW,DTW,1826
-3,1,2,3,11,487,NW,DTW,1825
-1,1,3,4,11,487,NW,DTW,1824
-4,1,4,5,11,487,NW,DTW,1823
-2,1,5,6,11,487,NW,DTW,1822
0,1,7,1,11,487,NW,DTW,1820
-2,1,8,2,11,487,NW,DTW,1819
-3,1,9,3,11,487,NW,DTW,1818
-4,1,10,4,11,487,NW,DTW,1817
-5,1,11,5,11,487,NW,DTW,1816
-7,1,12,6,11,487,NW,DTW,1815
-11,1,14,1,11,487,NW,DTW,1813
-2,1,15,2,11,487,NW,DTW,1812
-3,1,16,3,11,487,NW,DTW,1811
-5,1,17,4,11,487,NW,DTW,1810
95,1,18,5,11,487,NW,DTW,1809
-7,1,19,6,11,487,NW,DTW,1808
-9,1,21,1,11,487,NW,DTW,1806
-8,1,22,2,11,487,NW,DTW,1805
-6,1,23,3,11,487,NW,DTW,1804
-7,1,24,4,11,487,NW,DTW,1803
-8,1,25,5,11,487,NW,DTW,1802
2,1,26,6,11,487,NW,DTW,1801
-6,1,28,1,11,487,NW,DTW,1799
-8,1,29,2,11,487,NW,DTW,1798
-9,1,30,3,11,487,NW,DTW,1797
0,1,31,4,11,487,NW,DTW,1796
-5,1,1,2,18,487,NW,DTW,1826
-3,1,2,3,18,487,NW,DTW,1825
-9,1,3,4,18,487,NW,DTW,1824
-4,1,4,5,18,487,NW,DTW,1823
-10,1,6,7,18,487,NW,DTW,1821
-9,1,7,1,18,487,NW,DTW,1820
-6,1,8,2,18,487,NW,DTW,1819
-5,1,9,3,18,487,NW,DTW,1818
-10,1,10,4,18,487,NW,DTW,1817
-3,1,11,5,18,487,NW,DTW,1816
-5,1,13,7,18,487,NW,DTW,1814
-8,1,14,1,18,487,NW,DTW,1813
-6,1,15,2,18,487,NW,DTW,1812
-8,1,16,3,18,487,NW,DTW,1811
-8,1,17,4,18,487,NW,DTW,1810
-4,1,18,5,18,487,NW,DTW,1809
-9,1,20,7,18,487,NW,DTW,1807
-7,1,21,1,18,487,NW,DTW,1806
-4,1,22,2,18,487,NW,DTW,1805
-12,1,23,3,18,487,NW,DTW,1804
-7,1,24,4,18,487,NW,DTW,1803
-10,1,25,5,18,487,NW,DTW,1802
-7,1,27,7,18,487,NW,DTW,1800
-8,1,28,1,18,487,NW,DTW,1799
-8,1,29,2,18,487,NW,DTW,1798
-2,1,30,3,18,487,NW,DTW,1797
-7,1,31,4,18,487,NW,DTW,1796
-5,1,1,2,12,487,NW,DTW,1826
19,1,2,3,12,487,NW,DTW,1825
-11,1,3,4,12,487,NW,DTW,1824
-9,1,4,5,12,487,NW,DTW,1823
-8,1,5,6,12,487,NW,DTW,1822
25,1,6,7,12,487,NW,DTW,1821
6,1,7,1,12,487,NW,DTW,1820
-9,1,8,2,12,487,NW,DTW,1819
-11,1,9,3,12,487,NW,DTW,1818
-9,1,10,4,12,487,NW,DTW,1817
-7,1,11,5,12,487,NW,DTW,1816
-9,1,12,6,12,487,NW,DTW,1815
-7,1,13,7,12,487,NW,DTW,1814
-10,1,14,1,12,487,NW,DTW,1813
-8,1,15,2,12,487,NW,DTW,1812
-9,1,16,3,12,487,NW,DTW,1811
-3,1,17,4,12,487,NW,DTW,1810
-7,1,18,5,12,487,NW,DTW,1809
-5,1,20,7,12,487,NW,DTW,1807
1,1,21,1,12,487,NW,DTW,1806
-10,1,22,2,12,487,NW,DTW,1805
-8,1,23,3,12,487,NW,DTW,1804
-9,1,24,4,12,487,NW,DTW,1803
-8,1,25,5,12,487,NW,DTW,1802
-9,1,26,6,12,487,NW,DTW,1801
-7,1,27,7,12,487,NW,DTW,1800
-10,1,28,1,12,487,NW,DTW,1799
-6,1,29,2,12,487,NW,DTW,1798
36,1,30,3,12,487,NW,DTW,1797
5,1,1,2,17,1008,NW,MSP,1826
48,1,2,3,17,1008,NW,MSP,1825
-9,1,1,2,13,1008,NW,MSP,1826
-3,1,2,3,13,1008,NW,MSP,1825
-4,1,3,4,8,1008,NW,MSP,1824
-1,1,4,5,8,1008,NW,MSP,1823
-3,1,5,6,8,1008,NW,MSP,1822
-9,1,6,7,8,1008,NW,MSP,1821
-6,1,7,1,8,1008,NW,MSP,1820
-1,1,8,2,8,1008,NW,MSP,1819
-8,1,9,3,8,1008,NW,MSP,1818
-7,1,10,4,8,1008,NW,MSP,1817
-3,1,11,5,8,1008,NW,MSP,1816
-4,1,12,6,8,1008,NW,MSP,1815
6,1,13,7,8,1008,NW,MSP,1814
-6,1,14,1,8,1008,NW,MSP,1813
-7,1,15,2,8,1008,NW,MSP,1812
-9,1,16,3,8,1008,NW,MSP,1811
-4,1,17,4,8,1008,NW,MSP,1810
-10,1,18,5,8,1008,NW,MSP,1809
-4,1,19,6,8,1008,NW,MSP,1808
-6,1,21,1,8,1008,NW,MSP,1806
-6,1,22,2,8,1008,NW,MSP,1805
-11,1,23,3,8,1008,NW,MSP,1804
-11,1,24,4,8,1008,NW,MSP,1803
-6,1,25,5,8,1008,NW,MSP,1802
-4,1,26,6,8,1008,NW,MSP,1801
-6,1,28,1,8,1008,NW,MSP,1799
-4,1,29,2,8,1008,NW,MSP,1798
-4,1,30,3,8,1008,NW,MSP,1797
-4,1,31,4,8,1008,NW,MSP,1796
5,1,1,2,8,1008,NW,MSP,1826
-4,1,2,3,8,1008,NW,MSP,1825
-3,1,1,2,11,1008,NW,MSP,1826
95,1,2,3,11,1008,NW,MSP,1825
-7,1,3,4,11,1008,NW,MSP,1824
-4,1,4,5,11,1008,NW,MSP,1823
4,1,6,7,11,1008,NW,MSP,1821
-2,1,7,1,11,1008,NW,MSP,1820
-1,1,8,2,11,1008,NW,MSP,1819
-4,1,9,3,11,1008,NW,MSP,1818
-3,1,10,4,11,1008,NW,MSP,1817
-5,1,11,5,11,1008,NW,MSP,1816
63,1,13,7,11,1008,NW,MSP,1814
30,1,14,1,11,1008,NW,MSP,1813
-3,1,15,2,11,1008,NW,MSP,1812
-4,1,16,3,11,1008,NW,MSP,1811
0,1,17,4,11,1008,NW,MSP,1810
1,1,20,7,11,1008,NW,MSP,1807
28,1,21,1,11,1008,NW,MSP,1806
-11,1,22,2,11,1008,NW,MSP,1805
-12,1,23,3,11,1008,NW,MSP,1804
-5,1,24,4,11,1008,NW,MSP,1803
-7,1,25,5,11,1008,NW,MSP,1802
-2,1,27,7,11,1008,NW,MSP,1800
43,1,28,1,11,1008,NW,MSP,1799
-10,1,29,2,11,1008,NW,MSP,1798
-7,1,30,3,11,1008,NW,MSP,1797
25,1,31,4,11,1008,NW,MSP,1796
-1,1,3,4,17,1008,NW,MSP,1824
-9,1,4,5,17,1008,NW,MSP,1823
0,1,5,6,17,1008,NW,MSP,1822
-2,1,6,7,17,1008,NW,MSP,1821
67,1,7,1,17,1008,NW,MSP,1820
-1,1,9,3,17,1008,NW,MSP,1818
10,1,10,4,17,1008,NW,MSP,1817
-4,1,11,5,17,1008,NW,MSP,1816
-6,1,12,6,17,1008,NW,MSP,1815
3,1,13,7,17,1008,NW,MSP,1814
-5,1,14,1,17,1008,NW,MSP,1813
-4,1,15,2,17,1008,NW,MSP,1812
-6,1,16,3,17,1008,NW,MSP,1811
-6,1,17,4,17,1008,NW,MSP,1810
-8,1,18,5,17,1008,NW,MSP,1809
-8,1,20,7,17,1008,NW,MSP,1807
-6,1,21,1,17,1008,NW,MSP,1806
-8,1,22,2,17,1008,NW,MSP,1805
-8,1,23,3,17,1008,NW,MSP,1804
30,1,24,4,17,1008,NW,MSP,1803
-6,1,25,5,17,1008,NW,MSP,1802
92,1,26,6,17,1008,NW,MSP,1801
-9,1,27,7,17,1008,NW,MSP,1800
-12,1,28,1,17,1008,NW,MSP,1799
-10,1,29,2,17,1008,NW,MSP,1798
17,1,31,4,17,1008,NW,MSP,1796
11,1,1,2,6,946,NW,MEM,1826
-4,1,2,3,6,946,NW,MEM,1825
-7,1,3,4,6,946,NW,MEM,1824
41,1,4,5,6,946,NW,MEM,1823
-8,1,5,6,6,946,NW,MEM,1822
0,1,7,1,6,946,NW,MEM,1820
-6,1,8,2,6,946,NW,MEM,1819
-6,1,9,3,6,946,NW,MEM,1818
-7,1,10,4,6,946,NW,MEM,1817
6,1,11,5,6,946,NW,MEM,1816
-3,1,12,6,6,946,NW,MEM,1815
1,1,14,1,6,946,NW,MEM,1813
-7,1,15,2,6,946,NW,MEM,1812
-11,1,16,3,6,946,NW,MEM,1811
-8,1,17,4,6,946,NW,MEM,1810
-5,1,18,5,6,946,NW,MEM,1809
-8,1,19,6,6,946,NW,MEM,1808
-9,1,21,1,6,946,NW,MEM,1806
-10,1,22,2,6,946,NW,MEM,1805
-3,1,23,3,6,946,NW,MEM,1804
10,1,24,4,6,946,NW,MEM,1803
-9,1,25,5,6,946,NW,MEM,1802
-8,1,26,6,6,946,NW,MEM,1801
-7,1,28,1,6,946,NW,MEM,1799
45,1,29,2,6,946,NW,MEM,1798
-4,1,30,3,6,946,NW,MEM,1797
-3,1,31,4,6,946,NW,MEM,1796
-5,1,1,2,10,946,NW,MEM,1826
-3,1,2,3,10,946,NW,MEM,1825
-8,1,3,4,10,946,NW,MEM,1824
-10,1,4,5,10,946,NW,MEM,1823
-5,1,5,6,10,946,NW,MEM,1822
-5,1,6,7,10,946,NW,MEM,1821
-6,1,7,1,10,946,NW,MEM,1820
-6,1,8,2,10,946,NW,MEM,1819
-5,1,9,3,10,946,NW,MEM,1818
34,1,10,4,10,946,NW,MEM,1817
-6,1,11,5,10,946,NW,MEM,1816
-2,1,12,6,10,946,NW,MEM,1815
-9,1,13,7,10,946,NW,MEM,1814
-6,1,14,1,10,946,NW,MEM,1813
-6,1,15,2,10,946,NW,MEM,1812
-8,1,16,3,10,946,NW,MEM,1811
-8,1,17,4,10,946,NW,MEM,1810
-7,1,18,5,10,946,NW,MEM,1809
-5,1,19,6,10,946,NW,MEM,1808
-5,1,21,1,10,946,NW,MEM,1806
-6,1,22,2,10,946,NW,MEM,1805
-6,1,23,3,10,946,NW,MEM,1804
-5,1,24,4,10,946,NW,MEM,1803
-8,1,25,5,10,946,NW,MEM,1802
-7,1,26,6,10,946,NW,MEM,1801
-9,1,27,7,10,946,NW,MEM,1800
-6,1,28,1,10,946,NW,MEM,1799
-13,1,29,2,10,946,NW,MEM,1798
-7,1,30,3,10,946,NW,MEM,1797
-9,1,31,4,10,946,NW,MEM,1796
-1,1,1,2,14,946,NW,MEM,1826
-6,1,2,3,14,946,NW,MEM,1825
0,1,3,4,14,946,NW,MEM,1824
1,1,4,5,14,946,NW,MEM,1823
-9,1,5,6,14,946,NW,MEM,1822
-7,1,6,7,14,946,NW,MEM,1821
55,1,7,1,14,946,NW,MEM,1820
-3,1,8,2,14,946,NW,MEM,1819
-4,1,9,3,14,946,NW,MEM,1818
6,1,10,4,14,946,NW,MEM,1817
3,1,11,5,14,946,NW,MEM,1816
-5,1,12,6,14,946,NW,MEM,1815
46,1,13,7,14,946,NW,MEM,1814
15,1,14,1,14,946,NW,MEM,1813
-5,1,15,2,14,946,NW,MEM,1812
-9,1,16,3,14,946,NW,MEM,1811
-7,1,17,4,14,946,NW,MEM,1810
22,1,18,5,14,946,NW,MEM,1809
-23,1,19,6,14,946,NW,MEM,1808
18,1,21,1,14,946,NW,MEM,1806
-5,1,22,2,14,946,NW,MEM,1805
20,1,23,3,14,946,NW,MEM,1804
-9,1,24,4,14,946,NW,MEM,1803
-7,1,25,5,14,946,NW,MEM,1802
-8,1,26,6,14,946,NW,MEM,1801
-11,1,27,7,14,946,NW,MEM,1800
-5,1,28,1,14,946,NW,MEM,1799
-7,1,29,2,14,946,NW,MEM,1798
67,1,30,3,14,946,NW,MEM,1797
46,1,31,4,14,946,NW,MEM,1796
-4,1,3,4,13,1008,NW,MSP,1824
-5,1,4,5,13,1008,NW,MSP,1823
-9,1,5,6,13,1008,NW,MSP,1822
-5,1,6,7,13,1008,NW,MSP,1821
26,1,7,1,13,1008,NW,MSP,1820
-9,1,8,2,13,1008,NW,MSP,1819
-4,1,9,3,13,1008,NW,MSP,1818
-7,1,10,4,13,1008,NW,MSP,1817
-8,1,11,5,13,1008,NW,MSP,1816
-4,1,12,6,13,1008,NW,MSP,1815
-6,1,13,7,13,1008,NW,MSP,1814
-9,1,14,1,13,1008,NW,MSP,1813
-7,1,15,2,13,1008,NW,MSP,1812
46,1,16,3,13,1008,NW,MSP,1811
-7,1,17,4,13,1008,NW,MSP,1810
-1,1,18,5,13,1008,NW,MSP,1809
-12,1,19,6,13,1008,NW,MSP,1808
55,1,21,1,13,1008,NW,MSP,1806
-10,1,22,2,13,1008,NW,MSP,1805
-8,1,23,3,13,1008,NW,MSP,1804
-7,1,24,4,13,1008,NW,MSP,1803
-7,1,25,5,13,1008,NW,MSP,1802
-11,1,26,6,13,1008,NW,MSP,1801
-8,1,27,7,13,1008,NW,MSP,1800
-6,1,28,1,13,1008,NW,MSP,1799
51,1,29,2,13,1008,NW,MSP,1798
-8,1,30,3,13,1008,NW,MSP,1797
2,1,3,4,16,487,NW,DTW,1824
-2,1,4,5,16,487,NW,DTW,1823
-4,1,5,6,16,487,NW,DTW,1822
-4,1,6,7,16,487,NW,DTW,1821
42,1,7,1,16,487,NW,DTW,1820
-2,1,8,2,16,487,NW,DTW,1819
-4,1,9,3,16,487,NW,DTW,1818
-3,1,10,4,16,487,NW,DTW,1817
26,1,11,5,16,487,NW,DTW,1816
-2,1,12,6,16,487,NW,DTW,1815
58,1,13,7,16,487,NW,DTW,1814
-2,1,14,1,16,487,NW,DTW,1813
-2,1,15,2,16,487,NW,DTW,1812
48,1,16,3,16,487,NW,DTW,1811
-3,1,17,4,16,487,NW,DTW,1810
54,1,18,5,16,487,NW,DTW,1809
-5,1,20,7,16,487,NW,DTW,1807
62,1,22,2,16,487,NW,DTW,1805
-4,1,23,3,16,487,NW,DTW,1804
-1,1,24,4,16,487,NW,DTW,1803
-7,1,25,5,16,487,NW,DTW,1802
-8,1,26,6,16,487,NW,DTW,1801
-2,1,27,7,16,487,NW,DTW,1800
-5,1,28,1,16,487,NW,DTW,1799
-3,1,29,2,16,487,NW,DTW,1798
-4,1,30,3,16,487,NW,DTW,1797
101,1,31,4,16,487,NW,DTW,1796
-6,1,1,2,6,1008,NW,MSP,1826
-4,1,2,3,6,1008,NW,MSP,1825
-5,1,3,4,6,1008,NW,MSP,1824
-6,1,4,5,6,1008,NW,MSP,1823
-3,1,5,6,6,1008,NW,MSP,1822
-1,1,6,7,6,1008,NW,MSP,1821
-3,1,7,1,6,1008,NW,MSP,1820
158,1,8,2,6,1008,NW,MSP,1819
89,1,9,3,6,1008,NW,MSP,1818
-3,1,10,4,6,1008,NW,MSP,1817
-8,1,11,5,6,1008,NW,MSP,1816
-5,1,12,6,6,1008,NW,MSP,1815
-8,1,13,7,6,1008,NW,MSP,1814
-10,1,14,1,6,1008,NW,MSP,1813
-2,1,15,2,6,1008,NW,MSP,1812
-5,1,16,3,6,1008,NW,MSP,1811
-5,1,17,4,6,1008,NW,MSP,1810
-2,1,18,5,6,1008,NW,MSP,1809
-2,1,19,6,6,1008,NW,MSP,1808
-2,1,20,7,6,1008,NW,MSP,1807
-2,1,21,1,6,1008,NW,MSP,1806
-10,1,22,2,6,1008,NW,MSP,1805
-5,1,23,3,6,1008,NW,MSP,1804
49,1,24,4,6,1008,NW,MSP,1803
-5,1,25,5,6,1008,NW,MSP,1802
-5,1,26,6,6,1008,NW,MSP,1801
12,1,27,7,6,1008,NW,MSP,1800
-2,1,28,1,6,1008,NW,MSP,1799
15,1,29,2,6,1008,NW,MSP,1798
36,1,30,3,6,1008,NW,MSP,1797
-2,1,1,2,16,487,NW,DTW,1826
0,1,2,3,16,487,NW,DTW,1825
-2,1,1,2,8,2454,UA,LAX,1826
-4,1,2,3,8,2454,UA,LAX,1825
6,1,3,4,8,2454,UA,LAX,1824
6,1,4,5,8,2454,UA,LAX,1823
-3,1,5,6,8,2454,UA,LAX,1822
-5,1,6,7,8,2454,UA,LAX,1821
-4,1,7,1,8,2454,UA,LAX,1820
-3,1,8,2,8,2454,UA,LAX,1819
70,1,9,3,8,2454,UA,LAX,1818
-6,1,10,4,8,2454,UA,LAX,1817
2,1,11,5,8,2454,UA,LAX,1816
2,1,12,6,8,2454,UA,LAX,1815
-3,1,13,7,8,2454,UA,LAX,1814
-1,1,14,1,8,2454,UA,LAX,1813
-1,1,15,2,8,2454,UA,LAX,1812
-4,1,16,3,8,2454,UA,LAX,1811
-1,1,17,4,8,2454,UA,LAX,1810
-3,1,18,5,8,2454,UA,LAX,1809
-2,1,19,6,8,2454,UA,LAX,1808
-3,1,20,7,8,2454,UA,LAX,1807
11,1,21,1,8,2454,UA,LAX,1806
0,1,22,2,8,2454,UA,LAX,1805
-5,1,23,3,8,2454,UA,LAX,1804
-3,1,24,4,8,2454,UA,LAX,1803
-3,1,25,5,8,2454,UA,LAX,1802
-3,1,26,6,8,2454,UA,LAX,1801
3,1,27,7,8,2454,UA,LAX,1800
-5,1,28,1,8,2454,UA,LAX,1799
-3,1,29,2,8,2454,UA,LAX,1798
-7,1,30,3,8,2454,UA,LAX,1797
0,1,31,4,8,2454,UA,LAX,1796
-1,1,8,2,18,2454,UA,LAX,1819
-4,1,9,3,18,2454,UA,LAX,1818
-1,1,10,4,18,2454,UA,LAX,1817
-4,1,11,5,18,2454,UA,LAX,1816
-3,1,12,6,18,2454,UA,LAX,1815
6,1,13,7,18,2454,UA,LAX,1814
-5,1,14,1,18,2454,UA,LAX,1813
-6,1,15,2,18,2454,UA,LAX,1812
-2,1,16,3,18,2454,UA,LAX,1811
-1,1,17,4,18,2454,UA,LAX,1810
2,1,18,5,18,2454,UA,LAX,1809
-1,1,19,6,18,2454,UA,LAX,1808
73,1,20,7,18,2454,UA,LAX,1807
-2,1,21,1,18,2454,UA,LAX,1806
-4,1,22,2,18,2454,UA,LAX,1805
-6,1,23,3,18,2454,UA,LAX,1804
-2,1,24,4,18,2454,UA,LAX,1803
-5,1,25,5,18,2454,UA,LAX,1802
-7,1,26,6,18,2454,UA,LAX,1801
-1,1,27,7,18,2454,UA,LAX,1800
65,1,28,1,18,2454,UA,LAX,1799
-6,1,29,2,18,2454,UA,LAX,1798
-2,1,30,3,18,2454,UA,LAX,1797
54,1,31,4,18,2454,UA,LAX,1796
-2,1,1,2,7,2565,UA,SFO,1826
2,1,2,3,7,2565,UA,SFO,1825
3,1,3,4,7,2565,UA,SFO,1824
46,1,4,5,7,2565,UA,SFO,1823
3,1,5,6,7,2565,UA,SFO,1822
-1,1,6,7,7,2565,UA,SFO,1821
1,1,7,1,7,2565,UA,SFO,1820
-1,1,8,2,10,2565,UA,SFO,1819
8,1,9,3,10,2565,UA,SFO,1818
-2,1,10,4,10,2565,UA,SFO,1817
-4,1,11,5,10,2565,UA,SFO,1816
-4,1,12,6,10,2565,UA,SFO,1815
-2,1,14,1,10,2565,UA,SFO,1813
-2,1,15,2,10,2565,UA,SFO,1812
0,1,16,3,10,2565,UA,SFO,1811
-3,1,17,4,10,2565,UA,SFO,1810
-4,1,18,5,10,2565,UA,SFO,1809
-1,1,19,6,10,2565,UA,SFO,1808
-5,1,21,1,10,2565,UA,SFO,1806
-5,1,22,2,10,2565,UA,SFO,1805
-1,1,23,3,10,2565,UA,SFO,1804
0,1,24,4,10,2565,UA,SFO,1803
-3,1,25,5,10,2565,UA,SFO,1802
-1,1,26,6,10,2565,UA,SFO,1801
0,1,28,1,10,2565,UA,SFO,1799
-1,1,29,2,10,2565,UA,SFO,1798
-4,1,30,3,10,2565,UA,SFO,1797
-1,1,31,4,10,2565,UA,SFO,1796
393,1,1,2,11,2454,UA,LAX,1826
13,1,2,3,11,2454,UA,LAX,1825
6,1,3,4,11,2454,UA,LAX,1824
0,1,4,5,11,2454,UA,LAX,1823
3,1,5,6,11,2454,UA,LAX,1822
19,1,6,7,11,2454,UA,LAX,1821
-3,1,7,1,11,2454,UA,LAX,1820
70,1,1,2,18,2565,UA,SFO,1826
30,1,2,3,18,2565,UA,SFO,1825
3,1,3,4,18,2565,UA,SFO,1824
-1,1,4,5,18,2565,UA,SFO,1823
1,1,5,6,18,2565,UA,SFO,1822
8,1,6,7,18,2565,UA,SFO,1821
203,1,7,1,18,2565,UA,SFO,1820
-1,1,8,2,18,2565,UA,SFO,1819
0,1,9,3,18,2565,UA,SFO,1818
-1,1,10,4,18,2565,UA,SFO,1817
115,1,11,5,18,2565,UA,SFO,1816
1,1,12,6,18,2565,UA,SFO,1815
31,1,13,7,18,2565,UA,SFO,1814
1,1,14,1,18,2565,UA,SFO,1813
-2,1,15,2,18,2565,UA,SFO,1812
5,1,16,3,18,2565,UA,SFO,1811
-2,1,17,4,18,2565,UA,SFO,1810
-3,1,18,5,18,2565,UA,SFO,1809
8,1,19,6,18,2565,UA,SFO,1808
-2,1,20,7,18,2565,UA,SFO,1807
-2,1,21,1,18,2565,UA,SFO,1806
4,1,22,2,18,2565,UA,SFO,1805
-7,1,23,3,18,2565,UA,SFO,1804
-4,1,24,4,18,2565,UA,SFO,1803
-5,1,25,5,18,2565,UA,SFO,1802
-8,1,26,6,18,2565,UA,SFO,1801
10,1,27,7,18,2565,UA,SFO,1800
0,1,28,1,18,2565,UA,SFO,1799
-3,1,29,2,18,2565,UA,SFO,1798
121,1,30,3,18,2565,UA,SFO,1797
34,1,31,4,18,2565,UA,SFO,1796
-2,1,8,2,7,2565,UA,SFO,1819
2,1,9,3,7,2565,UA,SFO,1818
-5,1,10,4,7,2565,UA,SFO,1817
0,1,11,5,7,2565,UA,SFO,1816
31,1,12,6,7,2565,UA,SFO,1815
-1,1,13,7,7,2565,UA,SFO,1814
64,1,14,1,7,2565,UA,SFO,1813
-3,1,15,2,7,2565,UA,SFO,1812
-4,1,16,3,7,2565,UA,SFO,1811
-1,1,17,4,7,2565,UA,SFO,1810
2,1,18,5,7,2565,UA,SFO,1809
-2,1,19,6,7,2565,UA,SFO,1808
0,1,20,7,7,2565,UA,SFO,1807
-4,1,21,1,7,2565,UA,SFO,1806
-2,1,22,2,7,2565,UA,SFO,1805
-1,1,23,3,7,2565,UA,SFO,1804
-3,1,24,4,7,2565,UA,SFO,1803
0,1,25,5,7,2565,UA,SFO,1802
3,1,26,6,7,2565,UA,SFO,1801
0,1,27,7,7,2565,UA,SFO,1800
0,1,28,1,7,2565,UA,SFO,1799
-3,1,30,3,7,2565,UA,SFO,1797
-3,1,31,4,7,2565,UA,SFO,1796
-1,1,8,2,11,2454,UA,LAX,1819
-1,1,9,3,11,2454,UA,LAX,1818
-3,1,10,4,11,2454,UA,LAX,1817
-5,1,11,5,11,2454,UA,LAX,1816
-3,1,12,6,11,2454,UA,LAX,1815
5,1,13,7,11,2454,UA,LAX,1814
-6,1,15,2,11,2454,UA,LAX,1812
1,1,16,3,11,2454,UA,LAX,1811
-4,1,17,4,11,2454,UA,LAX,1810
-4,1,18,5,11,2454,UA,LAX,1809
-5,1,19,6,11,2454,UA,LAX,1808
-3,1,20,7,11,2454,UA,LAX,1807
18,1,21,1,11,2454,UA,LAX,1806
0,1,22,2,11,2454,UA,LAX,1805
-3,1,23,3,11,2454,UA,LAX,1804
-4,1,24,4,11,2454,UA,LAX,1803
1,1,25,5,11,2454,UA,LAX,1802
-1,1,26,6,11,2454,UA,LAX,1801
31,1,27,7,11,2454,UA,LAX,1800
0,1,28,1,11,2454,UA,LAX,1799
-4,1,29,2,11,2454,UA,LAX,1798
0,1,30,3,11,2454,UA,LAX,1797
-4,1,31,4,11,2454,UA,LAX,1796
85,1,1,2,18,2454,UA,LAX,1826
122,1,2,3,18,2454,UA,LAX,1825
4,1,3,4,18,2454,UA,LAX,1824
4,1,4,5,18,2454,UA,LAX,1823
-1,1,5,6,18,2454,UA,LAX,1822
-3,1,6,7,18,2454,UA,LAX,1821
6,1,7,1,18,2454,UA,LAX,1820
-3,1,1,2,10,2565,UA,SFO,1826
7,1,2,3,10,2565,UA,SFO,1825
3,1,3,4,10,2565,UA,SFO,1824
3,1,4,5,10,2565,UA,SFO,1823
-1,1,5,6,10,2565,UA,SFO,1822
-4,1,6,7,10,2565,UA,SFO,1821
0,1,7,1,10,2565,UA,SFO,1820
2,1,8,2,14,1605,UA,DEN,1819
-4,1,9,3,14,1605,UA,DEN,1818
39,1,10,4,14,1605,UA,DEN,1817
3,1,11,5,14,1605,UA,DEN,1816
-3,1,12,6,14,1605,UA,DEN,1815
-2,1,13,7,14,1605,UA,DEN,1814
-4,1,14,1,14,1605,UA,DEN,1813
-2,1,15,2,14,1605,UA,DEN,1812
-2,1,16,3,14,1605,UA,DEN,1811
1,1,17,4,14,1605,UA,DEN,1810
2,1,18,5,14,1605,UA,DEN,1809
-4,1,19,6,14,1605,UA,DEN,1808
-4,1,20,7,14,1605,UA,DEN,1807
-2,1,21,1,14,1605,UA,DEN,1806
-4,1,22,2,14,1605,UA,DEN,1805
-2,1,23,3,14,1605,UA,DEN,1804
-4,1,24,4,14,1605,UA,DEN,1803
23,1,25,5,14,1605,UA,DEN,1802
1,1,26,6,14,1605,UA,DEN,1801
-3,1,27,7,14,1605,UA,DEN,1800
-2,1,28,1,14,1605,UA,DEN,1799
-6,1,29,2,14,1605,UA,DEN,1798
1,1,30,3,14,1605,UA,DEN,1797
-3,1,31,4,14,1605,UA,DEN,1796
0,1,1,2,14,1605,UA,DEN,1826
0,1,2,3,14,1605,UA,DEN,1825
2,1,3,4,14,1605,UA,DEN,1824
7,1,4,5,14,1605,UA,DEN,1823
5,1,5,6,14,1605,UA,DEN,1822
2,1,6,7,14,1605,UA,DEN,1821
-7,1,7,1,14,1605,UA,DEN,1820
-2,1,8,2,9,1605,UA,DEN,1819
-2,1,9,3,9,1605,UA,DEN,1818
76,1,10,4,9,1605,UA,DEN,1817
3,1,11,5,9,1605,UA,DEN,1816
4,1,12,6,9,1605,UA,DEN,1815
-1,1,13,7,9,1605,UA,DEN,1814
53,1,14,1,9,1605,UA,DEN,1813
-1,1,15,2,9,1605,UA,DEN,1812
-7,1,16,3,9,1605,UA,DEN,1811
-1,1,17,4,9,1605,UA,DEN,1810
-1,1,18,5,9,1605,UA,DEN,1809
2,1,19,6,9,1605,UA,DEN,1808
1,1,20,7,9,1605,UA,DEN,1807
-1,1,21,1,9,1605,UA,DEN,1806
-6,1,22,2,9,1605,UA,DEN,1805
-9,1,23,3,9,1605,UA,DEN,1804
6,1,24,4,9,1605,UA,DEN,1803
-1,1,26,6,9,1605,UA,DEN,1801
50,1,27,7,9,1605,UA,DEN,1800
-3,1,28,1,9,1605,UA,DEN,1799
6,1,29,2,9,1605,UA,DEN,1798
0,1,30,3,9,1605,UA,DEN,1797
-1,1,31,4,9,1605,UA,DEN,1796
-6,1,1,2,6,719,UA,ORD,1826
-5,1,2,3,6,719,UA,ORD,1825
-1,1,3,4,6,719,UA,ORD,1824
-3,1,4,5,6,719,UA,ORD,1823
-3,1,5,6,6,719,UA,ORD,1822
-4,1,6,7,6,719,UA,ORD,1821
-6,1,7,1,6,719,UA,ORD,1820
-5,1,8,2,6,719,UA,ORD,1819
-1,1,9,3,6,719,UA,ORD,1818
-5,1,10,4,6,719,UA,ORD,1817
-6,1,11,5,6,719,UA,ORD,1816
45,1,12,6,6,719,UA,ORD,1815
-3,1,14,1,6,719,UA,ORD,1813
-4,1,15,2,6,719,UA,ORD,1812
-6,1,16,3,6,719,UA,ORD,1811
-3,1,17,4,6,719,UA,ORD,1810
-4,1,18,5,6,719,UA,ORD,1809
-3,1,19,6,6,719,UA,ORD,1808
-4,1,21,1,6,719,UA,ORD,1806
-2,1,22,2,6,719,UA,ORD,1805
-8,1,23,3,6,719,UA,ORD,1804
-2,1,24,4,6,719,UA,ORD,1803
-5,1,25,5,6,719,UA,ORD,1802
0,1,26,6,6,719,UA,ORD,1801
-3,1,28,1,6,719,UA,ORD,1799
-4,1,29,2,6,719,UA,ORD,1798
4,1,30,3,6,719,UA,ORD,1797
-7,1,31,4,6,719,UA,ORD,1796
-6,1,1,2,7,719,UA,ORD,1826
12,1,2,3,7,719,UA,ORD,1825
-3,1,5,6,7,719,UA,ORD,1822
-4,1,6,7,7,719,UA,ORD,1821
-2,1,7,1,7,719,UA,ORD,1820
-3,1,8,2,7,719,UA,ORD,1819
-5,1,9,3,7,719,UA,ORD,1818
-6,1,10,4,7,719,UA,ORD,1817
-3,1,11,5,7,719,UA,ORD,1816
-1,1,12,6,7,719,UA,ORD,1815
-3,1,13,7,7,719,UA,ORD,1814
-6,1,14,1,7,719,UA,ORD,1813
-3,1,15,2,7,719,UA,ORD,1812
-5,1,16,3,7,719,UA,ORD,1811
2,1,17,4,7,719,UA,ORD,1810
-6,1,18,5,7,719,UA,ORD,1809
-6,1,19,6,7,719,UA,ORD,1808
-4,1,20,7,7,719,UA,ORD,1807
-5,1,21,1,7,719,UA,ORD,1806
0,1,22,2,7,719,UA,ORD,1805
-3,1,23,3,7,719,UA,ORD,1804
-3,1,24,4,7,719,UA,ORD,1803
-7,1,25,5,7,719,UA,ORD,1802
-5,1,26,6,7,719,UA,ORD,1801
-5,1,27,7,7,719,UA,ORD,1800
-2,1,28,1,7,719,UA,ORD,1799
-5,1,29,2,7,719,UA,ORD,1798
-5,1,30,3,7,719,UA,ORD,1797
1,1,1,2,8,719,UA,ORD,1826
3,1,2,3,8,719,UA,ORD,1825
-4,1,3,4,8,719,UA,ORD,1824
4,1,4,5,8,719,UA,ORD,1823
0,1,6,7,8,719,UA,ORD,1821
-5,1,7,1,8,719,UA,ORD,1820
-2,1,8,2,8,719,UA,ORD,1819
-3,1,9,3,8,719,UA,ORD,1818
-3,1,10,4,8,719,UA,ORD,1817
3,1,11,5,8,719,UA,ORD,1816
-1,1,13,7,8,719,UA,ORD,1814
-7,1,14,1,8,719,UA,ORD,1813
0,1,15,2,8,719,UA,ORD,1812
10,1,16,3,8,719,UA,ORD,1811
-6,1,17,4,8,719,UA,ORD,1810
-2,1,18,5,8,719,UA,ORD,1809
-4,1,20,7,8,719,UA,ORD,1807
-5,1,21,1,8,719,UA,ORD,1806
-3,1,22,2,8,719,UA,ORD,1805
-3,1,23,3,8,719,UA,ORD,1804
-3,1,24,4,8,719,UA,ORD,1803
6,1,25,5,8,719,UA,ORD,1802
-5,1,27,7,8,719,UA,ORD,1800
-7,1,28,1,8,719,UA,ORD,1799
-3,1,29,2,8,719,UA,ORD,1798
-4,1,30,3,8,719,UA,ORD,1797
19,1,8,2,15,719,UA,ORD,1819
-4,1,9,3,15,719,UA,ORD,1818
-6,1,10,4,15,719,UA,ORD,1817
20,1,11,5,15,719,UA,ORD,1816
-2,1,14,1,15,719,UA,ORD,1813
-4,1,15,2,15,719,UA,ORD,1812
115,1,16,3,15,719,UA,ORD,1811
3,1,17,4,15,719,UA,ORD,1810
17,1,18,5,15,719,UA,ORD,1809
-2,1,21,1,15,719,UA,ORD,1806
-5,1,22,2,15,719,UA,ORD,1805
-2,1,23,3,15,719,UA,ORD,1804
-3,1,24,4,15,719,UA,ORD,1803
5,1,25,5,15,719,UA,ORD,1802
-5,1,28,1,15,719,UA,ORD,1799
-3,1,29,2,15,719,UA,ORD,1798
1,1,30,3,15,719,UA,ORD,1797
36,1,1,2,10,719,UA,ORD,1826
-3,1,2,3,10,719,UA,ORD,1825
-5,1,3,4,10,719,UA,ORD,1824
26,1,4,5,10,719,UA,ORD,1823
134,1,6,7,10,719,UA,ORD,1821
4,1,7,1,10,719,UA,ORD,1820
-6,1,8,2,10,719,UA,ORD,1819
-3,1,9,3,10,719,UA,ORD,1818
-1,1,10,4,10,719,UA,ORD,1817
-5,1,11,5,10,719,UA,ORD,1816
-1,1,13,7,10,719,UA,ORD,1814
-4,1,14,1,10,719,UA,ORD,1813
-6,1,15,2,10,719,UA,ORD,1812
57,1,17,4,10,719,UA,ORD,1810
14,1,18,5,10,719,UA,ORD,1809
12,1,20,7,10,719,UA,ORD,1807
-6,1,21,1,10,719,UA,ORD,1806
-4,1,22,2,10,719,UA,ORD,1805
-5,1,23,3,10,719,UA,ORD,1804
-6,1,24,4,10,719,UA,ORD,1803
-1,1,25,5,10,719,UA,ORD,1802
-4,1,27,7,10,719,UA,ORD,1800
-3,1,28,1,10,719,UA,ORD,1799
-2,1,29,2,10,719,UA,ORD,1798
-5,1,30,3,10,719,UA,ORD,1797
-3,1,8,2,11,719,UA,ORD,1819
-2,1,9,3,11,719,UA,ORD,1818
0,1,11,5,11,719,UA,ORD,1816
-1,1,12,6,11,719,UA,ORD,1815
-3,1,15,2,11,719,UA,ORD,1812
-4,1,16,3,11,719,UA,ORD,1811
-1,1,18,5,11,719,UA,ORD,1809
-2,1,19,6,11,719,UA,ORD,1808
-1,1,21,1,11,719,UA,ORD,1806
-5,1,22,2,11,719,UA,ORD,1805
1,1,25,5,11,719,UA,ORD,1802
-1,1,26,6,11,719,UA,ORD,1801
-1,1,28,1,11,719,UA,ORD,1799
35,1,29,2,11,719,UA,ORD,1798
-7,1,30,3,11,719,UA,ORD,1797
2,1,31,4,11,719,UA,ORD,1796
-8,1,1,2,12,719,UA,ORD,1826
-4,1,2,3,12,719,UA,ORD,1825
-2,1,3,4,12,719,UA,ORD,1824
4,1,4,5,12,719,UA,ORD,1823
-5,1,5,6,12,719,UA,ORD,1822
-4,1,6,7,12,719,UA,ORD,1821
14,1,7,1,12,719,UA,ORD,1820
-4,1,8,2,12,719,UA,ORD,1819
-5,1,9,3,12,719,UA,ORD,1818
-7,1,10,4,12,719,UA,ORD,1817
-6,1,11,5,12,719,UA,ORD,1816
-7,1,12,6,12,719,UA,ORD,1815
-5,1,13,7,12,719,UA,ORD,1814
-2,1,14,1,12,719,UA,ORD,1813
-4,1,15,2,12,719,UA,ORD,1812
-2,1,16,3,12,719,UA,ORD,1811
-5,1,17,4,12,719,UA,ORD,1810
-5,1,18,5,12,719,UA,ORD,1809
-4,1,19,6,12,719,UA,ORD,1808
-5,1,20,7,12,719,UA,ORD,1807
-4,1,21,1,12,719,UA,ORD,1806
-3,1,22,2,12,719,UA,ORD,1805
-3,1,23,3,12,719,UA,ORD,1804
-3,1,24,4,12,719,UA,ORD,1803
-3,1,25,5,12,719,UA,ORD,1802
-8,1,26,6,12,719,UA,ORD,1801
-2,1,27,7,12,719,UA,ORD,1800
-4,1,28,1,12,719,UA,ORD,1799
-4,1,29,2,12,719,UA,ORD,1798
-3,1,30,3,12,719,UA,ORD,1797
2,1,1,2,14,719,UA,ORD,1826
-5,1,2,3,14,719,UA,ORD,1825
1,1,3,4,14,719,UA,ORD,1824
-2,1,4,5,14,719,UA,ORD,1823
47,1,5,6,14,719,UA,ORD,1822
-1,1,6,7,14,719,UA,ORD,1821
15,1,7,1,14,719,UA,ORD,1820
0,1,8,2,14,719,UA,ORD,1819
0,1,9,3,14,719,UA,ORD,1818
-2,1,10,4,14,719,UA,ORD,1817
-1,1,11,5,14,719,UA,ORD,1816
-5,1,12,6,14,719,UA,ORD,1815
-4,1,13,7,14,719,UA,ORD,1814
-3,1,14,1,14,719,UA,ORD,1813
0,1,15,2,14,719,UA,ORD,1812
72,1,17,4,14,719,UA,ORD,1810
3,1,18,5,14,719,UA,ORD,1809
4,1,19,6,14,719,UA,ORD,1808
-3,1,20,7,14,719,UA,ORD,1807
-5,1,21,1,14,719,UA,ORD,1806
-6,1,22,2,14,719,UA,ORD,1805
94,1,23,3,14,719,UA,ORD,1804
-3,1,24,4,14,719,UA,ORD,1803
-3,1,25,5,14,719,UA,ORD,1802
34,1,26,6,14,719,UA,ORD,1801
1,1,27,7,14,719,UA,ORD,1800
-6,1,28,1,14,719,UA,ORD,1799
-3,1,29,2,14,719,UA,ORD,1798
-1,1,30,3,14,719,UA,ORD,1797
-6,1,9,3,9,719,UA,ORD,1818
-5,1,10,4,9,719,UA,ORD,1817
2,1,11,5,9,719,UA,ORD,1816
-3,1,12,6,9,719,UA,ORD,1815
-2,1,13,7,9,719,UA,ORD,1814
-2,1,14,1,9,719,UA,ORD,1813
0,1,16,3,9,719,UA,ORD,1811
-4,1,17,4,9,719,UA,ORD,1810
-2,1,18,5,9,719,UA,ORD,1809
41,1,19,6,9,719,UA,ORD,1808
-2,1,20,7,9,719,UA,ORD,1807
-4,1,21,1,9,719,UA,ORD,1806
-2,1,22,2,9,719,UA,ORD,1805
-5,1,23,3,9,719,UA,ORD,1804
-4,1,24,4,9,719,UA,ORD,1803
-3,1,26,6,9,719,UA,ORD,1801
-4,1,27,7,9,719,UA,ORD,1800
-2,1,28,1,9,719,UA,ORD,1799
3,1,29,2,9,719,UA,ORD,1798
-4,1,30,3,9,719,UA,ORD,1797
7,1,1,2,15,719,UA,ORD,1826
79,1,2,3,15,719,UA,ORD,1825
-5,1,3,4,15,719,UA,ORD,1824
-3,1,4,5,15,719,UA,ORD,1823
19,1,7,1,15,719,UA,ORD,1820
28,1,1,2,17,719,UA,ORD,1826
39,1,2,3,17,719,UA,ORD,1825
17,1,3,4,17,719,UA,ORD,1824
10,1,4,5,17,719,UA,ORD,1823
-1,1,5,6,17,719,UA,ORD,1822
17,1,6,7,17,719,UA,ORD,1821
19,1,7,1,17,719,UA,ORD,1820
-4,1,8,2,17,719,UA,ORD,1819
-1,1,9,3,17,719,UA,ORD,1818
-5,1,10,4,17,719,UA,ORD,1817
0,1,11,5,17,719,UA,ORD,1816
-4,1,12,6,17,719,UA,ORD,1815
9,1,13,7,17,719,UA,ORD,1814
-1,1,14,1,17,719,UA,ORD,1813
-6,1,15,2,17,719,UA,ORD,1812
62,1,16,3,17,719,UA,ORD,1811
-1,1,17,4,17,719,UA,ORD,1810
-1,1,18,5,17,719,UA,ORD,1809
-1,1,19,6,17,719,UA,ORD,1808
7,1,20,7,17,719,UA,ORD,1807
0,1,21,1,17,719,UA,ORD,1806
-4,1,22,2,17,719,UA,ORD,1805
-8,1,23,3,17,719,UA,ORD,1804
-4,1,24,4,17,719,UA,ORD,1803
-4,1,25,5,17,719,UA,ORD,1802
-2,1,26,6,17,719,UA,ORD,1801
4,1,27,7,17,719,UA,ORD,1800
-5,1,28,1,17,719,UA,ORD,1799
-3,1,29,2,17,719,UA,ORD,1798
-2,1,30,3,17,719,UA,ORD,1797
34,1,31,4,17,719,UA,ORD,1796
6,1,1,2,18,719,UA,ORD,1826
-3,1,2,3,18,719,UA,ORD,1825
-5,1,3,4,18,719,UA,ORD,1824
-1,1,4,5,18,719,UA,ORD,1823
-5,1,5,6,18,719,UA,ORD,1822
-5,1,6,7,18,719,UA,ORD,1821
-3,1,7,1,18,719,UA,ORD,1820
-4,1,8,2,18,719,UA,ORD,1819
-7,1,9,3,18,719,UA,ORD,1818
-2,1,10,4,18,719,UA,ORD,1817
-5,1,11,5,18,719,UA,ORD,1816
-2,1,12,6,18,719,UA,ORD,1815
0,1,13,7,18,719,UA,ORD,1814
29,1,14,1,18,719,UA,ORD,1813
-6,1,15,2,18,719,UA,ORD,1812
15,1,16,3,18,719,UA,ORD,1811
28,1,17,4,18,719,UA,ORD,1810
-5,1,18,5,18,719,UA,ORD,1809
0,1,19,6,18,719,UA,ORD,1808
-1,1,20,7,18,719,UA,ORD,1807
-6,1,21,1,18,719,UA,ORD,1806
-4,1,22,2,18,719,UA,ORD,1805
4,1,23,3,18,719,UA,ORD,1804
53,1,24,4,18,719,UA,ORD,1803
-6,1,25,5,18,719,UA,ORD,1802
-10,1,26,6,18,719,UA,ORD,1801
-6,1,27,7,18,719,UA,ORD,1800
-3,1,28,1,18,719,UA,ORD,1799
-6,1,29,2,18,719,UA,ORD,1798
-1,1,1,2,11,1605,UA,DEN,1826
-1,1,2,3,11,1605,UA,DEN,1825
2,1,3,4,11,1605,UA,DEN,1824
5,1,4,5,11,1605,UA,DEN,1823
0,1,5,6,11,1605,UA,DEN,1822
243,1,6,7,11,1605,UA,DEN,1821
-2,1,7,1,11,1605,UA,DEN,1820
1,1,1,2,9,719,UA,ORD,1826
-4,1,2,3,9,719,UA,ORD,1825
2,1,3,4,9,719,UA,ORD,1824
-2,1,4,5,9,719,UA,ORD,1823
3,1,5,6,9,719,UA,ORD,1822
3,1,6,7,9,719,UA,ORD,1821
-3,1,7,1,9,719,UA,ORD,1820
5,1,1,2,15,2565,UA,SFO,1826
115,1,2,3,15,2565,UA,SFO,1825
5,1,3,4,15,2565,UA,SFO,1824
-1,1,4,5,15,2565,UA,SFO,1823
-1,1,5,6,15,2565,UA,SFO,1822
3,1,6,7,15,2565,UA,SFO,1821
0,1,7,1,15,2565,UA,SFO,1820
-4,1,8,2,15,2565,UA,SFO,1819
-2,1,9,3,15,2565,UA,SFO,1818
-4,1,10,4,15,2565,UA,SFO,1817
-7,1,11,5,15,2565,UA,SFO,1816
-3,1,12,6,15,2565,UA,SFO,1815
14,1,13,7,15,2565,UA,SFO,1814
6,1,14,1,15,2565,UA,SFO,1813
-6,1,15,2,15,2565,UA,SFO,1812
0,1,16,3,15,2565,UA,SFO,1811
-5,1,17,4,15,2565,UA,SFO,1810
-2,1,18,5,15,2565,UA,SFO,1809
-6,1,19,6,15,2565,UA,SFO,1808
175,1,20,7,15,2565,UA,SFO,1807
-5,1,21,1,15,2565,UA,SFO,1806
2,1,22,2,15,2565,UA,SFO,1805
-2,1,23,3,15,2565,UA,SFO,1804
-6,1,24,4,15,2565,UA,SFO,1803
-2,1,25,5,15,2565,UA,SFO,1802
3,1,26,6,15,2565,UA,SFO,1801
25,1,28,1,15,2565,UA,SFO,1799
-4,1,29,2,15,2565,UA,SFO,1798
-1,1,30,3,15,2565,UA,SFO,1797
-2,1,31,4,15,2565,UA,SFO,1796
-2,1,1,2,9,1605,UA,DEN,1826
-5,1,2,3,9,1605,UA,DEN,1825
2,1,3,4,9,1605,UA,DEN,1824
-1,1,4,5,9,1605,UA,DEN,1823
-5,1,5,6,9,1605,UA,DEN,1822
38,1,6,7,9,1605,UA,DEN,1821
-6,1,7,1,9,1605,UA,DEN,1820
60,1,1,2,16,1605,UA,DEN,1826
20,1,2,3,16,1605,UA,DEN,1825
2,1,3,4,16,1605,UA,DEN,1824
-1,1,4,5,16,1605,UA,DEN,1823
-4,1,5,6,16,1605,UA,DEN,1822
-1,1,6,7,16,1605,UA,DEN,1821
-3,1,7,1,16,1605,UA,DEN,1820
-4,1,8,2,16,1605,UA,DEN,1819
21,1,9,3,16,1605,UA,DEN,1818
-2,1,10,4,16,1605,UA,DEN,1817
-2,1,11,5,16,1605,UA,DEN,1816
-4,1,12,6,16,1605,UA,DEN,1815
-3,1,13,7,16,1605,UA,DEN,1814
-1,1,14,1,16,1605,UA,DEN,1813
-1,1,15,2,16,1605,UA,DEN,1812
2,1,16,3,16,1605,UA,DEN,1811
-1,1,17,4,16,1605,UA,DEN,1810
-1,1,18,5,16,1605,UA,DEN,1809
-2,1,19,6,16,1605,UA,DEN,1808
98,1,20,7,16,1605,UA,DEN,1807
-4,1,21,1,16,1605,UA,DEN,1806
-4,1,22,2,16,1605,UA,DEN,1805
-5,1,23,3,16,1605,UA,DEN,1804
0,1,24,4,16,1605,UA,DEN,1803
14,1,25,5,16,1605,UA,DEN,1802
-5,1,26,6,16,1605,UA,DEN,1801
-1,1,27,7,16,1605,UA,DEN,1800
-7,1,28,1,16,1605,UA,DEN,1799
2,1,29,2,16,1605,UA,DEN,1798
-1,1,30,3,16,1605,UA,DEN,1797
-6,1,31,4,16,1605,UA,DEN,1796
-5,1,8,2,11,1605,UA,DEN,1819
-3,1,9,3,11,1605,UA,DEN,1818
-6,1,10,4,11,1605,UA,DEN,1817
17,1,11,5,11,1605,UA,DEN,1816
-1,1,12,6,11,1605,UA,DEN,1815
-3,1,13,7,11,1605,UA,DEN,1814
-1,1,14,1,11,1605,UA,DEN,1813
-2,1,15,2,11,1605,UA,DEN,1812
-2,1,16,3,11,1605,UA,DEN,1811
3,1,17,4,11,1605,UA,DEN,1810
2,1,18,5,11,1605,UA,DEN,1809
-4,1,19,6,11,1605,UA,DEN,1808
-4,1,20,7,11,1605,UA,DEN,1807
-3,1,21,1,11,1605,UA,DEN,1806
-1,1,22,2,11,1605,UA,DEN,1805
1,1,23,3,11,1605,UA,DEN,1804
9,1,24,4,11,1605,UA,DEN,1803
10,1,25,5,11,1605,UA,DEN,1802
-2,1,26,6,11,1605,UA,DEN,1801
9,1,27,7,11,1605,UA,DEN,1800
-5,1,28,1,11,1605,UA,DEN,1799
-4,1,29,2,11,1605,UA,DEN,1798
-2,1,30,3,11,1605,UA,DEN,1797
67,1,31,4,11,1605,UA,DEN,1796
-7,1,5,6,9,1086,UA,MIA,1822
-1,1,6,7,9,1086,UA,MIA,1821
0,1,12,6,9,1086,UA,MIA,1815
-3,1,13,7,9,1086,UA,MIA,1814
-4,1,19,6,9,1086,UA,MIA,1808
2,1,20,7,9,1086,UA,MIA,1807
2,1,26,6,9,1086,UA,MIA,1801
-2,1,27,7,9,1086,UA,MIA,1800
5,1,1,2,7,529,US,CLT,1826
8,1,2,3,7,529,US,CLT,1825
-3,1,3,4,7,529,US,CLT,1824
-3,1,5,6,7,529,US,CLT,1822
5,1,6,7,7,529,US,CLT,1821
-5,1,7,1,7,529,US,CLT,1820
-2,1,8,2,7,529,US,CLT,1819
-5,1,9,3,7,529,US,CLT,1818
-5,1,10,4,7,529,US,CLT,1817
-7,1,11,5,7,529,US,CLT,1816
-7,1,12,6,7,529,US,CLT,1815
-6,1,13,7,7,529,US,CLT,1814
1,1,14,1,7,529,US,CLT,1813
-4,1,15,2,7,529,US,CLT,1812
-7,1,16,3,7,529,US,CLT,1811
-5,1,17,4,7,529,US,CLT,1810
-1,1,18,5,7,529,US,CLT,1809
-3,1,19,6,7,529,US,CLT,1808
-4,1,20,7,7,529,US,CLT,1807
-5,1,21,1,7,529,US,CLT,1806
-6,1,22,2,7,529,US,CLT,1805
-9,1,23,3,7,529,US,CLT,1804
-6,1,24,4,7,529,US,CLT,1803
-4,1,25,5,7,529,US,CLT,1802
-6,1,26,6,7,529,US,CLT,1801
-5,1,27,7,7,529,US,CLT,1800
-4,1,28,1,7,529,US,CLT,1799
-1,1,29,2,7,529,US,CLT,1798
-7,1,30,3,7,529,US,CLT,1797
-4,1,31,4,7,529,US,CLT,1796
20,1,1,2,16,529,US,CLT,1826
4,1,2,3,16,529,US,CLT,1825
0,1,4,5,16,529,US,CLT,1823
6,1,5,6,16,529,US,CLT,1822
79,1,6,7,16,529,US,CLT,1821
18,1,8,2,16,529,US,CLT,1819
20,1,9,3,16,529,US,CLT,1818
-1,1,10,4,16,529,US,CLT,1817
0,1,11,5,16,529,US,CLT,1816
-5,1,12,6,16,529,US,CLT,1815
27,1,13,7,16,529,US,CLT,1814
-1,1,14,1,16,529,US,CLT,1813
-7,1,15,2,16,529,US,CLT,1812
1,1,16,3,16,529,US,CLT,1811
-2,1,17,4,16,529,US,CLT,1810
-4,1,18,5,16,529,US,CLT,1809
72,1,19,6,16,529,US,CLT,1808
-5,1,20,7,16,529,US,CLT,1807
71,1,21,1,16,529,US,CLT,1806
-6,1,22,2,16,529,US,CLT,1805
-5,1,23,3,16,529,US,CLT,1804
12,1,24,4,16,529,US,CLT,1803
-7,1,25,5,16,529,US,CLT,1802
-4,1,26,6,16,529,US,CLT,1801
0,1,27,7,16,529,US,CLT,1800
6,1,28,1,16,529,US,CLT,1799
-4,1,29,2,16,529,US,CLT,1798
-4,1,30,3,16,529,US,CLT,1797
2,1,31,4,16,529,US,CLT,1796
3,1,1,2,20,319,US,PIT,1826
0,1,2,3,20,319,US,PIT,1825
-5,1,3,4,20,319,US,PIT,1824
0,1,4,5,20,319,US,PIT,1823
4,1,8,2,20,319,US,PIT,1819
-6,1,9,3,20,319,US,PIT,1818
-6,1,10,4,20,319,US,PIT,1817
-2,1,11,5,20,319,US,PIT,1816
-7,1,12,6,20,319,US,PIT,1815
28,1,13,7,20,319,US,PIT,1814
-8,1,14,1,20,319,US,PIT,1813
-8,1,15,2,20,319,US,PIT,1812
-8,1,16,3,20,319,US,PIT,1811
-11,1,17,4,20,319,US,PIT,1810
-9,1,18,5,20,319,US,PIT,1809
41,1,19,6,20,319,US,PIT,1808
-6,1,20,7,20,319,US,PIT,1807
76,1,21,1,20,319,US,PIT,1806
-10,1,22,2,20,319,US,PIT,1805
13,1,24,4,20,319,US,PIT,1803
-9,1,25,5,20,319,US,PIT,1802
-6,1,26,6,20,319,US,PIT,1801
84,1,27,7,20,319,US,PIT,1800
-5,1,28,1,20,319,US,PIT,1799
-7,1,29,2,20,319,US,PIT,1798
-7,1,30,3,20,319,US,PIT,1797
33,1,31,4,20,319,US,PIT,1796
59,1,6,7,9,319,US,PIT,1821
1,1,8,2,9,319,US,PIT,1819
5,1,9,3,9,319,US,PIT,1818
-6,1,10,4,9,319,US,PIT,1817
-4,1,11,5,9,319,US,PIT,1816
3,1,12,6,9,319,US,PIT,1815
-5,1,13,7,9,319,US,PIT,1814
-1,1,14,1,9,319,US,PIT,1813
-7,1,15,2,9,319,US,PIT,1812
-4,1,16,3,9,319,US,PIT,1811
-7,1,17,4,9,319,US,PIT,1810
-7,1,18,5,9,319,US,PIT,1809
-3,1,19,6,9,319,US,PIT,1808
54,1,20,7,9,319,US,PIT,1807
-6,1,21,1,9,319,US,PIT,1806
-7,1,22,2,9,319,US,PIT,1805
-5,1,23,3,9,319,US,PIT,1804
-4,1,24,4,9,319,US,PIT,1803
2,1,25,5,9,319,US,PIT,1802
-6,1,26,6,9,319,US,PIT,1801
-4,1,27,7,9,319,US,PIT,1800
-5,1,28,1,9,319,US,PIT,1799
-1,1,29,2,9,319,US,PIT,1798
-5,1,30,3,9,319,US,PIT,1797
-5,1,31,4,9,319,US,PIT,1796
9,1,1,2,14,319,US,PIT,1826
15,1,2,3,14,319,US,PIT,1825
35,1,3,4,14,319,US,PIT,1824
0,1,4,5,14,319,US,PIT,1823
-1,1,5,6,14,319,US,PIT,1822
8,1,6,7,14,319,US,PIT,1821
77,1,7,1,14,319,US,PIT,1820
-4,1,8,2,14,319,US,PIT,1819
1,1,9,3,14,319,US,PIT,1818
-3,1,10,4,14,319,US,PIT,1817
1,1,11,5,14,319,US,PIT,1816
-9,1,12,6,14,319,US,PIT,1815
2,1,13,7,14,319,US,PIT,1814
-7,1,14,1,14,319,US,PIT,1813
-3,1,15,2,14,319,US,PIT,1812
4,1,16,3,14,319,US,PIT,1811
-2,1,17,4,14,319,US,PIT,1810
13,1,18,5,14,319,US,PIT,1809
9,1,19,6,14,319,US,PIT,1808
2,1,20,7,14,319,US,PIT,1807
18,1,21,1,14,319,US,PIT,1806
5,1,22,2,14,319,US,PIT,1805
-4,1,23,3,14,319,US,PIT,1804
24,1,24,4,14,319,US,PIT,1803
-1,1,25,5,14,319,US,PIT,1802
-3,1,26,6,14,319,US,PIT,1801
2,1,27,7,14,319,US,PIT,1800
-4,1,28,1,14,319,US,PIT,1799
-4,1,29,2,14,319,US,PIT,1798
3,1,30,3,14,319,US,PIT,1797
0,1,31,4,14,319,US,PIT,1796
73,1,6,7,18,319,US,PIT,1821
78,1,7,1,18,319,US,PIT,1820
0,1,8,2,18,319,US,PIT,1819
-6,1,9,3,18,319,US,PIT,1818
0,1,10,4,18,319,US,PIT,1817
0,1,11,5,18,319,US,PIT,1816
-5,1,12,6,18,319,US,PIT,1815
35,1,13,7,18,319,US,PIT,1814
-7,1,14,1,18,319,US,PIT,1813
5,1,16,3,18,319,US,PIT,1811
0,1,17,4,18,319,US,PIT,1810
3,1,18,5,18,319,US,PIT,1809
23,1,19,6,18,319,US,PIT,1808
20,1,21,1,18,319,US,PIT,1806
-7,1,22,2,18,319,US,PIT,1805
8,1,23,3,18,319,US,PIT,1804
46,1,24,4,18,319,US,PIT,1803
-5,1,25,5,18,319,US,PIT,1802
1,1,26,6,18,319,US,PIT,1801
7,1,27,7,18,319,US,PIT,1800
-2,1,29,2,18,319,US,PIT,1798
-3,1,30,3,18,319,US,PIT,1797
6,1,31,4,18,319,US,PIT,1796
26,1,1,2,19,1608,CO,SJU,1826
26,1,2,3,19,1608,CO,SJU,1825
49,1,3,4,18,1608,CO,SJU,1824
1,1,4,5,18,1608,CO,SJU,1823
2,1,5,6,16,1608,CO,SJU,1822
2,1,6,7,18,1608,CO,SJU,1821
21,1,7,1,18,1608,CO,SJU,1820
-3,1,8,2,18,1608,CO,SJU,1819
-4,1,9,3,18,1608,CO,SJU,1818
13,1,10,4,18,1608,CO,SJU,1817
-2,1,11,5,18,1608,CO,SJU,1816
-2,1,12,6,16,1608,CO,SJU,1815
7,1,13,7,18,1608,CO,SJU,1814
-2,1,14,1,18,1608,CO,SJU,1813
1,1,15,2,18,1608,CO,SJU,1812
41,1,16,3,18,1608,CO,SJU,1811
14,1,17,4,18,1608,CO,SJU,1810
-7,1,18,5,18,1608,CO,SJU,1809
5,1,19,6,16,1608,CO,SJU,1808
3,1,20,7,18,1608,CO,SJU,1807
-9,1,21,1,18,1608,CO,SJU,1806
-2,1,22,2,18,1608,CO,SJU,1805
-7,1,23,3,18,1608,CO,SJU,1804
9,1,24,4,18,1608,CO,SJU,1803
-2,1,25,5,18,1608,CO,SJU,1802
7,1,26,6,16,1608,CO,SJU,1801
-4,1,27,7,18,1608,CO,SJU,1800
-2,1,28,1,18,1608,CO,SJU,1799
-9,1,29,2,18,1608,CO,SJU,1798
-4,1,30,3,18,1608,CO,SJU,1797
-1,1,31,4,18,1608,CO,SJU,1796
-2,1,1,2,15,1608,CO,SJU,1826
4,1,2,3,15,1608,CO,SJU,1825
56,1,3,4,15,1608,CO,SJU,1824
23,1,4,5,15,1608,CO,SJU,1823
11,1,5,6,15,1608,CO,SJU,1822
5,1,6,7,15,1608,CO,SJU,1821
-1,1,7,1,15,1608,CO,SJU,1820
31,1,8,2,15,1608,CO,SJU,1819
24,1,9,3,15,1608,CO,SJU,1818
17,1,10,4,15,1608,CO,SJU,1817
0,1,11,5,15,1608,CO,SJU,1816
-6,1,12,6,15,1608,CO,SJU,1815
-1,1,13,7,15,1608,CO,SJU,1814
-2,1,14,1,15,1608,CO,SJU,1813
-6,1,15,2,15,1608,CO,SJU,1812
7,1,16,3,15,1608,CO,SJU,1811
-2,1,17,4,15,1608,CO,SJU,1810
0,1,18,5,15,1608,CO,SJU,1809
3,1,19,6,15,1608,CO,SJU,1808
2,1,20,7,15,1608,CO,SJU,1807
-3,1,21,1,15,1608,CO,SJU,1806
-3,1,22,2,15,1608,CO,SJU,1805
16,1,23,3,15,1608,CO,SJU,1804
25,1,24,4,15,1608,CO,SJU,1803
4,1,25,5,15,1608,CO,SJU,1802
-2,1,26,6,15,1608,CO,SJU,1801
-2,1,27,7,15,1608,CO,SJU,1800
-5,1,28,1,15,1608,CO,SJU,1799
-2,1,29,2,15,1608,CO,SJU,1798
1,1,30,3,15,1608,CO,SJU,1797
4,1,31,4,15,1608,CO,SJU,1796
13,1,5,6,13,1608,CO,SJU,1822
-6,1,12,6,13,1608,CO,SJU,1815
2,1,19,6,13,1608,CO,SJU,1808
-7,1,26,6,13,1608,CO,SJU,1801
-3,1,1,2,19,821,CO,JAX,1826
-5,1,2,3,19,821,CO,JAX,1825
0,1,3,4,12,200,CO,BOS,1824
-6,1,1,2,9,200,CO,BOS,1826
-4,1,2,3,9,200,CO,BOS,1825
3,1,1,2,9,745,DL,ATL,1826
4,1,2,3,9,745,DL,ATL,1825
12,1,4,5,9,745,DL,ATL,1823
-2,1,5,6,9,745,DL,ATL,1822
-6,1,6,7,9,745,DL,ATL,1821
7,1,7,1,9,745,DL,ATL,1820
1,1,8,2,9,745,DL,ATL,1819
2,1,9,3,9,745,DL,ATL,1818
1,1,10,4,9,745,DL,ATL,1817
-3,1,11,5,9,745,DL,ATL,1816
-9,1,12,6,9,745,DL,ATL,1815
-5,1,13,7,9,745,DL,ATL,1814
-7,1,14,1,9,745,DL,ATL,1813
-2,1,15,2,9,745,DL,ATL,1812
-7,1,16,3,9,745,DL,ATL,1811
1,1,17,4,9,745,DL,ATL,1810
-3,1,18,5,9,745,DL,ATL,1809
-4,1,19,6,9,745,DL,ATL,1808
-7,1,20,7,9,745,DL,ATL,1807
1,1,21,1,9,745,DL,ATL,1806
-3,1,22,2,9,745,DL,ATL,1805
-1,1,23,3,9,745,DL,ATL,1804
0,1,24,4,9,745,DL,ATL,1803
-1,1,25,5,9,745,DL,ATL,1802
0,1,28,1,9,745,DL,ATL,1799
24,1,29,2,9,745,DL,ATL,1798
-1,1,30,3,9,745,DL,ATL,1797
-5,1,31,4,9,745,DL,ATL,1796
2,1,1,2,17,745,DL,ATL,1826
124,1,3,4,17,745,DL,ATL,1824
23,1,4,5,17,745,DL,ATL,1823
46,1,7,1,17,745,DL,ATL,1820
-1,1,8,2,17,745,DL,ATL,1819
-2,1,9,3,17,745,DL,ATL,1818
1,1,10,4,17,745,DL,ATL,1817
2,1,11,5,17,745,DL,ATL,1816
-9,1,14,1,17,745,DL,ATL,1813
-4,1,15,2,17,745,DL,ATL,1812
17,1,16,3,17,745,DL,ATL,1811
4,1,17,4,17,745,DL,ATL,1810
1,1,18,5,17,745,DL,ATL,1809
2,1,21,1,17,745,DL,ATL,1806
-3,1,22,2,17,745,DL,ATL,1805
-1,1,23,3,17,745,DL,ATL,1804
41,1,24,4,17,745,DL,ATL,1803
-1,1,25,5,17,745,DL,ATL,1802
-4,1,28,1,17,745,DL,ATL,1799
-4,1,29,2,17,745,DL,ATL,1798
-2,1,30,3,17,745,DL,ATL,1797
57,1,31,4,17,745,DL,ATL,1796
0,1,1,2,14,745,DL,ATL,1826
235,1,3,4,14,745,DL,ATL,1824
86,1,4,5,14,745,DL,ATL,1823
-1,1,5,6,14,745,DL,ATL,1822
20,1,6,7,14,745,DL,ATL,1821
-2,1,7,1,14,745,DL,ATL,1820
-6,1,8,2,14,745,DL,ATL,1819
-5,1,9,3,14,745,DL,ATL,1818
-3,1,10,4,14,745,DL,ATL,1817
7,1,11,5,14,745,DL,ATL,1816
-4,1,12,6,14,745,DL,ATL,1815
-5,1,13,7,14,745,DL,ATL,1814
-3,1,14,1,14,745,DL,ATL,1813
-5,1,15,2,14,745,DL,ATL,1812
-4,1,16,3,14,745,DL,ATL,1811
6,1,17,4,14,745,DL,ATL,1810
3,1,18,5,14,745,DL,ATL,1809
-7,1,19,6,14,745,DL,ATL,1808
-4,1,20,7,14,745,DL,ATL,1807
-1,1,21,1,14,745,DL,ATL,1806
0,1,22,2,14,745,DL,ATL,1805
25,1,23,3,14,745,DL,ATL,1804
5,1,24,4,14,745,DL,ATL,1803
-2,1,25,5,14,745,DL,ATL,1802
-8,1,26,6,14,745,DL,ATL,1801
-3,1,27,7,14,745,DL,ATL,1800
-5,1,28,1,14,745,DL,ATL,1799
-6,1,29,2,14,745,DL,ATL,1798
-8,1,30,3,14,745,DL,ATL,1797
0,1,31,4,14,745,DL,ATL,1796
0,1,1,2,20,745,DL,ATL,1826
61,1,3,4,20,745,DL,ATL,1824
29,1,4,5,20,745,DL,ATL,1823
18,1,5,6,20,745,DL,ATL,1822
51,1,6,7,20,745,DL,ATL,1821
78,1,7,1,20,745,DL,ATL,1820
-7,1,8,2,20,745,DL,ATL,1819
29,1,9,3,20,745,DL,ATL,1818
0,1,10,4,20,745,DL,ATL,1817
24,1,11,5,20,745,DL,ATL,1816
35,1,13,7,20,745,DL,ATL,1814
-2,1,14,1,20,745,DL,ATL,1813
-4,1,15,2,20,745,DL,ATL,1812
-4,1,16,3,20,745,DL,ATL,1811
83,1,17,4,20,745,DL,ATL,1810
47,1,18,5,20,745,DL,ATL,1809
45,1,19,6,20,745,DL,ATL,1808
-7,1,20,7,20,745,DL,ATL,1807
23,1,21,1,20,745,DL,ATL,1806
-1,1,22,2,20,745,DL,ATL,1805
29,1,23,3,20,745,DL,ATL,1804
59,1,24,4,20,745,DL,ATL,1803
0,1,25,5,20,745,DL,ATL,1802
2,1,27,7,20,745,DL,ATL,1800
-5,1,28,1,20,745,DL,ATL,1799
-5,1,29,2,20,745,DL,ATL,1798
-5,1,30,3,20,745,DL,ATL,1797
70,1,31,4,20,745,DL,ATL,1796
0,1,1,2,9,569,DL,CVG,1826
-4,1,2,3,9,569,DL,CVG,1825
2,1,3,4,9,569,DL,CVG,1824
-3,1,4,5,9,569,DL,CVG,1823
1,1,5,6,9,569,DL,CVG,1822
1,1,6,7,9,569,DL,CVG,1821
37,1,7,1,9,569,DL,CVG,1820
-3,1,8,2,9,569,DL,CVG,1819
-4,1,9,3,9,569,DL,CVG,1818
-5,1,10,4,9,569,DL,CVG,1817
0,1,11,5,9,569,DL,CVG,1816
-4,1,13,7,9,569,DL,CVG,1814
-8,1,14,1,9,569,DL,CVG,1813
-3,1,15,2,9,569,DL,CVG,1812
39,1,16,3,9,569,DL,CVG,1811
-6,1,17,4,9,569,DL,CVG,1810
0,1,18,5,9,569,DL,CVG,1809
-4,1,19,6,9,569,DL,CVG,1808
0,1,20,7,9,569,DL,CVG,1807
89,1,21,1,9,569,DL,CVG,1806
-1,1,22,2,9,569,DL,CVG,1805
-4,1,23,3,9,569,DL,CVG,1804
-2,1,24,4,9,569,DL,CVG,1803
-4,1,25,5,9,569,DL,CVG,1802
-9,1,27,7,9,569,DL,CVG,1800
0,1,28,1,9,569,DL,CVG,1799
-9,1,29,2,9,569,DL,CVG,1798
0,1,30,3,9,569,DL,CVG,1797
-4,1,31,4,9,569,DL,CVG,1796
10,1,1,2,11,745,DL,ATL,1826
3,1,2,3,11,745,DL,ATL,1825
29,1,4,5,11,745,DL,ATL,1823
9,1,5,6,11,745,DL,ATL,1822
3,1,6,7,11,745,DL,ATL,1821
1,1,7,1,11,745,DL,ATL,1820
3,1,8,2,11,745,DL,ATL,1819
-6,1,9,3,11,745,DL,ATL,1818
-7,1,10,4,11,745,DL,ATL,1817
8,1,11,5,11,745,DL,ATL,1816
-2,1,12,6,11,745,DL,ATL,1815
17,1,13,7,11,745,DL,ATL,1814
1,1,14,1,11,745,DL,ATL,1813
-3,1,15,2,11,745,DL,ATL,1812
0,1,16,3,11,745,DL,ATL,1811
13,1,17,4,11,745,DL,ATL,1810
11,1,18,5,11,745,DL,ATL,1809
-2,1,19,6,11,745,DL,ATL,1808
3,1,20,7,11,745,DL,ATL,1807
4,1,21,1,11,745,DL,ATL,1806
68,1,22,2,11,745,DL,ATL,1805
-4,1,23,3,11,745,DL,ATL,1804
-1,1,24,4,11,745,DL,ATL,1803
3,1,25,5,11,745,DL,ATL,1802
-2,1,26,6,11,745,DL,ATL,1801
4,1,27,7,11,745,DL,ATL,1800
-7,1,28,1,11,745,DL,ATL,1799
-5,1,29,2,11,745,DL,ATL,1798
-1,1,30,3,11,745,DL,ATL,1797
10,1,31,4,11,745,DL,ATL,1796
-3,1,1,2,6,569,DL,CVG,1826
80,1,2,3,6,569,DL,CVG,1825
-5,1,3,4,6,569,DL,CVG,1824
-4,1,4,5,6,569,DL,CVG,1823
-3,1,5,6,6,569,DL,CVG,1822
111,1,6,7,6,569,DL,CVG,1821
-7,1,8,2,6,569,DL,CVG,1819
-1,1,9,3,6,569,DL,CVG,1818
-7,1,10,4,6,569,DL,CVG,1817
-5,1,11,5,6,569,DL,CVG,1816
-5,1,12,6,6,569,DL,CVG,1815
-7,1,13,7,6,569,DL,CVG,1814
-8,1,14,1,6,569,DL,CVG,1813
-6,1,15,2,6,569,DL,CVG,1812
-1,1,16,3,6,569,DL,CVG,1811
-2,1,17,4,6,569,DL,CVG,1810
-1,1,18,5,6,569,DL,CVG,1809
-8,1,19,6,6,569,DL,CVG,1808
-6,1,20,7,6,569,DL,CVG,1807
-9,1,22,2,6,569,DL,CVG,1805
-6,1,23,3,6,569,DL,CVG,1804
-7,1,24,4,6,569,DL,CVG,1803
-9,1,25,5,6,569,DL,CVG,1802
-10,1,26,6,6,569,DL,CVG,1801
-5,1,27,7,6,569,DL,CVG,1800
-6,1,28,1,6,569,DL,CVG,1799
-7,1,29,2,6,569,DL,CVG,1798
-1,1,30,3,6,569,DL,CVG,1797
-2,1,31,4,6,569,DL,CVG,1796
-2,1,1,2,15,745,DL,ATL,1826
42,1,3,4,15,745,DL,ATL,1824
19,1,4,5,15,745,DL,ATL,1823
27,1,5,6,15,745,DL,ATL,1822
6,1,6,7,15,745,DL,ATL,1821
41,1,7,1,15,745,DL,ATL,1820
2,1,8,2,15,745,DL,ATL,1819
6,1,9,3,15,745,DL,ATL,1818
3,1,10,4,15,745,DL,ATL,1817
0,1,11,5,15,745,DL,ATL,1816
-5,1,12,6,15,745,DL,ATL,1815
0,1,13,7,15,745,DL,ATL,1814
2,1,14,1,15,745,DL,ATL,1813
1,1,15,2,15,745,DL,ATL,1812
10,1,16,3,15,745,DL,ATL,1811
2,1,17,4,15,745,DL,ATL,1810
-1,1,18,5,15,745,DL,ATL,1809
14,1,19,6,15,745,DL,ATL,1808
1,1,20,7,15,745,DL,ATL,1807
7,1,21,1,15,745,DL,ATL,1806
1,1,22,2,15,745,DL,ATL,1805
2,1,23,3,15,745,DL,ATL,1804
5,1,25,5,15,745,DL,ATL,1802
-2,1,26,6,15,745,DL,ATL,1801
3,1,27,7,15,745,DL,ATL,1800
-3,1,28,1,15,745,DL,ATL,1799
0,1,29,2,15,745,DL,ATL,1798
1,1,30,3,15,745,DL,ATL,1797
4,1,31,4,15,745,DL,ATL,1796
-2,1,1,2,6,745,DL,ATL,1826
1,1,2,3,6,745,DL,ATL,1825
8,1,3,4,6,745,DL,ATL,1824
4,1,4,5,6,745,DL,ATL,1823
0,1,5,6,6,745,DL,ATL,1822
1,1,6,7,6,745,DL,ATL,1821
2,1,7,1,6,745,DL,ATL,1820
5,1,8,2,6,745,DL,ATL,1819
17,1,9,3,6,745,DL,ATL,1818
-2,1,10,4,6,745,DL,ATL,1817
4,1,11,5,6,745,DL,ATL,1816
2,1,12,6,6,745,DL,ATL,1815
2,1,13,7,6,745,DL,ATL,1814
-4,1,14,1,6,745,DL,ATL,1813
0,1,15,2,6,745,DL,ATL,1812
-3,1,16,3,6,745,DL,ATL,1811
-3,1,17,4,6,745,DL,ATL,1810
6,1,18,5,6,745,DL,ATL,1809
-4,1,19,6,6,745,DL,ATL,1808
24,1,20,7,6,745,DL,ATL,1807
54,1,21,1,6,745,DL,ATL,1806
10,1,22,2,6,745,DL,ATL,1805
-8,1,23,3,6,745,DL,ATL,1804
-3,1,24,4,6,745,DL,ATL,1803
-1,1,25,5,6,745,DL,ATL,1802
-1,1,26,6,6,745,DL,ATL,1801
1,1,27,7,6,745,DL,ATL,1800
0,1,28,1,6,745,DL,ATL,1799
-2,1,29,2,6,745,DL,ATL,1798
4,1,30,3,6,745,DL,ATL,1797
-2,1,31,4,6,745,DL,ATL,1796
-2,1,1,2,17,745,DL,ATL,1826
75,1,3,4,17,745,DL,ATL,1824
42,1,4,5,17,745,DL,ATL,1823
12,1,5,6,17,745,DL,ATL,1822
28,1,6,7,17,745,DL,ATL,1821
2,1,8,2,17,745,DL,ATL,1819
1,1,9,3,17,745,DL,ATL,1818
0,1,10,4,17,745,DL,ATL,1817
2,1,11,5,17,745,DL,ATL,1816
3,1,12,6,17,745,DL,ATL,1815
-9,1,14,1,17,745,DL,ATL,1813
2,1,15,2,17,745,DL,ATL,1812
1,1,16,3,17,745,DL,ATL,1811
2,1,17,4,17,745,DL,ATL,1810
9,1,18,5,17,745,DL,ATL,1809
117,1,19,6,17,745,DL,ATL,1808
-1,1,20,7,17,745,DL,ATL,1807
11,1,21,1,17,745,DL,ATL,1806
1,1,22,2,17,745,DL,ATL,1805
5,1,23,3,17,745,DL,ATL,1804
1,1,24,4,17,745,DL,ATL,1803
2,1,25,5,17,745,DL,ATL,1802
-4,1,26,6,17,745,DL,ATL,1801
-8,1,27,7,17,745,DL,ATL,1800
-12,1,28,1,17,745,DL,ATL,1799
-4,1,29,2,17,745,DL,ATL,1798
-5,1,30,3,17,745,DL,ATL,1797
9,1,31,4,17,745,DL,ATL,1796
4,1,1,2,13,569,DL,CVG,1826
4,1,2,3,13,569,DL,CVG,1825
69,1,3,4,13,569,DL,CVG,1824
52,1,4,5,13,569,DL,CVG,1823
0,1,5,6,13,569,DL,CVG,1822
15,1,6,7,13,569,DL,CVG,1821
9,1,7,1,13,569,DL,CVG,1820
1,1,8,2,13,569,DL,CVG,1819
2,1,9,3,13,569,DL,CVG,1818
3,1,10,4,13,569,DL,CVG,1817
6,1,11,5,13,569,DL,CVG,1816
4,1,12,6,13,569,DL,CVG,1815
-4,1,13,7,13,569,DL,CVG,1814
0,1,14,1,13,569,DL,CVG,1813
-1,1,15,2,13,569,DL,CVG,1812
3,1,16,3,13,569,DL,CVG,1811
-3,1,17,4,13,569,DL,CVG,1810
0,1,18,5,13,569,DL,CVG,1809
-4,1,19,6,13,569,DL,CVG,1808
4,1,20,7,13,569,DL,CVG,1807
0,1,21,1,13,569,DL,CVG,1806
-1,1,22,2,13,569,DL,CVG,1805
-5,1,23,3,13,569,DL,CVG,1804
27,1,24,4,13,569,DL,CVG,1803
6,1,25,5,13,569,DL,CVG,1802
-1,1,26,6,13,569,DL,CVG,1801
25,1,27,7,13,569,DL,CVG,1800
10,1,28,1,13,569,DL,CVG,1799
1,1,29,2,13,569,DL,CVG,1798
-5,1,30,3,13,569,DL,CVG,1797
6,1,31,4,13,569,DL,CVG,1796
-4,1,1,2,8,745,DL,ATL,1826
15,1,2,3,8,745,DL,ATL,1825
156,1,3,4,8,745,DL,ATL,1824
-6,1,5,6,8,745,DL,ATL,1822
0,1,6,7,8,745,DL,ATL,1821
-1,1,8,2,8,745,DL,ATL,1819
1,1,9,3,8,745,DL,ATL,1818
-4,1,10,4,8,745,DL,ATL,1817
-1,1,11,5,8,745,DL,ATL,1816
8,1,12,6,8,745,DL,ATL,1815
-5,1,13,7,8,745,DL,ATL,1814
-7,1,14,1,8,745,DL,ATL,1813
-3,1,15,2,8,745,DL,ATL,1812
-3,1,16,3,8,745,DL,ATL,1811
3,1,17,4,8,745,DL,ATL,1810
-1,1,18,5,8,745,DL,ATL,1809
2,1,19,6,8,745,DL,ATL,1808
-5,1,20,7,8,745,DL,ATL,1807
4,1,21,1,8,745,DL,ATL,1806
-5,1,22,2,8,745,DL,ATL,1805
-6,1,23,3,8,745,DL,ATL,1804
-6,1,24,4,8,745,DL,ATL,1803
-5,1,25,5,8,745,DL,ATL,1802
-7,1,26,6,8,745,DL,ATL,1801
-7,1,27,7,8,745,DL,ATL,1800
-7,1,28,1,8,745,DL,ATL,1799
20,1,29,2,8,745,DL,ATL,1798
21,1,30,3,8,745,DL,ATL,1797
4,1,31,4,8,745,DL,ATL,1796
-2,1,1,2,17,569,DL,CVG,1826
227,1,2,3,17,569,DL,CVG,1825
102,1,3,4,17,569,DL,CVG,1824
-4,1,4,5,17,569,DL,CVG,1823
-6,1,5,6,17,569,DL,CVG,1822
2,1,6,7,17,569,DL,CVG,1821
60,1,7,1,17,569,DL,CVG,1820
-6,1,8,2,17,569,DL,CVG,1819
-3,1,9,3,17,569,DL,CVG,1818
-4,1,10,4,17,569,DL,CVG,1817
-3,1,11,5,17,569,DL,CVG,1816
-10,1,12,6,17,569,DL,CVG,1815
3,1,13,7,17,569,DL,CVG,1814
23,1,14,1,17,569,DL,CVG,1813
-5,1,15,2,17,569,DL,CVG,1812
-5,1,16,3,17,569,DL,CVG,1811
0,1,17,4,17,569,DL,CVG,1810
0,1,18,5,17,569,DL,CVG,1809
-2,1,20,7,17,569,DL,CVG,1807
4,1,21,1,17,569,DL,CVG,1806
-3,1,22,2,17,569,DL,CVG,1805
-4,1,23,3,17,569,DL,CVG,1804
-1,1,24,4,17,569,DL,CVG,1803
0,1,25,5,17,569,DL,CVG,1802
-5,1,26,6,17,569,DL,CVG,1801
-3,1,27,7,17,569,DL,CVG,1800
-7,1,28,1,17,569,DL,CVG,1799
-5,1,29,2,17,569,DL,CVG,1798
1,1,30,3,17,569,DL,CVG,1797
-3,1,31,4,17,569,DL,CVG,1796
12,1,1,2,5,745,DL,ATL,1826
0,1,2,3,5,745,DL,ATL,1825
-5,1,4,5,5,745,DL,ATL,1823
3,1,5,6,5,745,DL,ATL,1822
53,1,6,7,5,745,DL,ATL,1821
0,1,7,1,5,745,DL,ATL,1820
-7,1,8,2,5,745,DL,ATL,1819
0,1,9,3,5,745,DL,ATL,1818
105,1,10,4,5,745,DL,ATL,1817
-1,1,11,5,5,745,DL,ATL,1816
-6,1,12,6,5,745,DL,ATL,1815
-3,1,13,7,5,745,DL,ATL,1814
10,1,14,1,5,745,DL,ATL,1813
-4,1,15,2,5,745,DL,ATL,1812
-6,1,16,3,5,745,DL,ATL,1811
4,1,17,4,5,745,DL,ATL,1810
-2,1,18,5,5,745,DL,ATL,1809
-4,1,19,6,5,745,DL,ATL,1808
-2,1,20,7,5,745,DL,ATL,1807
3,1,21,1,5,745,DL,ATL,1806
-3,1,22,2,5,745,DL,ATL,1805
9,1,23,3,5,745,DL,ATL,1804
-3,1,24,4,5,745,DL,ATL,1803
-1,1,25,5,5,745,DL,ATL,1802
-8,1,26,6,5,745,DL,ATL,1801
-8,1,27,7,5,745,DL,ATL,1800
-5,1,28,1,5,745,DL,ATL,1799
-9,1,29,2,5,745,DL,ATL,1798
-6,1,30,3,5,745,DL,ATL,1797
2,1,31,4,5,745,DL,ATL,1796
9,1,1,2,18,1968,DL,SLC,1826
6,1,2,3,18,1968,DL,SLC,1825
13,1,3,4,18,1968,DL,SLC,1824
0,1,4,5,18,1968,DL,SLC,1823
4,1,5,6,18,1968,DL,SLC,1822
-3,1,6,7,18,1968,DL,SLC,1821
12,1,7,1,18,1968,DL,SLC,1820
-1,1,8,2,18,1968,DL,SLC,1819
-6,1,9,3,18,1968,DL,SLC,1818
1,1,10,4,18,1968,DL,SLC,1817
-1,1,11,5,18,1968,DL,SLC,1816
-5,1,12,6,18,1968,DL,SLC,1815
-10,1,13,7,18,1968,DL,SLC,1814
-2,1,14,1,18,1968,DL,SLC,1813
-11,1,15,2,18,1968,DL,SLC,1812
4,1,16,3,18,1968,DL,SLC,1811
-3,1,17,4,18,1968,DL,SLC,1810
-1,1,18,5,18,1968,DL,SLC,1809
-7,1,19,6,18,1968,DL,SLC,1808
-4,1,20,7,18,1968,DL,SLC,1807
-7,1,21,1,18,1968,DL,SLC,1806
4,1,22,2,18,1968,DL,SLC,1805
1,1,23,3,18,1968,DL,SLC,1804
-4,1,24,4,18,1968,DL,SLC,1803
-4,1,25,5,18,1968,DL,SLC,1802
-1,1,26,6,18,1968,DL,SLC,1801
-7,1,27,7,18,1968,DL,SLC,1800
-10,1,28,1,18,1968,DL,SLC,1799
-9,1,29,2,18,1968,DL,SLC,1798
-9,1,30,3,18,1968,DL,SLC,1797
-7,1,31,4,18,1968,DL,SLC,1796
6,1,1,2,12,745,DL,ATL,1826
18,1,2,3,12,745,DL,ATL,1825
27,1,3,4,12,745,DL,ATL,1824
27,1,5,6,12,745,DL,ATL,1822
5,1,6,7,12,745,DL,ATL,1821
2,1,7,1,12,745,DL,ATL,1820
-5,1,8,2,12,745,DL,ATL,1819
-6,1,9,3,12,745,DL,ATL,1818
-6,1,10,4,12,745,DL,ATL,1817
2,1,11,5,12,745,DL,ATL,1816
1,1,12,6,12,745,DL,ATL,1815
1,1,13,7,12,745,DL,ATL,1814
3,1,14,1,12,745,DL,ATL,1813
-4,1,15,2,12,745,DL,ATL,1812
-2,1,16,3,12,745,DL,ATL,1811
2,1,17,4,12,745,DL,ATL,1810
12,1,18,5,12,745,DL,ATL,1809
12,1,19,6,12,745,DL,ATL,1808
-7,1,20,7,12,745,DL,ATL,1807
12,1,21,1,12,745,DL,ATL,1806
-2,1,22,2,12,745,DL,ATL,1805
-4,1,23,3,12,745,DL,ATL,1804
9,1,24,4,12,745,DL,ATL,1803
1,1,25,5,12,745,DL,ATL,1802
-2,1,26,6,12,745,DL,ATL,1801
3,1,27,7,12,745,DL,ATL,1800
-2,1,28,1,12,745,DL,ATL,1799
1,1,29,2,12,745,DL,ATL,1798
0,1,30,3,12,745,DL,ATL,1797
0,1,31,4,12,745,DL,ATL,1796
3,1,1,2,18,745,DL,ATL,1826
12,1,3,4,18,745,DL,ATL,1824
77,1,4,5,18,745,DL,ATL,1823
-6,1,5,6,18,745,DL,ATL,1822
9,1,6,7,18,745,DL,ATL,1821
75,1,7,1,18,745,DL,ATL,1820
-3,1,8,2,18,745,DL,ATL,1819
11,1,9,3,18,745,DL,ATL,1818
-3,1,10,4,18,745,DL,ATL,1817
-2,1,11,5,18,745,DL,ATL,1816
1,1,12,6,18,745,DL,ATL,1815
3,1,13,7,18,745,DL,ATL,1814
1,1,14,1,18,745,DL,ATL,1813
-1,1,15,2,18,745,DL,ATL,1812
10,1,16,3,18,745,DL,ATL,1811
20,1,17,4,18,745,DL,ATL,1810
13,1,18,5,18,745,DL,ATL,1809
3,1,20,7,18,745,DL,ATL,1807
4,1,21,1,18,745,DL,ATL,1806
-3,1,22,2,18,745,DL,ATL,1805
-5,1,23,3,18,745,DL,ATL,1804
15,1,24,4,18,745,DL,ATL,1803
-2,1,25,5,18,745,DL,ATL,1802
3,1,26,6,18,745,DL,ATL,1801
2,1,27,7,18,745,DL,ATL,1800
-7,1,28,1,18,745,DL,ATL,1799
-3,1,29,2,18,745,DL,ATL,1798
0,1,30,3,18,745,DL,ATL,1797
7,1,31,4,18,745,DL,ATL,1796
62,1,1,2,7,1968,DL,SLC,1826
1,1,2,3,7,1968,DL,SLC,1825
15,1,3,4,7,1968,DL,SLC,1824
6,1,4,5,7,1968,DL,SLC,1823
1,1,5,6,7,1968,DL,SLC,1822
-2,1,6,7,7,1968,DL,SLC,1821
-5,1,7,1,7,1968,DL,SLC,1820
0,1,8,2,7,1968,DL,SLC,1819
0,1,9,3,7,1968,DL,SLC,1818
34,1,10,4,7,1968,DL,SLC,1817
-1,1,11,5,7,1968,DL,SLC,1816
0,1,12,6,7,1968,DL,SLC,1815
1,1,13,7,7,1968,DL,SLC,1814
-4,1,14,1,7,1968,DL,SLC,1813
49,1,15,2,7,1968,DL,SLC,1812
3,1,16,3,7,1968,DL,SLC,1811
-2,1,17,4,7,1968,DL,SLC,1810
8,1,18,5,7,1968,DL,SLC,1809
-2,1,19,6,7,1968,DL,SLC,1808
3,1,20,7,7,1968,DL,SLC,1807
-3,1,21,1,7,1968,DL,SLC,1806
-2,1,22,2,7,1968,DL,SLC,1805
-5,1,23,3,7,1968,DL,SLC,1804
0,1,24,4,7,1968,DL,SLC,1803
-10,1,25,5,7,1968,DL,SLC,1802
5,1,26,6,7,1968,DL,SLC,1801
-5,1,27,7,7,1968,DL,SLC,1800
-1,1,28,1,7,1968,DL,SLC,1799
0,1,29,2,7,1968,DL,SLC,1798
-5,1,30,3,7,1968,DL,SLC,1797
-5,1,31,4,7,1968,DL,SLC,1796
-8,1,1,2,16,938,DL,MCO,1826
1,1,2,3,16,938,DL,MCO,1825
0,1,3,4,16,938,DL,MCO,1824
-8,1,4,5,16,938,DL,MCO,1823
-7,1,5,6,16,938,DL,MCO,1822
-8,1,6,7,16,938,DL,MCO,1821
69,1,7,1,16,938,DL,MCO,1820
1,1,8,2,16,938,DL,MCO,1819
-11,1,9,3,16,938,DL,MCO,1818
-4,1,10,4,16,938,DL,MCO,1817
-6,1,11,5,16,938,DL,MCO,1816
2,1,12,6,16,938,DL,MCO,1815
10,1,13,7,16,938,DL,MCO,1814
-12,1,14,1,16,938,DL,MCO,1813
-11,1,15,2,16,938,DL,MCO,1812
15,1,16,3,16,938,DL,MCO,1811
3,1,17,4,16,938,DL,MCO,1810
-5,1,18,5,16,938,DL,MCO,1809
-5,1,19,6,16,938,DL,MCO,1808
-6,1,20,7,16,938,DL,MCO,1807
-1,1,21,1,16,938,DL,MCO,1806
-11,1,22,2,16,938,DL,MCO,1805
-8,1,23,3,16,938,DL,MCO,1804
-4,1,24,4,16,938,DL,MCO,1803
-7,1,25,5,16,938,DL,MCO,1802
-3,1,26,6,16,938,DL,MCO,1801
-5,1,27,7,16,938,DL,MCO,1800
-13,1,28,1,16,938,DL,MCO,1799
-12,1,29,2,16,938,DL,MCO,1798
-13,1,30,3,16,938,DL,MCO,1797
-5,1,31,4,16,938,DL,MCO,1796
-7,1,1,2,19,1065,DL,FLL,1826
35,1,2,3,19,1065,DL,FLL,1825
40,1,4,5,19,1065,DL,FLL,1823
-4,1,5,6,19,1065,DL,FLL,1822
25,1,6,7,19,1065,DL,FLL,1821
54,1,7,1,19,1065,DL,FLL,1820
-12,1,8,2,19,1065,DL,FLL,1819
-3,1,9,3,19,1065,DL,FLL,1818
-5,1,10,4,19,1065,DL,FLL,1817
27,1,11,5,19,1065,DL,FLL,1816
-7,1,12,6,19,1065,DL,FLL,1815
6,1,13,7,19,1065,DL,FLL,1814
-3,1,14,1,19,1065,DL,FLL,1813
-1,1,15,2,19,1065,DL,FLL,1812
0,1,16,3,19,1065,DL,FLL,1811
13,1,17,4,19,1065,DL,FLL,1810
4,1,18,5,19,1065,DL,FLL,1809
7,1,19,6,19,1065,DL,FLL,1808
-5,1,20,7,19,1065,DL,FLL,1807
46,1,21,1,19,1065,DL,FLL,1806
32,1,22,2,19,1065,DL,FLL,1805
34,1,23,3,19,1065,DL,FLL,1804
4,1,24,4,19,1065,DL,FLL,1803
6,1,25,5,19,1065,DL,FLL,1802
-10,1,26,6,19,1065,DL,FLL,1801
4,1,27,7,19,1065,DL,FLL,1800
1,1,28,1,19,1065,DL,FLL,1799
-2,1,29,2,19,1065,DL,FLL,1798
-9,1,30,3,19,1065,DL,FLL,1797
40,1,31,4,19,1065,DL,FLL,1796
-2,1,1,2,8,1065,DL,FLL,1826
35,1,2,3,8,1065,DL,FLL,1825
7,1,3,4,8,1065,DL,FLL,1824
3,1,4,5,8,1065,DL,FLL,1823
-1,1,5,6,8,1065,DL,FLL,1822
3,1,6,7,8,1065,DL,FLL,1821
-7,1,7,1,8,1065,DL,FLL,1820
2,1,8,2,8,1065,DL,FLL,1819
-5,1,9,3,8,1065,DL,FLL,1818
-6,1,10,4,8,1065,DL,FLL,1817
-4,1,11,5,8,1065,DL,FLL,1816
1,1,12,6,8,1065,DL,FLL,1815
-2,1,13,7,8,1065,DL,FLL,1814
-5,1,14,1,8,1065,DL,FLL,1813
-8,1,15,2,8,1065,DL,FLL,1812
-7,1,16,3,8,1065,DL,FLL,1811
8,1,17,4,8,1065,DL,FLL,1810
-4,1,18,5,8,1065,DL,FLL,1809
2,1,19,6,8,1065,DL,FLL,1808
3,1,20,7,8,1065,DL,FLL,1807
-3,1,21,1,8,1065,DL,FLL,1806
1,1,22,2,8,1065,DL,FLL,1805
-10,1,23,3,8,1065,DL,FLL,1804
-5,1,24,4,8,1065,DL,FLL,1803
5,1,25,5,8,1065,DL,FLL,1802
-4,1,26,6,8,1065,DL,FLL,1801
-5,1,27,7,8,1065,DL,FLL,1800
16,1,28,1,8,1065,DL,FLL,1799
-10,1,29,2,8,1065,DL,FLL,1798
-10,1,30,3,8,1065,DL,FLL,1797
-5,1,31,4,8,1065,DL,FLL,1796
1,1,1,2,14,938,DL,MCO,1826
-3,1,2,3,14,938,DL,MCO,1825
-6,1,3,4,14,938,DL,MCO,1824
-1,1,4,5,14,938,DL,MCO,1823
-1,1,5,6,14,938,DL,MCO,1822
114,1,6,7,14,938,DL,MCO,1821
-9,1,7,1,14,938,DL,MCO,1820
17,1,8,2,14,938,DL,MCO,1819
38,1,9,3,14,938,DL,MCO,1818
-9,1,10,4,14,938,DL,MCO,1817
-5,1,11,5,14,938,DL,MCO,1816
-3,1,12,6,14,938,DL,MCO,1815
-14,1,13,7,14,938,DL,MCO,1814
-9,1,14,1,14,938,DL,MCO,1813
-10,1,15,2,14,938,DL,MCO,1812
11,1,17,4,14,938,DL,MCO,1810
-10,1,18,5,14,938,DL,MCO,1809
20,1,19,6,14,938,DL,MCO,1808
3,1,20,7,14,938,DL,MCO,1807
-13,1,21,1,14,938,DL,MCO,1806
-10,1,22,2,14,938,DL,MCO,1805
-7,1,23,3,14,938,DL,MCO,1804
-7,1,24,4,14,938,DL,MCO,1803
-10,1,25,5,14,938,DL,MCO,1802
-8,1,26,6,14,938,DL,MCO,1801
2,1,27,7,14,938,DL,MCO,1800
-7,1,28,1,14,938,DL,MCO,1799
-13,1,29,2,14,938,DL,MCO,1798
-7,1,30,3,14,938,DL,MCO,1797
-12,1,31,4,14,938,DL,MCO,1796
-1,1,1,2,7,938,DL,MCO,1826
1,1,2,3,7,938,DL,MCO,1825
7,1,3,4,7,938,DL,MCO,1824
3,1,4,5,7,938,DL,MCO,1823
-3,1,5,6,7,938,DL,MCO,1822
9,1,6,7,7,938,DL,MCO,1821
0,1,7,1,7,938,DL,MCO,1820
-4,1,9,3,7,938,DL,MCO,1818
5,1,10,4,7,938,DL,MCO,1817
-2,1,11,5,7,938,DL,MCO,1816
-2,1,12,6,7,938,DL,MCO,1815
-4,1,13,7,7,938,DL,MCO,1814
-4,1,14,1,7,938,DL,MCO,1813
-4,1,15,2,7,938,DL,MCO,1812
-8,1,16,3,7,938,DL,MCO,1811
-2,1,17,4,7,938,DL,MCO,1810
1,1,18,5,7,938,DL,MCO,1809
-1,1,19,6,7,938,DL,MCO,1808
3,1,20,7,7,938,DL,MCO,1807
-1,1,21,1,7,938,DL,MCO,1806
-7,1,22,2,7,938,DL,MCO,1805
-1,1,23,3,7,938,DL,MCO,1804
2,1,24,4,7,938,DL,MCO,1803
-3,1,25,5,7,938,DL,MCO,1802
-4,1,26,6,7,938,DL,MCO,1801
-3,1,27,7,7,938,DL,MCO,1800
-3,1,28,1,7,938,DL,MCO,1799
-3,1,29,2,7,938,DL,MCO,1798
-5,1,30,3,7,938,DL,MCO,1797
-1,1,31,4,7,938,DL,MCO,1796
-5,1,1,2,9,938,DL,MCO,1826
5,1,2,3,9,938,DL,MCO,1825
-6,1,3,4,9,938,DL,MCO,1824
-1,1,4,5,9,938,DL,MCO,1823
-7,1,5,6,9,938,DL,MCO,1822
2,1,6,7,9,938,DL,MCO,1821
-7,1,7,1,9,938,DL,MCO,1820
-7,1,8,2,9,938,DL,MCO,1819
0,1,9,3,9,938,DL,MCO,1818
-2,1,10,4,9,938,DL,MCO,1817
-8,1,11,5,9,938,DL,MCO,1816
-2,1,12,6,9,938,DL,MCO,1815
0,1,13,7,9,938,DL,MCO,1814
54,1,14,1,9,938,DL,MCO,1813
-10,1,15,2,9,938,DL,MCO,1812
-6,1,16,3,9,938,DL,MCO,1811
-9,1,17,4,9,938,DL,MCO,1810
-4,1,18,5,9,938,DL,MCO,1809
-3,1,19,6,9,938,DL,MCO,1808
-1,1,20,7,9,938,DL,MCO,1807
-4,1,21,1,9,938,DL,MCO,1806
61,1,22,2,9,938,DL,MCO,1805
7,1,23,3,9,938,DL,MCO,1804
-2,1,24,4,9,938,DL,MCO,1803
-8,1,25,5,9,938,DL,MCO,1802
2,1,26,6,9,938,DL,MCO,1801
-6,1,27,7,9,938,DL,MCO,1800
-10,1,28,1,9,938,DL,MCO,1799
-13,1,29,2,9,938,DL,MCO,1798
-11,1,30,3,9,938,DL,MCO,1797
-8,1,31,4,9,938,DL,MCO,1796
-2,1,1,2,15,1065,DL,FLL,1826
-3,1,2,3,15,1065,DL,FLL,1825
11,1,3,4,15,1065,DL,FLL,1824
41,1,4,5,15,1065,DL,FLL,1823
11,1,5,6,15,1065,DL,FLL,1822
55,1,6,7,15,1065,DL,FLL,1821
47,1,7,1,15,1065,DL,FLL,1820
-5,1,8,2,15,1065,DL,FLL,1819
-1,1,9,3,15,1065,DL,FLL,1818
-3,1,10,4,15,1065,DL,FLL,1817
-1,1,11,5,15,1065,DL,FLL,1816
-2,1,12,6,15,1065,DL,FLL,1815
5,1,13,7,15,1065,DL,FLL,1814
-7,1,14,1,15,1065,DL,FLL,1813
-1,1,15,2,15,1065,DL,FLL,1812
2,1,16,3,15,1065,DL,FLL,1811
-1,1,17,4,15,1065,DL,FLL,1810
0,1,18,5,15,1065,DL,FLL,1809
24,1,19,6,15,1065,DL,FLL,1808
2,1,20,7,15,1065,DL,FLL,1807
0,1,21,1,15,1065,DL,FLL,1806
-7,1,22,2,15,1065,DL,FLL,1805
-7,1,23,3,15,1065,DL,FLL,1804
6,1,24,4,15,1065,DL,FLL,1803
3,1,25,5,15,1065,DL,FLL,1802
1,1,26,6,15,1065,DL,FLL,1801
14,1,27,7,15,1065,DL,FLL,1800
-6,1,28,1,15,1065,DL,FLL,1799
1,1,29,2,15,1065,DL,FLL,1798
39,1,30,3,15,1065,DL,FLL,1797
5,1,31,4,15,1065,DL,FLL,1796
23,1,1,2,9,2133,HP,PHX,1826
2,1,2,3,9,2133,HP,PHX,1825
0,1,3,4,9,2133,HP,PHX,1824
13,1,4,5,9,2133,HP,PHX,1823
6,1,5,6,9,2133,HP,PHX,1822
-1,1,6,7,9,2133,HP,PHX,1821
0,1,7,1,9,2133,HP,PHX,1820
6,1,8,2,9,2133,HP,PHX,1819
-6,1,9,3,9,2133,HP,PHX,1818
2,1,10,4,9,2133,HP,PHX,1817
2,1,11,5,9,2133,HP,PHX,1816
28,1,12,6,9,2133,HP,PHX,1815
-4,1,13,7,9,2133,HP,PHX,1814
4,1,14,1,9,2133,HP,PHX,1813
16,1,15,2,9,2133,HP,PHX,1812
3,1,16,3,9,2133,HP,PHX,1811
-7,1,17,4,9,2133,HP,PHX,1810
26,1,18,5,9,2133,HP,PHX,1809
-2,1,19,6,9,2133,HP,PHX,1808
0,1,20,7,9,2133,HP,PHX,1807
2,1,21,1,9,2133,HP,PHX,1806
-8,1,22,2,9,2133,HP,PHX,1805
-1,1,23,3,9,2133,HP,PHX,1804
-3,1,24,4,9,2133,HP,PHX,1803
-4,1,25,5,9,2133,HP,PHX,1802
4,1,26,6,9,2133,HP,PHX,1801
-4,1,27,7,9,2133,HP,PHX,1800
13,1,28,1,9,2133,HP,PHX,1799
2,1,29,2,9,2133,HP,PHX,1798
1,1,30,3,9,2133,HP,PHX,1797
1,1,31,4,9,2133,HP,PHX,1796
-5,1,9,3,17,2133,HP,PHX,1818
0,1,10,4,17,2133,HP,PHX,1817
0,1,11,5,17,2133,HP,PHX,1816
14,1,13,7,17,2133,HP,PHX,1814
-3,1,14,1,17,2133,HP,PHX,1813
-8,1,15,2,17,2133,HP,PHX,1812
0,1,16,3,17,2133,HP,PHX,1811
0,1,17,4,17,2133,HP,PHX,1810
12,1,18,5,17,2133,HP,PHX,1809
-2,1,20,7,17,2133,HP,PHX,1807
10,1,21,1,17,2133,HP,PHX,1806
-1,1,22,2,17,2133,HP,PHX,1805
2,1,23,3,17,2133,HP,PHX,1804
-8,1,24,4,17,2133,HP,PHX,1803
-2,1,25,5,17,2133,HP,PHX,1802
-7,1,27,7,17,2133,HP,PHX,1800
-3,1,28,1,17,2133,HP,PHX,1799
-6,1,29,2,17,2133,HP,PHX,1798
-5,1,30,3,17,2133,HP,PHX,1797
-2,1,31,4,17,2133,HP,PHX,1796
5,1,1,2,8,2227,HP,LAS,1826
18,1,2,3,8,2227,HP,LAS,1825
9,1,3,4,8,2227,HP,LAS,1824
53,1,4,5,8,2227,HP,LAS,1823
20,1,5,6,8,2227,HP,LAS,1822
-4,1,6,7,8,2227,HP,LAS,1821
1,1,7,1,8,2227,HP,LAS,1820
2,1,8,2,8,2227,HP,LAS,1819
0,1,9,3,8,2227,HP,LAS,1818
3,1,10,4,8,2227,HP,LAS,1817
2,1,11,5,8,2227,HP,LAS,1816
49,1,12,6,8,2227,HP,LAS,1815
-2,1,13,7,8,2227,HP,LAS,1814
20,1,14,1,8,2227,HP,LAS,1813
0,1,15,2,8,2227,HP,LAS,1812
-2,1,16,3,8,2227,HP,LAS,1811
2,1,17,4,8,2227,HP,LAS,1810
-4,1,18,5,8,2227,HP,LAS,1809
5,1,19,6,8,2227,HP,LAS,1808
12,1,20,7,8,2227,HP,LAS,1807
0,1,21,1,8,2227,HP,LAS,1806
-8,1,22,2,8,2227,HP,LAS,1805
-5,1,23,3,8,2227,HP,LAS,1804
-2,1,24,4,8,2227,HP,LAS,1803
0,1,25,5,8,2227,HP,LAS,1802
10,1,26,6,8,2227,HP,LAS,1801
-10,1,27,7,8,2227,HP,LAS,1800
17,1,28,1,8,2227,HP,LAS,1799
8,1,29,2,8,2227,HP,LAS,1798
3,1,30,3,8,2227,HP,LAS,1797
-6,1,31,4,8,2227,HP,LAS,1796
-9,1,1,2,20,2227,HP,LAS,1826
0,1,2,3,20,2227,HP,LAS,1825
19,1,3,4,20,2227,HP,LAS,1824
0,1,4,5,20,2227,HP,LAS,1823
-1,1,5,6,20,2227,HP,LAS,1822
45,1,6,7,20,2227,HP,LAS,1821
63,1,7,1,20,2227,HP,LAS,1820
-2,1,8,2,20,2227,HP,LAS,1819
0,1,9,3,20,2227,HP,LAS,1818
-2,1,10,4,20,2227,HP,LAS,1817
25,1,11,5,20,2227,HP,LAS,1816
-8,1,12,6,20,2227,HP,LAS,1815
54,1,13,7,20,2227,HP,LAS,1814
-6,1,14,1,20,2227,HP,LAS,1813
0,1,15,2,20,2227,HP,LAS,1812
-3,1,16,3,20,2227,HP,LAS,1811
0,1,17,4,20,2227,HP,LAS,1810
-3,1,18,5,20,2227,HP,LAS,1809
44,1,19,6,20,2227,HP,LAS,1808
0,1,20,7,20,2227,HP,LAS,1807
46,1,21,1,20,2227,HP,LAS,1806
-2,1,22,2,20,2227,HP,LAS,1805
-5,1,23,3,20,2227,HP,LAS,1804
0,1,24,4,20,2227,HP,LAS,1803
0,1,25,5,20,2227,HP,LAS,1802
-1,1,26,6,20,2227,HP,LAS,1801
-6,1,27,7,20,2227,HP,LAS,1800
-7,1,28,1,20,2227,HP,LAS,1799
-4,1,29,2,20,2227,HP,LAS,1798
-3,1,30,3,20,2227,HP,LAS,1797
-2,1,31,4,20,2227,HP,LAS,1796
-2,1,1,2,7,2133,HP,PHX,1826
3,1,2,3,7,2133,HP,PHX,1825
25,1,3,4,7,2133,HP,PHX,1824
3,1,4,5,7,2133,HP,PHX,1823
20,1,5,6,7,2133,HP,PHX,1822
6,1,6,7,7,2133,HP,PHX,1821
8,1,7,1,7,2133,HP,PHX,1820
19,1,8,2,7,2133,HP,PHX,1819
-4,1,9,3,7,2133,HP,PHX,1818
-2,1,10,4,7,2133,HP,PHX,1817
-2,1,11,5,7,2133,HP,PHX,1816
0,1,12,6,7,2133,HP,PHX,1815
3,1,13,7,7,2133,HP,PHX,1814
0,1,14,1,7,2133,HP,PHX,1813
17,1,15,2,7,2133,HP,PHX,1812
-10,1,16,3,7,2133,HP,PHX,1811
3,1,17,4,7,2133,HP,PHX,1810
-5,1,18,5,7,2133,HP,PHX,1809
39,1,19,6,7,2133,HP,PHX,1808
-7,1,20,7,7,2133,HP,PHX,1807
5,1,21,1,7,2133,HP,PHX,1806
-3,1,22,2,7,2133,HP,PHX,1805
2,1,23,3,7,2133,HP,PHX,1804
0,1,24,4,7,2133,HP,PHX,1803
11,1,25,5,7,2133,HP,PHX,1802
0,1,26,6,7,2133,HP,PHX,1801
0,1,27,7,7,2133,HP,PHX,1800
15,1,28,1,7,2133,HP,PHX,1799
17,1,29,2,7,2133,HP,PHX,1798
33,1,30,3,7,2133,HP,PHX,1797
-2,1,31,4,7,2133,HP,PHX,1796
0,1,1,2,17,2133,HP,PHX,1826
-2,1,2,3,17,2133,HP,PHX,1825
3,1,3,4,17,2133,HP,PHX,1824
0,1,4,5,17,2133,HP,PHX,1823
17,1,6,7,17,2133,HP,PHX,1821
16,1,7,1,17,2133,HP,PHX,1820
-2,1,8,2,17,2133,HP,PHX,1819
-8,1,5,6,17,2133,HP,PHX,1822
-4,1,12,6,17,2133,HP,PHX,1815
5,1,19,6,17,2133,HP,PHX,1808
-6,1,26,6,17,2133,HP,PHX,1801
0,1,1,2,15,2133,HP,PHX,1826
-1,1,2,3,15,2133,HP,PHX,1825
0,1,3,4,15,2133,HP,PHX,1824
-1,1,4,5,15,2133,HP,PHX,1823
11,1,6,7,15,2133,HP,PHX,1821
21,1,7,1,15,2133,HP,PHX,1820
-4,1,8,2,15,2133,HP,PHX,1819
-2,1,9,3,15,2133,HP,PHX,1818
0,1,10,4,15,2133,HP,PHX,1817
-5,1,11,5,15,2133,HP,PHX,1816
-2,1,13,7,15,2133,HP,PHX,1814
-3,1,14,1,15,2133,HP,PHX,1813
0,1,15,2,15,2133,HP,PHX,1812
-4,1,16,3,15,2133,HP,PHX,1811
10,1,17,4,15,2133,HP,PHX,1810
24,1,18,5,15,2133,HP,PHX,1809
-2,1,20,7,15,2133,HP,PHX,1807
-10,1,21,1,15,2133,HP,PHX,1806
-3,1,22,2,15,2133,HP,PHX,1805
0,1,23,3,15,2133,HP,PHX,1804
-1,1,24,4,15,2133,HP,PHX,1803
-4,1,25,5,15,2133,HP,PHX,1802
0,1,27,7,15,2133,HP,PHX,1800
0,1,28,1,15,2133,HP,PHX,1799
-1,1,29,2,15,2133,HP,PHX,1798
0,1,30,3,15,2133,HP,PHX,1797
5,1,31,4,15,2133,HP,PHX,1796
2,1,2,3,6,200,MQ,BOS,1825
5,1,3,4,6,200,MQ,BOS,1824
-1,1,4,5,6,200,MQ,BOS,1823
0,1,6,7,6,200,MQ,BOS,1821
24,1,7,1,6,200,MQ,BOS,1820
49,1,8,2,6,200,MQ,BOS,1819
0,1,9,3,6,200,MQ,BOS,1818
-2,1,10,4,6,200,MQ,BOS,1817
-1,1,11,5,6,200,MQ,BOS,1816
19,1,13,7,6,200,MQ,BOS,1814
32,1,14,1,6,200,MQ,BOS,1813
-1,1,15,2,6,200,MQ,BOS,1812
5,1,16,3,6,200,MQ,BOS,1811
1,1,17,4,6,200,MQ,BOS,1810
5,1,18,5,6,200,MQ,BOS,1809
22,1,20,7,6,200,MQ,BOS,1807
-5,1,21,1,6,200,MQ,BOS,1806
-9,1,22,2,6,200,MQ,BOS,1805
-2,1,23,3,6,200,MQ,BOS,1804
-3,1,24,4,6,200,MQ,BOS,1803
-5,1,25,5,6,200,MQ,BOS,1802
-1,1,27,7,6,200,MQ,BOS,1800
-5,1,28,1,6,200,MQ,BOS,1799
0,1,29,2,6,200,MQ,BOS,1798
-3,1,30,3,6,200,MQ,BOS,1797
1,1,31,4,6,200,MQ,BOS,1796
-6,1,1,2,8,200,MQ,BOS,1826
102,1,2,3,8,200,MQ,BOS,1825
17,1,3,4,8,200,MQ,BOS,1824
1,1,5,6,8,200,MQ,BOS,1822
52,1,7,1,8,200,MQ,BOS,1820
60,1,8,2,8,200,MQ,BOS,1819
-7,1,9,3,8,200,MQ,BOS,1818
-1,1,10,4,8,200,MQ,BOS,1817
-6,1,11,5,8,200,MQ,BOS,1816
37,1,12,6,8,200,MQ,BOS,1815
1,1,14,1,8,200,MQ,BOS,1813
18,1,15,2,8,200,MQ,BOS,1812
115,1,16,3,8,200,MQ,BOS,1811
31,1,17,4,8,200,MQ,BOS,1810
9,1,18,5,8,200,MQ,BOS,1809
-4,1,19,6,8,200,MQ,BOS,1808
5,1,21,1,8,200,MQ,BOS,1806
4,1,22,2,8,200,MQ,BOS,1805
9,1,23,3,8,200,MQ,BOS,1804
2,1,24,4,8,200,MQ,BOS,1803
-1,1,25,5,8,200,MQ,BOS,1802
-4,1,26,6,8,200,MQ,BOS,1801
-6,1,28,1,8,200,MQ,BOS,1799
-3,1,29,2,8,200,MQ,BOS,1798
8,1,30,3,8,200,MQ,BOS,1797
0,1,31,4,9,200,MQ,BOS,1796
-2,1,1,2,17,200,MQ,BOS,1826
11,1,2,3,17,200,MQ,BOS,1825
66,1,3,4,17,200,MQ,BOS,1824
-5,1,4,5,17,200,MQ,BOS,1823
-7,1,5,6,17,200,MQ,BOS,1822
22,1,6,7,17,200,MQ,BOS,1821
129,1,7,1,17,200,MQ,BOS,1820
-4,1,8,2,17,200,MQ,BOS,1819
2,1,9,3,17,200,MQ,BOS,1818
-1,1,10,4,17,200,MQ,BOS,1817
14,1,11,5,17,200,MQ,BOS,1816
-7,1,12,6,17,200,MQ,BOS,1815
22,1,14,1,17,200,MQ,BOS,1813
-2,1,15,2,17,200,MQ,BOS,1812
1,1,16,3,17,200,MQ,BOS,1811
79,1,17,4,17,200,MQ,BOS,1810
6,1,18,5,17,200,MQ,BOS,1809
9,1,19,6,17,200,MQ,BOS,1808
15,1,20,7,17,200,MQ,BOS,1807
-2,1,22,2,17,200,MQ,BOS,1805
-7,1,23,3,17,200,MQ,BOS,1804
58,1,24,4,17,200,MQ,BOS,1803
-6,1,25,5,17,200,MQ,BOS,1802
-7,1,26,6,17,200,MQ,BOS,1801
-2,1,27,7,17,200,MQ,BOS,1800
-8,1,28,1,17,200,MQ,BOS,1799
56,1,29,2,17,200,MQ,BOS,1798
4,1,30,3,17,200,MQ,BOS,1797
11,1,1,2,19,200,MQ,BOS,1826
0,1,2,3,19,200,MQ,BOS,1825
100,1,4,5,19,200,MQ,BOS,1823
76,1,6,7,19,200,MQ,BOS,1821
-1,1,8,2,19,200,MQ,BOS,1819
-4,1,9,3,19,200,MQ,BOS,1818
103,1,10,4,19,200,MQ,BOS,1817
-3,1,11,5,19,200,MQ,BOS,1816
-5,1,14,1,19,200,MQ,BOS,1813
-6,1,15,2,19,200,MQ,BOS,1812
-3,1,16,3,19,200,MQ,BOS,1811
4,1,17,4,19,200,MQ,BOS,1810
-3,1,18,5,19,200,MQ,BOS,1809
11,1,20,7,19,200,MQ,BOS,1807
-3,1,21,1,19,200,MQ,BOS,1806
4,1,22,2,19,200,MQ,BOS,1805
1,1,23,3,19,200,MQ,BOS,1804
43,1,24,4,19,200,MQ,BOS,1803
-4,1,25,5,19,200,MQ,BOS,1802
-7,1,27,7,19,200,MQ,BOS,1800
-2,1,28,1,19,200,MQ,BOS,1799
76,1,29,2,19,200,MQ,BOS,1798
-3,1,30,3,19,200,MQ,BOS,1797
-2,1,1,2,14,200,MQ,BOS,1826
3,1,2,3,14,200,MQ,BOS,1825
0,1,3,4,14,200,MQ,BOS,1824
4,1,4,5,14,200,MQ,BOS,1823
4,1,5,6,14,200,MQ,BOS,1822
4,1,6,7,14,200,MQ,BOS,1821
54,1,7,1,14,200,MQ,BOS,1820
37,1,8,2,14,200,MQ,BOS,1819
-4,1,9,3,14,200,MQ,BOS,1818
-3,1,10,4,14,200,MQ,BOS,1817
-4,1,11,5,14,200,MQ,BOS,1816
-4,1,12,6,14,200,MQ,BOS,1815
65,1,13,7,14,200,MQ,BOS,1814
0,1,14,1,14,200,MQ,BOS,1813
-5,1,15,2,14,200,MQ,BOS,1812
11,1,16,3,14,200,MQ,BOS,1811
-1,1,17,4,14,200,MQ,BOS,1810
-1,1,18,5,14,200,MQ,BOS,1809
0,1,19,6,14,200,MQ,BOS,1808
-5,1,20,7,14,200,MQ,BOS,1807
10,1,21,1,14,200,MQ,BOS,1806
-5,1,23,3,14,200,MQ,BOS,1804
23,1,24,4,14,200,MQ,BOS,1803
-3,1,25,5,14,200,MQ,BOS,1802
-3,1,26,6,14,200,MQ,BOS,1801
-2,1,27,7,14,200,MQ,BOS,1800
-5,1,28,1,14,200,MQ,BOS,1799
-5,1,29,2,14,200,MQ,BOS,1798
-5,1,30,3,14,200,MQ,BOS,1797
188,1,31,4,14,200,MQ,BOS,1796
-4,1,1,2,11,416,MQ,RDU,1826
0,1,2,3,11,416,MQ,RDU,1825
5,1,3,4,11,416,MQ,RDU,1824
91,1,4,5,11,416,MQ,RDU,1823
-1,1,5,6,11,416,MQ,RDU,1822
-5,1,6,7,11,416,MQ,RDU,1821
-6,1,7,1,11,416,MQ,RDU,1820
-1,1,8,2,11,416,MQ,RDU,1819
-4,1,9,3,11,416,MQ,RDU,1818
-10,1,10,4,11,416,MQ,RDU,1817
12,1,11,5,11,416,MQ,RDU,1816
-4,1,12,6,11,416,MQ,RDU,1815
-3,1,13,7,11,416,MQ,RDU,1814
-7,1,14,1,11,416,MQ,RDU,1813
-4,1,15,2,11,416,MQ,RDU,1812
-7,1,16,3,11,416,MQ,RDU,1811
3,1,17,4,11,416,MQ,RDU,1810
-6,1,18,5,11,416,MQ,RDU,1809
0,1,19,6,11,416,MQ,RDU,1808
-2,1,20,7,11,416,MQ,RDU,1807
-3,1,21,1,11,416,MQ,RDU,1806
0,1,22,2,11,416,MQ,RDU,1805
-5,1,23,3,11,416,MQ,RDU,1804
-1,1,24,4,11,416,MQ,RDU,1803
-2,1,25,5,11,416,MQ,RDU,1802
-4,1,26,6,11,416,MQ,RDU,1801
-3,1,27,7,11,416,MQ,RDU,1800
-5,1,28,1,11,416,MQ,RDU,1799
-8,1,29,2,11,416,MQ,RDU,1798
-7,1,30,3,11,416,MQ,RDU,1797
1,1,31,4,11,416,MQ,RDU,1796
1,1,1,2,16,416,MQ,RDU,1826
-1,1,2,3,16,416,MQ,RDU,1825
23,1,5,6,16,416,MQ,RDU,1822
5,1,6,7,16,416,MQ,RDU,1821
-5,1,7,1,16,416,MQ,RDU,1820
27,1,8,2,16,416,MQ,RDU,1819
-5,1,9,3,16,416,MQ,RDU,1818
-1,1,10,4,16,416,MQ,RDU,1817
-5,1,11,5,16,416,MQ,RDU,1816
-4,1,12,6,16,416,MQ,RDU,1815
0,1,13,7,16,416,MQ,RDU,1814
-3,1,14,1,16,416,MQ,RDU,1813
-3,1,15,2,16,416,MQ,RDU,1812
-6,1,16,3,16,416,MQ,RDU,1811
0,1,17,4,16,416,MQ,RDU,1810
-1,1,18,5,16,416,MQ,RDU,1809
-5,1,19,6,16,416,MQ,RDU,1808
-2,1,20,7,16,416,MQ,RDU,1807
-5,1,21,1,16,416,MQ,RDU,1806
-6,1,22,2,16,416,MQ,RDU,1805
-1,1,24,4,16,416,MQ,RDU,1803
-9,1,25,5,16,416,MQ,RDU,1802
-1,1,26,6,16,416,MQ,RDU,1801
-2,1,27,7,16,416,MQ,RDU,1800
-8,1,28,1,16,416,MQ,RDU,1799
-5,1,29,2,16,416,MQ,RDU,1798
5,1,30,3,16,416,MQ,RDU,1797
36,1,31,4,16,416,MQ,RDU,1796
1,1,2,3,8,416,MQ,RDU,1825
-5,1,5,6,8,416,MQ,RDU,1822
20,1,7,1,8,416,MQ,RDU,1820
1,1,8,2,8,416,MQ,RDU,1819
-8,1,9,3,8,416,MQ,RDU,1818
-3,1,10,4,8,416,MQ,RDU,1817
-5,1,11,5,8,416,MQ,RDU,1816
12,1,12,6,8,416,MQ,RDU,1815
-3,1,14,1,8,416,MQ,RDU,1813
-5,1,15,2,8,416,MQ,RDU,1812
-8,1,16,3,8,416,MQ,RDU,1811
-6,1,17,4,8,416,MQ,RDU,1810
-5,1,18,5,8,416,MQ,RDU,1809
0,1,19,6,8,416,MQ,RDU,1808
-2,1,21,1,8,416,MQ,RDU,1806
-4,1,22,2,8,416,MQ,RDU,1805
-9,1,23,3,8,416,MQ,RDU,1804
-7,1,24,4,8,416,MQ,RDU,1803
-3,1,25,5,8,416,MQ,RDU,1802
-5,1,26,6,8,416,MQ,RDU,1801
-4,1,28,1,8,416,MQ,RDU,1799
-2,1,29,2,8,416,MQ,RDU,1798
-6,1,31,4,8,416,MQ,RDU,1796
-4,1,1,2,13,416,MQ,RDU,1826
13,1,2,3,13,416,MQ,RDU,1825
-6,1,6,7,13,416,MQ,RDU,1821
0,1,7,1,13,416,MQ,RDU,1820
2,1,8,2,13,416,MQ,RDU,1819
-3,1,9,3,13,416,MQ,RDU,1818
-7,1,10,4,13,416,MQ,RDU,1817
-5,1,12,6,13,416,MQ,RDU,1815
-5,1,13,7,13,416,MQ,RDU,1814
3,1,14,1,13,416,MQ,RDU,1813
-4,1,15,2,13,416,MQ,RDU,1812
31,1,16,3,13,416,MQ,RDU,1811
-2,1,17,4,13,416,MQ,RDU,1810
0,1,18,5,13,416,MQ,RDU,1809
20,1,19,6,13,416,MQ,RDU,1808
-3,1,20,7,13,416,MQ,RDU,1807
19,1,21,1,13,416,MQ,RDU,1806
20,1,24,4,13,416,MQ,RDU,1803
-1,1,25,5,13,416,MQ,RDU,1802
-2,1,26,6,13,416,MQ,RDU,1801
-5,1,27,7,13,416,MQ,RDU,1800
-8,1,28,1,13,416,MQ,RDU,1799
-6,1,29,2,13,416,MQ,RDU,1798
0,1,30,3,13,416,MQ,RDU,1797
-3,1,31,4,13,416,MQ,RDU,1796
-6,1,1,2,18,416,MQ,RDU,1826
81,1,4,5,18,416,MQ,RDU,1823
23,1,6,7,18,416,MQ,RDU,1821
224,1,7,1,18,416,MQ,RDU,1820
17,1,8,2,18,416,MQ,RDU,1819
23,1,9,3,18,416,MQ,RDU,1818
0,1,10,4,18,416,MQ,RDU,1817
22,1,11,5,18,416,MQ,RDU,1816
0,1,13,7,18,416,MQ,RDU,1814
-7,1,14,1,18,416,MQ,RDU,1813
-3,1,15,2,18,416,MQ,RDU,1812
0,1,16,3,18,416,MQ,RDU,1811
63,1,17,4,18,416,MQ,RDU,1810
1,1,18,5,18,416,MQ,RDU,1809
-5,1,20,7,18,416,MQ,RDU,1807
8,1,21,1,18,416,MQ,RDU,1806
-1,1,22,2,18,416,MQ,RDU,1805
5,1,23,3,18,416,MQ,RDU,1804
45,1,24,4,18,416,MQ,RDU,1803
0,1,25,5,18,416,MQ,RDU,1802
-5,1,27,7,18,416,MQ,RDU,1800
-4,1,28,1,18,416,MQ,RDU,1799
0,1,29,2,18,416,MQ,RDU,1798
-1,1,30,3,18,416,MQ,RDU,1797
-5,1,31,4,18,416,MQ,RDU,1796
35,1,1,2,8,2454,AA,LAX,1826
14,1,2,3,8,2454,AA,LAX,1825
22,1,3,4,8,2454,AA,LAX,1824
0,1,4,5,8,2454,AA,LAX,1823
-2,1,5,6,8,2454,AA,LAX,1822
-3,1,6,7,8,2454,AA,LAX,1821
1,1,7,1,8,2454,AA,LAX,1820
-2,1,8,2,8,2454,AA,LAX,1819
-1,1,9,3,8,2454,AA,LAX,1818
-3,1,10,4,8,2454,AA,LAX,1817
0,1,11,5,8,2454,AA,LAX,1816
-4,1,12,6,8,2454,AA,LAX,1815
-5,1,13,7,8,2454,AA,LAX,1814
-6,1,14,1,8,2454,AA,LAX,1813
-5,1,15,2,8,2454,AA,LAX,1812
-4,1,16,3,8,2454,AA,LAX,1811
-2,1,17,4,8,2454,AA,LAX,1810
0,1,18,5,8,2454,AA,LAX,1809
3,1,19,6,8,2454,AA,LAX,1808
-7,1,20,7,8,2454,AA,LAX,1807
0,1,21,1,8,2454,AA,LAX,1806
-4,1,22,2,8,2454,AA,LAX,1805
-7,1,23,3,8,2454,AA,LAX,1804
-6,1,24,4,8,2454,AA,LAX,1803
-6,1,25,5,8,2454,AA,LAX,1802
-5,1,26,6,8,2454,AA,LAX,1801
-2,1,27,7,8,2454,AA,LAX,1800
25,1,28,1,8,2454,AA,LAX,1799
-3,1,29,2,8,2454,AA,LAX,1798
22,1,30,3,8,2454,AA,LAX,1797
8,1,31,4,8,2454,AA,LAX,1796
0,1,1,2,18,1372,AA,DFW,1826
24,1,2,3,18,1372,AA,DFW,1825
20,1,3,4,18,1372,AA,DFW,1824
1,1,4,5,18,1372,AA,DFW,1823
19,1,6,7,18,1372,AA,DFW,1821
40,1,7,1,18,1372,AA,DFW,1820
2,1,8,2,18,1372,AA,DFW,1819
-9,1,9,3,18,1372,AA,DFW,1818
-5,1,10,4,18,1372,AA,DFW,1817
5,1,11,5,18,1372,AA,DFW,1816
-4,1,13,7,18,1372,AA,DFW,1814
-2,1,14,1,18,1372,AA,DFW,1813
-6,1,15,2,18,1372,AA,DFW,1812
-3,1,16,3,18,1372,AA,DFW,1811
6,1,17,4,18,1372,AA,DFW,1810
1,1,18,5,18,1372,AA,DFW,1809
9,1,20,7,18,1372,AA,DFW,1807
-4,1,21,1,18,1372,AA,DFW,1806
-13,1,22,2,18,1372,AA,DFW,1805
-7,1,23,3,18,1372,AA,DFW,1804
34,1,24,4,18,1372,AA,DFW,1803
31,1,25,5,18,1372,AA,DFW,1802
0,1,27,7,18,1372,AA,DFW,1800
-3,1,28,1,18,1372,AA,DFW,1799
-9,1,29,2,18,1372,AA,DFW,1798
-1,1,30,3,18,1372,AA,DFW,1797
3,1,31,4,18,1372,AA,DFW,1796
-1,1,1,2,17,2454,AA,LAX,1826
4,1,2,3,17,2454,AA,LAX,1825
22,1,3,4,17,2454,AA,LAX,1824
-3,1,4,5,17,2454,AA,LAX,1823
5,1,5,6,17,2454,AA,LAX,1822
22,1,6,7,17,2454,AA,LAX,1821
-5,1,7,1,17,2454,AA,LAX,1820
-3,1,8,2,17,2454,AA,LAX,1819
-5,1,9,3,17,2454,AA,LAX,1818
16,1,10,4,17,2454,AA,LAX,1817
1,1,11,5,17,2454,AA,LAX,1816
3,1,12,6,17,2454,AA,LAX,1815
2,1,13,7,17,2454,AA,LAX,1814
-5,1,14,1,17,2454,AA,LAX,1813
1,1,15,2,17,2454,AA,LAX,1812
1,1,16,3,17,2454,AA,LAX,1811
0,1,17,4,17,2454,AA,LAX,1810
37,1,18,5,17,2454,AA,LAX,1809
-3,1,19,6,17,2454,AA,LAX,1808
3,1,20,7,17,2454,AA,LAX,1807
-1,1,21,1,17,2454,AA,LAX,1806
-5,1,22,2,17,2454,AA,LAX,1805
-1,1,23,3,17,2454,AA,LAX,1804
16,1,24,4,17,2454,AA,LAX,1803
12,1,25,5,17,2454,AA,LAX,1802
-3,1,26,6,17,2454,AA,LAX,1801
4,1,27,7,17,2454,AA,LAX,1800
0,1,28,1,17,2454,AA,LAX,1799
-5,1,29,2,17,2454,AA,LAX,1798
-2,1,30,3,17,2454,AA,LAX,1797
0,1,31,4,17,2454,AA,LAX,1796
7,1,1,2,15,2454,AA,LAX,1826
5,1,2,3,15,2454,AA,LAX,1825
-1,1,3,4,15,2454,AA,LAX,1824
-6,1,4,5,15,2454,AA,LAX,1823
4,1,5,6,15,2454,AA,LAX,1822
-1,1,6,7,15,2454,AA,LAX,1821
19,1,7,1,15,2454,AA,LAX,1820
-2,1,8,2,15,2454,AA,LAX,1819
-2,1,9,3,15,2454,AA,LAX,1818
105,1,10,4,15,2454,AA,LAX,1817
0,1,11,5,15,2454,AA,LAX,1816
140,1,12,6,15,2454,AA,LAX,1815
-2,1,13,7,15,2454,AA,LAX,1814
-3,1,14,1,15,2454,AA,LAX,1813
13,1,15,2,15,2454,AA,LAX,1812
4,1,16,3,15,2454,AA,LAX,1811
16,1,17,4,15,2454,AA,LAX,1810
-1,1,18,5,15,2454,AA,LAX,1809
7,1,19,6,15,2454,AA,LAX,1808
11,1,20,7,15,2454,AA,LAX,1807
-2,1,21,1,15,2454,AA,LAX,1806
-1,1,22,2,15,2454,AA,LAX,1805
0,1,23,3,15,2454,AA,LAX,1804
-2,1,24,4,15,2454,AA,LAX,1803
12,1,25,5,15,2454,AA,LAX,1802
0,1,26,6,15,2454,AA,LAX,1801
4,1,27,7,15,2454,AA,LAX,1800
-3,1,28,1,15,2454,AA,LAX,1799
-1,1,29,2,15,2454,AA,LAX,1798
-1,1,30,3,15,2454,AA,LAX,1797
4,1,1,2,12,1372,AA,DFW,1826
4,1,2,3,12,1372,AA,DFW,1825
20,1,3,4,12,1372,AA,DFW,1824
0,1,4,5,12,1372,AA,DFW,1823
5,1,5,6,12,1372,AA,DFW,1822
-3,1,6,7,12,1372,AA,DFW,1821
-5,1,7,1,12,1372,AA,DFW,1820
-6,1,8,2,12,1372,AA,DFW,1819
-10,1,9,3,12,1372,AA,DFW,1818
-5,1,10,4,12,1372,AA,DFW,1817
-1,1,11,5,12,1372,AA,DFW,1816
-4,1,12,6,12,1372,AA,DFW,1815
48,1,13,7,12,1372,AA,DFW,1814
-5,1,14,1,12,1372,AA,DFW,1813
-7,1,15,2,12,1372,AA,DFW,1812
-5,1,16,3,12,1372,AA,DFW,1811
-1,1,17,4,12,1372,AA,DFW,1810
-6,1,18,5,12,1372,AA,DFW,1809
-5,1,19,6,12,1372,AA,DFW,1808
-6,1,20,7,12,1372,AA,DFW,1807
28,1,21,1,12,1372,AA,DFW,1806
82,1,22,2,12,1372,AA,DFW,1805
2,1,23,3,12,1372,AA,DFW,1804
-6,1,24,4,12,1372,AA,DFW,1803
-1,1,25,5,12,1372,AA,DFW,1802
18,1,26,6,12,1372,AA,DFW,1801
-8,1,27,7,12,1372,AA,DFW,1800
-5,1,28,1,12,1372,AA,DFW,1799
-1,1,29,2,12,1372,AA,DFW,1798
-11,1,30,3,12,1372,AA,DFW,1797
-1,1,31,4,12,1372,AA,DFW,1796
