-2,10,1,2,8,416,MQ,RDU,1553
-2,10,2,3,8,416,MQ,RDU,1552
-8,10,4,5,8,416,MQ,RDU,1550
16,10,7,1,8,416,MQ,RDU,1547
-3,10,8,2,8,416,MQ,RDU,1546
8,10,9,3,8,416,MQ,RDU,1545
-1,10,10,4,8,416,MQ,RDU,1544
-10,10,11,5,8,416,MQ,RDU,1543
-8,10,14,1,8,416,MQ,RDU,1540
-5,10,15,2,8,416,MQ,RDU,1539
-2,10,16,3,8,416,MQ,RDU,1538
-2,10,17,4,8,416,MQ,RDU,1537
-8,10,18,5,8,416,MQ,RDU,1536
-11,10,21,1,8,416,MQ,RDU,1533
-6,10,22,2,8,416,MQ,RDU,1532
-4,10,23,3,8,416,MQ,RDU,1531
-4,10,24,4,8,416,MQ,RDU,1530
-8,10,25,5,8,416,MQ,RDU,1529
-7,10,28,1,8,416,MQ,RDU,1526
-6,10,30,3,8,416,MQ,RDU,1524
-3,10,31,4,8,416,MQ,RDU,1523
-1,10,1,2,13,416,MQ,RDU,1553
-7,10,4,5,13,416,MQ,RDU,1550
-6,10,5,6,13,416,MQ,RDU,1549
-3,10,6,7,13,416,MQ,RDU,1548
20,10,7,1,13,416,MQ,RDU,1547
-2,10,8,2,13,416,MQ,RDU,1546
-1,10,9,3,13,416,MQ,RDU,1545
0,10,10,4,13,416,MQ,RDU,1544
17,10,11,5,13,416,MQ,RDU,1543
1,10,12,6,13,416,MQ,RDU,1542
-7,10,13,7,13,416,MQ,RDU,1541
7,10,14,1,13,416,MQ,RDU,1540
-2,10,15,2,13,416,MQ,RDU,1539
15,10,17,4,13,416,MQ,RDU,1537
8,10,18,5,13,416,MQ,RDU,1536
2,10,19,6,13,416,MQ,RDU,1535
14,10,20,7,13,416,MQ,RDU,1534
-1,10,21,1,13,416,MQ,RDU,1533
-4,10,22,2,13,416,MQ,RDU,1532
-6,10,23,3,13,416,MQ,RDU,1531
7,10,24,4,13,416,MQ,RDU,1530
-4,10,25,5,13,416,MQ,RDU,1529
-5,10,26,6,13,416,MQ,RDU,1528
82,10,27,7,13,416,MQ,RDU,1527
-5,10,28,1,13,416,MQ,RDU,1526
-1,10,29,2,13,416,MQ,RDU,1525
-2,10,30,3,13,416,MQ,RDU,1524
-1,10,31,4,13,416,MQ,RDU,1523
90,10,1,2,19,416,MQ,RDU,1553
-3,10,2,3,19,416,MQ,RDU,1552
-7,10,3,4,19,416,MQ,RDU,1551
28,10,4,5,19,416,MQ,RDU,1550
-10,10,6,7,19,416,MQ,RDU,1548
1,10,8,2,19,416,MQ,RDU,1546
22,10,9,3,19,416,MQ,RDU,1545
-8,10,10,4,19,416,MQ,RDU,1544
55,10,11,5,19,416,MQ,RDU,1543
-1,10,13,7,19,416,MQ,RDU,1541
0,10,14,1,19,416,MQ,RDU,1540
-7,10,15,2,19,416,MQ,RDU,1539
104,10,16,3,19,416,MQ,RDU,1538
29,10,17,4,19,416,MQ,RDU,1537
-9,10,18,5,19,416,MQ,RDU,1536
-2,10,20,7,19,416,MQ,RDU,1534
34,10,21,1,19,416,MQ,RDU,1533
9,10,22,2,19,416,MQ,RDU,1532
-8,10,23,3,19,416,MQ,RDU,1531
11,10,24,4,19,416,MQ,RDU,1530
77,10,25,5,19,416,MQ,RDU,1529
7,10,27,7,19,416,MQ,RDU,1527
-2,10,28,1,19,416,MQ,RDU,1526
1,10,29,2,19,416,MQ,RDU,1525
17,10,30,3,19,416,MQ,RDU,1524
-1,10,31,4,19,416,MQ,RDU,1523
-7,10,1,2,6,1008,NW,MSP,1553
-5,10,2,3,6,1008,NW,MSP,1552
-6,10,3,4,6,1008,NW,MSP,1551
-1,10,4,5,6,1008,NW,MSP,1550
-6,10,5,6,6,1008,NW,MSP,1549
-6,10,6,7,6,1008,NW,MSP,1548
192,10,7,1,6,1008,NW,MSP,1547
-5,10,8,2,6,1008,NW,MSP,1546
-8,10,9,3,6,1008,NW,MSP,1545
-5,10,10,4,6,1008,NW,MSP,1544
-9,10,11,5,6,1008,NW,MSP,1543
-5,10,12,6,6,1008,NW,MSP,1542
-4,10,13,7,6,1008,NW,MSP,1541
-5,10,14,1,6,1008,NW,MSP,1540
-5,10,15,2,6,1008,NW,MSP,1539
-6,10,16,3,6,1008,NW,MSP,1538
-6,10,17,4,6,1008,NW,MSP,1537
-4,10,18,5,6,1008,NW,MSP,1536
-6,10,19,6,6,1008,NW,MSP,1535
-5,10,20,7,6,1008,NW,MSP,1534
-1,10,21,1,6,1008,NW,MSP,1533
-6,10,22,2,6,1008,NW,MSP,1532
-8,10,23,3,6,1008,NW,MSP,1531
-5,10,24,4,6,1008,NW,MSP,1530
-8,10,25,5,6,1008,NW,MSP,1529
-9,10,26,6,6,1008,NW,MSP,1528
2,10,27,7,17,1008,NW,MSP,1527
0,10,28,1,17,1008,NW,MSP,1526
-6,10,29,2,17,1008,NW,MSP,1525
-4,10,30,3,17,1008,NW,MSP,1524
-5,10,31,4,17,1008,NW,MSP,1523
2,10,1,2,16,487,NW,DTW,1553
-7,10,2,3,16,487,NW,DTW,1552
-9,10,3,4,16,487,NW,DTW,1551
5,10,4,5,16,487,NW,DTW,1550
-4,10,5,6,16,487,NW,DTW,1549
-1,10,6,7,16,487,NW,DTW,1548
8,10,7,1,16,487,NW,DTW,1547
-7,10,8,2,16,487,NW,DTW,1546
-9,10,9,3,16,487,NW,DTW,1545
31,10,10,4,16,487,NW,DTW,1544
44,10,11,5,16,487,NW,DTW,1543
27,10,12,6,16,487,NW,DTW,1542
-5,10,13,7,16,487,NW,DTW,1541
-3,10,14,1,16,487,NW,DTW,1540
-5,10,15,2,16,487,NW,DTW,1539
-2,10,17,4,16,487,NW,DTW,1537
-2,10,18,5,16,487,NW,DTW,1536
-6,10,19,6,16,487,NW,DTW,1535
-1,10,20,7,16,487,NW,DTW,1534
-3,10,21,1,16,487,NW,DTW,1533
0,10,22,2,16,487,NW,DTW,1532
-7,10,23,3,16,487,NW,DTW,1531
-5,10,24,4,16,487,NW,DTW,1530
2,10,25,5,16,487,NW,DTW,1529
-6,10,26,6,16,487,NW,DTW,1528
-3,10,27,7,9,487,NW,DTW,1527
-1,10,28,1,9,487,NW,DTW,1526
-5,10,29,2,9,487,NW,DTW,1525
-10,10,30,3,9,487,NW,DTW,1524
-7,10,31,4,9,487,NW,DTW,1523
-10,10,1,2,19,487,NW,DTW,1553
-14,10,2,3,19,487,NW,DTW,1552
9,10,3,4,19,487,NW,DTW,1551
12,10,4,5,19,487,NW,DTW,1550
-6,10,6,7,19,487,NW,DTW,1548
-13,10,7,1,19,487,NW,DTW,1547
-6,10,8,2,19,487,NW,DTW,1546
-7,10,9,3,19,487,NW,DTW,1545
-9,10,10,4,19,487,NW,DTW,1544
0,10,11,5,19,487,NW,DTW,1543
-3,10,13,7,19,487,NW,DTW,1541
-2,10,14,1,19,487,NW,DTW,1540
-1,10,15,2,19,487,NW,DTW,1539
-9,10,16,3,19,487,NW,DTW,1538
-10,10,17,4,19,487,NW,DTW,1537
-15,10,18,5,19,487,NW,DTW,1536
2,10,20,7,19,487,NW,DTW,1534
-5,10,21,1,19,487,NW,DTW,1533
-4,10,22,2,19,487,NW,DTW,1532
-14,10,23,3,19,487,NW,DTW,1531
-6,10,24,4,19,487,NW,DTW,1530
-10,10,25,5,19,487,NW,DTW,1529
-6,10,1,2,9,487,NW,DTW,1553
0,10,2,3,9,487,NW,DTW,1552
-13,10,3,4,9,487,NW,DTW,1551
-1,10,4,5,9,487,NW,DTW,1550
-10,10,5,6,9,487,NW,DTW,1549
-10,10,6,7,9,487,NW,DTW,1548
-4,10,7,1,9,487,NW,DTW,1547
-7,10,8,2,9,487,NW,DTW,1546
-12,10,9,3,9,487,NW,DTW,1545
-8,10,10,4,9,487,NW,DTW,1544
-5,10,11,5,9,487,NW,DTW,1543
-3,10,12,6,9,487,NW,DTW,1542
-6,10,13,7,9,487,NW,DTW,1541
-4,10,14,1,9,487,NW,DTW,1540
3,10,16,3,9,487,NW,DTW,1538
-5,10,17,4,9,487,NW,DTW,1537
-2,10,18,5,9,487,NW,DTW,1536
-8,10,19,6,9,487,NW,DTW,1535
38,10,20,7,9,487,NW,DTW,1534
-7,10,21,1,9,487,NW,DTW,1533
-5,10,24,4,9,487,NW,DTW,1530
-8,10,25,5,9,487,NW,DTW,1529
-9,10,26,6,9,487,NW,DTW,1528
0,10,28,1,16,487,NW,DTW,1526
-7,10,29,2,16,487,NW,DTW,1525
17,10,30,3,16,487,NW,DTW,1524
-1,10,31,4,16,487,NW,DTW,1523
-9,10,1,2,12,487,NW,DTW,1553
4,10,2,3,12,487,NW,DTW,1552
-10,10,3,4,12,487,NW,DTW,1551
-4,10,4,5,12,487,NW,DTW,1550
-3,10,5,6,12,487,NW,DTW,1549
-7,10,6,7,12,487,NW,DTW,1548
-6,10,7,1,12,487,NW,DTW,1547
14,10,8,2,12,487,NW,DTW,1546
-9,10,9,3,12,487,NW,DTW,1545
-7,10,10,4,12,487,NW,DTW,1544
19,10,11,5,12,487,NW,DTW,1543
-4,10,12,6,12,487,NW,DTW,1542
-6,10,13,7,12,487,NW,DTW,1541
-5,10,14,1,12,487,NW,DTW,1540
-5,10,15,2,12,487,NW,DTW,1539
24,10,16,3,12,487,NW,DTW,1538
-6,10,17,4,12,487,NW,DTW,1537
-10,10,18,5,12,487,NW,DTW,1536
-8,10,19,6,12,487,NW,DTW,1535
-6,10,20,7,12,487,NW,DTW,1534
-13,10,21,1,12,487,NW,DTW,1533
-7,10,22,2,12,487,NW,DTW,1532
-9,10,23,3,12,487,NW,DTW,1531
-6,10,24,4,12,487,NW,DTW,1530
-3,10,25,5,12,487,NW,DTW,1529
-6,10,26,6,12,487,NW,DTW,1528
-10,10,1,2,14,487,NW,DTW,1553
-9,10,2,3,14,487,NW,DTW,1552
-4,10,3,4,14,487,NW,DTW,1551
-2,10,4,5,14,487,NW,DTW,1550
-10,10,5,6,14,487,NW,DTW,1549
-7,10,6,7,14,487,NW,DTW,1548
45,10,7,1,14,487,NW,DTW,1547
-4,10,8,2,14,487,NW,DTW,1546
-4,10,9,3,14,487,NW,DTW,1545
13,10,10,4,14,487,NW,DTW,1544
104,10,11,5,14,487,NW,DTW,1543
-5,10,12,6,14,487,NW,DTW,1542
-11,10,13,7,14,487,NW,DTW,1541
-7,10,14,1,14,487,NW,DTW,1540
-9,10,15,2,14,487,NW,DTW,1539
-6,10,16,3,14,487,NW,DTW,1538
-3,10,17,4,14,487,NW,DTW,1537
-10,10,18,5,14,487,NW,DTW,1536
-9,10,19,6,14,487,NW,DTW,1535
51,10,20,7,14,487,NW,DTW,1534
-4,10,21,1,14,487,NW,DTW,1533
-11,10,22,2,14,487,NW,DTW,1532
-9,10,23,3,14,487,NW,DTW,1531
-5,10,24,4,14,487,NW,DTW,1530
-3,10,25,5,14,487,NW,DTW,1529
-13,10,26,6,14,487,NW,DTW,1528
-9,10,1,2,11,487,NW,DTW,1553
-8,10,2,3,11,487,NW,DTW,1552
-8,10,3,4,11,487,NW,DTW,1551
-6,10,4,5,11,487,NW,DTW,1550
-7,10,5,6,11,487,NW,DTW,1549
-6,10,6,7,11,487,NW,DTW,1548
-6,10,7,1,11,487,NW,DTW,1547
-7,10,8,2,11,487,NW,DTW,1546
-11,10,9,3,11,487,NW,DTW,1545
-4,10,10,4,11,487,NW,DTW,1544
17,10,11,5,11,487,NW,DTW,1543
-4,10,12,6,11,487,NW,DTW,1542
-9,10,13,7,11,487,NW,DTW,1541
-4,10,14,1,11,487,NW,DTW,1540
-5,10,15,2,11,487,NW,DTW,1539
3,10,16,3,11,487,NW,DTW,1538
-4,10,17,4,11,487,NW,DTW,1537
84,10,18,5,11,487,NW,DTW,1536
-6,10,19,6,11,487,NW,DTW,1535
-6,10,20,7,11,487,NW,DTW,1534
-2,10,21,1,11,487,NW,DTW,1533
-7,10,22,2,11,487,NW,DTW,1532
-8,10,23,3,11,487,NW,DTW,1531
-1,10,24,4,11,487,NW,DTW,1530
2,10,25,5,11,487,NW,DTW,1529
-7,10,26,6,11,487,NW,DTW,1528
-9,10,1,2,18,487,NW,DTW,1553
-7,10,2,3,18,487,NW,DTW,1552
-13,10,3,4,18,487,NW,DTW,1551
-9,10,4,5,18,487,NW,DTW,1550
-11,10,5,6,18,487,NW,DTW,1549
-10,10,6,7,18,487,NW,DTW,1548
-5,10,7,1,18,487,NW,DTW,1547
-4,10,8,2,18,487,NW,DTW,1546
-9,10,9,3,18,487,NW,DTW,1545
-5,10,10,4,18,487,NW,DTW,1544
-8,10,12,6,18,487,NW,DTW,1542
-6,10,13,7,18,487,NW,DTW,1541
-6,10,14,1,18,487,NW,DTW,1540
-8,10,15,2,18,487,NW,DTW,1539
46,10,16,3,18,487,NW,DTW,1538
-10,10,17,4,18,487,NW,DTW,1537
-9,10,18,5,18,487,NW,DTW,1536
-10,10,19,6,18,487,NW,DTW,1535
-4,10,20,7,18,487,NW,DTW,1534
0,10,21,1,18,487,NW,DTW,1533
-10,10,22,2,18,487,NW,DTW,1532
-10,10,23,3,18,487,NW,DTW,1531
-6,10,24,4,18,487,NW,DTW,1530
1,10,25,5,18,487,NW,DTW,1529
-6,10,26,6,18,487,NW,DTW,1528
10,10,1,2,7,487,NW,DTW,1553
-7,10,2,3,7,487,NW,DTW,1552
-12,10,3,4,7,487,NW,DTW,1551
-7,10,4,5,7,487,NW,DTW,1550
-7,10,5,6,7,487,NW,DTW,1549
-9,10,7,1,7,487,NW,DTW,1547
-7,10,8,2,7,487,NW,DTW,1546
-4,10,9,3,7,487,NW,DTW,1545
-7,10,10,4,7,487,NW,DTW,1544
-1,10,11,5,7,487,NW,DTW,1543
53,10,12,6,7,487,NW,DTW,1542
-9,10,14,1,7,487,NW,DTW,1540
-7,10,15,2,7,487,NW,DTW,1539
-8,10,16,3,7,487,NW,DTW,1538
12,10,17,4,7,487,NW,DTW,1537
0,10,18,5,7,487,NW,DTW,1536
-6,10,19,6,7,487,NW,DTW,1535
-7,10,21,1,7,487,NW,DTW,1533
-3,10,22,2,7,487,NW,DTW,1532
-6,10,23,3,7,487,NW,DTW,1531
-9,10,24,4,7,487,NW,DTW,1530
-10,10,25,5,7,487,NW,DTW,1529
4,10,26,6,7,487,NW,DTW,1528
10,10,27,7,19,487,NW,DTW,1527
-5,10,28,1,19,487,NW,DTW,1526
-9,10,29,2,19,487,NW,DTW,1525
-6,10,30,3,19,487,NW,DTW,1524
-6,10,31,4,19,487,NW,DTW,1523
-2,10,27,7,12,487,NW,DTW,1527
1,10,28,1,12,487,NW,DTW,1526
-9,10,29,2,12,487,NW,DTW,1525
-7,10,30,3,12,487,NW,DTW,1524
-8,10,31,4,12,487,NW,DTW,1523
-3,10,27,7,6,487,NW,DTW,1527
-3,10,28,1,6,487,NW,DTW,1526
-7,10,29,2,6,487,NW,DTW,1525
-3,10,30,3,6,487,NW,DTW,1524
-8,10,31,4,6,487,NW,DTW,1523
-7,10,28,1,7,487,NW,DTW,1526
-8,10,29,2,7,487,NW,DTW,1525
-3,10,30,3,7,487,NW,DTW,1524
-8,10,31,4,7,487,NW,DTW,1523
-8,10,27,7,14,487,NW,DTW,1527
-6,10,28,1,14,487,NW,DTW,1526
-7,10,29,2,14,487,NW,DTW,1525
-7,10,30,3,14,487,NW,DTW,1524
-4,10,31,4,14,487,NW,DTW,1523
-2,10,27,7,11,487,NW,DTW,1527
-5,10,28,1,11,487,NW,DTW,1526
-7,10,29,2,11,487,NW,DTW,1525
-11,10,30,3,11,487,NW,DTW,1524
-11,10,31,4,11,487,NW,DTW,1523
-3,10,27,7,18,487,NW,DTW,1527
0,10,28,1,18,487,NW,DTW,1526
-7,10,29,2,18,487,NW,DTW,1525
-7,10,30,3,18,487,NW,DTW,1524
-2,10,31,4,18,487,NW,DTW,1523
-6,10,1,2,13,1008,NW,MSP,1553
-9,10,2,3,13,1008,NW,MSP,1552
-5,10,3,4,13,1008,NW,MSP,1551
-10,10,4,5,13,1008,NW,MSP,1550
-5,10,5,6,13,1008,NW,MSP,1549
-7,10,6,7,13,1008,NW,MSP,1548
-7,10,7,1,13,1008,NW,MSP,1547
-12,10,8,2,13,1008,NW,MSP,1546
-7,10,9,3,13,1008,NW,MSP,1545
67,10,10,4,13,1008,NW,MSP,1544
-9,10,11,5,13,1008,NW,MSP,1543
-6,10,12,6,13,1008,NW,MSP,1542
-8,10,13,7,13,1008,NW,MSP,1541
54,10,14,1,13,1008,NW,MSP,1540
-6,10,15,2,13,1008,NW,MSP,1539
-1,10,16,3,13,1008,NW,MSP,1538
-6,10,17,4,13,1008,NW,MSP,1537
-4,10,18,5,13,1008,NW,MSP,1536
-9,10,19,6,13,1008,NW,MSP,1535
12,10,20,7,13,1008,NW,MSP,1534
-2,10,21,1,13,1008,NW,MSP,1533
-5,10,22,2,13,1008,NW,MSP,1532
-9,10,23,3,13,1008,NW,MSP,1531
-9,10,24,4,13,1008,NW,MSP,1530
-6,10,25,5,13,1008,NW,MSP,1529
0,10,26,6,13,1008,NW,MSP,1528
-6,10,1,2,17,1008,NW,MSP,1553
-7,10,2,3,17,1008,NW,MSP,1552
-5,10,3,4,17,1008,NW,MSP,1551
-3,10,4,5,17,1008,NW,MSP,1550
-3,10,5,6,17,1008,NW,MSP,1549
24,10,6,7,17,1008,NW,MSP,1548
29,10,7,1,17,1008,NW,MSP,1547
-6,10,8,2,17,1008,NW,MSP,1546
-7,10,9,3,17,1008,NW,MSP,1545
-1,10,10,4,17,1008,NW,MSP,1544
96,10,11,5,17,1008,NW,MSP,1543
26,10,12,6,17,1008,NW,MSP,1542
-2,10,13,7,17,1008,NW,MSP,1541
32,10,14,1,17,1008,NW,MSP,1540
-1,10,15,2,17,1008,NW,MSP,1539
35,10,16,3,17,1008,NW,MSP,1538
-8,10,17,4,17,1008,NW,MSP,1537
9,10,18,5,17,1008,NW,MSP,1536
-14,10,19,6,18,1008,NW,MSP,1535
-1,10,21,1,17,1008,NW,MSP,1533
-6,10,22,2,17,1008,NW,MSP,1532
27,10,23,3,17,1008,NW,MSP,1531
0,10,24,4,17,1008,NW,MSP,1530
2,10,25,5,17,1008,NW,MSP,1529
4,10,26,6,17,1008,NW,MSP,1528
-18,10,1,2,20,1008,NW,MSP,1553
-15,10,2,3,20,1008,NW,MSP,1552
-7,10,3,4,20,1008,NW,MSP,1551
29,10,4,5,20,1008,NW,MSP,1550
-11,10,6,7,20,1008,NW,MSP,1548
-11,10,7,1,20,1008,NW,MSP,1547
-9,10,8,2,20,1008,NW,MSP,1546
-13,10,9,3,20,1008,NW,MSP,1545
-9,10,10,4,20,1008,NW,MSP,1544
-6,10,11,5,20,1008,NW,MSP,1543
16,10,13,7,20,1008,NW,MSP,1541
3,10,14,1,20,1008,NW,MSP,1540
-12,10,15,2,20,1008,NW,MSP,1539
99,10,16,3,20,1008,NW,MSP,1538
-8,10,17,4,20,1008,NW,MSP,1537
10,10,20,7,20,1008,NW,MSP,1534
-3,10,21,1,20,1008,NW,MSP,1533
-5,10,22,2,20,1008,NW,MSP,1532
-13,10,23,3,20,1008,NW,MSP,1531
-9,10,24,4,20,1008,NW,MSP,1530
-7,10,25,5,20,1008,NW,MSP,1529
-5,10,1,2,6,946,NW,MEM,1553
-5,10,2,3,6,946,NW,MEM,1552
-8,10,3,4,6,946,NW,MEM,1551
-4,10,4,5,6,946,NW,MEM,1550
-7,10,5,6,6,946,NW,MEM,1549
48,10,7,1,6,946,NW,MEM,1547
-7,10,8,2,6,946,NW,MEM,1546
-6,10,9,3,6,946,NW,MEM,1545
-9,10,10,4,6,946,NW,MEM,1544
-11,10,11,5,6,946,NW,MEM,1543
-7,10,12,6,6,946,NW,MEM,1542
-9,10,14,1,6,946,NW,MEM,1540
-7,10,15,2,6,946,NW,MEM,1539
-1,10,16,3,6,946,NW,MEM,1538
-8,10,17,4,6,946,NW,MEM,1537
-8,10,18,5,6,946,NW,MEM,1536
-7,10,19,6,6,946,NW,MEM,1535
-1,10,21,1,6,946,NW,MEM,1533
-7,10,22,2,6,946,NW,MEM,1532
-3,10,23,3,6,946,NW,MEM,1531
-9,10,24,4,6,946,NW,MEM,1530
-4,10,25,5,6,946,NW,MEM,1529
-8,10,26,6,6,946,NW,MEM,1528
-10,10,1,2,18,946,NW,MEM,1553
-10,10,2,3,18,946,NW,MEM,1552
-9,10,3,4,18,946,NW,MEM,1551
-16,10,4,5,18,946,NW,MEM,1550
-6,10,5,6,18,946,NW,MEM,1549
-8,10,6,7,18,946,NW,MEM,1548
-7,10,7,1,18,946,NW,MEM,1547
-10,10,8,2,18,946,NW,MEM,1546
-3,10,9,3,18,946,NW,MEM,1545
-12,10,10,4,18,946,NW,MEM,1544
44,10,11,5,18,946,NW,MEM,1543
-5,10,12,6,18,946,NW,MEM,1542
-4,10,13,7,18,946,NW,MEM,1541
-5,10,14,1,18,946,NW,MEM,1540
-8,10,15,2,18,946,NW,MEM,1539
-5,10,16,3,18,946,NW,MEM,1538
-8,10,17,4,18,946,NW,MEM,1537
-5,10,18,5,18,946,NW,MEM,1536
-8,10,19,6,18,946,NW,MEM,1535
-10,10,20,7,18,946,NW,MEM,1534
-11,10,21,1,18,946,NW,MEM,1533
-9,10,22,2,18,946,NW,MEM,1532
-6,10,23,3,18,946,NW,MEM,1531
-7,10,24,4,18,946,NW,MEM,1530
-10,10,26,6,18,946,NW,MEM,1528
35,10,1,2,10,946,NW,MEM,1553
-8,10,2,3,10,946,NW,MEM,1552
-5,10,3,4,10,946,NW,MEM,1551
-10,10,4,5,10,946,NW,MEM,1550
-9,10,5,6,10,946,NW,MEM,1549
-8,10,6,7,10,946,NW,MEM,1548
-5,10,7,1,10,946,NW,MEM,1547
-11,10,8,2,10,946,NW,MEM,1546
-13,10,9,3,10,946,NW,MEM,1545
-8,10,11,5,10,946,NW,MEM,1543
-5,10,12,6,10,946,NW,MEM,1542
-3,10,13,7,10,946,NW,MEM,1541
-5,10,14,1,10,946,NW,MEM,1540
-6,10,16,3,10,946,NW,MEM,1538
-7,10,17,4,10,946,NW,MEM,1537
-10,10,18,5,10,946,NW,MEM,1536
-7,10,19,6,10,946,NW,MEM,1535
-6,10,20,7,10,946,NW,MEM,1534
-5,10,21,1,10,946,NW,MEM,1533
14,10,22,2,10,946,NW,MEM,1532
-10,10,23,3,10,946,NW,MEM,1531
17,10,24,4,10,946,NW,MEM,1530
-6,10,25,5,10,946,NW,MEM,1529
-6,10,26,6,10,946,NW,MEM,1528
-2,10,1,2,14,946,NW,MEM,1553
-2,10,2,3,14,946,NW,MEM,1552
-10,10,3,4,14,946,NW,MEM,1551
-3,10,4,5,14,946,NW,MEM,1550
-6,10,5,6,14,946,NW,MEM,1549
-3,10,6,7,14,946,NW,MEM,1548
-10,10,7,1,14,946,NW,MEM,1547
-4,10,8,2,14,946,NW,MEM,1546
-7,10,9,3,14,946,NW,MEM,1545
7,10,10,4,14,946,NW,MEM,1544
21,10,11,5,14,946,NW,MEM,1543
-4,10,12,6,14,946,NW,MEM,1542
-3,10,13,7,14,946,NW,MEM,1541
-3,10,14,1,14,946,NW,MEM,1540
0,10,15,2,14,946,NW,MEM,1539
23,10,16,3,14,946,NW,MEM,1538
-3,10,17,4,14,946,NW,MEM,1537
-8,10,18,5,14,946,NW,MEM,1536
-3,10,19,6,14,946,NW,MEM,1535
8,10,20,7,14,946,NW,MEM,1534
-2,10,21,1,14,946,NW,MEM,1533
-5,10,22,2,14,946,NW,MEM,1532
-4,10,23,3,14,946,NW,MEM,1531
-6,10,24,4,14,946,NW,MEM,1530
26,10,25,5,14,946,NW,MEM,1529
-7,10,26,6,14,946,NW,MEM,1528
0,10,28,1,6,946,NW,MEM,1526
-1,10,29,2,6,946,NW,MEM,1525
-12,10,30,3,6,946,NW,MEM,1524
-3,10,31,4,6,946,NW,MEM,1523
-1,10,27,7,14,946,NW,MEM,1527
-4,10,28,1,14,946,NW,MEM,1526
-5,10,29,2,14,946,NW,MEM,1525
29,10,30,3,14,946,NW,MEM,1524
-3,10,31,4,14,946,NW,MEM,1523
-8,10,27,7,10,946,NW,MEM,1527
-6,10,28,1,10,946,NW,MEM,1526
-5,10,29,2,10,946,NW,MEM,1525
11,10,30,3,10,946,NW,MEM,1524
-9,10,31,4,10,946,NW,MEM,1523
26,10,27,7,18,946,NW,MEM,1527
-3,10,31,4,18,946,NW,MEM,1523
-7,10,1,2,6,487,NW,DTW,1553
-10,10,2,3,6,487,NW,DTW,1552
-5,10,3,4,6,487,NW,DTW,1551
-2,10,4,5,6,487,NW,DTW,1550
-6,10,5,6,6,487,NW,DTW,1549
-1,10,6,7,6,487,NW,DTW,1548
-6,10,7,1,6,487,NW,DTW,1547
-10,10,8,2,6,487,NW,DTW,1546
-8,10,9,3,6,487,NW,DTW,1545
-6,10,10,4,6,487,NW,DTW,1544
-7,10,11,5,6,487,NW,DTW,1543
-9,10,12,6,6,487,NW,DTW,1542
-7,10,13,7,6,487,NW,DTW,1541
-3,10,14,1,6,487,NW,DTW,1540
-13,10,15,2,6,487,NW,DTW,1539
-3,10,16,3,6,487,NW,DTW,1538
-5,10,17,4,6,487,NW,DTW,1537
-2,10,18,5,6,487,NW,DTW,1536
-9,10,19,6,6,487,NW,DTW,1535
-8,10,20,7,6,487,NW,DTW,1534
-5,10,21,1,6,487,NW,DTW,1533
-6,10,22,2,6,487,NW,DTW,1532
15,10,23,3,6,487,NW,DTW,1531
-4,10,24,4,6,487,NW,DTW,1530
25,10,25,5,6,487,NW,DTW,1529
72,10,26,6,6,487,NW,DTW,1528
-4,10,27,7,8,1008,NW,MSP,1527
-4,10,28,1,8,1008,NW,MSP,1526
-8,10,29,2,8,1008,NW,MSP,1525
-9,10,30,3,8,1008,NW,MSP,1524
-13,10,31,4,8,1008,NW,MSP,1523
-3,10,27,7,11,1008,NW,MSP,1527
-3,10,28,1,11,1008,NW,MSP,1526
-9,10,29,2,11,1008,NW,MSP,1525
-8,10,30,3,11,1008,NW,MSP,1524
-10,10,31,4,11,1008,NW,MSP,1523
21,10,27,7,13,1008,NW,MSP,1527
-3,10,28,1,13,1008,NW,MSP,1526
-8,10,29,2,13,1008,NW,MSP,1525
-6,10,30,3,13,1008,NW,MSP,1524
-10,10,31,4,13,1008,NW,MSP,1523
-4,10,27,7,20,1008,NW,MSP,1527
-9,10,28,1,20,1008,NW,MSP,1526
8,10,29,2,20,1008,NW,MSP,1525
-8,10,30,3,20,1008,NW,MSP,1524
-10,10,31,4,20,1008,NW,MSP,1523
-7,10,1,2,8,1008,NW,MSP,1553
-8,10,2,3,8,1008,NW,MSP,1552
-9,10,3,4,8,1008,NW,MSP,1551
-5,10,4,5,8,1008,NW,MSP,1550
14,10,5,6,8,1008,NW,MSP,1549
-8,10,6,7,8,1008,NW,MSP,1548
-1,10,7,1,8,1008,NW,MSP,1547
-7,10,8,2,8,1008,NW,MSP,1546
-10,10,9,3,8,1008,NW,MSP,1545
-9,10,10,4,8,1008,NW,MSP,1544
-6,10,11,5,8,1008,NW,MSP,1543
2,10,12,6,8,1008,NW,MSP,1542
-6,10,13,7,8,1008,NW,MSP,1541
-5,10,14,1,8,1008,NW,MSP,1540
-6,10,15,2,8,1008,NW,MSP,1539
-6,10,16,3,8,1008,NW,MSP,1538
-7,10,17,4,8,1008,NW,MSP,1537
-1,10,18,5,8,1008,NW,MSP,1536
-8,10,19,6,8,1008,NW,MSP,1535
-12,10,20,7,8,1008,NW,MSP,1534
-7,10,21,1,8,1008,NW,MSP,1533
-6,10,22,2,8,1008,NW,MSP,1532
-2,10,23,3,8,1008,NW,MSP,1531
-4,10,24,4,8,1008,NW,MSP,1530
-11,10,25,5,8,1008,NW,MSP,1529
-9,10,26,6,8,1008,NW,MSP,1528
-10,10,1,2,11,1008,NW,MSP,1553
-10,10,2,3,11,1008,NW,MSP,1552
-7,10,3,4,11,1008,NW,MSP,1551
30,10,4,5,11,1008,NW,MSP,1550
-3,10,5,6,11,1008,NW,MSP,1549
-6,10,6,7,11,1008,NW,MSP,1548
-10,10,7,1,11,1008,NW,MSP,1547
-10,10,8,2,11,1008,NW,MSP,1546
-9,10,9,3,11,1008,NW,MSP,1545
119,10,10,4,11,1008,NW,MSP,1544
-7,10,11,5,11,1008,NW,MSP,1543
-8,10,12,6,11,1008,NW,MSP,1542
-1,10,13,7,11,1008,NW,MSP,1541
-8,10,14,1,11,1008,NW,MSP,1540
-8,10,15,2,11,1008,NW,MSP,1539
-8,10,16,3,11,1008,NW,MSP,1538
-5,10,17,4,11,1008,NW,MSP,1537
66,10,18,5,11,1008,NW,MSP,1536
-10,10,19,6,11,1008,NW,MSP,1535
-8,10,20,7,11,1008,NW,MSP,1534
3,10,21,1,11,1008,NW,MSP,1533
-10,10,22,2,11,1008,NW,MSP,1532
-6,10,23,3,11,1008,NW,MSP,1531
-6,10,24,4,11,1008,NW,MSP,1530
-6,10,25,5,11,1008,NW,MSP,1529
-3,10,26,6,11,1008,NW,MSP,1528
-5,10,27,7,6,1008,NW,MSP,1527
-4,10,28,1,6,1008,NW,MSP,1526
-4,10,29,2,6,1008,NW,MSP,1525
-8,10,30,3,6,1008,NW,MSP,1524
-5,10,31,4,6,1008,NW,MSP,1523
-5,10,1,2,12,2454,UA,LAX,1553
-6,10,2,3,12,2454,UA,LAX,1552
-4,10,3,4,12,2454,UA,LAX,1551
-8,10,4,5,12,2454,UA,LAX,1550
25,10,5,6,12,2454,UA,LAX,1549
-4,10,6,7,12,2454,UA,LAX,1548
-5,10,7,1,12,2454,UA,LAX,1547
-6,10,8,2,12,2454,UA,LAX,1546
-6,10,9,3,12,2454,UA,LAX,1545
-5,10,10,4,12,2454,UA,LAX,1544
-2,10,11,5,12,2454,UA,LAX,1543
-2,10,12,6,12,2454,UA,LAX,1542
-1,10,13,7,12,2454,UA,LAX,1541
-1,10,14,1,12,2454,UA,LAX,1540
-4,10,15,2,12,2454,UA,LAX,1539
-5,10,16,3,12,2454,UA,LAX,1538
-1,10,17,4,12,2454,UA,LAX,1537
-5,10,18,5,12,2454,UA,LAX,1536
-1,10,19,6,12,2454,UA,LAX,1535
2,10,20,7,12,2454,UA,LAX,1534
0,10,21,1,12,2454,UA,LAX,1533
-4,10,22,2,12,2454,UA,LAX,1532
-5,10,23,3,12,2454,UA,LAX,1531
-4,10,24,4,12,2454,UA,LAX,1530
-4,10,25,5,12,2454,UA,LAX,1529
-5,10,26,6,12,2454,UA,LAX,1528
-5,10,27,7,12,2454,UA,LAX,1527
-3,10,28,1,12,2454,UA,LAX,1526
-6,10,29,2,12,2454,UA,LAX,1525
1,10,30,3,12,2454,UA,LAX,1524
-3,10,31,4,11,2454,UA,LAX,1523
-5,10,1,2,18,2454,UA,LAX,1553
1,10,2,3,18,2454,UA,LAX,1552
1,10,3,4,18,2454,UA,LAX,1551
0,10,4,5,18,2454,UA,LAX,1550
-3,10,5,6,18,2454,UA,LAX,1549
37,10,6,7,18,2454,UA,LAX,1548
-3,10,7,1,18,2454,UA,LAX,1547
-2,10,8,2,18,2454,UA,LAX,1546
-5,10,9,3,18,2454,UA,LAX,1545
2,10,10,4,18,2454,UA,LAX,1544
41,10,11,5,18,2454,UA,LAX,1543
2,10,12,6,18,2454,UA,LAX,1542
22,10,13,7,18,2454,UA,LAX,1541
-5,10,14,1,18,2454,UA,LAX,1540
-6,10,15,2,18,2454,UA,LAX,1539
2,10,16,3,18,2454,UA,LAX,1538
8,10,17,4,18,2454,UA,LAX,1537
-5,10,18,5,18,2454,UA,LAX,1536
-5,10,19,6,18,2454,UA,LAX,1535
1,10,20,7,18,2454,UA,LAX,1534
-3,10,21,1,18,2454,UA,LAX,1533
-9,10,22,2,18,2454,UA,LAX,1532
-4,10,23,3,18,2454,UA,LAX,1531
-6,10,24,4,18,2454,UA,LAX,1530
-7,10,25,5,18,2454,UA,LAX,1529
-5,10,26,6,18,2454,UA,LAX,1528
4,10,27,7,18,2454,UA,LAX,1527
-4,10,28,1,18,2454,UA,LAX,1526
-5,10,29,2,18,2454,UA,LAX,1525
-6,10,30,3,18,2454,UA,LAX,1524
-3,10,31,4,15,2565,UA,SFO,1523
-6,10,1,2,10,2565,UA,SFO,1553
-2,10,2,3,10,2565,UA,SFO,1552
0,10,3,4,10,2565,UA,SFO,1551
-3,10,4,5,10,2565,UA,SFO,1550
-6,10,5,6,10,2565,UA,SFO,1549
-1,10,6,7,10,2565,UA,SFO,1548
0,10,7,1,10,2565,UA,SFO,1547
-6,10,8,2,10,2565,UA,SFO,1546
0,10,9,3,10,2565,UA,SFO,1545
-6,10,10,4,10,2565,UA,SFO,1544
-3,10,11,5,10,2565,UA,SFO,1543
-3,10,12,6,10,2565,UA,SFO,1542
286,10,13,7,10,2565,UA,SFO,1541
-1,10,14,1,10,2565,UA,SFO,1540
-2,10,15,2,10,2565,UA,SFO,1539
-4,10,16,3,10,2565,UA,SFO,1538
-3,10,17,4,10,2565,UA,SFO,1537
2,10,18,5,10,2565,UA,SFO,1536
-4,10,19,6,10,2565,UA,SFO,1535
-1,10,20,7,10,2565,UA,SFO,1534
-3,10,21,1,10,2565,UA,SFO,1533
2,10,22,2,10,2565,UA,SFO,1532
-1,10,23,3,10,2565,UA,SFO,1531
2,10,24,4,10,2565,UA,SFO,1530
-4,10,25,5,10,2565,UA,SFO,1529
-4,10,26,6,10,2565,UA,SFO,1528
2,10,27,7,10,2565,UA,SFO,1527
-5,10,28,1,10,2565,UA,SFO,1526
27,10,29,2,10,2565,UA,SFO,1525
-4,10,30,3,10,2565,UA,SFO,1524
-4,10,31,4,11,2565,UA,SFO,1523
0,10,31,4,18,2454,UA,LAX,1523
-5,10,31,4,8,2454,UA,LAX,1523
-1,10,1,2,18,2565,UA,SFO,1553
-4,10,2,3,18,2565,UA,SFO,1552
1,10,3,4,18,2565,UA,SFO,1551
66,10,4,5,18,2565,UA,SFO,1550
0,10,5,6,18,2565,UA,SFO,1549
6,10,6,7,18,2565,UA,SFO,1548
-3,10,7,1,18,2565,UA,SFO,1547
-4,10,8,2,18,2565,UA,SFO,1546
-2,10,9,3,18,2565,UA,SFO,1545
-9,10,10,4,18,2565,UA,SFO,1544
54,10,11,5,18,2565,UA,SFO,1543
22,10,12,6,18,2565,UA,SFO,1542
1,10,13,7,18,2565,UA,SFO,1541
-4,10,14,1,18,2565,UA,SFO,1540
-3,10,15,2,18,2565,UA,SFO,1539
80,10,16,3,18,2565,UA,SFO,1538
-4,10,17,4,18,2565,UA,SFO,1537
0,10,18,5,18,2565,UA,SFO,1536
-6,10,19,6,18,2565,UA,SFO,1535
3,10,20,7,18,2565,UA,SFO,1534
-6,10,21,1,18,2565,UA,SFO,1533
-5,10,22,2,18,2565,UA,SFO,1532
49,10,23,3,18,2565,UA,SFO,1531
-2,10,24,4,18,2565,UA,SFO,1530
-2,10,25,5,18,2565,UA,SFO,1529
-8,10,26,6,18,2565,UA,SFO,1528
5,10,27,7,18,2565,UA,SFO,1527
-4,10,28,1,18,2565,UA,SFO,1526
-6,10,29,2,18,2565,UA,SFO,1525
-5,10,30,3,18,2565,UA,SFO,1524
0,10,31,4,18,2565,UA,SFO,1523
-3,10,1,2,7,2565,UA,SFO,1553
-8,10,2,3,7,2565,UA,SFO,1552
-7,10,3,4,7,2565,UA,SFO,1551
-4,10,4,5,7,2565,UA,SFO,1550
-3,10,5,6,7,2565,UA,SFO,1549
7,10,6,7,7,2565,UA,SFO,1548
-4,10,7,1,7,2565,UA,SFO,1547
-2,10,8,2,7,2565,UA,SFO,1546
-5,10,9,3,7,2565,UA,SFO,1545
122,10,10,4,7,2565,UA,SFO,1544
0,10,11,5,7,2565,UA,SFO,1543
16,10,12,6,7,2565,UA,SFO,1542
-5,10,13,7,7,2565,UA,SFO,1541
-3,10,14,1,7,2565,UA,SFO,1540
-5,10,15,2,7,2565,UA,SFO,1539
-4,10,16,3,7,2565,UA,SFO,1538
0,10,17,4,7,2565,UA,SFO,1537
-6,10,18,5,7,2565,UA,SFO,1536
0,10,19,6,7,2565,UA,SFO,1535
16,10,20,7,7,2565,UA,SFO,1534
-4,10,21,1,7,2565,UA,SFO,1533
-3,10,22,2,7,2565,UA,SFO,1532
-5,10,23,3,7,2565,UA,SFO,1531
-7,10,24,4,7,2565,UA,SFO,1530
-5,10,25,5,7,2565,UA,SFO,1529
-5,10,26,6,7,2565,UA,SFO,1528
-1,10,27,7,7,2565,UA,SFO,1527
-5,10,28,1,7,2565,UA,SFO,1526
-3,10,29,2,7,2565,UA,SFO,1525
-4,10,30,3,7,2565,UA,SFO,1524
-3,10,31,4,7,2565,UA,SFO,1523
-2,10,1,2,8,2454,UA,LAX,1553
-6,10,2,3,8,2454,UA,LAX,1552
-3,10,3,4,8,2454,UA,LAX,1551
-5,10,4,5,8,2454,UA,LAX,1550
-7,10,5,6,8,2454,UA,LAX,1549
-8,10,6,7,8,2454,UA,LAX,1548
-1,10,7,1,8,2454,UA,LAX,1547
-8,10,8,2,8,2454,UA,LAX,1546
-4,10,9,3,8,2454,UA,LAX,1545
-2,10,10,4,8,2454,UA,LAX,1544
-4,10,11,5,8,2454,UA,LAX,1543
-4,10,12,6,8,2454,UA,LAX,1542
-5,10,13,7,8,2454,UA,LAX,1541
-7,10,14,1,8,2454,UA,LAX,1540
-4,10,15,2,8,2454,UA,LAX,1539
-5,10,16,3,8,2454,UA,LAX,1538
-4,10,17,4,8,2454,UA,LAX,1537
-1,10,18,5,8,2454,UA,LAX,1536
-6,10,19,6,8,2454,UA,LAX,1535
-4,10,20,7,8,2454,UA,LAX,1534
0,10,21,1,8,2454,UA,LAX,1533
-7,10,22,2,8,2454,UA,LAX,1532
-4,10,23,3,8,2454,UA,LAX,1531
-1,10,24,4,8,2454,UA,LAX,1530
-6,10,25,5,8,2454,UA,LAX,1529
1,10,26,6,8,2454,UA,LAX,1528
-2,10,27,7,8,2454,UA,LAX,1527
19,10,28,1,8,2454,UA,LAX,1526
-6,10,29,2,8,2454,UA,LAX,1525
-4,10,30,3,8,2454,UA,LAX,1524
-3,10,1,2,15,2565,UA,SFO,1553
-5,10,2,3,15,2565,UA,SFO,1552
1,10,3,4,15,2565,UA,SFO,1551
78,10,4,5,15,2565,UA,SFO,1550
7,10,6,7,15,2565,UA,SFO,1548
-5,10,7,1,15,2565,UA,SFO,1547
-4,10,8,2,15,2565,UA,SFO,1546
-1,10,9,3,15,2565,UA,SFO,1545
18,10,10,4,15,2565,UA,SFO,1544
-4,10,11,5,15,2565,UA,SFO,1543
37,10,13,7,15,2565,UA,SFO,1541
0,10,14,1,15,2565,UA,SFO,1540
22,10,15,2,15,2565,UA,SFO,1539
-3,10,16,3,15,2565,UA,SFO,1538
-2,10,17,4,15,2565,UA,SFO,1537
-3,10,18,5,15,2565,UA,SFO,1536
0,10,20,7,15,2565,UA,SFO,1534
-2,10,21,1,15,2565,UA,SFO,1533
3,10,22,2,15,2565,UA,SFO,1532
0,10,23,3,15,2565,UA,SFO,1531
-6,10,24,4,15,2565,UA,SFO,1530
-5,10,25,5,15,2565,UA,SFO,1529
0,10,27,7,15,2565,UA,SFO,1527
-3,10,28,1,15,2565,UA,SFO,1526
-7,10,29,2,15,2565,UA,SFO,1525
0,10,30,3,15,2565,UA,SFO,1524
-2,10,31,4,14,1605,UA,DEN,1523
61,10,31,4,11,1605,UA,DEN,1523
-2,10,1,2,6,1605,UA,DEN,1553
-5,10,2,3,6,1605,UA,DEN,1552
-4,10,3,4,6,1605,UA,DEN,1551
-4,10,4,5,6,1605,UA,DEN,1550
-5,10,5,6,6,1605,UA,DEN,1549
-6,10,6,7,6,1605,UA,DEN,1548
-3,10,7,1,6,1605,UA,DEN,1547
-7,10,8,2,6,1605,UA,DEN,1546
-6,10,9,3,6,1605,UA,DEN,1545
-6,10,10,4,6,1605,UA,DEN,1544
-1,10,11,5,6,1605,UA,DEN,1543
-3,10,12,6,6,1605,UA,DEN,1542
-6,10,13,7,6,1605,UA,DEN,1541
-2,10,14,1,6,1605,UA,DEN,1540
-7,10,15,2,6,1605,UA,DEN,1539
-4,10,16,3,6,1605,UA,DEN,1538
-7,10,17,4,6,1605,UA,DEN,1537
-4,10,18,5,6,1605,UA,DEN,1536
-3,10,19,6,6,1605,UA,DEN,1535
30,10,20,7,6,1605,UA,DEN,1534
0,10,21,1,6,1605,UA,DEN,1533
-5,10,22,2,6,1605,UA,DEN,1532
-7,10,23,3,6,1605,UA,DEN,1531
-6,10,24,4,6,1605,UA,DEN,1530
-1,10,25,5,6,1605,UA,DEN,1529
-7,10,26,6,6,1605,UA,DEN,1528
-6,10,27,7,6,1605,UA,DEN,1527
-6,10,28,1,6,1605,UA,DEN,1526
-3,10,29,2,6,1605,UA,DEN,1525
-11,10,30,3,6,1605,UA,DEN,1524
-2,10,1,2,6,719,UA,ORD,1553
-9,10,2,3,6,719,UA,ORD,1552
-8,10,3,4,6,719,UA,ORD,1551
-5,10,4,5,6,719,UA,ORD,1550
114,10,5,6,6,719,UA,ORD,1549
-6,10,7,1,6,719,UA,ORD,1547
-6,10,8,2,6,719,UA,ORD,1546
-10,10,9,3,6,719,UA,ORD,1545
-4,10,10,4,6,719,UA,ORD,1544
-7,10,11,5,6,719,UA,ORD,1543
-6,10,12,6,6,719,UA,ORD,1542
0,10,14,1,6,719,UA,ORD,1540
-5,10,15,2,6,719,UA,ORD,1539
-4,10,16,3,6,719,UA,ORD,1538
-2,10,17,4,6,719,UA,ORD,1537
-8,10,18,5,6,719,UA,ORD,1536
2,10,19,6,6,719,UA,ORD,1535
-3,10,21,1,6,719,UA,ORD,1533
22,10,22,2,6,719,UA,ORD,1532
-4,10,23,3,6,719,UA,ORD,1531
-10,10,24,4,6,719,UA,ORD,1530
-9,10,25,5,6,719,UA,ORD,1529
-6,10,26,6,6,719,UA,ORD,1528
-3,10,28,1,6,719,UA,ORD,1526
-4,10,29,2,6,719,UA,ORD,1525
-8,10,30,3,6,719,UA,ORD,1524
-5,10,31,4,6,719,UA,ORD,1523
-5,10,1,2,7,719,UA,ORD,1553
-3,10,2,3,7,719,UA,ORD,1552
-2,10,3,4,7,719,UA,ORD,1551
-6,10,4,5,7,719,UA,ORD,1550
-6,10,8,2,7,719,UA,ORD,1546
-8,10,9,3,7,719,UA,ORD,1545
-8,10,10,4,7,719,UA,ORD,1544
-7,10,11,5,7,719,UA,ORD,1543
-8,10,14,1,7,719,UA,ORD,1540
-6,10,15,2,7,719,UA,ORD,1539
-6,10,16,3,7,719,UA,ORD,1538
-7,10,17,4,7,719,UA,ORD,1537
21,10,18,5,7,719,UA,ORD,1536
1,10,21,1,7,719,UA,ORD,1533
-5,10,22,2,7,719,UA,ORD,1532
-7,10,23,3,7,719,UA,ORD,1531
0,10,24,4,7,719,UA,ORD,1530
-5,10,25,5,7,719,UA,ORD,1529
-6,10,28,1,7,719,UA,ORD,1526
-7,10,29,2,7,719,UA,ORD,1525
-7,10,30,3,7,719,UA,ORD,1524
-6,10,31,4,6,719,UA,ORD,1523
-6,10,1,2,8,719,UA,ORD,1553
-4,10,2,3,8,719,UA,ORD,1552
-8,10,3,4,8,719,UA,ORD,1551
-5,10,4,5,8,719,UA,ORD,1550
0,10,5,6,8,719,UA,ORD,1549
-6,10,6,7,8,719,UA,ORD,1548
0,10,7,1,8,719,UA,ORD,1547
-5,10,8,2,8,719,UA,ORD,1546
-8,10,9,3,8,719,UA,ORD,1545
-9,10,10,4,8,719,UA,ORD,1544
-5,10,11,5,8,719,UA,ORD,1543
-4,10,12,6,8,719,UA,ORD,1542
-1,10,13,7,8,719,UA,ORD,1541
-4,10,14,1,8,719,UA,ORD,1540
-6,10,15,2,8,719,UA,ORD,1539
-5,10,16,3,8,719,UA,ORD,1538
-4,10,17,4,8,719,UA,ORD,1537
-7,10,18,5,8,719,UA,ORD,1536
-3,10,19,6,8,719,UA,ORD,1535
-2,10,20,7,8,719,UA,ORD,1534
-8,10,21,1,8,719,UA,ORD,1533
-4,10,22,2,8,719,UA,ORD,1532
2,10,23,3,8,719,UA,ORD,1531
266,10,24,4,8,719,UA,ORD,1530
-8,10,25,5,8,719,UA,ORD,1529
-7,10,26,6,8,719,UA,ORD,1528
-1,10,27,7,8,719,UA,ORD,1527
-7,10,28,1,8,719,UA,ORD,1526
-7,10,29,2,8,719,UA,ORD,1525
-7,10,30,3,8,719,UA,ORD,1524
-6,10,31,4,7,719,UA,ORD,1523
9,10,1,2,9,719,UA,ORD,1553
-4,10,2,3,9,719,UA,ORD,1552
-4,10,3,4,9,719,UA,ORD,1551
-6,10,4,5,9,719,UA,ORD,1550
-6,10,5,6,9,719,UA,ORD,1549
-4,10,6,7,9,719,UA,ORD,1548
-3,10,7,1,9,719,UA,ORD,1547
-9,10,8,2,9,719,UA,ORD,1546
-6,10,9,3,9,719,UA,ORD,1545
-7,10,10,4,9,719,UA,ORD,1544
-6,10,11,5,9,719,UA,ORD,1543
-3,10,12,6,9,719,UA,ORD,1542
-8,10,13,7,9,719,UA,ORD,1541
-7,10,14,1,9,719,UA,ORD,1540
-5,10,15,2,9,719,UA,ORD,1539
-7,10,16,3,9,719,UA,ORD,1538
-5,10,17,4,9,719,UA,ORD,1537
-8,10,18,5,9,719,UA,ORD,1536
-10,10,19,6,9,719,UA,ORD,1535
-7,10,20,7,9,719,UA,ORD,1534
-5,10,21,1,9,719,UA,ORD,1533
-5,10,22,2,9,719,UA,ORD,1532
-5,10,23,3,9,719,UA,ORD,1531
51,10,24,4,9,719,UA,ORD,1530
1,10,25,5,9,719,UA,ORD,1529
-7,10,26,6,9,719,UA,ORD,1528
-8,10,27,7,9,719,UA,ORD,1527
-6,10,28,1,9,719,UA,ORD,1526
3,10,29,2,9,719,UA,ORD,1525
-7,10,30,3,9,719,UA,ORD,1524
-5,10,31,4,8,719,UA,ORD,1523
-6,10,1,2,11,719,UA,ORD,1553
-5,10,2,3,11,719,UA,ORD,1552
-4,10,3,4,11,719,UA,ORD,1551
-8,10,4,5,11,719,UA,ORD,1550
-7,10,7,1,11,719,UA,ORD,1547
-2,10,8,2,11,719,UA,ORD,1546
-6,10,9,3,11,719,UA,ORD,1545
-5,10,10,4,11,719,UA,ORD,1544
-2,10,11,5,11,719,UA,ORD,1543
-5,10,14,1,11,719,UA,ORD,1540
-6,10,15,2,11,719,UA,ORD,1539
-7,10,16,3,11,719,UA,ORD,1538
-4,10,17,4,11,719,UA,ORD,1537
-5,10,18,5,11,719,UA,ORD,1536
-1,10,21,1,11,719,UA,ORD,1533
-5,10,22,2,11,719,UA,ORD,1532
-8,10,23,3,11,719,UA,ORD,1531
2,10,24,4,11,719,UA,ORD,1530
-5,10,25,5,11,719,UA,ORD,1529
-6,10,28,1,11,719,UA,ORD,1526
-6,10,30,3,11,719,UA,ORD,1524
-3,10,31,4,11,719,UA,ORD,1523
-7,10,1,2,12,719,UA,ORD,1553
-5,10,2,3,12,719,UA,ORD,1552
-8,10,3,4,12,719,UA,ORD,1551
155,10,4,5,12,719,UA,ORD,1550
-6,10,5,6,12,719,UA,ORD,1549
-3,10,6,7,12,719,UA,ORD,1548
-8,10,7,1,12,719,UA,ORD,1547
-4,10,8,2,12,719,UA,ORD,1546
-6,10,9,3,12,719,UA,ORD,1545
-5,10,10,4,12,719,UA,ORD,1544
-2,10,11,5,12,719,UA,ORD,1543
-1,10,12,6,12,719,UA,ORD,1542
-1,10,13,7,12,719,UA,ORD,1541
-7,10,14,1,12,719,UA,ORD,1540
-5,10,15,2,12,719,UA,ORD,1539
-5,10,16,3,12,719,UA,ORD,1538
-6,10,17,4,12,719,UA,ORD,1537
-6,10,18,5,12,719,UA,ORD,1536
-5,10,19,6,12,719,UA,ORD,1535
-1,10,20,7,12,719,UA,ORD,1534
-5,10,21,1,12,719,UA,ORD,1533
-8,10,22,2,12,719,UA,ORD,1532
-6,10,23,3,12,719,UA,ORD,1531
-5,10,24,4,12,719,UA,ORD,1530
-3,10,25,5,12,719,UA,ORD,1529
-8,10,26,6,12,719,UA,ORD,1528
-2,10,27,7,12,719,UA,ORD,1527
2,10,28,1,12,719,UA,ORD,1526
5,10,29,2,12,719,UA,ORD,1525
-2,10,30,3,12,719,UA,ORD,1524
-3,10,31,4,12,719,UA,ORD,1523
-8,10,1,2,13,719,UA,ORD,1553
-5,10,2,3,13,719,UA,ORD,1552
-8,10,3,4,13,719,UA,ORD,1551
112,10,4,5,13,719,UA,ORD,1550
-4,10,5,6,13,719,UA,ORD,1549
-4,10,6,7,13,719,UA,ORD,1548
-9,10,7,1,13,719,UA,ORD,1547
-6,10,8,2,13,719,UA,ORD,1546
-10,10,9,3,13,719,UA,ORD,1545
-3,10,10,4,13,719,UA,ORD,1544
-3,10,11,5,13,719,UA,ORD,1543
-2,10,12,6,13,719,UA,ORD,1542
5,10,13,7,13,719,UA,ORD,1541
-7,10,14,1,13,719,UA,ORD,1540
-5,10,15,2,13,719,UA,ORD,1539
-2,10,16,3,13,719,UA,ORD,1538
-5,10,17,4,13,719,UA,ORD,1537
-5,10,18,5,13,719,UA,ORD,1536
-5,10,19,6,13,719,UA,ORD,1535
-3,10,20,7,13,719,UA,ORD,1534
-7,10,21,1,13,719,UA,ORD,1533
-7,10,22,2,13,719,UA,ORD,1532
-2,10,23,3,13,719,UA,ORD,1531
-7,10,24,4,13,719,UA,ORD,1530
-3,10,25,5,13,719,UA,ORD,1529
-7,10,26,6,13,719,UA,ORD,1528
-2,10,27,7,13,719,UA,ORD,1527
-4,10,29,2,13,719,UA,ORD,1525
-4,10,30,3,13,719,UA,ORD,1524
-8,10,31,4,17,719,UA,ORD,1523
-3,10,1,2,14,719,UA,ORD,1553
-7,10,2,3,14,719,UA,ORD,1552
12,10,3,4,14,719,UA,ORD,1551
134,10,4,5,14,719,UA,ORD,1550
-7,10,5,6,14,719,UA,ORD,1549
51,10,6,7,14,719,UA,ORD,1548
-8,10,7,1,14,719,UA,ORD,1547
-6,10,8,2,14,719,UA,ORD,1546
-7,10,9,3,14,719,UA,ORD,1545
-7,10,10,4,14,719,UA,ORD,1544
-2,10,11,5,14,719,UA,ORD,1543
24,10,12,6,14,719,UA,ORD,1542
-7,10,13,7,14,719,UA,ORD,1541
-3,10,14,1,14,719,UA,ORD,1540
-5,10,15,2,14,719,UA,ORD,1539
-2,10,16,3,14,719,UA,ORD,1538
-4,10,17,4,14,719,UA,ORD,1537
-1,10,18,5,14,719,UA,ORD,1536
-6,10,19,6,14,719,UA,ORD,1535
4,10,20,7,14,719,UA,ORD,1534
-5,10,21,1,14,719,UA,ORD,1533
-8,10,22,2,14,719,UA,ORD,1532
-7,10,23,3,14,719,UA,ORD,1531
-6,10,24,4,14,719,UA,ORD,1530
-1,10,25,5,14,719,UA,ORD,1529
-5,10,26,6,14,719,UA,ORD,1528
-2,10,27,7,14,719,UA,ORD,1527
-7,10,28,1,14,719,UA,ORD,1526
-8,10,29,2,14,719,UA,ORD,1525
-6,10,30,3,14,719,UA,ORD,1524
138,10,31,4,14,719,UA,ORD,1523
-8,10,1,2,15,719,UA,ORD,1553
-4,10,2,3,15,719,UA,ORD,1552
0,10,3,4,15,719,UA,ORD,1551
119,10,4,5,15,719,UA,ORD,1550
3,10,6,7,15,719,UA,ORD,1548
-6,10,7,1,15,719,UA,ORD,1547
-6,10,8,2,15,719,UA,ORD,1546
-8,10,9,3,15,719,UA,ORD,1545
-6,10,10,4,15,719,UA,ORD,1544
-2,10,13,7,15,719,UA,ORD,1541
-3,10,14,1,15,719,UA,ORD,1540
-10,10,15,2,15,719,UA,ORD,1539
-1,10,16,3,15,719,UA,ORD,1538
-5,10,17,4,15,719,UA,ORD,1537
-3,10,18,5,15,719,UA,ORD,1536
-8,10,20,7,15,719,UA,ORD,1534
-5,10,21,1,15,719,UA,ORD,1533
-5,10,22,2,15,719,UA,ORD,1532
-7,10,23,3,15,719,UA,ORD,1531
-7,10,24,4,15,719,UA,ORD,1530
-6,10,25,5,15,719,UA,ORD,1529
-5,10,27,7,15,719,UA,ORD,1527
-4,10,28,1,15,719,UA,ORD,1526
-6,10,29,2,15,719,UA,ORD,1525
-4,10,30,3,15,719,UA,ORD,1524
-1,10,31,4,15,719,UA,ORD,1523
-6,10,1,2,16,719,UA,ORD,1553
3,10,2,3,16,719,UA,ORD,1552
-5,10,3,4,16,719,UA,ORD,1551
82,10,4,5,16,719,UA,ORD,1550
-7,10,7,1,16,719,UA,ORD,1547
-8,10,8,2,16,719,UA,ORD,1546
-6,10,9,3,16,719,UA,ORD,1545
-6,10,10,4,16,719,UA,ORD,1544
9,10,11,5,16,719,UA,ORD,1543
-2,10,14,1,16,719,UA,ORD,1540
-5,10,15,2,16,719,UA,ORD,1539
-4,10,16,3,16,719,UA,ORD,1538
-3,10,17,4,16,719,UA,ORD,1537
-6,10,18,5,16,719,UA,ORD,1536
-7,10,21,1,16,719,UA,ORD,1533
-5,10,22,2,16,719,UA,ORD,1532
-7,10,23,3,16,719,UA,ORD,1531
-4,10,24,4,16,719,UA,ORD,1530
-3,10,25,5,16,719,UA,ORD,1529
-8,10,28,1,16,719,UA,ORD,1526
-8,10,29,2,16,719,UA,ORD,1525
-8,10,30,3,16,719,UA,ORD,1524
-8,10,31,4,16,719,UA,ORD,1523
-7,10,1,2,17,719,UA,ORD,1553
50,10,2,3,17,719,UA,ORD,1552
-5,10,3,4,17,719,UA,ORD,1551
57,10,4,5,17,719,UA,ORD,1550
-8,10,5,6,17,719,UA,ORD,1549
2,10,6,7,17,719,UA,ORD,1548
-7,10,7,1,17,719,UA,ORD,1547
-5,10,8,2,17,719,UA,ORD,1546
-6,10,9,3,17,719,UA,ORD,1545
-7,10,10,4,17,719,UA,ORD,1544
18,10,11,5,17,719,UA,ORD,1543
-6,10,12,6,17,719,UA,ORD,1542
1,10,13,7,17,719,UA,ORD,1541
-9,10,14,1,17,719,UA,ORD,1540
-5,10,15,2,17,719,UA,ORD,1539
39,10,16,3,17,719,UA,ORD,1538
-4,10,17,4,17,719,UA,ORD,1537
-5,10,18,5,17,719,UA,ORD,1536
-6,10,19,6,17,719,UA,ORD,1535
-7,10,20,7,17,719,UA,ORD,1534
-4,10,21,1,17,719,UA,ORD,1533
-7,10,22,2,17,719,UA,ORD,1532
-5,10,23,3,17,719,UA,ORD,1531
-5,10,24,4,17,719,UA,ORD,1530
-2,10,25,5,17,719,UA,ORD,1529
-8,10,26,6,17,719,UA,ORD,1528
-4,10,27,7,17,719,UA,ORD,1527
-8,10,28,1,17,719,UA,ORD,1526
-4,10,29,2,17,719,UA,ORD,1525
-1,10,30,3,17,719,UA,ORD,1524
-1,10,1,2,18,719,UA,ORD,1553
72,10,2,3,18,719,UA,ORD,1552
33,10,3,4,18,719,UA,ORD,1551
130,10,4,5,18,719,UA,ORD,1550
-5,10,5,6,18,719,UA,ORD,1549
2,10,6,7,18,719,UA,ORD,1548
-5,10,7,1,18,719,UA,ORD,1547
-3,10,8,2,18,719,UA,ORD,1546
-4,10,9,3,18,719,UA,ORD,1545
-2,10,10,4,18,719,UA,ORD,1544
40,10,11,5,18,719,UA,ORD,1543
-2,10,12,6,18,719,UA,ORD,1542
1,10,13,7,18,719,UA,ORD,1541
-7,10,14,1,18,719,UA,ORD,1540
-1,10,15,2,18,719,UA,ORD,1539
5,10,16,3,18,719,UA,ORD,1538
-6,10,17,4,18,719,UA,ORD,1537
-5,10,18,5,18,719,UA,ORD,1536
-5,10,19,6,18,719,UA,ORD,1535
-2,10,20,7,18,719,UA,ORD,1534
-6,10,21,1,18,719,UA,ORD,1533
-7,10,22,2,18,719,UA,ORD,1532
-6,10,23,3,18,719,UA,ORD,1531
-5,10,24,4,18,719,UA,ORD,1530
-1,10,25,5,18,719,UA,ORD,1529
-6,10,26,6,18,719,UA,ORD,1528
1,10,27,7,18,719,UA,ORD,1527
-2,10,28,1,18,719,UA,ORD,1526
-8,10,29,2,18,719,UA,ORD,1525
-2,10,30,3,18,719,UA,ORD,1524
-1,10,31,4,18,719,UA,ORD,1523
-7,10,1,2,19,719,UA,ORD,1553
14,10,2,3,19,719,UA,ORD,1552
-9,10,3,4,19,719,UA,ORD,1551
138,10,4,5,19,719,UA,ORD,1550
-2,10,6,7,19,719,UA,ORD,1548
-7,10,7,1,19,719,UA,ORD,1547
-6,10,8,2,19,719,UA,ORD,1546
-9,10,9,3,19,719,UA,ORD,1545
-8,10,10,4,19,719,UA,ORD,1544
223,10,11,5,19,719,UA,ORD,1543
-2,10,13,7,19,719,UA,ORD,1541
-7,10,14,1,19,719,UA,ORD,1540
-5,10,15,2,19,719,UA,ORD,1539
19,10,16,3,19,719,UA,ORD,1538
-6,10,17,4,19,719,UA,ORD,1537
-4,10,18,5,19,719,UA,ORD,1536
-6,10,20,7,19,719,UA,ORD,1534
-9,10,21,1,19,719,UA,ORD,1533
-7,10,22,2,19,719,UA,ORD,1532
-7,10,23,3,19,719,UA,ORD,1531
-7,10,24,4,19,719,UA,ORD,1530
-4,10,25,5,19,719,UA,ORD,1529
3,10,27,7,19,719,UA,ORD,1527
27,10,28,1,19,719,UA,ORD,1526
-7,10,29,2,19,719,UA,ORD,1525
-8,10,30,3,19,719,UA,ORD,1524
-1,10,1,2,11,1605,UA,DEN,1553
0,10,2,3,11,1605,UA,DEN,1552
-1,10,3,4,11,1605,UA,DEN,1551
-5,10,4,5,11,1605,UA,DEN,1550
-4,10,5,6,11,1605,UA,DEN,1549
6,10,6,7,11,1605,UA,DEN,1548
-7,10,7,1,11,1605,UA,DEN,1547
-8,10,8,2,11,1605,UA,DEN,1546
-7,10,9,3,11,1605,UA,DEN,1545
-4,10,10,4,11,1605,UA,DEN,1544
-4,10,11,5,11,1605,UA,DEN,1543
-5,10,12,6,11,1605,UA,DEN,1542
1,10,13,7,11,1605,UA,DEN,1541
-1,10,14,1,11,1605,UA,DEN,1540
-4,10,15,2,11,1605,UA,DEN,1539
-5,10,16,3,11,1605,UA,DEN,1538
-5,10,17,4,11,1605,UA,DEN,1537
-4,10,18,5,11,1605,UA,DEN,1536
-2,10,19,6,11,1605,UA,DEN,1535
-6,10,20,7,11,1605,UA,DEN,1534
-3,10,21,1,11,1605,UA,DEN,1533
-2,10,22,2,11,1605,UA,DEN,1532
-7,10,23,3,11,1605,UA,DEN,1531
-3,10,24,4,11,1605,UA,DEN,1530
-2,10,25,5,11,1605,UA,DEN,1529
-3,10,26,6,11,1605,UA,DEN,1528
-2,10,27,7,11,1605,UA,DEN,1527
-5,10,28,1,11,1605,UA,DEN,1526
-6,10,29,2,11,1605,UA,DEN,1525
2,10,30,3,11,1605,UA,DEN,1524
-3,10,1,2,16,1605,UA,DEN,1553
-4,10,2,3,16,1605,UA,DEN,1552
2,10,3,4,16,1605,UA,DEN,1551
127,10,4,5,16,1605,UA,DEN,1550
93,10,5,6,16,1605,UA,DEN,1549
0,10,6,7,16,1605,UA,DEN,1548
-6,10,7,1,16,1605,UA,DEN,1547
-4,10,8,2,16,1605,UA,DEN,1546
-2,10,9,3,16,1605,UA,DEN,1545
-7,10,10,4,16,1605,UA,DEN,1544
15,10,11,5,16,1605,UA,DEN,1543
-8,10,12,6,16,1605,UA,DEN,1542
0,10,13,7,16,1605,UA,DEN,1541
-4,10,14,1,16,1605,UA,DEN,1540
-1,10,15,2,16,1605,UA,DEN,1539
0,10,16,3,16,1605,UA,DEN,1538
126,10,17,4,16,1605,UA,DEN,1537
59,10,18,5,16,1605,UA,DEN,1536
-6,10,19,6,16,1605,UA,DEN,1535
-4,10,20,7,16,1605,UA,DEN,1534
-7,10,21,1,16,1605,UA,DEN,1533
6,10,22,2,16,1605,UA,DEN,1532
-2,10,23,3,16,1605,UA,DEN,1531
-3,10,24,4,16,1605,UA,DEN,1530
-5,10,25,5,16,1605,UA,DEN,1529
-1,10,26,6,16,1605,UA,DEN,1528
0,10,27,7,13,1605,UA,DEN,1527
-3,10,28,1,13,1605,UA,DEN,1526
-9,10,29,2,13,1605,UA,DEN,1525
146,10,30,3,13,1605,UA,DEN,1524
-5,10,1,2,10,719,UA,ORD,1553
-1,10,2,3,10,719,UA,ORD,1552
-9,10,3,4,10,719,UA,ORD,1551
-5,10,4,5,10,719,UA,ORD,1550
-3,10,5,6,10,719,UA,ORD,1549
3,10,8,2,10,719,UA,ORD,1546
-8,10,9,3,10,719,UA,ORD,1545
-5,10,10,4,10,719,UA,ORD,1544
-1,10,11,5,10,719,UA,ORD,1543
6,10,12,6,10,719,UA,ORD,1542
-7,10,14,1,10,719,UA,ORD,1540
-7,10,15,2,10,719,UA,ORD,1539
-5,10,16,3,10,719,UA,ORD,1538
-6,10,17,4,10,719,UA,ORD,1537
10,10,18,5,10,719,UA,ORD,1536
-5,10,19,6,10,719,UA,ORD,1535
-6,10,21,1,10,719,UA,ORD,1533
-7,10,22,2,10,719,UA,ORD,1532
-1,10,23,3,10,719,UA,ORD,1531
-5,10,24,4,10,719,UA,ORD,1530
-8,10,25,5,10,719,UA,ORD,1529
-4,10,26,6,10,719,UA,ORD,1528
-1,10,28,1,10,719,UA,ORD,1526
-6,10,30,3,10,719,UA,ORD,1524
-6,10,31,4,9,719,UA,ORD,1523
-2,10,1,2,13,1605,UA,DEN,1553
1,10,2,3,13,1605,UA,DEN,1552
-2,10,3,4,13,1605,UA,DEN,1551
0,10,4,5,13,1605,UA,DEN,1550
-5,10,5,6,13,1605,UA,DEN,1549
4,10,7,1,13,1605,UA,DEN,1547
-4,10,8,2,13,1605,UA,DEN,1546
-5,10,9,3,13,1605,UA,DEN,1545
-5,10,10,4,13,1605,UA,DEN,1544
-4,10,11,5,13,1605,UA,DEN,1543
1,10,12,6,13,1605,UA,DEN,1542
-4,10,13,7,13,1605,UA,DEN,1541
1,10,14,1,13,1605,UA,DEN,1540
-3,10,15,2,13,1605,UA,DEN,1539
-2,10,16,3,13,1605,UA,DEN,1538
-3,10,17,4,13,1605,UA,DEN,1537
-2,10,18,5,13,1605,UA,DEN,1536
-4,10,19,6,13,1605,UA,DEN,1535
-4,10,20,7,13,1605,UA,DEN,1534
-4,10,21,1,13,1605,UA,DEN,1533
-2,10,22,2,13,1605,UA,DEN,1532
-2,10,23,3,13,1605,UA,DEN,1531
-2,10,24,4,13,1605,UA,DEN,1530
-3,10,25,5,13,1605,UA,DEN,1529
-6,10,26,6,13,1605,UA,DEN,1528
0,10,27,7,16,1605,UA,DEN,1527
-2,10,28,1,16,1605,UA,DEN,1526
3,10,30,3,16,1605,UA,DEN,1524
-6,10,31,4,16,1605,UA,DEN,1523
40,10,31,4,8,1605,UA,DEN,1523
-5,10,1,2,8,1605,UA,DEN,1553
-6,10,2,3,8,1605,UA,DEN,1552
-5,10,3,4,8,1605,UA,DEN,1551
2,10,4,5,8,1605,UA,DEN,1550
-3,10,5,6,8,1605,UA,DEN,1549
-5,10,6,7,8,1605,UA,DEN,1548
-2,10,7,1,8,1605,UA,DEN,1547
-6,10,8,2,8,1605,UA,DEN,1546
-3,10,9,3,8,1605,UA,DEN,1545
-2,10,10,4,8,1605,UA,DEN,1544
-1,10,11,5,8,1605,UA,DEN,1543
-4,10,12,6,8,1605,UA,DEN,1542
3,10,13,7,8,1605,UA,DEN,1541
-3,10,14,1,8,1605,UA,DEN,1540
-6,10,15,2,8,1605,UA,DEN,1539
-6,10,16,3,8,1605,UA,DEN,1538
-9,10,17,4,8,1605,UA,DEN,1537
-4,10,18,5,8,1605,UA,DEN,1536
-5,10,19,6,8,1605,UA,DEN,1535
-4,10,20,7,8,1605,UA,DEN,1534
-7,10,21,1,8,1605,UA,DEN,1533
-5,10,22,2,8,1605,UA,DEN,1532
-8,10,23,3,8,1605,UA,DEN,1531
-3,10,24,4,8,1605,UA,DEN,1530
-7,10,25,5,8,1605,UA,DEN,1529
-4,10,26,6,8,1605,UA,DEN,1528
-5,10,27,7,8,1605,UA,DEN,1527
-8,10,28,1,8,1605,UA,DEN,1526
-4,10,29,2,8,1605,UA,DEN,1525
-5,10,30,3,8,1605,UA,DEN,1524
-10,10,6,7,18,529,US,CLT,1548
-8,10,7,1,18,529,US,CLT,1547
-11,10,8,2,18,529,US,CLT,1546
-6,10,9,3,18,529,US,CLT,1545
1,10,10,4,18,529,US,CLT,1544
53,10,11,5,18,529,US,CLT,1543
14,10,12,6,18,529,US,CLT,1542
-3,10,13,7,18,529,US,CLT,1541
-7,10,14,1,18,529,US,CLT,1540
-6,10,15,2,18,529,US,CLT,1539
119,10,16,3,18,529,US,CLT,1538
-5,10,17,4,18,529,US,CLT,1537
-7,10,18,5,18,529,US,CLT,1536
-6,10,19,6,18,529,US,CLT,1535
-3,10,20,7,18,529,US,CLT,1534
-7,10,21,1,18,529,US,CLT,1533
-10,10,22,2,18,529,US,CLT,1532
-1,10,23,3,18,529,US,CLT,1531
-10,10,24,4,18,529,US,CLT,1530
0,10,25,5,18,529,US,CLT,1529
-6,10,26,6,18,529,US,CLT,1528
-8,10,27,7,18,529,US,CLT,1527
-8,10,28,1,18,529,US,CLT,1526
-7,10,29,2,18,529,US,CLT,1525
-7,10,30,3,18,529,US,CLT,1524
-3,10,31,4,18,529,US,CLT,1523
-3,10,6,7,14,529,US,CLT,1548
-2,10,7,1,14,529,US,CLT,1547
0,10,8,2,14,529,US,CLT,1546
-2,10,9,3,14,529,US,CLT,1545
12,10,10,4,14,529,US,CLT,1544
20,10,11,5,14,529,US,CLT,1543
5,10,12,6,14,529,US,CLT,1542
34,10,13,7,14,529,US,CLT,1541
2,10,14,1,14,529,US,CLT,1540
-4,10,15,2,14,529,US,CLT,1539
11,10,16,3,14,529,US,CLT,1538
-6,10,17,4,14,529,US,CLT,1537
5,10,18,5,14,529,US,CLT,1536
-9,10,19,6,14,529,US,CLT,1535
0,10,20,7,14,529,US,CLT,1534
0,10,21,1,14,529,US,CLT,1533
-6,10,22,2,14,529,US,CLT,1532
-8,10,23,3,14,529,US,CLT,1531
-4,10,24,4,14,529,US,CLT,1530
-2,10,25,5,14,529,US,CLT,1529
-5,10,26,6,14,529,US,CLT,1528
-7,10,27,7,14,529,US,CLT,1527
-7,10,28,1,14,529,US,CLT,1526
-6,10,29,2,14,529,US,CLT,1525
-5,10,30,3,14,529,US,CLT,1524
-7,10,31,4,14,529,US,CLT,1523
-5,10,1,2,13,529,US,CLT,1553
-3,10,2,3,13,529,US,CLT,1552
-12,10,3,4,13,529,US,CLT,1551
-3,10,4,5,13,529,US,CLT,1550
-8,10,5,6,13,529,US,CLT,1549
-5,10,6,7,9,529,US,CLT,1548
-6,10,7,1,9,529,US,CLT,1547
-7,10,8,2,9,529,US,CLT,1546
-8,10,9,3,9,529,US,CLT,1545
-4,10,10,4,9,529,US,CLT,1544
6,10,11,5,9,529,US,CLT,1543
13,10,12,6,9,529,US,CLT,1542
-3,10,13,7,9,529,US,CLT,1541
-8,10,14,1,9,529,US,CLT,1540
-8,10,15,2,9,529,US,CLT,1539
-7,10,16,3,9,529,US,CLT,1538
-10,10,17,4,9,529,US,CLT,1537
-9,10,18,5,9,529,US,CLT,1536
10,10,19,6,9,529,US,CLT,1535
-7,10,20,7,9,529,US,CLT,1534
-5,10,21,1,9,529,US,CLT,1533
-6,10,22,2,9,529,US,CLT,1532
-6,10,23,3,9,529,US,CLT,1531
-9,10,24,4,9,529,US,CLT,1530
-5,10,25,5,9,529,US,CLT,1529
-7,10,26,6,9,529,US,CLT,1528
-4,10,27,7,9,529,US,CLT,1527
-5,10,28,1,9,529,US,CLT,1526
-8,10,29,2,9,529,US,CLT,1525
-14,10,30,3,9,529,US,CLT,1524
-8,10,31,4,9,529,US,CLT,1523
-8,10,1,2,9,529,US,CLT,1553
-5,10,2,3,9,529,US,CLT,1552
-9,10,3,4,9,529,US,CLT,1551
-6,10,4,5,9,529,US,CLT,1550
-7,10,5,6,9,529,US,CLT,1549
-11,10,7,1,6,529,US,CLT,1547
-7,10,8,2,6,529,US,CLT,1546
-6,10,9,3,6,529,US,CLT,1545
-5,10,10,4,6,529,US,CLT,1544
2,10,11,5,6,529,US,CLT,1543
-3,10,14,1,6,529,US,CLT,1540
-8,10,15,2,6,529,US,CLT,1539
-4,10,16,3,6,529,US,CLT,1538
-6,10,17,4,6,529,US,CLT,1537
-6,10,18,5,6,529,US,CLT,1536
-9,10,21,1,6,529,US,CLT,1533
-9,10,22,2,6,529,US,CLT,1532
-10,10,23,3,6,529,US,CLT,1531
0,10,24,4,6,529,US,CLT,1530
-8,10,25,5,6,529,US,CLT,1529
-4,10,28,1,6,529,US,CLT,1526
-7,10,30,3,6,529,US,CLT,1524
-3,10,31,4,6,529,US,CLT,1523
-6,10,1,2,6,529,US,CLT,1553
-4,10,2,3,6,529,US,CLT,1552
-6,10,3,4,6,529,US,CLT,1551
-5,10,4,5,6,529,US,CLT,1550
13,10,5,6,6,529,US,CLT,1549
-8,10,1,2,16,529,US,CLT,1553
-5,10,2,3,16,529,US,CLT,1552
-5,10,3,4,16,529,US,CLT,1551
2,10,4,5,16,529,US,CLT,1550
-3,10,5,6,16,529,US,CLT,1549
0,10,6,7,16,529,US,CLT,1548
-2,10,7,1,16,529,US,CLT,1547
-9,10,8,2,16,529,US,CLT,1546
-4,10,9,3,16,529,US,CLT,1545
-6,10,10,4,16,529,US,CLT,1544
22,10,11,5,16,529,US,CLT,1543
21,10,12,6,16,529,US,CLT,1542
0,10,13,7,16,529,US,CLT,1541
1,10,14,1,16,529,US,CLT,1540
-2,10,15,2,16,529,US,CLT,1539
105,10,16,3,16,529,US,CLT,1538
-4,10,17,4,16,529,US,CLT,1537
6,10,18,5,16,529,US,CLT,1536
-7,10,19,6,16,529,US,CLT,1535
2,10,20,7,16,529,US,CLT,1534
-4,10,21,1,16,529,US,CLT,1533
-9,10,22,2,16,529,US,CLT,1532
-10,10,23,3,16,529,US,CLT,1531
5,10,24,4,16,529,US,CLT,1530
7,10,25,5,16,529,US,CLT,1529
-6,10,26,6,16,529,US,CLT,1528
-6,10,27,7,16,529,US,CLT,1527
-5,10,28,1,16,529,US,CLT,1526
-6,10,29,2,16,529,US,CLT,1525
-9,10,30,3,16,529,US,CLT,1524
-9,10,31,4,16,529,US,CLT,1523
-5,10,1,2,8,745,DL,ATL,1553
-2,10,2,3,8,745,DL,ATL,1552
1,10,3,4,8,745,DL,ATL,1551
-3,10,4,5,8,745,DL,ATL,1550
-2,10,5,6,8,745,DL,ATL,1549
4,10,6,7,8,745,DL,ATL,1548
0,10,7,1,8,745,DL,ATL,1547
-2,10,8,2,8,745,DL,ATL,1546
-2,10,9,3,8,745,DL,ATL,1545
1,10,10,4,8,745,DL,ATL,1544
1,10,11,5,8,745,DL,ATL,1543
-1,10,12,6,8,745,DL,ATL,1542
0,10,13,7,8,745,DL,ATL,1541
-4,10,14,1,8,745,DL,ATL,1540
-3,10,15,2,8,745,DL,ATL,1539
0,10,16,3,8,745,DL,ATL,1538
10,10,17,4,8,745,DL,ATL,1537
5,10,18,5,8,745,DL,ATL,1536
-6,10,19,6,8,745,DL,ATL,1535
0,10,20,7,8,745,DL,ATL,1534
14,10,21,1,8,745,DL,ATL,1533
-11,10,22,2,8,745,DL,ATL,1532
-2,10,23,3,8,745,DL,ATL,1531
-4,10,24,4,8,745,DL,ATL,1530
27,10,25,5,8,745,DL,ATL,1529
-3,10,26,6,8,745,DL,ATL,1528
12,10,27,7,8,745,DL,ATL,1527
0,10,28,1,8,745,DL,ATL,1526
-3,10,29,2,8,745,DL,ATL,1525
-1,10,30,3,8,745,DL,ATL,1524
-7,10,31,4,8,745,DL,ATL,1523
5,10,1,2,17,745,DL,ATL,1553
-2,10,2,3,17,745,DL,ATL,1552
1,10,3,4,17,745,DL,ATL,1551
2,10,4,5,17,745,DL,ATL,1550
-5,10,7,1,17,745,DL,ATL,1547
-8,10,8,2,17,745,DL,ATL,1546
27,10,9,3,17,745,DL,ATL,1545
66,10,10,4,17,745,DL,ATL,1544
90,10,11,5,17,745,DL,ATL,1543
7,10,14,1,17,745,DL,ATL,1540
77,10,16,3,17,745,DL,ATL,1538
4,10,17,4,17,745,DL,ATL,1537
1,10,18,5,17,745,DL,ATL,1536
-1,10,21,1,17,745,DL,ATL,1533
-5,10,22,2,17,745,DL,ATL,1532
43,10,23,3,17,745,DL,ATL,1531
84,10,24,4,17,745,DL,ATL,1530
85,10,25,5,17,745,DL,ATL,1529
29,10,28,1,17,745,DL,ATL,1526
29,10,29,2,17,745,DL,ATL,1525
0,10,30,3,17,745,DL,ATL,1524
-2,10,31,4,17,745,DL,ATL,1523
-3,10,1,2,14,745,DL,ATL,1553
0,10,2,3,14,745,DL,ATL,1552
-2,10,3,4,14,745,DL,ATL,1551
-2,10,4,5,14,745,DL,ATL,1550
-8,10,5,6,14,745,DL,ATL,1549
-4,10,6,7,14,745,DL,ATL,1548
4,10,7,1,14,745,DL,ATL,1547
-1,10,8,2,14,745,DL,ATL,1546
12,10,9,3,14,745,DL,ATL,1545
55,10,10,4,14,745,DL,ATL,1544
31,10,11,5,14,745,DL,ATL,1543
-3,10,12,6,14,745,DL,ATL,1542
-4,10,13,7,14,745,DL,ATL,1541
-1,10,14,1,14,745,DL,ATL,1540
97,10,15,2,14,745,DL,ATL,1539
-3,10,16,3,14,745,DL,ATL,1538
-5,10,17,4,14,745,DL,ATL,1537
2,10,18,5,14,745,DL,ATL,1536
-5,10,19,6,14,745,DL,ATL,1535
1,10,20,7,14,745,DL,ATL,1534
-2,10,21,1,14,745,DL,ATL,1533
1,10,22,2,14,745,DL,ATL,1532
36,10,23,3,14,745,DL,ATL,1531
43,10,24,4,14,745,DL,ATL,1530
60,10,25,5,14,745,DL,ATL,1529
-5,10,27,7,14,745,DL,ATL,1527
1,10,28,1,14,745,DL,ATL,1526
37,10,29,2,14,745,DL,ATL,1525
-4,10,30,3,14,745,DL,ATL,1524
-9,10,31,4,14,745,DL,ATL,1523
-3,10,1,2,20,745,DL,ATL,1553
-2,10,2,3,20,745,DL,ATL,1552
-10,10,3,4,20,745,DL,ATL,1551
100,10,4,5,20,745,DL,ATL,1550
-10,10,5,6,20,745,DL,ATL,1549
7,10,6,7,20,745,DL,ATL,1548
-5,10,7,1,20,745,DL,ATL,1547
5,10,8,2,20,745,DL,ATL,1546
25,10,9,3,20,745,DL,ATL,1545
35,10,10,4,20,745,DL,ATL,1544
160,10,11,5,20,745,DL,ATL,1543
45,10,12,6,20,745,DL,ATL,1542
0,10,13,7,20,745,DL,ATL,1541
-4,10,14,1,20,745,DL,ATL,1540
61,10,15,2,20,745,DL,ATL,1539
-1,10,16,3,20,745,DL,ATL,1538
-7,10,17,4,20,745,DL,ATL,1537
-5,10,18,5,20,745,DL,ATL,1536
-3,10,19,6,20,745,DL,ATL,1535
0,10,20,7,20,745,DL,ATL,1534
-10,10,21,1,20,745,DL,ATL,1533
-3,10,22,2,20,745,DL,ATL,1532
37,10,23,3,20,745,DL,ATL,1531
60,10,24,4,20,745,DL,ATL,1530
98,10,25,5,20,745,DL,ATL,1529
-15,10,26,6,20,745,DL,ATL,1528
15,10,27,7,20,745,DL,ATL,1527
175,10,28,1,20,745,DL,ATL,1526
15,10,29,2,20,745,DL,ATL,1525
3,10,30,3,20,745,DL,ATL,1524
-5,10,31,4,20,745,DL,ATL,1523
-9,10,1,2,17,745,DL,ATL,1553
-6,10,2,3,17,745,DL,ATL,1552
0,10,3,4,17,745,DL,ATL,1551
1,10,4,5,17,745,DL,ATL,1550
0,10,5,6,17,745,DL,ATL,1549
-3,10,6,7,17,745,DL,ATL,1548
1,10,7,1,17,745,DL,ATL,1547
2,10,8,2,17,745,DL,ATL,1546
4,10,9,3,17,745,DL,ATL,1545
67,10,10,4,17,745,DL,ATL,1544
62,10,11,5,17,745,DL,ATL,1543
22,10,12,6,17,745,DL,ATL,1542
6,10,13,7,17,745,DL,ATL,1541
2,10,14,1,17,745,DL,ATL,1540
36,10,15,2,17,745,DL,ATL,1539
17,10,16,3,17,745,DL,ATL,1538
-2,10,17,4,17,745,DL,ATL,1537
6,10,18,5,17,745,DL,ATL,1536
-3,10,19,6,17,745,DL,ATL,1535
4,10,20,7,17,745,DL,ATL,1534
6,10,21,1,17,745,DL,ATL,1533
-1,10,22,2,17,745,DL,ATL,1532
54,10,23,3,17,745,DL,ATL,1531
73,10,24,4,17,745,DL,ATL,1530
85,10,25,5,17,745,DL,ATL,1529
-3,10,26,6,17,745,DL,ATL,1528
-2,10,27,7,17,745,DL,ATL,1527
19,10,28,1,17,745,DL,ATL,1526
13,10,29,2,17,745,DL,ATL,1525
6,10,30,3,17,745,DL,ATL,1524
0,10,31,4,17,745,DL,ATL,1523
-5,10,1,2,17,569,DL,CVG,1553
-9,10,2,3,17,569,DL,CVG,1552
-6,10,3,4,17,569,DL,CVG,1551
10,10,4,5,17,569,DL,CVG,1550
-5,10,5,6,17,569,DL,CVG,1549
-2,10,6,7,17,569,DL,CVG,1548
0,10,7,1,17,569,DL,CVG,1547
-8,10,8,2,17,569,DL,CVG,1546
-7,10,9,3,17,569,DL,CVG,1545
-2,10,10,4,17,569,DL,CVG,1544
78,10,11,5,17,569,DL,CVG,1543
-2,10,12,6,17,569,DL,CVG,1542
-4,10,13,7,17,569,DL,CVG,1541
11,10,14,1,17,569,DL,CVG,1540
0,10,15,2,17,569,DL,CVG,1539
3,10,17,4,17,569,DL,CVG,1537
4,10,18,5,17,569,DL,CVG,1536
-6,10,19,6,17,569,DL,CVG,1535
0,10,20,7,17,569,DL,CVG,1534
0,10,21,1,17,569,DL,CVG,1533
-3,10,22,2,17,569,DL,CVG,1532
5,10,23,3,17,569,DL,CVG,1531
13,10,24,4,17,569,DL,CVG,1530
0,10,25,5,17,569,DL,CVG,1529
-6,10,26,6,17,569,DL,CVG,1528
-1,10,27,7,17,569,DL,CVG,1527
-11,10,28,1,17,569,DL,CVG,1526
-4,10,29,2,17,569,DL,CVG,1525
-4,10,30,3,17,569,DL,CVG,1524
-2,10,31,4,17,569,DL,CVG,1523
-2,10,1,2,11,745,DL,ATL,1553
-1,10,2,3,11,745,DL,ATL,1552
-1,10,3,4,11,745,DL,ATL,1551
-2,10,4,5,11,745,DL,ATL,1550
-2,10,5,6,11,745,DL,ATL,1549
1,10,6,7,11,745,DL,ATL,1548
7,10,7,1,11,745,DL,ATL,1547
-3,10,8,2,11,745,DL,ATL,1546
11,10,9,3,11,745,DL,ATL,1545
0,10,10,4,11,745,DL,ATL,1544
7,10,11,5,11,745,DL,ATL,1543
7,10,12,6,11,745,DL,ATL,1542
-5,10,13,7,11,745,DL,ATL,1541
0,10,14,1,11,745,DL,ATL,1540
47,10,15,2,11,745,DL,ATL,1539
6,10,16,3,11,745,DL,ATL,1538
-5,10,17,4,11,745,DL,ATL,1537
6,10,18,5,11,745,DL,ATL,1536
5,10,19,6,11,745,DL,ATL,1535
2,10,20,7,11,745,DL,ATL,1534
4,10,21,1,11,745,DL,ATL,1533
2,10,22,2,11,745,DL,ATL,1532
6,10,23,3,11,745,DL,ATL,1531
25,10,24,4,11,745,DL,ATL,1530
18,10,25,5,11,745,DL,ATL,1529
2,10,26,6,11,745,DL,ATL,1528
4,10,27,7,11,745,DL,ATL,1527
11,10,28,1,11,745,DL,ATL,1526
-3,10,29,2,11,745,DL,ATL,1525
4,10,30,3,11,745,DL,ATL,1524
2,10,31,4,11,745,DL,ATL,1523
-4,10,1,2,15,745,DL,ATL,1553
-4,10,2,3,15,745,DL,ATL,1552
-3,10,3,4,15,745,DL,ATL,1551
3,10,4,5,15,745,DL,ATL,1550
7,10,5,6,15,745,DL,ATL,1549
-2,10,6,7,15,745,DL,ATL,1548
-1,10,7,1,15,745,DL,ATL,1547
15,10,8,2,15,745,DL,ATL,1546
324,10,9,3,15,745,DL,ATL,1545
54,10,10,4,15,745,DL,ATL,1544
42,10,11,5,15,745,DL,ATL,1543
5,10,12,6,15,745,DL,ATL,1542
-3,10,13,7,15,745,DL,ATL,1541
-3,10,14,1,15,745,DL,ATL,1540
104,10,15,2,15,745,DL,ATL,1539
2,10,17,4,15,745,DL,ATL,1537
13,10,18,5,15,745,DL,ATL,1536
4,10,19,6,15,745,DL,ATL,1535
-1,10,20,7,15,745,DL,ATL,1534
0,10,21,1,15,745,DL,ATL,1533
13,10,22,2,15,745,DL,ATL,1532
50,10,23,3,15,745,DL,ATL,1531
81,10,24,4,15,745,DL,ATL,1530
52,10,25,5,15,745,DL,ATL,1529
38,10,26,6,15,745,DL,ATL,1528
-4,10,27,7,15,745,DL,ATL,1527
3,10,28,1,15,745,DL,ATL,1526
11,10,29,2,15,745,DL,ATL,1525
-2,10,30,3,15,745,DL,ATL,1524
-2,10,31,4,15,745,DL,ATL,1523
1,10,1,2,9,569,DL,CVG,1553
0,10,2,3,9,569,DL,CVG,1552
-5,10,3,4,9,569,DL,CVG,1551
-7,10,4,5,9,569,DL,CVG,1550
-7,10,5,6,9,569,DL,CVG,1549
-11,10,6,7,9,569,DL,CVG,1548
-7,10,7,1,9,569,DL,CVG,1547
-7,10,8,2,9,569,DL,CVG,1546
-8,10,9,3,9,569,DL,CVG,1545
-2,10,10,4,9,569,DL,CVG,1544
-3,10,11,5,9,569,DL,CVG,1543
3,10,12,6,9,569,DL,CVG,1542
-10,10,13,7,9,569,DL,CVG,1541
-3,10,14,1,9,569,DL,CVG,1540
-5,10,15,2,9,569,DL,CVG,1539
3,10,16,3,9,569,DL,CVG,1538
-1,10,17,4,9,569,DL,CVG,1537
0,10,18,5,9,569,DL,CVG,1536
-3,10,19,6,9,569,DL,CVG,1535
-6,10,20,7,9,569,DL,CVG,1534
-7,10,21,1,9,569,DL,CVG,1533
-7,10,22,2,9,569,DL,CVG,1532
0,10,23,3,9,569,DL,CVG,1531
-1,10,24,4,9,569,DL,CVG,1530
0,10,25,5,9,569,DL,CVG,1529
0,10,26,6,9,569,DL,CVG,1528
-8,10,27,7,9,569,DL,CVG,1527
-4,10,28,1,9,569,DL,CVG,1526
-1,10,29,2,9,569,DL,CVG,1525
-4,10,30,3,9,569,DL,CVG,1524
-3,10,31,4,9,569,DL,CVG,1523
-9,10,1,2,13,569,DL,CVG,1553
-6,10,2,3,13,569,DL,CVG,1552
0,10,3,4,13,569,DL,CVG,1551
-3,10,4,5,13,569,DL,CVG,1550
3,10,5,6,13,569,DL,CVG,1549
-4,10,6,7,13,569,DL,CVG,1548
-4,10,7,1,13,569,DL,CVG,1547
-4,10,8,2,13,569,DL,CVG,1546
-3,10,9,3,13,569,DL,CVG,1545
-5,10,10,4,13,569,DL,CVG,1544
0,10,11,5,13,569,DL,CVG,1543
7,10,12,6,13,569,DL,CVG,1542
-6,10,13,7,13,569,DL,CVG,1541
20,10,14,1,13,569,DL,CVG,1540
1,10,15,2,13,569,DL,CVG,1539
32,10,16,3,13,569,DL,CVG,1538
0,10,17,4,13,569,DL,CVG,1537
9,10,18,5,13,569,DL,CVG,1536
-8,10,19,6,13,569,DL,CVG,1535
-3,10,20,7,13,569,DL,CVG,1534
-3,10,21,1,13,569,DL,CVG,1533
-3,10,22,2,13,569,DL,CVG,1532
-9,10,23,3,13,569,DL,CVG,1531
-6,10,24,4,13,569,DL,CVG,1530
-2,10,25,5,13,569,DL,CVG,1529
-8,10,26,6,13,569,DL,CVG,1528
-4,10,27,7,13,569,DL,CVG,1527
-5,10,28,1,13,569,DL,CVG,1526
-7,10,29,2,13,569,DL,CVG,1525
-7,10,30,3,13,569,DL,CVG,1524
-7,10,31,4,13,569,DL,CVG,1523
-4,10,1,2,9,745,DL,ATL,1553
-4,10,2,3,9,745,DL,ATL,1552
-1,10,3,4,9,745,DL,ATL,1551
-3,10,4,5,9,745,DL,ATL,1550
-5,10,5,6,9,745,DL,ATL,1549
-2,10,6,7,9,745,DL,ATL,1548
5,10,7,1,9,745,DL,ATL,1547
1,10,8,2,9,745,DL,ATL,1546
-6,10,9,3,9,745,DL,ATL,1545
-1,10,10,4,9,745,DL,ATL,1544
2,10,11,5,9,745,DL,ATL,1543
5,10,12,6,9,745,DL,ATL,1542
4,10,13,7,9,745,DL,ATL,1541
4,10,14,1,9,745,DL,ATL,1540
20,10,15,2,9,745,DL,ATL,1539
276,10,16,3,9,745,DL,ATL,1538
2,10,17,4,9,745,DL,ATL,1537
-1,10,18,5,9,745,DL,ATL,1536
13,10,19,6,9,745,DL,ATL,1535
2,10,20,7,9,745,DL,ATL,1534
5,10,21,1,9,745,DL,ATL,1533
-1,10,22,2,9,745,DL,ATL,1532
9,10,23,3,9,745,DL,ATL,1531
9,10,24,4,9,745,DL,ATL,1530
7,10,25,5,9,745,DL,ATL,1529
4,10,26,6,9,745,DL,ATL,1528
4,10,27,7,9,745,DL,ATL,1527
1,10,28,1,9,745,DL,ATL,1526
0,10,29,2,9,745,DL,ATL,1525
2,10,30,3,9,745,DL,ATL,1524
-2,10,31,4,9,745,DL,ATL,1523
-3,10,1,2,5,745,DL,ATL,1553
-1,10,2,3,5,745,DL,ATL,1552
-6,10,3,4,5,745,DL,ATL,1551
-2,10,4,5,5,745,DL,ATL,1550
-7,10,5,6,5,745,DL,ATL,1549
-2,10,6,7,5,745,DL,ATL,1548
2,10,7,1,5,745,DL,ATL,1547
10,10,8,2,5,745,DL,ATL,1546
-1,10,9,3,5,745,DL,ATL,1545
-5,10,10,4,5,745,DL,ATL,1544
0,10,11,5,5,745,DL,ATL,1543
5,10,12,6,5,745,DL,ATL,1542
-5,10,13,7,5,745,DL,ATL,1541
0,10,14,1,5,745,DL,ATL,1540
-10,10,15,2,5,745,DL,ATL,1539
5,10,16,3,5,745,DL,ATL,1538
2,10,17,4,5,745,DL,ATL,1537
7,10,18,5,5,745,DL,ATL,1536
-1,10,19,6,5,745,DL,ATL,1535
-2,10,20,7,5,745,DL,ATL,1534
12,10,21,1,5,745,DL,ATL,1533
-2,10,22,2,5,745,DL,ATL,1532
-3,10,23,3,5,745,DL,ATL,1531
-1,10,24,4,5,745,DL,ATL,1530
7,10,25,5,5,745,DL,ATL,1529
0,10,26,6,5,745,DL,ATL,1528
-6,10,27,7,5,745,DL,ATL,1527
1,10,28,1,5,745,DL,ATL,1526
24,10,29,2,5,745,DL,ATL,1525
-5,10,30,3,5,745,DL,ATL,1524
-5,10,31,4,5,745,DL,ATL,1523
5,10,1,2,6,745,DL,ATL,1553
-3,10,2,3,6,745,DL,ATL,1552
-2,10,3,4,6,745,DL,ATL,1551
-2,10,4,5,6,745,DL,ATL,1550
0,10,5,6,6,745,DL,ATL,1549
-2,10,6,7,6,745,DL,ATL,1548
4,10,7,1,6,745,DL,ATL,1547
-3,10,8,2,6,745,DL,ATL,1546
-6,10,9,3,6,745,DL,ATL,1545
-3,10,10,4,6,745,DL,ATL,1544
1,10,11,5,6,745,DL,ATL,1543
3,10,12,6,6,745,DL,ATL,1542
5,10,13,7,6,745,DL,ATL,1541
5,10,14,1,6,745,DL,ATL,1540
-2,10,15,2,6,745,DL,ATL,1539
-4,10,16,3,6,745,DL,ATL,1538
1,10,17,4,6,745,DL,ATL,1537
7,10,18,5,6,745,DL,ATL,1536
3,10,19,6,6,745,DL,ATL,1535
0,10,20,7,6,745,DL,ATL,1534
6,10,21,1,6,745,DL,ATL,1533
-6,10,22,2,6,745,DL,ATL,1532
-7,10,23,3,6,745,DL,ATL,1531
-3,10,24,4,6,745,DL,ATL,1530
14,10,25,5,6,745,DL,ATL,1529
0,10,26,6,6,745,DL,ATL,1528
9,10,27,7,6,745,DL,ATL,1527
10,10,28,1,6,745,DL,ATL,1526
-3,10,29,2,6,745,DL,ATL,1525
-2,10,30,3,6,745,DL,ATL,1524
-3,10,31,4,6,745,DL,ATL,1523
-1,10,1,2,18,745,DL,ATL,1553
-2,10,2,3,18,745,DL,ATL,1552
-1,10,3,4,18,745,DL,ATL,1551
14,10,4,5,18,745,DL,ATL,1550
-4,10,5,6,18,745,DL,ATL,1549
3,10,6,7,18,745,DL,ATL,1548
3,10,7,1,18,745,DL,ATL,1547
51,10,8,2,18,745,DL,ATL,1546
9,10,9,3,18,745,DL,ATL,1545
62,10,10,4,18,745,DL,ATL,1544
48,10,11,5,18,745,DL,ATL,1543
12,10,12,6,18,745,DL,ATL,1542
8,10,13,7,18,745,DL,ATL,1541
7,10,14,1,18,745,DL,ATL,1540
79,10,15,2,18,745,DL,ATL,1539
24,10,16,3,18,745,DL,ATL,1538
-2,10,17,4,18,745,DL,ATL,1537
3,10,18,5,18,745,DL,ATL,1536
0,10,19,6,18,745,DL,ATL,1535
-2,10,20,7,18,745,DL,ATL,1534
-3,10,21,1,18,745,DL,ATL,1533
0,10,22,2,18,745,DL,ATL,1532
73,10,23,3,18,745,DL,ATL,1531
90,10,24,4,18,745,DL,ATL,1530
94,10,25,5,18,745,DL,ATL,1529
4,10,26,6,18,745,DL,ATL,1528
35,10,27,7,18,745,DL,ATL,1527
89,10,28,1,18,745,DL,ATL,1526
-3,10,29,2,18,745,DL,ATL,1525
-5,10,30,3,18,745,DL,ATL,1524
5,10,31,4,18,745,DL,ATL,1523
-1,10,1,2,17,1968,DL,SLC,1553
-5,10,2,3,17,1968,DL,SLC,1552
-6,10,3,4,17,1968,DL,SLC,1551
-1,10,4,5,17,1968,DL,SLC,1550
-12,10,5,6,17,1968,DL,SLC,1549
-4,10,6,7,17,1968,DL,SLC,1548
-8,10,7,1,17,1968,DL,SLC,1547
-5,10,8,2,17,1968,DL,SLC,1546
14,10,9,3,17,1968,DL,SLC,1545
3,10,10,4,17,1968,DL,SLC,1544
17,10,11,5,17,1968,DL,SLC,1543
0,10,12,6,17,1968,DL,SLC,1542
2,10,13,7,17,1968,DL,SLC,1541
-3,10,14,1,17,1968,DL,SLC,1540
6,10,15,2,17,1968,DL,SLC,1539
6,10,16,3,17,1968,DL,SLC,1538
-3,10,17,4,17,1968,DL,SLC,1537
0,10,18,5,17,1968,DL,SLC,1536
-8,10,19,6,17,1968,DL,SLC,1535
-2,10,20,7,17,1968,DL,SLC,1534
0,10,21,1,17,1968,DL,SLC,1533
-4,10,22,2,17,1968,DL,SLC,1532
-8,10,23,3,17,1968,DL,SLC,1531
-2,10,24,4,17,1968,DL,SLC,1530
1,10,25,5,17,1968,DL,SLC,1529
10,10,26,6,17,1968,DL,SLC,1528
2,10,27,7,17,1968,DL,SLC,1527
-8,10,28,1,17,1968,DL,SLC,1526
-4,10,29,2,17,1968,DL,SLC,1525
-6,10,30,3,17,1968,DL,SLC,1524
-8,10,31,4,17,1968,DL,SLC,1523
-4,10,1,2,12,745,DL,ATL,1553
-3,10,2,3,12,745,DL,ATL,1552
-2,10,3,4,12,745,DL,ATL,1551
-1,10,4,5,12,745,DL,ATL,1550
-1,10,5,6,12,745,DL,ATL,1549
40,10,6,7,12,745,DL,ATL,1548
-8,10,7,1,12,745,DL,ATL,1547
0,10,8,2,12,745,DL,ATL,1546
12,10,9,3,12,745,DL,ATL,1545
5,10,10,4,12,745,DL,ATL,1544
33,10,11,5,12,745,DL,ATL,1543
22,10,12,6,12,745,DL,ATL,1542
-2,10,13,7,12,745,DL,ATL,1541
-1,10,14,1,12,745,DL,ATL,1540
72,10,15,2,12,745,DL,ATL,1539
5,10,16,3,12,745,DL,ATL,1538
-1,10,17,4,12,745,DL,ATL,1537
1,10,18,5,12,745,DL,ATL,1536
0,10,19,6,12,745,DL,ATL,1535
2,10,20,7,12,745,DL,ATL,1534
-3,10,21,1,12,745,DL,ATL,1533
-5,10,22,2,12,745,DL,ATL,1532
11,10,23,3,12,745,DL,ATL,1531
11,10,24,4,12,745,DL,ATL,1530
10,10,25,5,12,745,DL,ATL,1529
16,10,26,6,12,745,DL,ATL,1528
23,10,27,7,12,745,DL,ATL,1527
5,10,28,1,12,745,DL,ATL,1526
5,10,29,2,12,745,DL,ATL,1525
2,10,30,3,12,745,DL,ATL,1524
4,10,31,4,12,745,DL,ATL,1523
-9,10,1,2,6,569,DL,CVG,1553
0,10,2,3,6,569,DL,CVG,1552
-8,10,3,4,6,569,DL,CVG,1551
-3,10,4,5,6,569,DL,CVG,1550
-7,10,5,6,6,569,DL,CVG,1549
-8,10,6,7,6,569,DL,CVG,1548
-5,10,7,1,6,569,DL,CVG,1547
-5,10,8,2,6,569,DL,CVG,1546
-4,10,9,3,6,569,DL,CVG,1545
-2,10,10,4,6,569,DL,CVG,1544
-3,10,11,5,6,569,DL,CVG,1543
1,10,12,6,6,569,DL,CVG,1542
-4,10,13,7,6,569,DL,CVG,1541
-3,10,14,1,6,569,DL,CVG,1540
-4,10,15,2,6,569,DL,CVG,1539
-1,10,16,3,6,569,DL,CVG,1538
-1,10,17,4,6,569,DL,CVG,1537
-7,10,18,5,6,569,DL,CVG,1536
31,10,19,6,6,569,DL,CVG,1535
-4,10,20,7,6,569,DL,CVG,1534
-4,10,21,1,6,569,DL,CVG,1533
-10,10,22,2,6,569,DL,CVG,1532
-2,10,23,3,6,569,DL,CVG,1531
-1,10,24,4,6,569,DL,CVG,1530
-5,10,25,5,6,569,DL,CVG,1529
-5,10,26,6,6,569,DL,CVG,1528
-3,10,27,7,6,569,DL,CVG,1527
-4,10,28,1,6,569,DL,CVG,1526
-6,10,29,2,6,569,DL,CVG,1525
-1,10,30,3,6,569,DL,CVG,1524
-4,10,31,4,6,569,DL,CVG,1523
-3,10,1,2,7,1968,DL,SLC,1553
-9,10,2,3,7,1968,DL,SLC,1552
-5,10,3,4,7,1968,DL,SLC,1551
-4,10,4,5,7,1968,DL,SLC,1550
-4,10,5,6,7,1968,DL,SLC,1549
-5,10,6,7,7,1968,DL,SLC,1548
-3,10,7,1,7,1968,DL,SLC,1547
-7,10,8,2,7,1968,DL,SLC,1546
-3,10,9,3,7,1968,DL,SLC,1545
-4,10,10,4,7,1968,DL,SLC,1544
1,10,11,5,7,1968,DL,SLC,1543
-1,10,12,6,7,1968,DL,SLC,1542
0,10,13,7,7,1968,DL,SLC,1541
1,10,14,1,7,1968,DL,SLC,1540
-1,10,15,2,7,1968,DL,SLC,1539
-8,10,16,3,7,1968,DL,SLC,1538
-1,10,17,4,7,1968,DL,SLC,1537
-3,10,18,5,7,1968,DL,SLC,1536
2,10,19,6,7,1968,DL,SLC,1535
-3,10,20,7,7,1968,DL,SLC,1534
3,10,21,1,7,1968,DL,SLC,1533
-6,10,22,2,7,1968,DL,SLC,1532
-7,10,23,3,7,1968,DL,SLC,1531
1,10,24,4,7,1968,DL,SLC,1530
-3,10,25,5,7,1968,DL,SLC,1529
6,10,26,6,7,1968,DL,SLC,1528
3,10,27,7,7,1968,DL,SLC,1527
-3,10,28,1,7,1968,DL,SLC,1526
-8,10,29,2,7,1968,DL,SLC,1525
-3,10,30,3,7,1968,DL,SLC,1524
-4,10,31,4,7,1968,DL,SLC,1523
-6,10,1,2,15,938,DL,MCO,1553
-7,10,2,3,15,938,DL,MCO,1552
-5,10,3,4,15,938,DL,MCO,1551
-2,10,4,5,15,938,DL,MCO,1550
0,10,5,6,15,938,DL,MCO,1549
5,10,6,7,15,938,DL,MCO,1548
-5,10,7,1,15,938,DL,MCO,1547
-9,10,8,2,15,938,DL,MCO,1546
-3,10,9,3,15,938,DL,MCO,1545
4,10,10,4,15,938,DL,MCO,1544
47,10,11,5,15,938,DL,MCO,1543
-2,10,12,6,15,938,DL,MCO,1542
0,10,13,7,15,938,DL,MCO,1541
-7,10,14,1,15,938,DL,MCO,1540
5,10,15,2,15,938,DL,MCO,1539
14,10,16,3,15,938,DL,MCO,1538
0,10,17,4,15,938,DL,MCO,1537
2,10,18,5,15,938,DL,MCO,1536
-3,10,19,6,15,938,DL,MCO,1535
0,10,20,7,15,938,DL,MCO,1534
-6,10,21,1,15,938,DL,MCO,1533
-7,10,22,2,15,938,DL,MCO,1532
-7,10,23,3,15,938,DL,MCO,1531
0,10,24,4,15,938,DL,MCO,1530
11,10,25,5,15,938,DL,MCO,1529
144,10,26,6,15,938,DL,MCO,1528
-7,10,27,7,15,938,DL,MCO,1527
-6,10,28,1,15,938,DL,MCO,1526
17,10,29,2,15,938,DL,MCO,1525
3,10,30,3,15,938,DL,MCO,1524
1,10,31,4,15,938,DL,MCO,1523
-4,10,1,2,8,1065,DL,FLL,1553
-1,10,2,3,8,1065,DL,FLL,1552
-2,10,3,4,8,1065,DL,FLL,1551
-9,10,4,5,8,1065,DL,FLL,1550
-6,10,5,6,8,1065,DL,FLL,1549
-3,10,6,7,8,1065,DL,FLL,1548
-6,10,7,1,8,1065,DL,FLL,1547
-8,10,8,2,8,1065,DL,FLL,1546
-6,10,9,3,8,1065,DL,FLL,1545
-6,10,10,4,8,1065,DL,FLL,1544
-7,10,11,5,8,1065,DL,FLL,1543
-1,10,12,6,8,1065,DL,FLL,1542
-6,10,13,7,8,1065,DL,FLL,1541
-8,10,14,1,8,1065,DL,FLL,1540
-9,10,15,2,8,1065,DL,FLL,1539
-2,10,16,3,8,1065,DL,FLL,1538
-6,10,17,4,8,1065,DL,FLL,1537
-6,10,18,5,8,1065,DL,FLL,1536
-2,10,19,6,8,1065,DL,FLL,1535
-5,10,20,7,8,1065,DL,FLL,1534
-7,10,21,1,8,1065,DL,FLL,1533
-6,10,22,2,8,1065,DL,FLL,1532
-7,10,23,3,8,1065,DL,FLL,1531
-4,10,24,4,8,1065,DL,FLL,1530
10,10,25,5,8,1065,DL,FLL,1529
-4,10,26,6,8,1065,DL,FLL,1528
-6,10,27,7,8,1065,DL,FLL,1527
-4,10,28,1,8,1065,DL,FLL,1526
-7,10,29,2,8,1065,DL,FLL,1525
-6,10,30,3,8,1065,DL,FLL,1524
-6,10,31,4,8,1065,DL,FLL,1523
7,10,1,2,13,938,DL,MCO,1553
1,10,2,3,13,938,DL,MCO,1552
-6,10,3,4,13,938,DL,MCO,1551
8,10,4,5,13,938,DL,MCO,1550
-2,10,5,6,13,938,DL,MCO,1549
1,10,6,7,13,938,DL,MCO,1548
-3,10,7,1,13,938,DL,MCO,1547
-8,10,8,2,13,938,DL,MCO,1546
-5,10,9,3,13,938,DL,MCO,1545
-6,10,10,4,13,938,DL,MCO,1544
16,10,11,5,13,938,DL,MCO,1543
-3,10,12,6,13,938,DL,MCO,1542
3,10,13,7,13,938,DL,MCO,1541
-5,10,14,1,13,938,DL,MCO,1540
-7,10,15,2,13,938,DL,MCO,1539
-11,10,16,3,13,938,DL,MCO,1538
-1,10,17,4,13,938,DL,MCO,1537
8,10,18,5,13,938,DL,MCO,1536
-1,10,19,6,13,938,DL,MCO,1535
-5,10,20,7,13,938,DL,MCO,1534
-10,10,21,1,13,938,DL,MCO,1533
-6,10,22,2,13,938,DL,MCO,1532
-5,10,24,4,13,938,DL,MCO,1530
-1,10,25,5,13,938,DL,MCO,1529
-2,10,26,6,13,938,DL,MCO,1528
5,10,27,7,13,938,DL,MCO,1527
-7,10,28,1,13,938,DL,MCO,1526
-5,10,29,2,13,938,DL,MCO,1525
0,10,30,3,13,938,DL,MCO,1524
1,10,31,4,13,938,DL,MCO,1523
-6,10,1,2,9,938,DL,MCO,1553
-8,10,2,3,9,938,DL,MCO,1552
-1,10,3,4,9,938,DL,MCO,1551
-8,10,4,5,9,938,DL,MCO,1550
-5,10,5,6,9,938,DL,MCO,1549
-3,10,6,7,9,938,DL,MCO,1548
-1,10,7,1,9,938,DL,MCO,1547
-10,10,8,2,9,938,DL,MCO,1546
-5,10,9,3,9,938,DL,MCO,1545
-6,10,10,4,9,938,DL,MCO,1544
-1,10,11,5,9,938,DL,MCO,1543
-9,10,13,7,9,938,DL,MCO,1541
-6,10,14,1,9,938,DL,MCO,1540
-6,10,15,2,9,938,DL,MCO,1539
-1,10,16,3,9,938,DL,MCO,1538
-2,10,17,4,9,938,DL,MCO,1537
-1,10,18,5,9,938,DL,MCO,1536
-2,10,19,6,9,938,DL,MCO,1535
-6,10,20,7,9,938,DL,MCO,1534
-4,10,21,1,9,938,DL,MCO,1533
-6,10,22,2,9,938,DL,MCO,1532
49,10,23,3,9,938,DL,MCO,1531
3,10,24,4,9,938,DL,MCO,1530
-7,10,25,5,9,938,DL,MCO,1529
-2,10,26,6,9,938,DL,MCO,1528
-6,10,27,7,9,938,DL,MCO,1527
-7,10,28,1,9,938,DL,MCO,1526
-6,10,29,2,9,938,DL,MCO,1525
-11,10,30,3,9,938,DL,MCO,1524
2,10,31,4,9,938,DL,MCO,1523
9,10,1,2,15,1065,DL,FLL,1553
-2,10,2,3,15,1065,DL,FLL,1552
-5,10,3,4,15,1065,DL,FLL,1551
-8,10,4,5,15,1065,DL,FLL,1550
25,10,5,6,15,1065,DL,FLL,1549
-3,10,6,7,15,1065,DL,FLL,1548
-7,10,7,1,15,1065,DL,FLL,1547
-11,10,8,2,15,1065,DL,FLL,1546
-1,10,9,3,15,1065,DL,FLL,1545
-4,10,10,4,15,1065,DL,FLL,1544
55,10,11,5,15,1065,DL,FLL,1543
8,10,12,6,15,1065,DL,FLL,1542
0,10,13,7,15,1065,DL,FLL,1541
20,10,14,1,15,1065,DL,FLL,1540
1,10,15,2,15,1065,DL,FLL,1539
13,10,16,3,15,1065,DL,FLL,1538
-4,10,17,4,15,1065,DL,FLL,1537
3,10,18,5,15,1065,DL,FLL,1536
-6,10,19,6,15,1065,DL,FLL,1535
16,10,20,7,15,1065,DL,FLL,1534
-2,10,21,1,15,1065,DL,FLL,1533
-5,10,22,2,15,1065,DL,FLL,1532
-2,10,23,3,15,1065,DL,FLL,1531
-6,10,24,4,15,1065,DL,FLL,1530
4,10,25,5,15,1065,DL,FLL,1529
11,10,26,6,15,1065,DL,FLL,1528
-1,10,27,7,15,1065,DL,FLL,1527
14,10,28,1,15,1065,DL,FLL,1526
-3,10,29,2,15,1065,DL,FLL,1525
-8,10,30,3,15,1065,DL,FLL,1524
-6,10,31,4,15,1065,DL,FLL,1523
8,10,1,2,8,2227,HP,LAS,1553
20,10,1,2,20,2227,HP,LAS,1553
10,10,1,2,18,2133,HP,PHX,1553
0,10,1,2,7,2133,HP,PHX,1553
-3,10,1,2,15,2133,HP,PHX,1553
-1,10,1,2,10,2133,HP,PHX,1553
-1,10,2,3,8,2227,HP,LAS,1552
-5,10,2,3,20,2227,HP,LAS,1552
-2,10,2,3,18,2133,HP,PHX,1552
0,10,2,3,7,2133,HP,PHX,1552
7,10,2,3,15,2133,HP,PHX,1552
8,10,2,3,10,2133,HP,PHX,1552
-1,10,3,4,8,2227,HP,LAS,1551
7,10,3,4,20,2227,HP,LAS,1551
5,10,3,4,18,2133,HP,PHX,1551
17,10,3,4,7,2133,HP,PHX,1551
56,10,3,4,15,2133,HP,PHX,1551
4,10,3,4,10,2133,HP,PHX,1551
-7,10,4,5,8,2227,HP,LAS,1550
0,10,4,5,20,2227,HP,LAS,1550
5,10,4,5,18,2133,HP,PHX,1550
4,10,4,5,7,2133,HP,PHX,1550
0,10,4,5,15,2133,HP,PHX,1550
-7,10,4,5,10,2133,HP,PHX,1550
5,10,5,6,8,2227,HP,LAS,1549
2,10,5,6,20,2227,HP,LAS,1549
3,10,5,6,18,2133,HP,PHX,1549
5,10,5,6,7,2133,HP,PHX,1549
7,10,5,6,10,2133,HP,PHX,1549
9,10,6,7,8,2227,HP,LAS,1548
35,10,6,7,20,2227,HP,LAS,1548
9,10,6,7,18,2133,HP,PHX,1548
1,10,6,7,7,2133,HP,PHX,1548
-1,10,6,7,15,2133,HP,PHX,1548
-1,10,6,7,10,2133,HP,PHX,1548
-3,10,7,1,8,2227,HP,LAS,1547
8,10,7,1,20,2227,HP,LAS,1547
406,10,7,1,18,2133,HP,PHX,1547
7,10,7,1,7,2133,HP,PHX,1547
-5,10,7,1,15,2133,HP,PHX,1547
-5,10,7,1,10,2133,HP,PHX,1547
3,10,8,2,8,2227,HP,LAS,1546
-3,10,8,2,20,2227,HP,LAS,1546
-7,10,8,2,18,2133,HP,PHX,1546
-3,10,8,2,7,2133,HP,PHX,1546
11,10,8,2,15,2133,HP,PHX,1546
-4,10,8,2,10,2133,HP,PHX,1546
0,10,9,3,8,2227,HP,LAS,1545
32,10,9,3,20,2227,HP,LAS,1545
2,10,9,3,18,2133,HP,PHX,1545
-2,10,9,3,7,2133,HP,PHX,1545
2,10,9,3,15,2133,HP,PHX,1545
-4,10,9,3,10,2133,HP,PHX,1545
-1,10,10,4,8,2227,HP,LAS,1544
0,10,10,4,20,2227,HP,LAS,1544
6,10,10,4,18,2133,HP,PHX,1544
4,10,10,4,7,2133,HP,PHX,1544
-1,10,10,4,15,2133,HP,PHX,1544
-4,10,10,4,10,2133,HP,PHX,1544
0,10,11,5,8,2227,HP,LAS,1543
96,10,11,5,20,2227,HP,LAS,1543
180,10,11,5,18,2133,HP,PHX,1543
7,10,11,5,7,2133,HP,PHX,1543
0,10,11,5,15,2133,HP,PHX,1543
-1,10,11,5,10,2133,HP,PHX,1543
-1,10,12,6,8,2227,HP,LAS,1542
-7,10,12,6,20,2227,HP,LAS,1542
39,10,12,6,18,2133,HP,PHX,1542
52,10,12,6,7,2133,HP,PHX,1542
-10,10,12,6,10,2133,HP,PHX,1542
-7,10,13,7,8,2227,HP,LAS,1541
39,10,13,7,20,2227,HP,LAS,1541
10,10,13,7,18,2133,HP,PHX,1541
-7,10,13,7,7,2133,HP,PHX,1541
6,10,13,7,15,2133,HP,PHX,1541
-2,10,13,7,10,2133,HP,PHX,1541
3,10,14,1,8,2227,HP,LAS,1540
-4,10,14,1,20,2227,HP,LAS,1540
19,10,14,1,18,2133,HP,PHX,1540
25,10,14,1,7,2133,HP,PHX,1540
2,10,14,1,15,2133,HP,PHX,1540
-8,10,14,1,10,2133,HP,PHX,1540
1,10,15,2,8,2227,HP,LAS,1539
4,10,15,2,20,2227,HP,LAS,1539
5,10,15,2,18,2133,HP,PHX,1539
0,10,15,2,7,2133,HP,PHX,1539
5,10,15,2,15,2133,HP,PHX,1539
0,10,15,2,10,2133,HP,PHX,1539
-2,10,16,3,8,2227,HP,LAS,1538
37,10,16,3,20,2227,HP,LAS,1538
48,10,16,3,18,2133,HP,PHX,1538
8,10,16,3,7,2133,HP,PHX,1538
2,10,16,3,15,2133,HP,PHX,1538
4,10,16,3,10,2133,HP,PHX,1538
-3,10,17,4,8,2227,HP,LAS,1537
-3,10,17,4,20,2227,HP,LAS,1537
29,10,17,4,18,2133,HP,PHX,1537
-2,10,17,4,7,2133,HP,PHX,1537
0,10,17,4,15,2133,HP,PHX,1537
-5,10,17,4,10,2133,HP,PHX,1537
-4,10,18,5,8,2227,HP,LAS,1536
-2,10,18,5,20,2227,HP,LAS,1536
2,10,18,5,18,2133,HP,PHX,1536
-6,10,18,5,7,2133,HP,PHX,1536
-1,10,18,5,15,2133,HP,PHX,1536
-7,10,18,5,10,2133,HP,PHX,1536
0,10,19,6,8,2227,HP,LAS,1535
68,10,19,6,20,2227,HP,LAS,1535
58,10,19,6,18,2133,HP,PHX,1535
-6,10,19,6,7,2133,HP,PHX,1535
0,10,19,6,10,2133,HP,PHX,1535
3,10,20,7,8,2227,HP,LAS,1534
3,10,20,7,20,2227,HP,LAS,1534
3,10,20,7,18,2133,HP,PHX,1534
5,10,20,7,7,2133,HP,PHX,1534
5,10,20,7,15,2133,HP,PHX,1534
-3,10,20,7,10,2133,HP,PHX,1534
7,10,21,1,8,2227,HP,LAS,1533
-4,10,21,1,20,2227,HP,LAS,1533
0,10,21,1,18,2133,HP,PHX,1533
15,10,21,1,7,2133,HP,PHX,1533
-4,10,21,1,15,2133,HP,PHX,1533
1,10,21,1,10,2133,HP,PHX,1533
2,10,22,2,8,2227,HP,LAS,1532
44,10,22,2,20,2227,HP,LAS,1532
-3,10,22,2,18,2133,HP,PHX,1532
0,10,22,2,7,2133,HP,PHX,1532
0,10,22,2,15,2133,HP,PHX,1532
17,10,22,2,10,2133,HP,PHX,1532
14,10,23,3,8,2227,HP,LAS,1531
3,10,23,3,20,2227,HP,LAS,1531
1,10,23,3,18,2133,HP,PHX,1531
-1,10,23,3,7,2133,HP,PHX,1531
-10,10,23,3,15,2133,HP,PHX,1531
-4,10,23,3,10,2133,HP,PHX,1531
29,10,24,4,8,2227,HP,LAS,1530
-6,10,24,4,20,2227,HP,LAS,1530
11,10,24,4,18,2133,HP,PHX,1530
-2,10,24,4,7,2133,HP,PHX,1530
26,10,24,4,15,2133,HP,PHX,1530
-3,10,24,4,10,2133,HP,PHX,1530
-2,10,25,5,8,2227,HP,LAS,1529
-5,10,25,5,20,2227,HP,LAS,1529
6,10,25,5,18,2133,HP,PHX,1529
-1,10,25,5,7,2133,HP,PHX,1529
-2,10,25,5,15,2133,HP,PHX,1529
-3,10,25,5,10,2133,HP,PHX,1529
-1,10,26,6,8,2227,HP,LAS,1528
-2,10,26,6,20,2227,HP,LAS,1528
-5,10,26,6,18,2133,HP,PHX,1528
-6,10,26,6,7,2133,HP,PHX,1528
0,10,26,6,10,2133,HP,PHX,1528
-2,10,27,7,7,2227,HP,LAS,1527
0,10,27,7,20,2227,HP,LAS,1527
-5,10,27,7,7,2133,HP,PHX,1527
-5,10,27,7,15,2133,HP,PHX,1527
-1,10,27,7,17,2133,HP,PHX,1527
46,10,27,7,9,2133,HP,PHX,1527
-2,10,28,1,7,2227,HP,LAS,1526
-2,10,28,1,20,2227,HP,LAS,1526
0,10,28,1,7,2133,HP,PHX,1526
2,10,28,1,15,2133,HP,PHX,1526
-1,10,28,1,17,2133,HP,PHX,1526
-1,10,28,1,9,2133,HP,PHX,1526
-2,10,29,2,7,2227,HP,LAS,1525
-5,10,29,2,20,2227,HP,LAS,1525
26,10,29,2,7,2133,HP,PHX,1525
0,10,29,2,15,2133,HP,PHX,1525
11,10,29,2,17,2133,HP,PHX,1525
-3,10,29,2,9,2133,HP,PHX,1525
2,10,30,3,7,2227,HP,LAS,1524
-9,10,30,3,20,2227,HP,LAS,1524
-4,10,30,3,7,2133,HP,PHX,1524
7,10,30,3,15,2133,HP,PHX,1524
-8,10,30,3,17,2133,HP,PHX,1524
-2,10,30,3,9,2133,HP,PHX,1524
0,10,31,4,20,2227,HP,LAS,1523
42,10,31,4,7,2133,HP,PHX,1523
3,10,31,4,15,2133,HP,PHX,1523
2,10,31,4,17,2133,HP,PHX,1523
7,10,31,4,9,2133,HP,PHX,1523
-5,10,1,2,6,200,MQ,BOS,1553
168,10,2,3,6,200,MQ,BOS,1552
-1,10,3,4,6,200,MQ,BOS,1551
-5,10,4,5,6,200,MQ,BOS,1550
-1,10,6,7,6,200,MQ,BOS,1548
7,10,7,1,6,200,MQ,BOS,1547
-4,10,8,2,6,200,MQ,BOS,1546
-1,10,9,3,6,200,MQ,BOS,1545
-3,10,10,4,6,200,MQ,BOS,1544
-1,10,11,5,6,200,MQ,BOS,1543
2,10,13,7,6,200,MQ,BOS,1541
-2,10,14,1,6,200,MQ,BOS,1540
4,10,15,2,6,200,MQ,BOS,1539
-5,10,16,3,6,200,MQ,BOS,1538
-7,10,17,4,6,200,MQ,BOS,1537
-3,10,18,5,6,200,MQ,BOS,1536
-6,10,20,7,6,200,MQ,BOS,1534
-2,10,21,1,6,200,MQ,BOS,1533
-1,10,22,2,6,200,MQ,BOS,1532
-6,10,23,3,6,200,MQ,BOS,1531
0,10,24,4,6,200,MQ,BOS,1530
-4,10,25,5,6,200,MQ,BOS,1529
-4,10,27,7,6,200,MQ,BOS,1527
-4,10,30,3,6,200,MQ,BOS,1524
-6,10,31,4,6,200,MQ,BOS,1523
1,10,1,2,9,200,MQ,BOS,1553
-2,10,2,3,9,200,MQ,BOS,1552
-8,10,3,4,9,200,MQ,BOS,1551
-2,10,4,5,9,200,MQ,BOS,1550
0,10,5,6,9,200,MQ,BOS,1549
-1,10,7,1,9,200,MQ,BOS,1547
2,10,8,2,9,200,MQ,BOS,1546
-6,10,9,3,9,200,MQ,BOS,1545
3,10,10,4,9,200,MQ,BOS,1544
22,10,11,5,9,200,MQ,BOS,1543
-1,10,12,6,9,200,MQ,BOS,1542
-4,10,14,1,9,200,MQ,BOS,1540
1,10,15,2,9,200,MQ,BOS,1539
4,10,16,3,9,200,MQ,BOS,1538
-2,10,17,4,9,200,MQ,BOS,1537
3,10,18,5,9,200,MQ,BOS,1536
-4,10,19,6,9,200,MQ,BOS,1535
-2,10,21,1,9,200,MQ,BOS,1533
-5,10,22,2,9,200,MQ,BOS,1532
-4,10,23,3,9,200,MQ,BOS,1531
6,10,24,4,9,200,MQ,BOS,1530
0,10,25,5,9,200,MQ,BOS,1529
10,10,26,6,9,200,MQ,BOS,1528
0,10,28,1,9,200,MQ,BOS,1526
-10,10,29,2,9,200,MQ,BOS,1525
-9,10,30,3,9,200,MQ,BOS,1524
11,10,31,4,9,200,MQ,BOS,1523
-2,10,1,2,16,200,MQ,BOS,1553
35,10,2,3,16,200,MQ,BOS,1552
5,10,3,4,16,200,MQ,BOS,1551
103,10,4,5,16,200,MQ,BOS,1550
3,10,6,7,16,200,MQ,BOS,1548
-2,10,7,1,16,200,MQ,BOS,1547
-5,10,8,2,16,200,MQ,BOS,1546
0,10,9,3,16,200,MQ,BOS,1545
22,10,10,4,16,200,MQ,BOS,1544
69,10,11,5,16,200,MQ,BOS,1543
8,10,13,7,16,200,MQ,BOS,1541
121,10,14,1,16,200,MQ,BOS,1540
-6,10,15,2,16,200,MQ,BOS,1539
2,10,17,4,16,200,MQ,BOS,1537
-4,10,18,5,16,200,MQ,BOS,1536
20,10,20,7,16,200,MQ,BOS,1534
1,10,22,2,16,200,MQ,BOS,1532
9,10,23,3,16,200,MQ,BOS,1531
6,10,24,4,16,200,MQ,BOS,1530
15,10,25,5,16,200,MQ,BOS,1529
-3,10,27,7,16,200,MQ,BOS,1527
8,10,29,2,16,200,MQ,BOS,1525
13,10,30,3,16,200,MQ,BOS,1524
53,10,31,4,16,200,MQ,BOS,1523
-10,10,1,2,19,200,MQ,BOS,1553
-7,10,2,3,19,200,MQ,BOS,1552
-9,10,3,4,19,200,MQ,BOS,1551
68,10,4,5,19,200,MQ,BOS,1550
-5,10,6,7,19,200,MQ,BOS,1548
-9,10,7,1,19,200,MQ,BOS,1547
-4,10,8,2,19,200,MQ,BOS,1546
10,10,9,3,19,200,MQ,BOS,1545
30,10,10,4,19,200,MQ,BOS,1544
141,10,11,5,19,200,MQ,BOS,1543
23,10,13,7,19,200,MQ,BOS,1541
-11,10,14,1,19,200,MQ,BOS,1540
-12,10,15,2,19,200,MQ,BOS,1539
22,10,17,4,19,200,MQ,BOS,1537
94,10,18,5,19,200,MQ,BOS,1536
62,10,20,7,19,200,MQ,BOS,1534
39,10,21,1,19,200,MQ,BOS,1533
-3,10,22,2,19,200,MQ,BOS,1532
18,10,23,3,19,200,MQ,BOS,1531
2,10,24,4,19,200,MQ,BOS,1530
-4,10,25,5,19,200,MQ,BOS,1529
-4,10,27,7,19,200,MQ,BOS,1527
-6,10,28,1,19,200,MQ,BOS,1526
11,10,29,2,19,200,MQ,BOS,1525
9,10,30,3,19,200,MQ,BOS,1524
3,10,1,2,18,200,MQ,BOS,1553
6,10,3,4,18,200,MQ,BOS,1551
31,10,4,5,18,200,MQ,BOS,1550
-9,10,5,6,18,200,MQ,BOS,1549
0,10,6,7,18,200,MQ,BOS,1548
6,10,7,1,18,200,MQ,BOS,1547
18,10,8,2,18,200,MQ,BOS,1546
54,10,9,3,18,200,MQ,BOS,1545
1,10,10,4,18,200,MQ,BOS,1544
80,10,12,6,18,200,MQ,BOS,1542
-5,10,13,7,18,200,MQ,BOS,1541
-1,10,14,1,18,200,MQ,BOS,1540
12,10,15,2,18,200,MQ,BOS,1539
153,10,16,3,18,200,MQ,BOS,1538
-3,10,17,4,18,200,MQ,BOS,1537
31,10,19,6,18,200,MQ,BOS,1535
-1,10,20,7,18,200,MQ,BOS,1534
77,10,21,1,18,200,MQ,BOS,1533
-10,10,22,2,18,200,MQ,BOS,1532
10,10,23,3,18,200,MQ,BOS,1531
0,10,24,4,18,200,MQ,BOS,1530
-5,10,25,5,18,200,MQ,BOS,1529
10,10,26,6,18,200,MQ,BOS,1528
163,10,27,7,18,200,MQ,BOS,1527
16,10,28,1,18,200,MQ,BOS,1526
0,10,29,2,18,200,MQ,BOS,1525
46,10,30,3,18,200,MQ,BOS,1524
125,10,31,4,18,200,MQ,BOS,1523
-3,10,1,2,14,200,MQ,BOS,1553
-4,10,2,3,14,200,MQ,BOS,1552
-4,10,3,4,14,200,MQ,BOS,1551
-3,10,5,6,14,200,MQ,BOS,1549
10,10,6,7,14,200,MQ,BOS,1548
22,10,7,1,14,200,MQ,BOS,1547
2,10,8,2,14,200,MQ,BOS,1546
0,10,9,3,14,200,MQ,BOS,1545
-3,10,10,4,14,200,MQ,BOS,1544
24,10,11,5,14,200,MQ,BOS,1543
139,10,12,6,14,200,MQ,BOS,1542
5,10,13,7,14,200,MQ,BOS,1541
9,10,14,1,14,200,MQ,BOS,1540
109,10,16,3,14,200,MQ,BOS,1538
-2,10,17,4,14,200,MQ,BOS,1537
-1,10,18,5,14,200,MQ,BOS,1536
79,10,19,6,14,200,MQ,BOS,1535
0,10,20,7,14,200,MQ,BOS,1534
50,10,21,1,14,200,MQ,BOS,1533
2,10,22,2,14,200,MQ,BOS,1532
23,10,23,3,14,200,MQ,BOS,1531
16,10,24,4,14,200,MQ,BOS,1530
9,10,25,5,14,200,MQ,BOS,1529
-5,10,26,6,14,200,MQ,BOS,1528
0,10,27,7,14,200,MQ,BOS,1527
22,10,28,1,14,200,MQ,BOS,1526
112,10,29,2,14,200,MQ,BOS,1525
1,10,30,3,14,200,MQ,BOS,1524
1,10,31,4,14,200,MQ,BOS,1523
-10,10,1,2,11,416,MQ,RDU,1553
16,10,2,3,11,416,MQ,RDU,1552
2,10,3,4,11,416,MQ,RDU,1551
-3,10,4,5,11,416,MQ,RDU,1550
76,10,5,6,11,416,MQ,RDU,1549
1,10,6,7,11,416,MQ,RDU,1548
-6,10,8,2,11,416,MQ,RDU,1546
-9,10,9,3,11,416,MQ,RDU,1545
-3,10,10,4,11,416,MQ,RDU,1544
-4,10,11,5,11,416,MQ,RDU,1543
19,10,12,6,11,416,MQ,RDU,1542
-7,10,13,7,11,416,MQ,RDU,1541
-9,10,14,1,11,416,MQ,RDU,1540
-6,10,15,2,11,416,MQ,RDU,1539
-10,10,16,3,11,416,MQ,RDU,1538
114,10,17,4,11,416,MQ,RDU,1537
4,10,18,5,11,416,MQ,RDU,1536
-5,10,19,6,11,416,MQ,RDU,1535
-2,10,20,7,11,416,MQ,RDU,1534
-8,10,21,1,11,416,MQ,RDU,1533
-9,10,22,2,11,416,MQ,RDU,1532
-10,10,23,3,11,416,MQ,RDU,1531
-7,10,24,4,11,416,MQ,RDU,1530
-1,10,25,5,11,416,MQ,RDU,1529
-11,10,26,6,11,416,MQ,RDU,1528
0,10,27,7,11,416,MQ,RDU,1527
-10,10,28,1,11,416,MQ,RDU,1526
-7,10,29,2,11,416,MQ,RDU,1525
-5,10,30,3,11,416,MQ,RDU,1524
-9,10,31,4,11,416,MQ,RDU,1523
-6,10,1,2,15,416,MQ,RDU,1553
13,10,2,3,15,416,MQ,RDU,1552
-8,10,3,4,15,416,MQ,RDU,1551
-7,10,4,5,15,416,MQ,RDU,1550
1,10,5,6,15,416,MQ,RDU,1549
-3,10,6,7,15,416,MQ,RDU,1548
-1,10,7,1,15,416,MQ,RDU,1547
-7,10,8,2,15,416,MQ,RDU,1546
-7,10,9,3,15,416,MQ,RDU,1545
-4,10,10,4,15,416,MQ,RDU,1544
20,10,11,5,15,416,MQ,RDU,1543
51,10,12,6,15,416,MQ,RDU,1542
-8,10,13,7,15,416,MQ,RDU,1541
-4,10,14,1,15,416,MQ,RDU,1540
2,10,15,2,15,416,MQ,RDU,1539
0,10,18,5,15,416,MQ,RDU,1536
-4,10,19,6,15,416,MQ,RDU,1535
-6,10,20,7,15,416,MQ,RDU,1534
0,10,21,1,15,416,MQ,RDU,1533
-2,10,22,2,15,416,MQ,RDU,1532
-4,10,23,3,15,416,MQ,RDU,1531
0,10,24,4,15,416,MQ,RDU,1530
-4,10,26,6,15,416,MQ,RDU,1528
-3,10,27,7,15,416,MQ,RDU,1527
-4,10,28,1,15,416,MQ,RDU,1526
5,10,29,2,15,416,MQ,RDU,1525
-2,10,30,3,15,416,MQ,RDU,1524
-9,10,31,4,15,416,MQ,RDU,1523
-5,10,1,2,8,2454,AA,LAX,1553
-7,10,2,3,8,2454,AA,LAX,1552
0,10,3,4,8,2454,AA,LAX,1551
-2,10,4,5,8,2454,AA,LAX,1550
-10,10,5,6,8,2454,AA,LAX,1549
-9,10,6,7,8,2454,AA,LAX,1548
-1,10,7,1,8,2454,AA,LAX,1547
-1,10,8,2,8,2454,AA,LAX,1546
-6,10,9,3,8,2454,AA,LAX,1545
1,10,10,4,8,2454,AA,LAX,1544
-3,10,11,5,8,2454,AA,LAX,1543
-1,10,12,6,8,2454,AA,LAX,1542
-2,10,13,7,8,2454,AA,LAX,1541
-2,10,14,1,8,2454,AA,LAX,1540
88,10,15,2,8,2454,AA,LAX,1539
-1,10,16,3,8,2454,AA,LAX,1538
8,10,17,4,8,2454,AA,LAX,1537
-7,10,18,5,8,2454,AA,LAX,1536
-5,10,19,6,8,2454,AA,LAX,1535
5,10,20,7,8,2454,AA,LAX,1534
-9,10,21,1,8,2454,AA,LAX,1533
9,10,22,2,8,2454,AA,LAX,1532
1,10,23,3,8,2454,AA,LAX,1531
-3,10,24,4,8,2454,AA,LAX,1530
-8,10,25,5,8,2454,AA,LAX,1529
-4,10,26,6,8,2454,AA,LAX,1528
-1,10,27,7,8,2454,AA,LAX,1527
-10,10,28,1,8,2454,AA,LAX,1526
-8,10,29,2,8,2454,AA,LAX,1525
3,10,30,3,8,2454,AA,LAX,1524
1,10,31,4,8,2454,AA,LAX,1523
-6,10,1,2,17,2454,AA,LAX,1553
-8,10,2,3,17,2454,AA,LAX,1552
0,10,3,4,17,2454,AA,LAX,1551
-4,10,4,5,17,2454,AA,LAX,1550
-6,10,5,6,17,2454,AA,LAX,1549
18,10,6,7,17,2454,AA,LAX,1548
-10,10,7,1,17,2454,AA,LAX,1547
8,10,8,2,17,2454,AA,LAX,1546
-3,10,9,3,17,2454,AA,LAX,1545
4,10,10,4,17,2454,AA,LAX,1544
32,10,11,5,17,2454,AA,LAX,1543
36,10,12,6,17,2454,AA,LAX,1542
-4,10,13,7,17,2454,AA,LAX,1541
-1,10,14,1,17,2454,AA,LAX,1540
3,10,15,2,17,2454,AA,LAX,1539
0,10,16,3,17,2454,AA,LAX,1538
0,10,17,4,17,2454,AA,LAX,1537
-2,10,18,5,17,2454,AA,LAX,1536
-4,10,19,6,17,2454,AA,LAX,1535
0,10,20,7,17,2454,AA,LAX,1534
-8,10,21,1,17,2454,AA,LAX,1533
0,10,22,2,17,2454,AA,LAX,1532
-4,10,23,3,17,2454,AA,LAX,1531
-6,10,24,4,17,2454,AA,LAX,1530
-2,10,25,5,17,2454,AA,LAX,1529
-1,10,26,6,17,2454,AA,LAX,1528
-2,10,27,7,17,2454,AA,LAX,1527
120,10,28,1,17,2454,AA,LAX,1526
-4,10,29,2,17,2454,AA,LAX,1525
-8,10,30,3,17,2454,AA,LAX,1524
0,10,31,4,17,2454,AA,LAX,1523
0,10,1,2,15,2454,AA,LAX,1553
0,10,2,3,15,2454,AA,LAX,1552
-6,10,3,4,15,2454,AA,LAX,1551
-9,10,4,5,15,2454,AA,LAX,1550
-8,10,5,6,15,2454,AA,LAX,1549
4,10,6,7,15,2454,AA,LAX,1548
-1,10,7,1,15,2454,AA,LAX,1547
0,10,8,2,15,2454,AA,LAX,1546
1,10,9,3,15,2454,AA,LAX,1545
-1,10,10,4,15,2454,AA,LAX,1544
-2,10,11,5,15,2454,AA,LAX,1543
-5,10,12,6,15,2454,AA,LAX,1542
-1,10,13,7,15,2454,AA,LAX,1541
3,10,14,1,15,2454,AA,LAX,1540
0,10,15,2,15,2454,AA,LAX,1539
-5,10,16,3,15,2454,AA,LAX,1538
-5,10,17,4,15,2454,AA,LAX,1537
-6,10,18,5,15,2454,AA,LAX,1536
-3,10,19,6,15,2454,AA,LAX,1535
-4,10,20,7,15,2454,AA,LAX,1534
-3,10,21,1,15,2454,AA,LAX,1533
-8,10,22,2,15,2454,AA,LAX,1532
-3,10,23,3,15,2454,AA,LAX,1531
0,10,24,4,15,2454,AA,LAX,1530
-10,10,25,5,15,2454,AA,LAX,1529
2,10,26,6,15,2454,AA,LAX,1528
-3,10,27,7,15,2454,AA,LAX,1527
-2,10,28,1,15,2454,AA,LAX,1526
-6,10,29,2,15,2454,AA,LAX,1525
-3,10,30,3,15,2454,AA,LAX,1524
0,10,31,4,15,2454,AA,LAX,1523
-4,10,1,2,17,1372,AA,DFW,1553
-4,10,2,3,17,1372,AA,DFW,1552
-5,10,3,4,17,1372,AA,DFW,1551
-1,10,4,5,17,1372,AA,DFW,1550
-4,10,6,7,17,1372,AA,DFW,1548
-8,10,7,1,17,1372,AA,DFW,1547
-4,10,8,2,17,1372,AA,DFW,1546
-9,10,9,3,17,1372,AA,DFW,1545
-4,10,10,4,17,1372,AA,DFW,1544
0,10,11,5,17,1372,AA,DFW,1543
-2,10,13,7,17,1372,AA,DFW,1541
-8,10,14,1,17,1372,AA,DFW,1540
-11,10,15,2,17,1372,AA,DFW,1539
14,10,16,3,17,1372,AA,DFW,1538
-7,10,17,4,17,1372,AA,DFW,1537
-3,10,18,5,17,1372,AA,DFW,1536
6,10,20,7,17,1372,AA,DFW,1534
1,10,21,1,17,1372,AA,DFW,1533
-10,10,22,2,17,1372,AA,DFW,1532
-7,10,23,3,17,1372,AA,DFW,1531
-2,10,24,4,17,1372,AA,DFW,1530
-3,10,25,5,17,1372,AA,DFW,1529
-2,10,27,7,17,1372,AA,DFW,1527
-3,10,28,1,17,1372,AA,DFW,1526
-6,10,29,2,17,1372,AA,DFW,1525
-11,10,30,3,17,1372,AA,DFW,1524
-4,10,31,4,17,1372,AA,DFW,1523
-11,10,1,2,8,1372,AA,DFW,1553
-6,10,2,3,8,1372,AA,DFW,1552
-2,10,3,4,8,1372,AA,DFW,1551
-5,10,4,5,8,1372,AA,DFW,1550
-2,10,5,6,8,1372,AA,DFW,1549
2,10,6,7,8,1372,AA,DFW,1548
-4,10,7,1,8,1372,AA,DFW,1547
-1,10,8,2,8,1372,AA,DFW,1546
-8,10,9,3,8,1372,AA,DFW,1545
0,10,10,4,8,1372,AA,DFW,1544
-3,10,11,5,8,1372,AA,DFW,1543
-2,10,12,6,8,1372,AA,DFW,1542
-8,10,13,7,8,1372,AA,DFW,1541
-4,10,14,1,8,1372,AA,DFW,1540
-7,10,15,2,8,1372,AA,DFW,1539
-1,10,16,3,8,1372,AA,DFW,1538
19,10,17,4,8,1372,AA,DFW,1537
-9,10,18,5,8,1372,AA,DFW,1536
-3,10,19,6,8,1372,AA,DFW,1535
-8,10,20,7,8,1372,AA,DFW,1534
-4,10,21,1,8,1372,AA,DFW,1533
-6,10,22,2,8,1372,AA,DFW,1532
-8,10,23,3,8,1372,AA,DFW,1531
-6,10,24,4,8,1372,AA,DFW,1530
-5,10,25,5,8,1372,AA,DFW,1529
-9,10,26,6,8,1372,AA,DFW,1528
-7,10,27,7,8,1372,AA,DFW,1527
-8,10,28,1,8,1372,AA,DFW,1526
-11,10,29,2,8,1372,AA,DFW,1525
-10,10,30,3,8,1372,AA,DFW,1524
-4,10,31,4,8,1372,AA,DFW,1523
-11,10,1,2,13,719,AA,ORD,1553
-7,10,2,3,13,719,AA,ORD,1552
4,10,3,4,13,719,AA,ORD,1551
103,10,4,5,13,719,AA,ORD,1550
-10,10,5,6,13,719,AA,ORD,1549
0,10,6,7,13,719,AA,ORD,1548
-5,10,7,1,13,719,AA,ORD,1547
-8,10,8,2,13,719,AA,ORD,1546
-8,10,9,3,13,719,AA,ORD,1545
-12,10,10,4,13,719,AA,ORD,1544
-1,10,11,5,13,719,AA,ORD,1543
11,10,13,7,13,719,AA,ORD,1541
-1,10,14,1,13,719,AA,ORD,1540
22,10,15,2,13,719,AA,ORD,1539
7,10,16,3,13,719,AA,ORD,1538
-7,10,17,4,13,719,AA,ORD,1537
0,10,18,5,13,719,AA,ORD,1536
-5,10,19,6,13,719,AA,ORD,1535
-9,10,20,7,13,719,AA,ORD,1534
8,10,21,1,13,719,AA,ORD,1533
-9,10,23,3,13,719,AA,ORD,1531
-11,10,24,4,13,719,AA,ORD,1530
-5,10,25,5,13,719,AA,ORD,1529
-3,10,26,6,13,719,AA,ORD,1528
16,10,27,7,13,719,AA,ORD,1527
-6,10,28,1,13,719,AA,ORD,1526
54,10,30,3,13,719,AA,ORD,1524
-6,10,31,4,13,719,AA,ORD,1523
-9,10,1,2,6,719,AA,ORD,1553
-9,10,2,3,6,719,AA,ORD,1552
-6,10,3,4,6,719,AA,ORD,1551
-4,10,4,5,6,719,AA,ORD,1550
-11,10,5,6,6,719,AA,ORD,1549
0,10,6,7,6,719,AA,ORD,1548
-9,10,7,1,6,719,AA,ORD,1547
-2,10,8,2,6,719,AA,ORD,1546
-6,10,9,3,6,719,AA,ORD,1545
-3,10,10,4,6,719,AA,ORD,1544
0,10,11,5,6,719,AA,ORD,1543
-6,10,12,6,6,719,AA,ORD,1542
-4,10,13,7,6,719,AA,ORD,1541
-8,10,14,1,6,719,AA,ORD,1540
-8,10,15,2,6,719,AA,ORD,1539
-8,10,16,3,6,719,AA,ORD,1538
-2,10,17,4,6,719,AA,ORD,1537
3,10,18,5,6,719,AA,ORD,1536
-9,10,19,6,6,719,AA,ORD,1535
-8,10,20,7,6,719,AA,ORD,1534
-5,10,21,1,6,719,AA,ORD,1533
-5,10,22,2,6,719,AA,ORD,1532
-7,10,23,3,6,719,AA,ORD,1531
-4,10,24,4,6,719,AA,ORD,1530
-7,10,25,5,6,719,AA,ORD,1529
-4,10,26,6,6,719,AA,ORD,1528
-8,10,27,7,6,719,AA,ORD,1527
-5,10,28,1,6,719,AA,ORD,1526
-3,10,29,2,6,719,AA,ORD,1525
-8,10,30,3,6,719,AA,ORD,1524
-7,10,31,4,6,719,AA,ORD,1523
-4,10,1,2,7,1608,AA,SJU,1553
15,10,2,3,7,1608,AA,SJU,1552
-3,10,3,4,7,1608,AA,SJU,1551
21,10,5,6,7,1608,AA,SJU,1549
1,10,6,7,7,1608,AA,SJU,1548
-1,10,7,1,7,1608,AA,SJU,1547
2,10,8,2,7,1608,AA,SJU,1546
-5,10,9,3,7,1608,AA,SJU,1545
0,10,10,4,7,1608,AA,SJU,1544
2,10,11,5,7,1608,AA,SJU,1543
0,10,12,6,7,1608,AA,SJU,1542
-7,10,13,7,7,1608,AA,SJU,1541
-3,10,14,1,7,1608,AA,SJU,1540
0,10,15,2,7,1608,AA,SJU,1539
-4,10,16,3,7,1608,AA,SJU,1538
-9,10,17,4,7,1608,AA,SJU,1537
-4,10,18,5,7,1608,AA,SJU,1536
-3,10,19,6,7,1608,AA,SJU,1535
-4,10,20,7,7,1608,AA,SJU,1534
-4,10,21,1,7,1608,AA,SJU,1533
-2,10,22,2,7,1608,AA,SJU,1532
-4,10,23,3,7,1608,AA,SJU,1531
1,10,24,4,7,1608,AA,SJU,1530
-3,10,25,5,7,1608,AA,SJU,1529
0,10,26,6,7,1608,AA,SJU,1528
-3,10,27,7,7,1608,AA,SJU,1527
292,10,28,1,7,1608,AA,SJU,1526
-3,10,29,2,7,1608,AA,SJU,1525
-4,10,30,3,7,1608,AA,SJU,1524
-3,10,31,4,7,1608,AA,SJU,1523
-5,10,1,2,15,1372,AA,DFW,1553
-6,10,2,3,15,1372,AA,DFW,1552
-3,10,3,4,15,1372,AA,DFW,1551
-7,10,4,5,15,1372,AA,DFW,1550
-3,10,5,6,15,1372,AA,DFW,1549
7,10,6,7,15,1372,AA,DFW,1548
2,10,7,1,15,1372,AA,DFW,1547
-9,10,8,2,15,1372,AA,DFW,1546
-4,10,9,3,15,1372,AA,DFW,1545
0,10,10,4,15,1372,AA,DFW,1544
8,10,11,5,15,1372,AA,DFW,1543
-10,10,12,6,15,1372,AA,DFW,1542
-5,10,13,7,15,1372,AA,DFW,1541
-5,10,14,1,15,1372,AA,DFW,1540
-8,10,15,2,15,1372,AA,DFW,1539
1,10,16,3,15,1372,AA,DFW,1538
-6,10,17,4,15,1372,AA,DFW,1537
-4,10,18,5,15,1372,AA,DFW,1536
0,10,19,6,15,1372,AA,DFW,1535
22,10,20,7,15,1372,AA,DFW,1534
0,10,21,1,15,1372,AA,DFW,1533
60,10,22,2,15,1372,AA,DFW,1532
-2,10,23,3,15,1372,AA,DFW,1531
1,10,24,4,15,1372,AA,DFW,1530
-7,10,25,5,15,1372,AA,DFW,1529
1,10,26,6,15,1372,AA,DFW,1528
0,10,27,7,15,1372,AA,DFW,1527
-7,10,28,1,15,1372,AA,DFW,1526
-9,10,29,2,15,1372,AA,DFW,1525
-3,10,30,3,15,1372,AA,DFW,1524
-2,10,31,4,15,1372,AA,DFW,1523
-10,10,1,2,12,719,AA,ORD,1553
-7,10,2,3,12,719,AA,ORD,1552
1,10,3,4,12,719,AA,ORD,1551
-10,10,7,1,12,719,AA,ORD,1547
-10,10,8,2,12,719,AA,ORD,1546
-2,10,9,3,12,719,AA,ORD,1545
-7,10,10,4,12,719,AA,ORD,1544
-4,10,11,5,12,719,AA,ORD,1543
-8,10,14,1,12,719,AA,ORD,1540
-9,10,15,2,12,719,AA,ORD,1539
-1,10,16,3,12,719,AA,ORD,1538
-12,10,17,4,12,719,AA,ORD,1537
-5,10,18,5,12,719,AA,ORD,1536
-7,10,21,1,12,719,AA,ORD,1533
-6,10,22,2,12,719,AA,ORD,1532
-10,10,23,3,12,719,AA,ORD,1531
-8,10,24,4,12,719,AA,ORD,1530
-8,10,25,5,12,719,AA,ORD,1529
-7,10,28,1,12,719,AA,ORD,1526
-8,10,29,2,12,719,AA,ORD,1525
-6,10,30,3,12,719,AA,ORD,1524
-8,10,31,4,12,719,AA,ORD,1523
-4,10,1,2,6,1086,AA,MIA,1553
1,10,2,3,6,1086,AA,MIA,1552
-4,10,3,4,6,1086,AA,MIA,1551
-10,10,4,5,6,1086,AA,MIA,1550
-2,10,5,6,6,1086,AA,MIA,1549
-5,10,6,7,6,1086,AA,MIA,1548
-1,10,7,1,6,1086,AA,MIA,1547
-1,10,8,2,6,1086,AA,MIA,1546
5,10,9,3,6,1086,AA,MIA,1545
-3,10,10,4,6,1086,AA,MIA,1544
9,10,11,5,6,1086,AA,MIA,1543
-2,10,12,6,6,1086,AA,MIA,1542
1,10,13,7,6,1086,AA,MIA,1541
1,10,14,1,6,1086,AA,MIA,1540
-4,10,15,2,6,1086,AA,MIA,1539
-2,10,16,3,6,1086,AA,MIA,1538
25,10,17,4,6,1086,AA,MIA,1537
2,10,18,5,6,1086,AA,MIA,1536
1,10,19,6,6,1086,AA,MIA,1535
-9,10,20,7,6,1086,AA,MIA,1534
0,10,21,1,6,1086,AA,MIA,1533
2,10,22,2,6,1086,AA,MIA,1532
-9,10,23,3,6,1086,AA,MIA,1531
11,10,24,4,6,1086,AA,MIA,1530
1,10,25,5,6,1086,AA,MIA,1529
-1,10,26,6,6,1086,AA,MIA,1528
-8,10,27,7,6,1086,AA,MIA,1527
-6,10,28,1,6,1086,AA,MIA,1526
-5,10,29,2,6,1086,AA,MIA,1525
-7,10,30,3,6,1086,AA,MIA,1524
-4,10,31,4,6,1086,AA,MIA,1523
-8,10,1,2,5,1372,AA,DFW,1553
-4,10,2,3,5,1372,AA,DFW,1552
-1,10,3,4,5,1372,AA,DFW,1551
-3,10,4,5,5,1372,AA,DFW,1550
-1,10,5,6,5,1372,AA,DFW,1549
7,10,6,7,5,1372,AA,DFW,1548
-5,10,7,1,5,1372,AA,DFW,1547
-1,10,8,2,5,1372,AA,DFW,1546
-4,10,9,3,5,1372,AA,DFW,1545
-2,10,10,4,5,1372,AA,DFW,1544
1,10,11,5,5,1372,AA,DFW,1543
2,10,12,6,5,1372,AA,DFW,1542
-6,10,13,7,5,1372,AA,DFW,1541
0,10,14,1,5,1372,AA,DFW,1540
-4,10,15,2,5,1372,AA,DFW,1539
-6,10,16,3,5,1372,AA,DFW,1538
2,10,17,4,5,1372,AA,DFW,1537
57,10,18,5,5,1372,AA,DFW,1536
-2,10,19,6,5,1372,AA,DFW,1535
-3,10,20,7,5,1372,AA,DFW,1534
-1,10,21,1,5,1372,AA,DFW,1533
1,10,22,2,5,1372,AA,DFW,1532
-4,10,23,3,5,1372,AA,DFW,1531
-6,10,24,4,5,1372,AA,DFW,1530
-5,10,25,5,5,1372,AA,DFW,1529
-3,10,26,6,5,1372,AA,DFW,1528
-4,10,27,7,5,1372,AA,DFW,1527
-7,10,28,1,5,1372,AA,DFW,1526
2,10,29,2,5,1372,AA,DFW,1525
-3,10,30,3,5,1372,AA,DFW,1524
-5,10,31,4,5,1372,AA,DFW,1523
-6,10,1,2,8,719,AA,ORD,1553
-6,10,2,3,8,719,AA,ORD,1552
-4,10,3,4,8,719,AA,ORD,1551
0,10,4,5,8,719,AA,ORD,1550
5,10,5,6,8,719,AA,ORD,1549
-5,10,6,7,8,719,AA,ORD,1548
-6,10,7,1,8,719,AA,ORD,1547
-6,10,8,2,8,719,AA,ORD,1546
-7,10,9,3,8,719,AA,ORD,1545
-4,10,10,4,8,719,AA,ORD,1544
2,10,11,5,8,719,AA,ORD,1543
-1,10,12,6,8,719,AA,ORD,1542
-6,10,13,7,8,719,AA,ORD,1541
-6,10,14,1,8,719,AA,ORD,1540
-1,10,15,2,8,719,AA,ORD,1539
-7,10,16,3,8,719,AA,ORD,1538
-1,10,17,4,8,719,AA,ORD,1537
-10,10,18,5,8,719,AA,ORD,1536
-3,10,19,6,8,719,AA,ORD,1535
-6,10,20,7,8,719,AA,ORD,1534
-2,10,21,1,8,719,AA,ORD,1533
15,10,22,2,8,719,AA,ORD,1532
-4,10,23,3,8,719,AA,ORD,1531
-3,10,24,4,8,719,AA,ORD,1530
-2,10,25,5,8,719,AA,ORD,1529
-10,10,26,6,8,719,AA,ORD,1528
-5,10,27,7,8,719,AA,ORD,1527
-1,10,28,1,8,719,AA,ORD,1526
-5,10,29,2,8,719,AA,ORD,1525
-8,10,30,3,8,719,AA,ORD,1524
-4,10,31,4,8,719,AA,ORD,1523
