2,8,12,7,6,760,DL,ATL,22
-6,8,12,7,16,1005,DL,TPA,22
16,8,12,7,19,1005,DL,TPA,22
38,8,12,7,16,1028,DL,PBI,22
-5,8,12,7,11,944,DL,MCO,22
95,8,12,7,19,1989,DL,SLC,22
18,8,12,7,15,1989,DL,SLC,22
30,8,12,7,19,944,DL,MCO,22
43,8,12,7,8,1069,DL,FLL,22
-3,8,12,7,11,1069,DL,FLL,22
15,8,12,7,8,944,DL,MCO,22
12,8,12,7,8,1005,DL,TPA,22
24,8,13,1,19,1069,DL,FLL,21
48,8,13,1,8,760,DL,ATL,21
10,8,13,1,16,2475,DL,LAX,21
1,8,13,1,16,760,DL,ATL,21
30,8,13,1,18,1090,DL,MIA,21
1,8,13,1,16,1989,DL,SLC,21
19,8,13,1,16,1069,DL,FLL,21
86,8,13,1,17,2421,DL,SEA,21
8,8,13,1,18,2475,DL,LAX,21
75,8,13,1,18,760,DL,ATL,21
3,8,13,1,16,944,DL,MCO,21
7,8,13,1,18,2586,DL,SFO,21
11,8,13,1,16,2586,DL,SFO,21
-2,8,13,1,16,589,DL,CVG,21
76,8,13,1,17,2446,DL,SAN,21
-2,8,13,1,7,2475,DL,LAX,21
9,8,13,1,8,2475,DL,LAX,21
3,8,13,1,14,2475,DL,LAX,21
7,8,13,1,20,2475,DL,LAX,21
24,8,13,1,8,2586,DL,SFO,21
17,8,13,1,8,2421,DL,SEA,21
25,8,13,1,19,2421,DL,SEA,21
3,8,13,1,8,2248,DL,LAS,21
11,8,13,1,19,2248,DL,LAS,21
9,8,13,1,8,2153,DL,PHX,21
-3,8,13,1,18,2153,DL,PHX,21
1,8,13,1,8,1626,DL,DEN,21
126,8,13,1,18,2454,DL,PDX,21
42,8,13,1,17,2248,DL,LAS,21
59,8,13,1,16,187,DL,BOS,21
12,8,13,1,8,1597,DL,SJU,21
-4,8,13,1,8,1028,DL,PBI,21
-8,8,13,1,7,1989,DL,SLC,21
-1,8,13,1,6,760,DL,ATL,21
1,8,13,1,16,1005,DL,TPA,21
17,8,13,1,19,1005,DL,TPA,21
-3,8,13,1,16,1028,DL,PBI,21
-4,8,13,1,11,944,DL,MCO,21
57,8,13,1,19,1989,DL,SLC,21
10,8,13,1,15,1989,DL,SLC,21
45,8,13,1,19,944,DL,MCO,21
14,8,13,1,8,1069,DL,FLL,21
5,8,13,1,11,1069,DL,FLL,21
9,8,13,1,8,944,DL,MCO,21
5,8,13,1,8,1005,DL,TPA,21
43,8,14,2,19,1069,DL,FLL,20
9,8,14,2,8,760,DL,ATL,20
5,8,14,2,16,2475,DL,LAX,20
11,8,14,2,16,760,DL,ATL,20
56,8,14,2,18,1090,DL,MIA,20
27,8,14,2,16,1989,DL,SLC,20
22,8,14,2,16,1069,DL,FLL,20
43,8,14,2,17,2421,DL,SEA,20
55,8,14,2,18,2475,DL,LAX,20
52,8,14,2,18,760,DL,ATL,20
4,8,14,2,16,944,DL,MCO,20
22,8,14,2,18,2586,DL,SFO,20
11,8,14,2,16,2586,DL,SFO,20
-6,8,14,2,16,589,DL,CVG,20
-2,8,14,2,17,2446,DL,SAN,20
-2,8,14,2,7,2475,DL,LAX,20
8,8,14,2,8,2475,DL,LAX,20
1,8,14,2,14,2475,DL,LAX,20
131,8,14,2,20,2475,DL,LAX,20
33,8,14,2,8,2586,DL,SFO,20
6,8,14,2,8,2421,DL,SEA,20
27,8,14,2,19,2421,DL,SEA,20
12,8,14,2,8,2248,DL,LAS,20
99,8,14,2,19,2248,DL,LAS,20
2,8,14,2,8,2153,DL,PHX,20
-4,8,14,2,18,2153,DL,PHX,20
-4,8,14,2,8,1626,DL,DEN,20
0,8,14,2,18,2454,DL,PDX,20
66,8,14,2,17,2248,DL,LAS,20
127,8,14,2,16,187,DL,BOS,20
17,8,14,2,8,1597,DL,SJU,20
3,8,14,2,8,1028,DL,PBI,20
-6,8,14,2,7,1989,DL,SLC,20
-7,8,14,2,6,760,DL,ATL,20
-2,8,14,2,16,1005,DL,TPA,20
37,8,14,2,19,1005,DL,TPA,20
1,8,14,2,16,1028,DL,PBI,20
13,8,14,2,11,944,DL,MCO,20
53,8,14,2,19,1989,DL,SLC,20
29,8,14,2,15,1989,DL,SLC,20
14,8,14,2,19,944,DL,MCO,20
-6,8,14,2,8,1069,DL,FLL,20
6,8,14,2,11,1069,DL,FLL,20
2,8,14,2,8,944,DL,MCO,20
6,8,14,2,8,1005,DL,TPA,20
43,8,15,3,19,1069,DL,FLL,19
29,8,15,3,8,760,DL,ATL,19
4,8,15,3,16,2475,DL,LAX,19
10,8,15,3,16,760,DL,ATL,19
13,8,15,3,18,1090,DL,MIA,19
29,8,15,3,16,1989,DL,SLC,19
18,8,15,3,16,1069,DL,FLL,19
11,8,15,3,17,2421,DL,SEA,19
13,8,15,3,18,2475,DL,LAX,19
-1,8,15,3,18,760,DL,ATL,19
22,8,15,3,16,944,DL,MCO,19
21,8,15,3,18,2586,DL,SFO,19
20,8,15,3,16,2586,DL,SFO,19
5,8,15,3,16,589,DL,CVG,19
44,8,15,3,17,2446,DL,SAN,19
-1,8,15,3,7,2475,DL,LAX,19
1,8,15,3,8,2475,DL,LAX,19
14,8,15,3,14,2475,DL,LAX,19
2,8,15,3,20,2475,DL,LAX,19
-1,8,15,3,8,2586,DL,SFO,19
8,8,15,3,8,2421,DL,SEA,19
133,8,15,3,19,2421,DL,SEA,19
20,8,15,3,8,2248,DL,LAS,19
14,8,15,3,19,2248,DL,LAS,19
-1,8,15,3,8,2153,DL,PHX,19
12,8,15,3,18,2153,DL,PHX,19
-6,8,15,3,8,1626,DL,DEN,19
41,8,15,3,18,2454,DL,PDX,19
34,8,15,3,17,2248,DL,LAS,19
1,8,15,3,16,187,DL,BOS,19
6,8,15,3,8,1597,DL,SJU,19
-2,8,15,3,8,1028,DL,PBI,19
-1,8,15,3,7,1989,DL,SLC,19
-3,8,15,3,6,760,DL,ATL,19
4,8,15,3,16,1005,DL,TPA,19
25,8,15,3,19,1005,DL,TPA,19
20,8,15,3,16,1028,DL,PBI,19
-6,8,15,3,11,944,DL,MCO,19
47,8,15,3,19,1989,DL,SLC,19
42,8,15,3,15,1989,DL,SLC,19
20,8,15,3,19,944,DL,MCO,19
2,8,15,3,8,1069,DL,FLL,19
19,8,15,3,11,1069,DL,FLL,19
-1,8,15,3,8,944,DL,MCO,19
5,8,15,3,8,1005,DL,TPA,19
54,8,16,4,19,1069,DL,FLL,18
150,8,16,4,8,760,DL,ATL,18
52,8,16,4,16,2475,DL,LAX,18
22,8,16,4,16,760,DL,ATL,18
159,8,16,4,18,1090,DL,MIA,18
83,8,16,4,16,1989,DL,SLC,18
85,8,16,4,16,1069,DL,FLL,18
7,8,16,4,17,2421,DL,SEA,18
-1,8,16,4,18,2475,DL,LAX,18
86,8,16,4,18,760,DL,ATL,18
12,8,16,4,16,944,DL,MCO,18
33,8,16,4,18,2586,DL,SFO,18
116,8,16,4,16,2586,DL,SFO,18
18,8,16,4,16,589,DL,CVG,18
19,8,16,4,17,2446,DL,SAN,18
0,8,16,4,7,2475,DL,LAX,18
2,8,16,4,8,2475,DL,LAX,18
9,8,16,4,14,2475,DL,LAX,18
48,8,16,4,20,2475,DL,LAX,18
13,8,16,4,8,2586,DL,SFO,18
0,8,16,4,8,2421,DL,SEA,18
31,8,16,4,19,2421,DL,SEA,18
2,8,16,4,8,2248,DL,LAS,18
91,8,16,4,19,2248,DL,LAS,18
1,8,16,4,8,2153,DL,PHX,18
92,8,16,4,18,2153,DL,PHX,18
0,8,16,4,8,1626,DL,DEN,18
115,8,16,4,18,2454,DL,PDX,18
84,8,16,4,17,2248,DL,LAS,18
13,8,16,4,16,187,DL,BOS,18
0,8,16,4,8,1597,DL,SJU,18
-4,8,16,4,8,1028,DL,PBI,18
-1,8,16,4,7,1989,DL,SLC,18
-3,8,16,4,6,760,DL,ATL,18
25,8,16,4,16,1005,DL,TPA,18
152,8,16,4,19,1005,DL,TPA,18
56,8,16,4,16,1028,DL,PBI,18
-1,8,16,4,11,944,DL,MCO,18
40,8,16,4,19,1989,DL,SLC,18
125,8,16,4,15,1989,DL,SLC,18
58,8,16,4,19,944,DL,MCO,18
-2,8,16,4,8,1069,DL,FLL,18
0,8,16,4,11,1069,DL,FLL,18
-1,8,16,4,8,944,DL,MCO,18
-2,8,16,4,8,1005,DL,TPA,18
394,8,17,5,19,1069,DL,FLL,17
40,8,17,5,8,760,DL,ATL,17
82,8,17,5,16,2475,DL,LAX,17
48,8,17,5,16,760,DL,ATL,17
396,8,17,5,18,1090,DL,MIA,17
561,8,17,5,16,1989,DL,SLC,17
100,8,17,5,16,1069,DL,FLL,17
161,8,17,5,17,2421,DL,SEA,17
-5,8,17,5,18,2475,DL,LAX,17
274,8,17,5,18,760,DL,ATL,17
21,8,17,5,16,944,DL,MCO,17
414,8,17,5,18,2586,DL,SFO,17
50,8,17,5,16,2586,DL,SFO,17
90,8,17,5,16,589,DL,CVG,17
-4,8,17,5,7,2475,DL,LAX,17
6,8,17,5,8,2475,DL,LAX,17
-2,8,17,5,14,2475,DL,LAX,17
208,8,17,5,20,2475,DL,LAX,17
37,8,17,5,8,2586,DL,SFO,17
140,8,17,5,8,2421,DL,SEA,17
74,8,17,5,19,2421,DL,SEA,17
0,8,17,5,8,2248,DL,LAS,17
320,8,17,5,19,2248,DL,LAS,17
37,8,17,5,8,2153,DL,PHX,17
234,8,17,5,18,2153,DL,PHX,17
3,8,17,5,8,1626,DL,DEN,17
277,8,17,5,17,2248,DL,LAS,17
278,8,17,5,16,187,DL,BOS,17
46,8,17,5,8,1597,DL,SJU,17
1,8,17,5,8,1028,DL,PBI,17
-5,8,17,5,7,1989,DL,SLC,17
3,8,17,5,6,760,DL,ATL,17
94,8,17,5,16,1005,DL,TPA,17
0,9,1,6,6,541,YV,CLT,2
-9,9,2,7,15,541,YV,CLT,1
-3,9,3,1,15,541,YV,CLT,0
0,9,3,1,6,541,YV,CLT,0
0,9,3,1,12,541,YV,CLT,0
-4,9,4,2,15,541,YV,CLT,1
0,9,4,2,6,541,YV,CLT,1
-10,9,4,2,12,541,YV,CLT,1
-7,9,5,3,15,541,YV,CLT,2
0,9,5,3,6,541,YV,CLT,2
0,9,5,3,12,541,YV,CLT,2
-4,9,6,4,15,541,YV,CLT,3
-5,9,6,4,6,541,YV,CLT,3
7,9,6,4,12,541,YV,CLT,3
11,9,7,5,15,541,YV,CLT,4
-5,9,7,5,6,541,YV,CLT,4
-8,9,7,5,12,541,YV,CLT,4
0,9,8,6,6,541,YV,CLT,5
41,9,9,7,15,541,YV,CLT,6
0,9,9,7,6,541,YV,CLT,6
62,9,10,1,15,541,YV,CLT,7
-5,9,10,1,6,541,YV,CLT,7
0,9,10,1,12,541,YV,CLT,7
31,9,11,2,15,541,YV,CLT,8
0,9,11,2,6,541,YV,CLT,8
-3,9,11,2,12,541,YV,CLT,8
41,9,12,3,15,541,YV,CLT,9
0,9,12,3,6,541,YV,CLT,9
-3,9,12,3,12,541,YV,CLT,9
0,9,13,4,15,541,YV,CLT,10
0,9,13,4,6,541,YV,CLT,10
0,9,13,4,12,541,YV,CLT,10
0,9,14,5,15,541,YV,CLT,11
-5,9,14,5,6,541,YV,CLT,11
27,9,14,5,12,541,YV,CLT,11
0,9,15,6,6,541,YV,CLT,12
51,9,16,7,15,541,YV,CLT,13
-2,9,16,7,6,541,YV,CLT,13
0,9,17,1,15,541,YV,CLT,14
0,9,17,1,6,541,YV,CLT,14
0,9,17,1,12,541,YV,CLT,14
-4,9,18,2,15,541,YV,CLT,15
0,9,18,2,6,541,YV,CLT,15
86,9,18,2,12,541,YV,CLT,15
152,9,19,3,15,541,YV,CLT,16
0,9,19,3,6,541,YV,CLT,16
-3,9,19,3,12,541,YV,CLT,16
31,9,20,4,15,541,YV,CLT,17
-5,9,20,4,6,541,YV,CLT,17
0,9,20,4,12,541,YV,CLT,17
196,9,21,5,15,541,YV,CLT,17
0,9,21,5,6,541,YV,CLT,17
0,9,21,5,12,541,YV,CLT,17
0,9,22,6,6,541,YV,CLT,16
20,9,23,7,15,541,YV,CLT,15
0,9,23,7,6,541,YV,CLT,15
71,9,24,1,15,541,YV,CLT,14
0,9,24,1,6,541,YV,CLT,14
-3,9,24,1,12,541,YV,CLT,14
0,9,25,2,15,541,YV,CLT,13
0,9,25,2,6,541,YV,CLT,13
0,9,25,2,12,541,YV,CLT,13
166,9,26,3,15,541,YV,CLT,12
-4,9,26,3,6,541,YV,CLT,12
-8,9,26,3,12,541,YV,CLT,12
106,9,27,4,15,541,YV,CLT,11
-5,9,27,4,6,541,YV,CLT,11
0,9,27,4,12,541,YV,CLT,11
21,9,28,5,15,541,YV,CLT,10
0,9,28,5,6,541,YV,CLT,10
0,9,28,5,12,541,YV,CLT,10
0,9,29,6,6,541,YV,CLT,9
64,9,30,7,15,541,YV,CLT,8
0,9,30,7,6,541,YV,CLT,8
-10,9,1,6,12,213,OH,DCA,2
0,9,1,6,9,288,OH,RIC,2
-5,9,1,6,16,213,OH,DCA,2
0,9,1,6,16,289,OH,ORF,2
-6,9,1,6,15,187,OH,BOS,2
0,9,1,6,8,426,OH,RDU,2
0,9,1,6,9,267,OH,BTV,2
-8,9,1,6,20,267,OH,BTV,2
32,9,1,6,19,508,OH,DTW,2
0,9,1,6,14,184,OH,BWI,2
0,9,1,6,8,483,OH,CMH,2
-5,9,1,6,10,740,OH,ORD,2
0,9,1,6,6,589,OH,CVG,2
0,9,1,6,13,274,OH,PWM,2
60,9,1,6,17,892,OH,STL,2
10,9,1,6,18,766,OH,BNA,2
0,9,1,6,16,264,OH,ROC,2
-10,9,1,6,11,106,OH,BDL,2
25,9,1,6,8,508,OH,DTW,2
-5,9,1,6,16,426,OH,RDU,2
0,9,1,6,18,213,OH,DCA,2
0,9,1,6,15,267,OH,BTV,2
0,9,1,6,11,228,OH,IAD,2
0,9,1,6,8,187,OH,BOS,2
-5,9,1,6,7,740,OH,ORD,2
0,9,1,6,16,740,OH,ORD,2
0,9,1,6,16,483,OH,CMH,2
0,9,1,6,19,740,OH,ORD,2
0,9,1,6,8,340,OH,PIT,2
0,9,1,6,7,187,OH,BOS,2
0,9,1,6,11,187,OH,BOS,2
0,9,1,6,13,187,OH,BOS,2
10,9,1,6,19,426,OH,RDU,2
0,9,1,6,19,187,OH,BOS,2
-5,9,1,6,21,187,OH,BOS,2
-1,9,1,6,13,106,OH,BDL,2
15,9,1,6,19,589,OH,CVG,2
0,9,1,6,15,301,OH,BUF,2
0,9,1,6,19,274,OH,PWM,2
0,9,1,6,13,145,OH,ALB,2
5,9,1,6,13,94,OH,PHL,2
0,9,1,6,12,740,OH,ORD,2
0,9,1,6,16,508,OH,DTW,2
0,9,1,6,16,340,OH,PIT,2
30,9,1,6,15,425,OH,CLE,2
0,9,1,6,13,589,OH,CVG,2
0,9,1,6,11,340,OH,PIT,2
0,9,1,6,16,209,OH,SYR,2
-3,9,1,6,9,209,OH,SYR,2
-5,9,2,7,12,213,OH,DCA,1
35,9,2,7,9,288,OH,RIC,1
-3,9,2,7,16,213,OH,DCA,1
0,9,2,7,15,187,OH,BOS,1
-5,9,2,7,9,267,OH,BTV,1
65,9,2,7,20,267,OH,BTV,1
0,9,2,7,19,508,OH,DTW,1
-5,9,2,7,14,184,OH,BWI,1
0,9,2,7,8,483,OH,CMH,1
-5,9,2,7,10,740,OH,ORD,1
-5,9,2,7,6,589,OH,CVG,1
-3,9,2,7,13,274,OH,PWM,1
5,9,2,7,17,892,OH,STL,1
0,9,2,7,19,766,OH,BNA,1
0,9,2,7,16,264,OH,ROC,1
0,9,2,7,11,106,OH,BDL,1
0,9,2,7,16,426,OH,RDU,1
-10,9,2,7,18,213,OH,DCA,1
-5,9,2,7,11,228,OH,IAD,1
25,9,2,7,8,187,OH,BOS,1
5,9,2,7,16,740,OH,ORD,1
0,9,2,7,19,740,OH,ORD,1
-10,9,2,7,8,340,OH,PIT,1
-5,9,2,7,11,187,OH,BOS,1
0,9,2,7,13,187,OH,BOS,1
40,9,2,7,19,426,OH,RDU,1
43,9,2,7,19,187,OH,BOS,1
-10,9,2,7,21,187,OH,BOS,1
8,9,2,7,13,106,OH,BDL,1
20,9,2,7,17,106,OH,BDL,1
-5,9,2,7,15,301,OH,BUF,1
-10,9,2,7,19,274,OH,PWM,1
-5,9,2,7,13,145,OH,ALB,1
0,9,2,7,18,425,OH,CLE,1
0,9,2,7,14,94,OH,PHL,1
-7,9,2,7,12,740,OH,ORD,1
24,9,2,7,16,508,OH,DTW,1
35,9,2,7,16,340,OH,PIT,1
40,9,2,7,15,425,OH,CLE,1
15,9,2,7,13,589,OH,CVG,1
-7,9,2,7,11,340,OH,PIT,1
-5,9,2,7,20,209,OH,SYR,1
-10,9,2,7,9,209,OH,SYR,1
-3,9,3,1,12,213,OH,DCA,0
-10,9,3,1,20,213,OH,DCA,0
0,9,3,1,9,288,OH,RIC,0
-1,9,3,1,16,213,OH,DCA,0
-10,9,3,1,9,267,OH,BTV,0
0,9,3,1,20,267,OH,BTV,0
-1,9,3,1,19,508,OH,DTW,0
0,9,3,1,14,184,OH,BWI,0
-4,9,3,1,8,483,OH,CMH,0
0,9,3,1,10,740,OH,ORD,0
0,9,3,1,13,274,OH,PWM,0
0,9,3,1,17,892,OH,STL,0
-7,9,3,1,19,766,OH,BNA,0
20,9,3,1,16,264,OH,ROC,0
0,9,3,1,11,106,OH,BDL,0
-5,9,3,1,16,426,OH,RDU,0
-5,9,3,1,18,213,OH,DCA,0
-3,9,3,1,15,267,OH,BTV,0
0,9,3,1,11,228,OH,IAD,0
0,9,3,1,8,187,OH,BOS,0
0,9,3,1,15,274,OH,PWM,0
-10,9,3,1,11,340,OH,PIT,0
0,9,3,1,16,740,OH,ORD,0
8,9,3,1,16,483,OH,CMH,0
-1,9,3,1,19,740,OH,ORD,0
-10,9,3,1,8,340,OH,PIT,0
-9,9,3,1,11,187,OH,BOS,0
0,9,3,1,13,187,OH,BOS,0
-3,9,3,1,19,426,OH,RDU,0
0,9,3,1,19,187,OH,BOS,0
-3,9,3,1,19,289,OH,ORF,0
-10,9,3,1,13,106,OH,BDL,0
-3,9,3,1,19,589,OH,CVG,0
-9,9,3,1,17,106,OH,BDL,0
-3,9,3,1,13,766,OH,BNA,0
-5,9,3,1,20,301,OH,BUF,0
-5,9,3,1,15,301,OH,BUF,0
-10,9,3,1,19,274,OH,PWM,0
-5,9,3,1,13,145,OH,ALB,0
0,9,3,1,18,425,OH,CLE,0
0,9,3,1,14,94,OH,PHL,0
-3,9,3,1,12,740,OH,ORD,0
0,9,3,1,16,508,OH,DTW,0
-5,9,3,1,16,340,OH,PIT,0
-8,9,3,1,15,425,OH,CLE,0
0,9,3,1,13,589,OH,CVG,0
-10,9,3,1,20,209,OH,SYR,0
-10,9,3,1,9,209,OH,SYR,0
5,9,4,2,12,213,OH,DCA,1
0,9,4,2,20,213,OH,DCA,1
-5,9,4,2,9,288,OH,RIC,1
0,9,4,2,16,213,OH,DCA,1
0,9,4,2,15,187,OH,BOS,1
-5,9,4,2,9,267,OH,BTV,1
0,9,4,2,20,267,OH,BTV,1
0,9,4,2,19,508,OH,DTW,1
-3,9,4,2,14,184,OH,BWI,1
0,9,4,2,8,483,OH,CMH,1
0,9,4,2,10,740,OH,ORD,1
-3,9,4,2,6,589,OH,CVG,1
-6,9,4,2,13,274,OH,PWM,1
-3,9,4,2,9,892,OH,STL,1
0,9,4,2,17,892,OH,STL,1
0,9,4,2,19,766,OH,BNA,1
0,9,4,2,16,264,OH,ROC,1
-7,9,4,2,11,106,OH,BDL,1
16,9,4,2,8,508,OH,DTW,1
0,9,4,2,16,426,OH,RDU,1
0,9,4,2,18,213,OH,DCA,1
0,9,4,2,15,267,OH,BTV,1
-12,9,4,2,11,228,OH,IAD,1
0,9,4,2,8,187,OH,BOS,1
-8,9,4,2,15,274,OH,PWM,1
-10,9,4,2,7,740,OH,ORD,1
0,9,4,2,11,340,OH,PIT,1
0,9,4,2,16,740,OH,ORD,1
24,9,4,2,8,425,OH,CLE,1
-5,9,4,2,16,483,OH,CMH,1
35,9,4,2,19,740,OH,ORD,1
-5,9,4,2,8,340,OH,PIT,1
-5,9,4,2,7,187,OH,BOS,1
0,9,4,2,11,187,OH,BOS,1
-2,9,4,2,13,187,OH,BOS,1
0,9,4,2,19,426,OH,RDU,1
-2,9,4,2,19,187,OH,BOS,1
-5,9,4,2,19,289,OH,ORF,1
-7,9,4,2,13,106,OH,BDL,1
87,9,4,2,19,589,OH,CVG,1
-12,9,4,2,17,106,OH,BDL,1
0,9,4,2,13,766,OH,BNA,1
25,9,4,2,20,301,OH,BUF,1
0,9,4,2,15,301,OH,BUF,1
-6,9,4,2,19,274,OH,PWM,1
-7,9,4,2,13,145,OH,ALB,1
-10,9,4,2,18,425,OH,CLE,1
0,9,4,2,7,213,OH,DCA,1
5,9,4,2,14,94,OH,PHL,1
0,9,4,2,12,740,OH,ORD,1
0,9,4,2,16,508,OH,DTW,1
55,9,4,2,16,340,OH,PIT,1
-3,9,4,2,15,425,OH,CLE,1
0,9,4,2,13,589,OH,CVG,1
16,9,4,2,20,209,OH,SYR,1
-2,9,4,2,9,209,OH,SYR,1
0,9,5,3,12,213,OH,DCA,2
8,9,5,3,20,213,OH,DCA,2
-10,9,5,3,9,288,OH,RIC,2
0,9,5,3,16,213,OH,DCA,2
-9,9,5,3,15,187,OH,BOS,2
0,9,5,3,19,301,OH,BUF,2
-3,9,5,3,8,426,OH,RDU,2
-10,9,5,3,9,267,OH,BTV,2
-5,9,5,3,20,267,OH,BTV,2
60,9,5,3,19,508,OH,DTW,2
0,9,5,3,14,184,OH,BWI,2
-10,9,5,3,8,483,OH,CMH,2
0,9,5,3,10,740,OH,ORD,2
0,9,5,3,18,199,OH,MHT,2
-5,9,5,3,6,589,OH,CVG,2
0,9,5,3,13,274,OH,PWM,2
0,9,5,3,9,892,OH,STL,2
-3,9,5,3,17,892,OH,STL,2
0,9,5,3,19,766,OH,BNA,2
-3,9,5,3,16,264,OH,ROC,2
13,9,5,3,11,106,OH,BDL,2
-10,9,5,3,8,508,OH,DTW,2
5,9,5,3,16,426,OH,RDU,2
-10,9,5,3,18,213,OH,DCA,2
0,9,5,3,15,267,OH,BTV,2
-5,9,5,3,11,228,OH,IAD,2
0,9,5,3,8,187,OH,BOS,2
-5,9,5,3,15,274,OH,PWM,2
0,9,5,3,7,740,OH,ORD,2
10,9,5,3,11,340,OH,PIT,2
-5,9,5,3,16,740,OH,ORD,2
0,9,5,3,16,483,OH,CMH,2
-5,9,5,3,19,740,OH,ORD,2
10,9,5,3,8,340,OH,PIT,2
-10,9,5,3,7,187,OH,BOS,2
0,9,5,3,13,766,OH,BNA,2
0,9,5,3,11,187,OH,BOS,2
0,9,5,3,13,187,OH,BOS,2
-7,9,5,3,19,187,OH,BOS,2
0,9,5,3,19,289,OH,ORF,2
0,9,5,3,13,106,OH,BDL,2
64,9,5,3,19,589,OH,CVG,2
0,9,5,3,17,106,OH,BDL,2
0,9,5,3,20,301,OH,BUF,2
-5,9,5,3,15,301,OH,BUF,2
130,9,5,3,19,274,OH,PWM,2
-5,9,5,3,13,145,OH,ALB,2
95,9,5,3,18,425,OH,CLE,2
-3,9,5,3,7,213,OH,DCA,2
0,9,5,3,14,94,OH,PHL,2
0,9,5,3,12,740,OH,ORD,2
0,9,5,3,16,508,OH,DTW,2
0,9,5,3,16,340,OH,PIT,2
0,9,5,3,15,425,OH,CLE,2
0,9,5,3,13,589,OH,CVG,2
0,9,5,3,20,209,OH,SYR,2
-15,9,5,3,9,209,OH,SYR,2
10,9,6,4,11,213,OH,DCA,3
0,9,6,4,20,213,OH,DCA,3
-5,9,6,4,16,213,OH,DCA,3
0,9,6,4,12,199,OH,MHT,3
-10,9,6,4,9,267,OH,BTV,3
0,9,6,4,20,267,OH,BTV,3
10,9,6,4,19,508,OH,DTW,3
0,9,6,4,14,184,OH,BWI,3
17,9,6,4,9,483,OH,CMH,3
-5,9,6,4,9,740,OH,ORD,3
0,9,6,4,18,184,OH,BWI,3
0,9,6,4,13,209,OH,SYR,3
-7,9,6,4,9,187,OH,BOS,3
0,9,6,4,8,94,OH,PHL,3
0,9,6,4,8,425,OH,CLE,3
-5,9,6,4,13,274,OH,PWM,3
0,9,6,4,9,892,OH,STL,3
0,9,6,4,18,892,OH,STL,3
-5,9,6,4,19,766,OH,BNA,3
-5,9,6,4,13,144,OH,PVD,3
-5,9,6,4,11,106,OH,BDL,3
-10,9,6,4,8,508,OH,DTW,3
0,9,6,4,16,426,OH,RDU,3
-4,9,6,4,18,301,OH,BUF,3
-5,9,6,4,19,340,OH,PIT,3
-5,9,6,4,20,289,OH,ORF,3
0,9,6,4,18,213,OH,DCA,3
-5,9,6,4,15,267,OH,BTV,3
-5,9,6,4,11,228,OH,IAD,3
0,9,6,4,15,274,OH,PWM,3
-2,9,6,4,10,144,OH,PVD,3
-2,9,6,4,7,740,OH,ORD,3
-5,9,6,4,11,340,OH,PIT,3
0,9,6,4,16,740,OH,ORD,3
-10,9,6,4,18,144,OH,PVD,3
-8,9,6,4,16,483,OH,CMH,3
70,9,6,4,19,740,OH,ORD,3
0,9,6,4,8,340,OH,PIT,3
0,9,6,4,8,288,OH,RIC,3
0,9,6,4,13,766,OH,BNA,3
0,9,6,4,11,187,OH,BOS,3
0,9,6,4,14,187,OH,BOS,3
0,9,6,4,19,187,OH,BOS,3
0,9,6,4,20,199,OH,MHT,3
0,9,6,4,13,106,OH,BDL,3
-6,9,6,4,19,589,OH,CVG,3
53,9,6,4,17,106,OH,BDL,3
0,9,6,4,13,589,OH,CVG,3
-10,9,6,4,9,264,OH,ROC,3
35,9,6,4,16,301,OH,BUF,3
0,9,6,4,20,274,OH,PWM,3
-10,9,6,4,13,145,OH,ALB,3
0,9,6,4,18,425,OH,CLE,3
-10,9,6,4,7,213,OH,DCA,3
-10,9,6,4,14,94,OH,PHL,3
30,9,6,4,12,740,OH,ORD,3
-10,9,6,4,16,508,OH,DTW,3
-10,9,6,4,16,340,OH,PIT,3
0,9,6,4,15,425,OH,CLE,3
44,9,7,5,11,213,OH,DCA,4
95,9,7,5,20,213,OH,DCA,4
73,9,7,5,16,213,OH,DCA,4
15,9,7,5,12,199,OH,MHT,4
75,9,7,5,9,267,OH,BTV,4
-5,9,7,5,20,267,OH,BTV,4
-7,9,7,5,19,508,OH,DTW,4
0,9,7,5,14,184,OH,BWI,4
-10,9,7,5,9,483,OH,CMH,4
67,9,7,5,9,740,OH,ORD,4
-5,9,7,5,6,589,OH,CVG,4
0,9,7,5,18,184,OH,BWI,4
-10,9,7,5,13,209,OH,SYR,4
0,9,7,5,9,187,OH,BOS,4
65,9,7,5,8,94,OH,PHL,4
0,9,7,5,8,425,OH,CLE,4
69,9,7,5,13,274,OH,PWM,4
10,9,7,5,9,892,OH,STL,4
0,9,7,5,18,892,OH,STL,4
70,9,7,5,19,766,OH,BNA,4
0,9,7,5,13,144,OH,PVD,4
-10,9,7,5,11,106,OH,BDL,4
-5,9,7,5,8,508,OH,DTW,4
0,9,7,5,16,426,OH,RDU,4
-5,9,7,5,18,301,OH,BUF,4
10,9,7,5,19,340,OH,PIT,4
0,9,7,5,20,289,OH,ORF,4
0,9,7,5,18,213,OH,DCA,4
-2,9,7,5,15,267,OH,BTV,4
90,9,7,5,11,228,OH,IAD,4
-7,9,7,5,15,274,OH,PWM,4
-10,9,7,5,10,144,OH,PVD,4
35,9,7,5,7,740,OH,ORD,4
0,9,7,5,11,340,OH,PIT,4
25,9,7,5,16,740,OH,ORD,4
0,9,7,5,18,144,OH,PVD,4
0,9,7,5,16,483,OH,CMH,4
110,9,7,5,19,740,OH,ORD,4
0,9,7,5,8,340,OH,PIT,4
13,9,7,5,8,288,OH,RIC,4
0,9,7,5,13,766,OH,BNA,4
-5,9,7,5,11,187,OH,BOS,4
-5,9,7,5,14,187,OH,BOS,4
10,9,7,5,19,187,OH,BOS,4
0,9,7,5,20,199,OH,MHT,4
-2,9,7,5,13,106,OH,BDL,4
42,9,7,5,19,589,OH,CVG,4
0,9,7,5,17,106,OH,BDL,4
0,9,7,5,13,589,OH,CVG,4
-5,9,7,5,9,264,OH,ROC,4
0,9,7,5,16,301,OH,BUF,4
0,9,7,5,20,274,OH,PWM,4
-5,9,7,5,13,145,OH,ALB,4
10,9,7,5,18,425,OH,CLE,4
0,9,7,5,7,213,OH,DCA,4
-10,9,7,5,14,94,OH,PHL,4
40,9,7,5,12,740,OH,ORD,4
0,9,7,5,16,508,OH,DTW,4
0,9,7,5,16,340,OH,PIT,4
0,9,7,5,15,425,OH,CLE,4
8,9,8,6,11,213,OH,DCA,5
0,9,8,6,16,213,OH,DCA,5
-5,9,8,6,16,289,OH,ORF,5
-13,9,8,6,20,264,OH,ROC,5
-3,9,8,6,12,199,OH,MHT,5
0,9,8,6,9,267,OH,BTV,5
-4,9,8,6,19,508,OH,DTW,5
0,9,8,6,14,184,OH,BWI,5
-5,9,8,6,19,199,OH,MHT,5
0,9,8,6,9,483,OH,CMH,5
20,9,8,6,9,740,OH,ORD,5
0,9,8,6,6,589,OH,CVG,5
-5,9,8,6,18,184,OH,BWI,5
-10,9,8,6,13,209,OH,SYR,5
0,9,8,6,9,187,OH,BOS,5
-10,9,8,6,8,94,OH,PHL,5
19,9,8,6,8,425,OH,CLE,5
-10,9,8,6,15,209,OH,SYR,5
-7,9,8,6,13,274,OH,PWM,5
0,9,8,6,18,892,OH,STL,5
-5,9,8,6,19,766,OH,BNA,5
-5,9,8,6,13,144,OH,PVD,5
-10,9,8,6,11,106,OH,BDL,5
0,9,8,6,8,508,OH,DTW,5
0,9,8,6,16,426,OH,RDU,5
0,9,8,6,18,301,OH,BUF,5
0,9,8,6,19,340,OH,PIT,5
0,9,8,6,18,213,OH,DCA,5
0,9,8,6,11,228,OH,IAD,5
-10,9,8,6,10,144,OH,PVD,5
-3,9,8,6,7,740,OH,ORD,5
-4,9,8,6,11,340,OH,PIT,5
0,9,8,6,16,740,OH,ORD,5
-10,9,8,6,18,144,OH,PVD,5
0,9,8,6,19,740,OH,ORD,5
-2,9,8,6,8,340,OH,PIT,5
-9,9,8,6,20,267,OH,BTV,5
-4,9,8,6,8,288,OH,RIC,5
8,9,8,6,11,187,OH,BOS,5
0,9,8,6,16,94,OH,PHL,5
0,9,8,6,14,187,OH,BOS,5
0,9,8,6,19,187,OH,BOS,5
-2,9,8,6,13,106,OH,BDL,5
-3,9,8,6,19,589,OH,CVG,5
0,9,8,6,17,106,OH,BDL,5
-10,9,8,6,9,264,OH,ROC,5
-10,9,8,6,16,301,OH,BUF,5
-10,9,8,6,20,274,OH,PWM,5
-15,9,8,6,13,145,OH,ALB,5
0,9,8,6,18,425,OH,CLE,5
-5,9,8,6,7,213,OH,DCA,5
0,9,8,6,14,94,OH,PHL,5
0,9,8,6,13,589,OH,CVG,5
0,9,8,6,12,740,OH,ORD,5
0,9,8,6,16,508,OH,DTW,5
0,9,8,6,15,425,OH,CLE,5
15,9,9,7,11,213,OH,DCA,6
0,9,9,7,20,213,OH,DCA,6
0,9,9,7,16,213,OH,DCA,6
0,9,9,7,12,199,OH,MHT,6
-8,9,9,7,9,267,OH,BTV,6
10,9,9,7,20,267,OH,BTV,6
-1,9,9,7,19,508,OH,DTW,6
-5,9,9,7,14,184,OH,BWI,6
0,9,9,7,9,483,OH,CMH,6
-6,9,9,7,9,740,OH,ORD,6
0,9,9,7,6,589,OH,CVG,6
0,9,9,7,18,184,OH,BWI,6
5,9,9,7,13,209,OH,SYR,6
0,9,9,7,9,187,OH,BOS,6
0,9,9,7,13,274,OH,PWM,6
-3,9,9,7,18,892,OH,STL,6
-7,9,9,7,19,766,OH,BNA,6
10,9,9,7,13,144,OH,PVD,6
0,9,9,7,11,106,OH,BDL,6
-5,9,9,7,8,508,OH,DTW,6
10,9,9,7,16,426,OH,RDU,6
0,9,9,7,18,301,OH,BUF,6
28,9,9,7,19,340,OH,PIT,6
-1,9,9,7,20,289,OH,ORF,6
0,9,9,7,18,213,OH,DCA,6
-8,9,9,7,15,267,OH,BTV,6
0,9,9,7,15,274,OH,PWM,6
-10,9,9,7,10,144,OH,PVD,6
-10,9,9,7,11,340,OH,PIT,6
0,9,9,7,16,740,OH,ORD,6
-10,9,9,7,18,144,OH,PVD,6
0,9,9,7,16,483,OH,CMH,6
0,9,9,7,19,740,OH,ORD,6
75,9,9,7,8,340,OH,PIT,6
0,9,9,7,8,288,OH,RIC,6
0,9,9,7,13,766,OH,BNA,6
-5,9,9,7,11,187,OH,BOS,6
30,9,9,7,14,187,OH,BOS,6
-10,9,9,7,19,187,OH,BOS,6
70,9,9,7,20,199,OH,MHT,6
0,9,9,7,13,106,OH,BDL,6
-6,9,9,7,19,589,OH,CVG,6
0,9,9,7,17,106,OH,BDL,6
85,9,9,7,13,589,OH,CVG,6
0,9,9,7,16,301,OH,BUF,6
40,9,9,7,20,274,OH,PWM,6
-10,9,9,7,13,145,OH,ALB,6
10,9,9,7,18,425,OH,CLE,6
0,9,9,7,14,94,OH,PHL,6
0,9,9,7,12,740,OH,ORD,6
6,9,9,7,16,508,OH,DTW,6
-5,9,9,7,16,340,OH,PIT,6
-5,9,9,7,15,425,OH,CLE,6
85,9,10,1,11,213,OH,DCA,7
130,9,10,1,16,213,OH,DCA,7
0,9,10,1,12,199,OH,MHT,7
0,9,10,1,9,267,OH,BTV,7
32,9,10,1,20,267,OH,BTV,7
107,9,10,1,19,508,OH,DTW,7
10,9,10,1,14,184,OH,BWI,7
0,9,10,1,9,483,OH,CMH,7
-5,9,10,1,9,740,OH,ORD,7
0,9,10,1,6,589,OH,CVG,7
0,9,10,1,13,209,OH,SYR,7
17,9,10,1,9,187,OH,BOS,7
30,9,10,1,8,94,OH,PHL,7
40,9,10,1,8,425,OH,CLE,7
104,9,10,1,13,274,OH,PWM,7
-10,9,10,1,9,892,OH,STL,7
0,9,10,1,18,892,OH,STL,7
0,9,10,1,13,144,OH,PVD,7
-5,9,10,1,11,106,OH,BDL,7
20,9,10,1,8,508,OH,DTW,7
96,9,10,1,16,426,OH,RDU,7
15,9,10,1,18,301,OH,BUF,7
80,9,10,1,19,340,OH,PIT,7
60,9,10,1,20,289,OH,ORF,7
110,9,10,1,15,267,OH,BTV,7
20,9,10,1,11,228,OH,IAD,7
50,9,10,1,15,274,OH,PWM,7
-10,9,10,1,10,144,OH,PVD,7
-10,9,10,1,7,740,OH,ORD,7
-5,9,10,1,11,340,OH,PIT,7
45,9,10,1,18,144,OH,PVD,7
92,9,10,1,16,483,OH,CMH,7
75,9,10,1,19,740,OH,ORD,7
-5,9,10,1,8,340,OH,PIT,7
-7,9,10,1,8,288,OH,RIC,7
121,9,10,1,13,766,OH,BNA,7
61,9,10,1,11,187,OH,BOS,7
15,9,10,1,14,187,OH,BOS,7
122,9,10,1,19,187,OH,BOS,7
45,9,10,1,20,199,OH,MHT,7
0,9,10,1,13,106,OH,BDL,7
42,9,10,1,19,589,OH,CVG,7
47,9,10,1,17,106,OH,BDL,7
0,9,10,1,13,589,OH,CVG,7
0,9,10,1,9,264,OH,ROC,7
25,9,10,1,16,301,OH,BUF,7
15,9,10,1,20,274,OH,PWM,7
-10,9,10,1,13,145,OH,ALB,7
95,9,10,1,18,425,OH,CLE,7
-3,9,10,1,7,213,OH,DCA,7
-10,9,10,1,14,94,OH,PHL,7
-5,9,10,1,12,740,OH,ORD,7
81,9,10,1,16,508,OH,DTW,7
30,9,10,1,16,340,OH,PIT,7
133,9,10,1,15,425,OH,CLE,7
0,9,11,2,11,213,OH,DCA,8
175,9,11,2,16,213,OH,DCA,8
-5,9,11,2,8,426,OH,RDU,8
0,9,11,2,9,267,OH,BTV,8
0,9,11,2,20,267,OH,BTV,8
200,9,11,2,19,508,OH,DTW,8
60,9,11,2,14,184,OH,BWI,8
0,9,11,2,9,483,OH,CMH,8
0,9,11,2,9,740,OH,ORD,8
0,9,11,2,6,589,OH,CVG,8
-10,9,11,2,13,209,OH,SYR,8
122,9,11,2,9,187,OH,BOS,8
-5,9,11,2,8,425,OH,CLE,8
-6,9,11,2,13,274,OH,PWM,8
-5,9,11,2,9,892,OH,STL,8
115,9,11,2,18,892,OH,STL,8
45,9,11,2,13,144,OH,PVD,8
50,9,11,2,11,106,OH,BDL,8
67,9,11,2,8,508,OH,DTW,8
134,9,11,2,16,426,OH,RDU,8
100,9,11,2,18,301,OH,BUF,8
135,9,11,2,20,289,OH,ORF,8
55,9,11,2,18,213,OH,DCA,8
205,9,11,2,15,267,OH,BTV,8
70,9,11,2,11,228,OH,IAD,8
125,9,11,2,15,274,OH,PWM,8
-4,9,11,2,10,144,OH,PVD,8
-5,9,11,2,7,740,OH,ORD,8
-7,9,11,2,11,340,OH,PIT,8
165,9,11,2,16,740,OH,ORD,8
167,9,11,2,16,483,OH,CMH,8
80,9,11,2,19,740,OH,ORD,8
-3,9,11,2,8,340,OH,PIT,8
-8,9,11,2,8,288,OH,RIC,8
30,9,11,2,13,766,OH,BNA,8
-5,9,11,2,11,187,OH,BOS,8
40,9,11,2,14,187,OH,BOS,8
55,9,11,2,19,187,OH,BOS,8
40,9,11,2,20,199,OH,MHT,8
70,9,11,2,17,106,OH,BDL,8
145,9,11,2,13,589,OH,CVG,8
-10,9,11,2,9,264,OH,ROC,8
70,9,11,2,20,274,OH,PWM,8
35,9,11,2,13,145,OH,ALB,8
80,9,11,2,7,213,OH,DCA,8
40,9,11,2,14,94,OH,PHL,8
12,9,11,2,12,740,OH,ORD,8
135,9,11,2,16,508,OH,DTW,8
165,9,11,2,16,340,OH,PIT,8
100,9,11,2,15,425,OH,CLE,8
35,9,12,3,11,213,OH,DCA,9
0,9,12,3,20,213,OH,DCA,9
-8,9,12,3,16,213,OH,DCA,9
-8,9,12,3,12,199,OH,MHT,9
-10,9,12,3,9,267,OH,BTV,9
0,9,12,3,20,267,OH,BTV,9
25,9,12,3,19,508,OH,DTW,9
0,9,12,3,14,184,OH,BWI,9
0,9,12,3,9,483,OH,CMH,9
110,9,12,3,9,740,OH,ORD,9
-2,9,12,3,6,589,OH,CVG,9
-10,9,12,3,18,184,OH,BWI,9
-5,9,12,3,13,209,OH,SYR,9
0,9,12,3,9,187,OH,BOS,9
-5,9,12,3,8,94,OH,PHL,9
0,9,12,3,8,425,OH,CLE,9
9,9,12,3,13,274,OH,PWM,9
0,9,12,3,9,892,OH,STL,9
-5,9,12,3,18,892,OH,STL,9
30,9,12,3,19,766,OH,BNA,9
-5,9,12,3,13,144,OH,PVD,9
-7,9,12,3,11,106,OH,BDL,9
60,9,12,3,8,508,OH,DTW,9
50,9,12,3,16,426,OH,RDU,9
-7,9,12,3,18,301,OH,BUF,9
-3,9,12,3,19,340,OH,PIT,9
-9,9,12,3,20,289,OH,ORF,9
-7,9,12,3,18,213,OH,DCA,9
-5,9,12,3,15,267,OH,BTV,9
0,9,12,3,11,228,OH,IAD,9
-8,9,12,3,15,274,OH,PWM,9
0,9,12,3,10,144,OH,PVD,9
-3,9,12,3,7,740,OH,ORD,9
-10,9,12,3,11,340,OH,PIT,9
-5,9,12,3,16,740,OH,ORD,9
0,9,12,3,18,144,OH,PVD,9
-3,9,12,3,16,483,OH,CMH,9
0,9,12,3,19,740,OH,ORD,9
-5,9,12,3,8,340,OH,PIT,9
-2,9,12,3,8,288,OH,RIC,9
0,9,12,3,13,766,OH,BNA,9
-2,9,12,3,11,187,OH,BOS,9
0,9,12,3,14,187,OH,BOS,9
15,9,12,3,19,187,OH,BOS,9
10,9,12,3,20,199,OH,MHT,9
18,9,12,3,13,106,OH,BDL,9
0,9,12,3,19,589,OH,CVG,9
10,9,12,3,17,106,OH,BDL,9
10,9,12,3,13,589,OH,CVG,9
-5,9,12,3,9,264,OH,ROC,9
25,9,12,3,16,301,OH,BUF,9
-7,9,12,3,20,274,OH,PWM,9
-5,9,12,3,13,145,OH,ALB,9
-5,9,12,3,18,425,OH,CLE,9
0,9,12,3,7,213,OH,DCA,9
-10,9,12,3,14,94,OH,PHL,9
0,9,12,3,12,740,OH,ORD,9
-1,9,12,3,16,508,OH,DTW,9
5,9,12,3,16,340,OH,PIT,9
25,9,12,3,15,425,OH,CLE,9
-3,9,13,4,11,213,OH,DCA,10
14,9,13,4,20,213,OH,DCA,10
10,9,13,4,16,213,OH,DCA,10
-8,9,13,4,12,199,OH,MHT,10
0,9,13,4,9,267,OH,BTV,10
-5,9,13,4,20,267,OH,BTV,10
-5,9,13,4,19,508,OH,DTW,10
0,9,13,4,14,184,OH,BWI,10
0,9,13,4,9,483,OH,CMH,10
-15,9,13,4,9,740,OH,ORD,10
-5,9,13,4,6,589,OH,CVG,10
10,9,13,4,18,184,OH,BWI,10
18,9,13,4,13,209,OH,SYR,10
67,9,13,4,9,187,OH,BOS,10
-5,9,13,4,8,94,OH,PHL,10
5,9,13,4,8,425,OH,CLE,10
0,9,13,4,13,274,OH,PWM,10
0,9,13,4,9,892,OH,STL,10
8,9,13,4,18,892,OH,STL,10
0,9,13,4,19,766,OH,BNA,10
-8,9,13,4,13,144,OH,PVD,10
-10,9,13,4,11,106,OH,BDL,10
0,9,13,4,8,508,OH,DTW,10
0,9,13,4,16,426,OH,RDU,10
-10,9,13,4,18,301,OH,BUF,10
-3,9,13,4,19,340,OH,PIT,10
0,9,13,4,20,289,OH,ORF,10
-5,9,13,4,18,213,OH,DCA,10
-10,9,13,4,15,267,OH,BTV,10
0,9,13,4,11,228,OH,IAD,10
-10,9,13,4,15,274,OH,PWM,10
-10,9,13,4,10,144,OH,PVD,10
-15,9,13,4,7,740,OH,ORD,10
-5,9,13,4,11,340,OH,PIT,10
-5,9,13,4,16,740,OH,ORD,10
0,9,13,4,18,144,OH,PVD,10
0,9,13,4,16,483,OH,CMH,10
0,9,13,4,19,740,OH,ORD,10
-10,9,13,4,8,340,OH,PIT,10
0,9,13,4,8,288,OH,RIC,10
73,9,13,4,13,766,OH,BNA,10
0,9,13,4,11,187,OH,BOS,10
0,9,13,4,14,187,OH,BOS,10
10,9,13,4,19,187,OH,BOS,10
-5,9,13,4,20,199,OH,MHT,10
-7,9,13,4,13,106,OH,BDL,10
-13,9,13,4,19,589,OH,CVG,10
-5,9,13,4,17,106,OH,BDL,10
-5,9,13,4,13,589,OH,CVG,10
0,9,13,4,9,264,OH,ROC,10
0,9,13,4,16,301,OH,BUF,10
20,9,13,4,20,274,OH,PWM,10
-10,9,13,4,13,145,OH,ALB,10
-10,9,13,4,18,425,OH,CLE,10
0,9,13,4,7,213,OH,DCA,10
-5,9,13,4,14,94,OH,PHL,10
-5,9,13,4,12,740,OH,ORD,10
-6,9,13,4,16,508,OH,DTW,10
-6,9,13,4,16,340,OH,PIT,10
-10,9,13,4,15,425,OH,CLE,10
15,9,14,5,11,213,OH,DCA,11
45,9,14,5,20,213,OH,DCA,11
15,9,14,5,16,213,OH,DCA,11
5,9,14,5,12,199,OH,MHT,11
0,9,14,5,9,267,OH,BTV,11
25,9,14,5,20,267,OH,BTV,11
40,9,14,5,19,508,OH,DTW,11
0,9,14,5,14,184,OH,BWI,11
0,9,14,5,9,483,OH,CMH,11
0,9,14,5,9,740,OH,ORD,11
-10,9,14,5,6,589,OH,CVG,11
-5,9,14,5,18,184,OH,BWI,11
0,9,14,5,13,209,OH,SYR,11
27,9,14,5,9,187,OH,BOS,11
-5,9,14,5,8,94,OH,PHL,11
0,9,14,5,8,425,OH,CLE,11
-1,9,14,5,13,274,OH,PWM,11
0,9,14,5,9,892,OH,STL,11
-5,9,14,5,18,892,OH,STL,11
164,9,14,5,19,766,OH,BNA,11
-4,9,14,5,17,589,OH,CVG,11
-6,9,14,5,13,144,OH,PVD,11
-10,9,14,5,11,106,OH,BDL,11
20,9,14,5,8,508,OH,DTW,11
25,9,14,5,16,426,OH,RDU,11
30,9,14,5,19,340,OH,PIT,11
-5,9,14,5,20,289,OH,ORF,11
-3,9,14,5,18,213,OH,DCA,11
-6,9,14,5,15,267,OH,BTV,11
14,9,14,5,11,228,OH,IAD,11
0,9,14,5,15,274,OH,PWM,11
0,9,14,5,10,144,OH,PVD,11
-5,9,14,5,7,740,OH,ORD,11
-7,9,14,5,11,340,OH,PIT,11
65,9,14,5,16,740,OH,ORD,11
10,9,14,5,18,144,OH,PVD,11
0,9,14,5,19,740,OH,ORD,11
0,9,14,5,8,340,OH,PIT,11
18,9,14,5,8,288,OH,RIC,11
100,9,14,5,13,766,OH,BNA,11
-5,9,14,5,11,187,OH,BOS,11
0,9,14,5,14,187,OH,BOS,11
-1,9,14,5,19,187,OH,BOS,11
0,9,14,5,20,199,OH,MHT,11
13,9,14,5,13,106,OH,BDL,11
0,9,14,5,19,589,OH,CVG,11
0,9,14,5,17,106,OH,BDL,11
17,9,14,5,13,589,OH,CVG,11
-6,9,14,5,9,264,OH,ROC,11
43,9,14,5,16,301,OH,BUF,11
35,9,14,5,20,274,OH,PWM,11
25,9,14,5,13,145,OH,ALB,11
-10,9,14,5,18,425,OH,CLE,11
-4,9,14,5,7,213,OH,DCA,11
0,9,14,5,14,94,OH,PHL,11
53,9,14,5,12,740,OH,ORD,11
-8,9,14,5,16,508,OH,DTW,11
50,9,14,5,16,340,OH,PIT,11
20,9,14,5,15,425,OH,CLE,11
25,9,15,6,11,213,OH,DCA,12
0,9,15,6,16,213,OH,DCA,12
-10,9,15,6,16,289,OH,ORF,12
-10,9,15,6,20,264,OH,ROC,12
-6,9,15,6,12,199,OH,MHT,12
12,9,15,6,19,508,OH,DTW,12
13,9,15,6,14,184,OH,BWI,12
29,9,15,6,19,199,OH,MHT,12
0,9,15,6,9,483,OH,CMH,12
-5,9,15,6,9,740,OH,ORD,12
0,9,15,6,6,589,OH,CVG,12
-5,9,15,6,18,184,OH,BWI,12
58,9,15,6,13,209,OH,SYR,12
-7,9,15,6,9,187,OH,BOS,12
-5,9,15,6,8,94,OH,PHL,12
0,9,15,6,8,425,OH,CLE,12
-3,9,15,6,15,209,OH,SYR,12
-5,9,15,6,18,892,OH,STL,12
-2,9,15,6,19,766,OH,BNA,12
0,9,15,6,13,144,OH,PVD,12
0,9,15,6,11,106,OH,BDL,12
15,9,15,6,8,508,OH,DTW,12
-5,9,15,6,16,426,OH,RDU,12
-5,9,15,6,19,340,OH,PIT,12
-5,9,15,6,18,213,OH,DCA,12
-7,9,15,6,11,228,OH,IAD,12
-10,9,15,6,10,144,OH,PVD,12
-5,9,15,6,7,740,OH,ORD,12
-15,9,15,6,11,340,OH,PIT,12
0,9,15,6,16,740,OH,ORD,12
-10,9,15,6,18,144,OH,PVD,12
0,9,15,6,19,740,OH,ORD,12
113,9,15,6,8,340,OH,PIT,12
-2,9,15,6,20,267,OH,BTV,12
13,9,15,6,8,288,OH,RIC,12
0,9,15,6,11,187,OH,BOS,12
0,9,15,6,16,94,OH,PHL,12
-10,9,15,6,14,187,OH,BOS,12
-3,9,15,6,19,187,OH,BOS,12
-4,9,15,6,13,106,OH,BDL,12
-6,9,15,6,19,589,OH,CVG,12
-10,9,15,6,17,106,OH,BDL,12
-8,9,15,6,9,264,OH,ROC,12
-10,9,15,6,16,301,OH,BUF,12
-15,9,15,6,20,274,OH,PWM,12
-10,9,15,6,13,145,OH,ALB,12
-3,9,15,6,18,425,OH,CLE,12
20,9,15,6,7,213,OH,DCA,12
0,9,15,6,14,94,OH,PHL,12
-10,9,15,6,13,589,OH,CVG,12
-5,9,15,6,12,740,OH,ORD,12
-5,9,15,6,16,508,OH,DTW,12
0,9,15,6,15,425,OH,CLE,12
-5,9,16,7,11,213,OH,DCA,13
173,9,16,7,20,213,OH,DCA,13
-3,9,16,7,16,213,OH,DCA,13
-10,9,16,7,12,199,OH,MHT,13
5,9,16,7,20,267,OH,BTV,13
-6,9,16,7,19,508,OH,DTW,13
0,9,16,7,14,184,OH,BWI,13
-8,9,16,7,9,483,OH,CMH,13
-5,9,16,7,9,740,OH,ORD,13
-10,9,16,7,6,589,OH,CVG,13
95,9,16,7,18,184,OH,BWI,13
-10,9,16,7,13,209,OH,SYR,13
0,9,16,7,9,187,OH,BOS,13
-5,9,16,7,18,892,OH,STL,13
0,9,16,7,19,766,OH,BNA,13
30,9,16,7,13,144,OH,PVD,13
-5,9,16,7,11,106,OH,BDL,13
-3,9,16,7,8,508,OH,DTW,13
0,9,16,7,16,426,OH,RDU,13
-5,9,16,7,19,340,OH,PIT,13
0,9,16,7,20,289,OH,ORF,13
20,9,16,7,18,213,OH,DCA,13
-10,9,16,7,15,267,OH,BTV,13
-5,9,16,7,15,274,OH,PWM,13
0,9,16,7,10,144,OH,PVD,13
-8,9,16,7,11,340,OH,PIT,13
-7,9,16,7,16,740,OH,ORD,13
-1,9,16,7,18,144,OH,PVD,13
0,9,16,7,16,483,OH,CMH,13
0,9,16,7,19,740,OH,ORD,13
0,9,16,7,8,340,OH,PIT,13
15,9,16,7,8,288,OH,RIC,13
15,9,16,7,13,766,OH,BNA,13
0,9,16,7,11,187,OH,BOS,13
0,9,16,7,14,187,OH,BOS,13
-5,9,16,7,19,187,OH,BOS,13
0,9,16,7,20,199,OH,MHT,13
13,9,16,7,13,106,OH,BDL,13
0,9,16,7,19,589,OH,CVG,13
30,9,16,7,13,589,OH,CVG,13
-10,9,16,7,17,106,OH,BDL,13
0,9,16,7,16,301,OH,BUF,13
35,9,16,7,20,274,OH,PWM,13
-10,9,16,7,13,145,OH,ALB,13
25,9,16,7,18,425,OH,CLE,13
0,9,16,7,14,94,OH,PHL,13
0,9,16,7,12,740,OH,ORD,13
0,9,16,7,16,508,OH,DTW,13
-5,9,16,7,16,340,OH,PIT,13
17,9,16,7,15,425,OH,CLE,13
32,9,17,1,11,213,OH,DCA,14
-7,9,17,1,20,213,OH,DCA,14
-2,9,17,1,16,213,OH,DCA,14
11,9,17,1,12,199,OH,MHT,14
15,9,17,1,20,267,OH,BTV,14
-7,9,17,1,19,508,OH,DTW,14
0,9,17,1,14,184,OH,BWI,14
7,9,17,1,9,483,OH,CMH,14
-5,9,17,1,9,740,OH,ORD,14
-5,9,17,1,6,589,OH,CVG,14
-8,9,17,1,18,184,OH,BWI,14
5,9,17,1,13,209,OH,SYR,14
-6,9,17,1,9,187,OH,BOS,14
0,9,17,1,8,94,OH,PHL,14
-5,9,17,1,8,425,OH,CLE,14
-5,9,17,1,9,892,OH,STL,14
-10,9,17,1,18,892,OH,STL,14
0,9,17,1,19,766,OH,BNA,14
0,9,17,1,13,144,OH,PVD,14
0,9,17,1,11,106,OH,BDL,14
0,9,17,1,8,508,OH,DTW,14
-5,9,17,1,16,426,OH,RDU,14
-2,9,17,1,19,340,OH,PIT,14
-10,9,17,1,20,289,OH,ORF,14
-3,9,17,1,18,213,OH,DCA,14
10,9,17,1,15,267,OH,BTV,14
-5,9,17,1,11,228,OH,IAD,14
-10,9,17,1,15,274,OH,PWM,14
21,9,17,1,10,144,OH,PVD,14
0,9,17,1,7,740,OH,ORD,14
10,9,17,1,11,340,OH,PIT,14
15,9,17,1,16,740,OH,ORD,14
0,9,17,1,18,144,OH,PVD,14
52,9,17,1,16,483,OH,CMH,14
11,9,17,1,19,740,OH,ORD,14
0,9,17,1,8,340,OH,PIT,14
-3,9,17,1,8,288,OH,RIC,14
0,9,17,1,13,766,OH,BNA,14
-5,9,17,1,11,187,OH,BOS,14
-10,9,17,1,14,187,OH,BOS,14
0,9,17,1,19,187,OH,BOS,14
0,9,17,1,20,199,OH,MHT,14
0,9,17,1,13,106,OH,BDL,14
0,9,17,1,19,589,OH,CVG,14
-3,9,17,1,13,589,OH,CVG,14
-5,9,17,1,17,106,OH,BDL,14
-15,9,17,1,9,264,OH,ROC,14
5,9,17,1,16,301,OH,BUF,14
-10,9,17,1,20,274,OH,PWM,14
-2,9,17,1,13,145,OH,ALB,14
95,9,17,1,18,425,OH,CLE,14
-5,9,17,1,7,213,OH,DCA,14
-6,9,17,1,14,94,OH,PHL,14
5,9,17,1,12,740,OH,ORD,14
-5,9,17,1,16,508,OH,DTW,14
-5,9,17,1,16,340,OH,PIT,14
0,9,17,1,15,425,OH,CLE,14
-5,9,18,2,11,213,OH,DCA,15
70,9,18,2,20,213,OH,DCA,15
30,9,18,2,16,213,OH,DCA,15
0,9,18,2,8,426,OH,RDU,15
60,9,18,2,20,267,OH,BTV,15
35,9,18,2,19,508,OH,DTW,15
5,9,18,2,14,184,OH,BWI,15
-5,9,18,2,9,483,OH,CMH,15
-10,9,18,2,9,740,OH,ORD,15
-2,9,18,2,6,589,OH,CVG,15
-10,9,18,2,18,184,OH,BWI,15
0,9,18,2,13,209,OH,SYR,15
0,9,18,2,9,187,OH,BOS,15
-8,9,18,2,8,425,OH,CLE,15
0,9,18,2,9,892,OH,STL,15
8,9,18,2,18,892,OH,STL,15
52,9,18,2,19,766,OH,BNA,15
-5,9,18,2,13,144,OH,PVD,15
0,9,18,2,11,106,OH,BDL,15
-5,9,18,2,8,508,OH,DTW,15
20,9,18,2,16,426,OH,RDU,15
95,9,18,2,19,340,OH,PIT,15
25,9,18,2,20,289,OH,ORF,15
-2,9,18,2,18,213,OH,DCA,15
-12,9,18,2,15,267,OH,BTV,15
0,9,18,2,11,228,OH,IAD,15
0,9,18,2,15,274,OH,PWM,15
0,9,18,2,10,144,OH,PVD,15
-5,9,18,2,7,740,OH,ORD,15
0,9,18,2,11,340,OH,PIT,15
-3,9,18,2,16,740,OH,ORD,15
-5,9,18,2,18,144,OH,PVD,15
-10,9,18,2,16,483,OH,CMH,15
20,9,18,2,19,740,OH,ORD,15
0,9,18,2,8,340,OH,PIT,15
0,9,18,2,8,288,OH,RIC,15
-3,9,18,2,13,766,OH,BNA,15
0,9,18,2,11,187,OH,BOS,15
-5,9,18,2,14,187,OH,BOS,15
0,9,18,2,19,187,OH,BOS,15
40,9,18,2,20,199,OH,MHT,15
-2,9,18,2,13,106,OH,BDL,15
45,9,18,2,19,589,OH,CVG,15
-10,9,18,2,13,589,OH,CVG,15
-7,9,18,2,17,106,OH,BDL,15
-5,9,18,2,9,264,OH,ROC,15
55,9,18,2,16,301,OH,BUF,15
50,9,18,2,20,274,OH,PWM,15
20,9,18,2,13,145,OH,ALB,15
-5,9,18,2,18,425,OH,CLE,15
-5,9,18,2,7,213,OH,DCA,15
-8,9,18,2,14,94,OH,PHL,15
-5,9,18,2,12,740,OH,ORD,15
-10,9,18,2,16,508,OH,DTW,15
0,9,18,2,16,340,OH,PIT,15
-10,9,18,2,15,425,OH,CLE,15
5,9,19,3,11,213,OH,DCA,16
22,9,19,3,20,213,OH,DCA,16
0,9,19,3,16,213,OH,DCA,16
0,9,19,3,12,199,OH,MHT,16
15,9,19,3,20,267,OH,BTV,16
-5,9,19,3,19,508,OH,DTW,16
-5,9,19,3,14,184,OH,BWI,16
7,9,19,3,9,483,OH,CMH,16
-5,9,19,3,9,740,OH,ORD,16
-10,9,19,3,6,589,OH,CVG,16
-5,9,19,3,18,184,OH,BWI,16
-5,9,19,3,13,209,OH,SYR,16
-10,9,19,3,9,187,OH,BOS,16
-10,9,19,3,8,94,OH,PHL,16
0,9,19,3,8,425,OH,CLE,16
-5,9,19,3,9,892,OH,STL,16
70,9,19,3,18,892,OH,STL,16
25,9,19,3,19,766,OH,BNA,16
0,9,19,3,13,144,OH,PVD,16
5,9,19,3,11,106,OH,BDL,16
0,9,19,3,8,508,OH,DTW,16
-5,9,19,3,16,426,OH,RDU,16
-5,9,19,3,19,340,OH,PIT,16
10,9,19,3,20,289,OH,ORF,16
-10,9,19,3,18,213,OH,DCA,16
-5,9,19,3,15,267,OH,BTV,16
-5,9,19,3,11,228,OH,IAD,16
10,9,19,3,15,274,OH,PWM,16
-6,9,19,3,10,144,OH,PVD,16
-15,9,19,3,7,740,OH,ORD,16
-10,9,19,3,11,340,OH,PIT,16
13,9,19,3,16,740,OH,ORD,16
-5,9,19,3,18,144,OH,PVD,16
97,9,19,3,16,483,OH,CMH,16
50,9,19,3,19,740,OH,ORD,16
10,9,19,3,8,340,OH,PIT,16
108,9,19,3,8,288,OH,RIC,16
0,9,19,3,13,766,OH,BNA,16
-5,9,19,3,11,187,OH,BOS,16
-7,9,19,3,14,187,OH,BOS,16
0,9,19,3,19,187,OH,BOS,16
10,9,19,3,20,199,OH,MHT,16
13,9,19,3,13,106,OH,BDL,16
-10,9,19,3,19,589,OH,CVG,16
-5,9,19,3,13,589,OH,CVG,16
0,9,19,3,17,106,OH,BDL,16
-10,9,19,3,9,264,OH,ROC,16
0,9,19,3,16,301,OH,BUF,16
5,9,19,3,20,274,OH,PWM,16
-10,9,19,3,13,145,OH,ALB,16
-10,9,19,3,18,425,OH,CLE,16
-5,9,19,3,7,213,OH,DCA,16
12,9,19,3,14,94,OH,PHL,16
5,9,19,3,12,740,OH,ORD,16
10,9,19,3,16,508,OH,DTW,16
10,9,19,3,16,340,OH,PIT,16
0,9,19,3,15,425,OH,CLE,16
22,9,20,4,11,213,OH,DCA,17
87,9,20,4,20,213,OH,DCA,17
14,9,20,4,16,213,OH,DCA,17
-3,9,20,4,12,199,OH,MHT,17
0,9,20,4,20,267,OH,BTV,17
0,9,20,4,19,508,OH,DTW,17
-5,9,20,4,14,184,OH,BWI,17
-3,9,20,4,9,483,OH,CMH,17
-10,9,20,4,9,740,OH,ORD,17
0,9,20,4,6,589,OH,CVG,17
0,9,20,4,18,184,OH,BWI,17
0,9,20,4,13,209,OH,SYR,17
-5,9,20,4,9,187,OH,BOS,17
0,9,20,4,8,94,OH,PHL,17
-10,9,20,4,8,425,OH,CLE,17
0,9,20,4,9,892,OH,STL,17
20,9,20,4,18,892,OH,STL,17
0,9,20,4,19,766,OH,BNA,17
0,9,20,4,13,144,OH,PVD,17
-10,9,20,4,11,106,OH,BDL,17
0,9,20,4,8,508,OH,DTW,17
15,9,20,4,16,426,OH,RDU,17
-5,9,20,4,19,340,OH,PIT,17
0,9,20,4,20,289,OH,ORF,17
50,9,20,4,18,213,OH,DCA,17
-5,9,20,4,15,267,OH,BTV,17
-10,9,20,4,11,228,OH,IAD,17
0,9,20,4,15,274,OH,PWM,17
-10,9,20,4,10,144,OH,PVD,17
-5,9,20,4,7,740,OH,ORD,17
-5,9,20,4,11,340,OH,PIT,17
0,9,20,4,16,740,OH,ORD,17
148,9,20,4,18,144,OH,PVD,17
-5,9,20,4,16,483,OH,CMH,17
0,9,20,4,19,740,OH,ORD,17
-5,9,20,4,8,340,OH,PIT,17
-7,9,20,4,8,288,OH,RIC,17
0,9,20,4,13,766,OH,BNA,17
-5,9,20,4,11,187,OH,BOS,17
-5,9,20,4,14,187,OH,BOS,17
0,9,20,4,19,187,OH,BOS,17
80,9,20,4,20,199,OH,MHT,17
0,9,20,4,13,106,OH,BDL,17
-10,9,20,4,19,589,OH,CVG,17
10,9,20,4,13,589,OH,CVG,17
8,9,20,4,17,106,OH,BDL,17
-10,9,20,4,9,264,OH,ROC,17
15,9,20,4,16,301,OH,BUF,17
55,9,20,4,20,274,OH,PWM,17
-10,9,20,4,13,145,OH,ALB,17
0,9,20,4,18,425,OH,CLE,17
-10,9,20,4,7,213,OH,DCA,17
0,9,20,4,14,94,OH,PHL,17
10,9,20,4,12,740,OH,ORD,17
0,9,20,4,16,508,OH,DTW,17
0,9,20,4,16,340,OH,PIT,17
-5,9,20,4,15,425,OH,CLE,17
0,9,21,5,11,213,OH,DCA,17
35,9,21,5,20,213,OH,DCA,17
-5,9,21,5,16,213,OH,DCA,17
0,9,21,5,12,199,OH,MHT,17
18,9,21,5,20,267,OH,BTV,17
-7,9,21,5,19,508,OH,DTW,17
-8,9,21,5,14,184,OH,BWI,17
47,9,21,5,9,483,OH,CMH,17
-5,9,21,5,9,740,OH,ORD,17
0,9,21,5,6,589,OH,CVG,17
-5,9,21,5,18,184,OH,BWI,17
25,9,21,5,13,209,OH,SYR,17
-5,9,21,5,9,187,OH,BOS,17
70,9,21,5,8,94,OH,PHL,17
75,9,21,5,8,425,OH,CLE,17
-5,9,21,5,9,892,OH,STL,17
15,9,21,5,18,892,OH,STL,17
0,9,21,5,19,766,OH,BNA,17
0,9,21,5,13,144,OH,PVD,17
-3,9,21,5,11,106,OH,BDL,17
106,9,21,5,8,508,OH,DTW,17
0,9,21,5,16,426,OH,RDU,17
85,9,21,5,19,340,OH,PIT,17
0,9,21,5,20,289,OH,ORF,17
0,9,21,5,18,213,OH,DCA,17
-10,9,21,5,15,267,OH,BTV,17
11,9,21,5,11,228,OH,IAD,17
-2,9,21,5,15,274,OH,PWM,17
-6,9,21,5,10,144,OH,PVD,17
50,9,21,5,7,740,OH,ORD,17
13,9,21,5,11,340,OH,PIT,17
8,9,21,5,16,740,OH,ORD,17
25,9,21,5,18,144,OH,PVD,17
-3,9,21,5,16,483,OH,CMH,17
30,9,21,5,19,740,OH,ORD,17
-5,9,21,5,8,340,OH,PIT,17
-10,9,21,5,8,288,OH,RIC,17
0,9,21,5,13,766,OH,BNA,17
0,9,21,5,11,187,OH,BOS,17
10,9,21,5,14,187,OH,BOS,17
105,9,21,5,19,187,OH,BOS,17
10,9,21,5,20,199,OH,MHT,17
0,9,21,5,13,106,OH,BDL,17
0,9,21,5,19,589,OH,CVG,17
30,9,21,5,13,589,OH,CVG,17
0,9,21,5,17,106,OH,BDL,17
-5,9,21,5,9,264,OH,ROC,17
0,9,21,5,16,301,OH,BUF,17
60,9,21,5,20,274,OH,PWM,17
0,9,21,5,13,145,OH,ALB,17
10,9,21,5,18,425,OH,CLE,17
0,9,21,5,7,213,OH,DCA,17
-4,9,21,5,14,94,OH,PHL,17
0,9,21,5,12,740,OH,ORD,17
51,9,21,5,16,508,OH,DTW,17
220,9,21,5,16,340,OH,PIT,17
55,9,21,5,15,425,OH,CLE,17
30,9,22,6,11,213,OH,DCA,16
45,9,22,6,16,213,OH,DCA,16
-10,9,22,6,16,289,OH,ORF,16
85,9,22,6,20,264,OH,ROC,16
-5,9,22,6,12,199,OH,MHT,16
92,9,22,6,19,508,OH,DTW,16
-3,9,22,6,14,184,OH,BWI,16
0,9,22,6,19,199,OH,MHT,16
22,9,22,6,9,483,OH,CMH,16
-9,9,22,6,9,740,OH,ORD,16
-5,9,22,6,6,589,OH,CVG,16
15,9,22,6,18,184,OH,BWI,16
-10,9,22,6,13,209,OH,SYR,16
12,9,22,6,9,187,OH,BOS,16
-5,9,22,6,8,94,OH,PHL,16
-2,9,22,6,8,425,OH,CLE,16
0,9,22,6,15,209,OH,SYR,16
154,9,22,6,18,892,OH,STL,16
0,9,22,6,19,766,OH,BNA,16
10,9,22,6,13,144,OH,PVD,16
-5,9,22,6,11,106,OH,BDL,16
-5,9,22,6,8,508,OH,DTW,16
-5,9,22,6,16,426,OH,RDU,16
7,9,22,6,19,340,OH,PIT,16
-5,9,22,6,11,228,OH,IAD,16
-5,9,22,6,10,144,OH,PVD,16
0,9,22,6,7,740,OH,ORD,16
-10,9,22,6,11,340,OH,PIT,16
0,9,22,6,16,740,OH,ORD,16
33,9,22,6,18,144,OH,PVD,16
-5,9,22,6,19,740,OH,ORD,16
-3,9,22,6,8,340,OH,PIT,16
90,9,22,6,20,267,OH,BTV,16
-5,9,22,6,8,288,OH,RIC,16
0,9,22,6,11,187,OH,BOS,16
70,9,22,6,16,94,OH,PHL,16
0,9,22,6,14,187,OH,BOS,16
75,9,22,6,19,187,OH,BOS,16
118,9,22,6,13,106,OH,BDL,16
17,9,22,6,19,589,OH,CVG,16
0,9,22,6,13,589,OH,CVG,16
140,9,22,6,17,106,OH,BDL,16
0,9,22,6,9,264,OH,ROC,16
-7,9,22,6,16,301,OH,BUF,16
80,9,22,6,20,274,OH,PWM,16
-10,9,22,6,13,145,OH,ALB,16
140,9,22,6,18,425,OH,CLE,16
15,9,22,6,7,213,OH,DCA,16
0,9,22,6,14,94,OH,PHL,16
0,9,22,6,12,740,OH,ORD,16
0,9,22,6,16,508,OH,DTW,16
330,9,22,6,15,425,OH,CLE,16
75,9,23,7,11,213,OH,DCA,15
115,9,23,7,20,213,OH,DCA,15
25,9,23,7,16,213,OH,DCA,15
0,9,23,7,12,199,OH,MHT,15
50,9,23,7,20,267,OH,BTV,15
47,9,23,7,19,508,OH,DTW,15
0,9,23,7,14,184,OH,BWI,15
-10,9,23,7,9,483,OH,CMH,15
0,9,23,7,9,740,OH,ORD,15
-5,9,23,7,6,589,OH,CVG,15
-5,9,23,7,18,184,OH,BWI,15
-7,9,23,7,13,209,OH,SYR,15
260,9,23,7,9,187,OH,BOS,15
30,9,23,7,18,892,OH,STL,15
40,9,23,7,19,766,OH,BNA,15
-10,9,23,7,13,144,OH,PVD,15
0,9,23,7,11,106,OH,BDL,15
0,9,23,7,8,508,OH,DTW,15
25,9,23,7,16,426,OH,RDU,15
50,9,23,7,19,340,OH,PIT,15
170,9,23,7,20,289,OH,ORF,15
110,9,23,7,18,213,OH,DCA,15
-10,9,23,7,15,267,OH,BTV,15
20,9,23,7,15,274,OH,PWM,15
-10,9,23,7,10,144,OH,PVD,15
0,9,23,7,11,340,OH,PIT,15
0,9,23,7,16,740,OH,ORD,15
85,9,23,7,18,144,OH,PVD,15
0,9,23,7,16,483,OH,CMH,15
120,9,23,7,19,740,OH,ORD,15
0,9,23,7,8,340,OH,PIT,15
0,9,23,7,8,288,OH,RIC,15
0,9,23,7,13,766,OH,BNA,15
0,9,23,7,11,187,OH,BOS,15
0,9,23,7,14,187,OH,BOS,15
-9,9,23,7,19,187,OH,BOS,15
100,9,23,7,20,199,OH,MHT,15
5,9,23,7,13,106,OH,BDL,15
34,9,23,7,19,589,OH,CVG,15
0,9,23,7,13,589,OH,CVG,15
-10,9,23,7,17,106,OH,BDL,15
10,9,23,7,16,301,OH,BUF,15
25,9,23,7,20,274,OH,PWM,15
-10,9,23,7,13,145,OH,ALB,15
35,9,23,7,18,425,OH,CLE,15
-5,9,23,7,14,94,OH,PHL,15
0,9,23,7,12,740,OH,ORD,15
0,9,23,7,16,508,OH,DTW,15
0,9,23,7,16,340,OH,PIT,15
40,9,23,7,15,425,OH,CLE,15
92,9,24,1,11,213,OH,DCA,14
43,9,24,1,20,213,OH,DCA,14
55,9,24,1,16,213,OH,DCA,14
0,9,24,1,12,199,OH,MHT,14
32,9,24,1,20,267,OH,BTV,14
55,9,24,1,19,508,OH,DTW,14
40,9,24,1,14,184,OH,BWI,14
-10,9,24,1,9,483,OH,CMH,14
-5,9,24,1,9,740,OH,ORD,14
-2,9,24,1,6,589,OH,CVG,14
-10,9,24,1,18,184,OH,BWI,14
-5,9,24,1,13,209,OH,SYR,14
-5,9,24,1,9,187,OH,BOS,14
58,9,24,1,8,94,OH,PHL,14
0,9,24,1,8,425,OH,CLE,14
-5,9,24,1,9,892,OH,STL,14
45,9,24,1,18,892,OH,STL,14
28,9,24,1,19,766,OH,BNA,14
0,9,24,1,13,144,OH,PVD,14
-10,9,24,1,11,106,OH,BDL,14
0,9,24,1,8,508,OH,DTW,14
65,9,24,1,16,426,OH,RDU,14
20,9,24,1,19,340,OH,PIT,14
-6,9,24,1,20,289,OH,ORF,14
-5,9,24,1,18,213,OH,DCA,14
0,9,24,1,15,267,OH,BTV,14
-5,9,24,1,11,228,OH,IAD,14
0,9,24,1,15,274,OH,PWM,14
-5,9,24,1,10,144,OH,PVD,14
0,9,24,1,7,740,OH,ORD,14
40,9,24,1,11,340,OH,PIT,14
60,9,24,1,16,740,OH,ORD,14
50,9,24,1,18,144,OH,PVD,14
10,9,24,1,19,740,OH,ORD,14
0,9,24,1,8,340,OH,PIT,14
0,9,24,1,8,288,OH,RIC,14
25,9,24,1,13,766,OH,BNA,14
0,9,24,1,11,187,OH,BOS,14
0,9,24,1,14,187,OH,BOS,14
25,9,24,1,19,187,OH,BOS,14
0,9,24,1,20,199,OH,MHT,14
0,9,24,1,13,106,OH,BDL,14
0,9,24,1,19,589,OH,CVG,14
-5,9,24,1,13,589,OH,CVG,14
20,9,24,1,17,106,OH,BDL,14
-10,9,24,1,9,264,OH,ROC,14
105,9,24,1,16,301,OH,BUF,14
25,9,24,1,20,274,OH,PWM,14
0,9,24,1,13,145,OH,ALB,14
15,9,24,1,18,425,OH,CLE,14
0,9,24,1,7,213,OH,DCA,14
-5,9,24,1,14,94,OH,PHL,14
70,9,24,1,12,740,OH,ORD,14
56,9,24,1,16,508,OH,DTW,14
95,9,24,1,16,340,OH,PIT,14
19,9,25,2,11,213,OH,DCA,13
20,9,25,2,20,213,OH,DCA,13
0,9,25,2,16,213,OH,DCA,13
-8,9,25,2,8,426,OH,RDU,13
-3,9,25,2,20,267,OH,BTV,13
-7,9,25,2,19,508,OH,DTW,13
5,9,25,2,14,184,OH,BWI,13
-10,9,25,2,9,483,OH,CMH,13
-10,9,25,2,9,740,OH,ORD,13
0,9,25,2,6,589,OH,CVG,13
-10,9,25,2,18,184,OH,BWI,13
-15,9,25,2,13,209,OH,SYR,13
-5,9,25,2,9,187,OH,BOS,13
0,9,25,2,8,425,OH,CLE,13
0,9,25,2,9,892,OH,STL,13
0,9,25,2,18,892,OH,STL,13
8,9,25,2,19,766,OH,BNA,13
-10,9,25,2,13,144,OH,PVD,13
-10,9,25,2,11,106,OH,BDL,13
-5,9,25,2,8,508,OH,DTW,13
25,9,25,2,16,426,OH,RDU,13
-8,9,25,2,19,340,OH,PIT,13
-1,9,25,2,20,289,OH,ORF,13
-5,9,25,2,18,213,OH,DCA,13
-10,9,25,2,15,267,OH,BTV,13
0,9,25,2,11,228,OH,IAD,13
5,9,25,2,15,274,OH,PWM,13
-6,9,25,2,10,144,OH,PVD,13
-5,9,25,2,7,740,OH,ORD,13
15,9,25,2,11,340,OH,PIT,13
5,9,25,2,16,740,OH,ORD,13
0,9,25,2,18,144,OH,PVD,13
52,9,25,2,16,483,OH,CMH,13
60,9,25,2,19,740,OH,ORD,13
-5,9,25,2,8,340,OH,PIT,13
-5,9,25,2,8,288,OH,RIC,13
0,9,25,2,13,766,OH,BNA,13
0,9,25,2,11,187,OH,BOS,13
-5,9,25,2,14,187,OH,BOS,13
0,9,25,2,19,187,OH,BOS,13
10,9,25,2,20,199,OH,MHT,13
0,9,25,2,13,106,OH,BDL,13
-10,9,25,2,19,589,OH,CVG,13
-10,9,25,2,17,106,OH,BDL,13
0,9,25,2,9,264,OH,ROC,13
-5,9,25,2,16,301,OH,BUF,13
5,9,25,2,20,274,OH,PWM,13
-5,9,25,2,13,145,OH,ALB,13
0,9,25,2,18,425,OH,CLE,13
0,9,25,2,7,213,OH,DCA,13
9,9,25,2,14,94,OH,PHL,13
0,9,25,2,12,740,OH,ORD,13
-4,9,25,2,16,508,OH,DTW,13
0,9,25,2,16,340,OH,PIT,13
30,9,25,2,15,425,OH,CLE,13
0,9,26,3,11,213,OH,DCA,12
10,9,26,3,20,213,OH,DCA,12
0,9,26,3,16,213,OH,DCA,12
-10,9,26,3,12,199,OH,MHT,12
32,9,26,3,20,267,OH,BTV,12
-5,9,26,3,19,508,OH,DTW,12
30,9,26,3,14,184,OH,BWI,12
-3,9,26,3,9,483,OH,CMH,12
-7,9,26,3,9,740,OH,ORD,12
0,9,26,3,6,589,OH,CVG,12
15,9,26,3,18,184,OH,BWI,12
0,9,26,3,13,209,OH,SYR,12
-7,9,26,3,9,187,OH,BOS,12
-10,9,26,3,8,94,OH,PHL,12
-5,9,26,3,8,425,OH,CLE,12
-5,9,26,3,9,892,OH,STL,12
-7,9,26,3,18,892,OH,STL,12
10,9,26,3,19,766,OH,BNA,12
0,9,26,3,13,144,OH,PVD,12
0,9,26,3,11,106,OH,BDL,12
-5,9,26,3,8,508,OH,DTW,12
0,9,26,3,16,426,OH,RDU,12
45,9,26,3,19,340,OH,PIT,12
42,9,26,3,20,289,OH,ORF,12
0,9,26,3,18,213,OH,DCA,12
-5,9,26,3,15,267,OH,BTV,12
0,9,26,3,11,228,OH,IAD,12
0,9,26,3,15,274,OH,PWM,12
0,9,26,3,10,144,OH,PVD,12
-10,9,26,3,7,740,OH,ORD,12
-5,9,26,3,11,340,OH,PIT,12
0,9,26,3,16,740,OH,ORD,12
-5,9,26,3,18,144,OH,PVD,12
0,9,26,3,16,483,OH,CMH,12
46,9,26,3,19,740,OH,ORD,12
-2,9,26,3,8,340,OH,PIT,12
10,9,26,3,8,288,OH,RIC,12
25,9,26,3,13,766,OH,BNA,12
7,9,26,3,11,187,OH,BOS,12
0,9,26,3,14,187,OH,BOS,12
0,9,26,3,19,187,OH,BOS,12
65,9,26,3,20,199,OH,MHT,12
-10,9,26,3,13,106,OH,BDL,12
-8,9,26,3,19,589,OH,CVG,12
-5,9,26,3,13,589,OH,CVG,12
-7,9,26,3,17,106,OH,BDL,12
-10,9,26,3,9,264,OH,ROC,12
0,9,26,3,16,301,OH,BUF,12
50,9,26,3,20,274,OH,PWM,12
0,9,26,3,13,145,OH,ALB,12
0,9,26,3,18,425,OH,CLE,12
0,9,26,3,7,213,OH,DCA,12
15,9,26,3,14,94,OH,PHL,12
-5,9,26,3,12,740,OH,ORD,12
0,9,26,3,16,508,OH,DTW,12
0,9,26,3,16,340,OH,PIT,12
-10,9,26,3,15,425,OH,CLE,12
25,9,27,4,11,213,OH,DCA,11
135,9,27,4,16,213,OH,DCA,11
0,9,27,4,12,199,OH,MHT,11
35,9,27,4,20,267,OH,BTV,11
0,9,27,4,14,184,OH,BWI,11
-3,9,27,4,9,483,OH,CMH,11
0,9,27,4,9,740,OH,ORD,11
0,9,27,4,6,589,OH,CVG,11
67,9,27,4,18,184,OH,BWI,11
0,9,27,4,13,209,OH,SYR,11
-6,9,27,4,9,187,OH,BOS,11
0,9,27,4,8,94,OH,PHL,11
-5,9,27,4,8,425,OH,CLE,11
-5,9,27,4,9,892,OH,STL,11
46,9,27,4,18,892,OH,STL,11
-5,9,27,4,13,144,OH,PVD,11
-5,9,27,4,11,106,OH,BDL,11
0,9,27,4,8,508,OH,DTW,11
15,9,27,4,16,426,OH,RDU,11
23,9,27,4,15,267,OH,BTV,11
-10,9,27,4,11,228,OH,IAD,11
77,9,27,4,15,274,OH,PWM,11
-2,9,27,4,10,144,OH,PVD,11
-5,9,27,4,7,740,OH,ORD,11
-5,9,27,4,11,340,OH,PIT,11
0,9,27,4,16,740,OH,ORD,11
52,9,27,4,16,483,OH,CMH,11
0,9,27,4,19,740,OH,ORD,11
9,9,27,4,8,340,OH,PIT,11
0,9,27,4,8,288,OH,RIC,11
7,9,27,4,13,766,OH,BNA,11
-5,9,27,4,11,187,OH,BOS,11
0,9,27,4,14,187,OH,BOS,11
115,9,27,4,19,187,OH,BOS,11
125,9,27,4,20,199,OH,MHT,11
0,9,27,4,13,106,OH,BDL,11
-5,9,27,4,13,589,OH,CVG,11
146,9,27,4,17,106,OH,BDL,11
0,9,27,4,9,264,OH,ROC,11
35,9,27,4,16,301,OH,BUF,11
145,9,27,4,20,274,OH,PWM,11
0,9,27,4,13,145,OH,ALB,11
-5,9,27,4,7,213,OH,DCA,11
0,9,27,4,14,94,OH,PHL,11
-10,9,27,4,12,740,OH,ORD,11
15,9,27,4,16,508,OH,DTW,11
50,9,27,4,16,340,OH,PIT,11
0,9,27,4,15,425,OH,CLE,11
25,9,28,5,11,213,OH,DCA,10
80,9,28,5,20,213,OH,DCA,10
10,9,28,5,16,213,OH,DCA,10
-3,9,28,5,12,199,OH,MHT,10
45,9,28,5,20,267,OH,BTV,10
0,9,28,5,19,508,OH,DTW,10
37,9,28,5,14,184,OH,BWI,10
0,9,28,5,9,483,OH,CMH,10
-5,9,28,5,9,740,OH,ORD,10
0,9,28,5,6,589,OH,CVG,10
0,9,28,5,18,184,OH,BWI,10
0,9,28,5,13,209,OH,SYR,10
20,9,28,5,9,187,OH,BOS,10
-5,9,28,5,8,94,OH,PHL,10
25,9,28,5,8,425,OH,CLE,10
-5,9,28,5,9,892,OH,STL,10
-3,9,28,5,18,892,OH,STL,10
-8,9,28,5,19,766,OH,BNA,10
65,9,28,5,13,144,OH,PVD,10
-6,9,28,5,11,106,OH,BDL,10
18,9,28,5,8,508,OH,DTW,10
0,9,28,5,16,426,OH,RDU,10
30,9,28,5,19,340,OH,PIT,10
30,9,28,5,20,289,OH,ORF,10
0,9,28,5,18,213,OH,DCA,10
0,9,28,5,15,267,OH,BTV,10
10,9,28,5,11,228,OH,IAD,10
0,9,28,5,15,274,OH,PWM,10
0,9,28,5,10,144,OH,PVD,10
-5,9,28,5,7,740,OH,ORD,10
50,9,28,5,11,340,OH,PIT,10
0,9,28,5,16,740,OH,ORD,10
0,9,28,5,18,144,OH,PVD,10
0,9,28,5,16,483,OH,CMH,10
0,9,28,5,19,740,OH,ORD,10
0,9,28,5,8,340,OH,PIT,10
0,9,28,5,8,288,OH,RIC,10
0,9,28,5,13,766,OH,BNA,10
-10,9,28,5,11,187,OH,BOS,10
-3,9,28,5,14,187,OH,BOS,10
47,9,28,5,19,187,OH,BOS,10
145,9,28,5,20,199,OH,MHT,10
-7,9,28,5,13,106,OH,BDL,10
34,9,28,5,19,589,OH,CVG,10
0,9,28,5,13,589,OH,CVG,10
60,9,28,5,17,106,OH,BDL,10
-10,9,28,5,9,264,OH,ROC,10
20,9,28,5,16,301,OH,BUF,10
43,9,28,5,20,274,OH,PWM,10
-5,9,28,5,13,145,OH,ALB,10
-5,9,28,5,18,425,OH,CLE,10
-5,9,28,5,7,213,OH,DCA,10
-5,9,28,5,14,94,OH,PHL,10
13,9,28,5,12,740,OH,ORD,10
0,9,28,5,16,508,OH,DTW,10
20,9,28,5,16,340,OH,PIT,10
0,9,28,5,15,425,OH,CLE,10
15,9,29,6,11,213,OH,DCA,9
-10,9,29,6,16,213,OH,DCA,9
0,9,29,6,16,289,OH,ORF,9
0,9,29,6,20,264,OH,ROC,9
0,9,29,6,12,199,OH,MHT,9
0,9,29,6,19,508,OH,DTW,9
-5,9,29,6,14,184,OH,BWI,9
-1,9,29,6,19,199,OH,MHT,9
-10,9,29,6,9,483,OH,CMH,9
0,9,29,6,9,740,OH,ORD,9
42,9,29,6,6,589,OH,CVG,9
-5,9,29,6,18,184,OH,BWI,9
-10,9,29,6,13,209,OH,SYR,9
0,9,29,6,9,187,OH,BOS,9
-10,9,29,6,8,94,OH,PHL,9
-5,9,29,6,8,425,OH,CLE,9
10,9,29,6,15,209,OH,SYR,9
-5,9,29,6,18,892,OH,STL,9
10,9,29,6,19,766,OH,BNA,9
0,9,29,6,13,144,OH,PVD,9
-10,9,29,6,11,106,OH,BDL,9
0,9,29,6,8,508,OH,DTW,9
20,9,29,6,16,426,OH,RDU,9
31,9,29,6,19,340,OH,PIT,9
-5,9,29,6,18,213,OH,DCA,9
0,9,29,6,11,228,OH,IAD,9
-10,9,29,6,10,144,OH,PVD,9
-5,9,29,6,7,740,OH,ORD,9
-3,9,29,6,11,340,OH,PIT,9
-8,9,29,6,16,740,OH,ORD,9
-5,9,29,6,18,144,OH,PVD,9
0,9,29,6,19,740,OH,ORD,9
-2,9,29,6,8,340,OH,PIT,9
45,9,29,6,20,267,OH,BTV,9
0,9,29,6,8,288,OH,RIC,9
-3,9,29,6,11,187,OH,BOS,9
0,9,29,6,16,94,OH,PHL,9
-10,9,29,6,14,187,OH,BOS,9
0,9,29,6,19,187,OH,BOS,9
0,9,29,6,13,106,OH,BDL,9
-3,9,29,6,19,589,OH,CVG,9
10,9,29,6,13,589,OH,CVG,9
-5,9,29,6,17,106,OH,BDL,9
0,9,29,6,9,264,OH,ROC,9
0,9,29,6,16,301,OH,BUF,9
0,9,29,6,20,274,OH,PWM,9
-5,9,29,6,13,145,OH,ALB,9
0,9,29,6,18,425,OH,CLE,9
-10,9,29,6,7,213,OH,DCA,9
0,9,29,6,14,94,OH,PHL,9
10,9,29,6,12,740,OH,ORD,9
-9,9,29,6,16,508,OH,DTW,9
-5,9,29,6,15,425,OH,CLE,9
15,9,30,7,11,213,OH,DCA,8
75,9,30,7,20,213,OH,DCA,8
0,9,30,7,16,213,OH,DCA,8
0,9,30,7,12,199,OH,MHT,8
-5,9,30,7,20,267,OH,BTV,8
60,9,30,7,19,508,OH,DTW,8
0,9,30,7,14,184,OH,BWI,8
77,9,30,7,9,483,OH,CMH,8
36,9,30,7,9,740,OH,ORD,8
60,9,30,7,6,589,OH,CVG,8
0,9,30,7,18,184,OH,BWI,8
-5,9,30,7,13,209,OH,SYR,8
-5,9,30,7,9,187,OH,BOS,8
0,9,30,7,18,892,OH,STL,8
85,9,30,7,19,766,OH,BNA,8
0,9,30,7,13,144,OH,PVD,8
-5,9,30,7,11,106,OH,BDL,8
-2,9,30,7,8,508,OH,DTW,8
0,9,30,7,16,426,OH,RDU,8
0,9,30,7,19,340,OH,PIT,8
-5,9,30,7,18,213,OH,DCA,8
10,9,30,7,15,267,OH,BTV,8
0,9,30,7,20,264,OH,ROC,8
0,9,30,7,15,274,OH,PWM,8
-10,9,30,7,10,144,OH,PVD,8
25,9,30,7,11,340,OH,PIT,8
0,9,30,7,16,740,OH,ORD,8
-7,9,30,7,18,144,OH,PVD,8
12,9,30,7,16,483,OH,CMH,8
35,9,30,7,19,740,OH,ORD,8
-10,9,30,7,8,340,OH,PIT,8
0,9,30,7,8,288,OH,RIC,8
0,9,30,7,13,766,OH,BNA,8
-10,9,30,7,11,187,OH,BOS,8
25,9,30,7,14,187,OH,BOS,8
0,9,30,7,19,187,OH,BOS,8
0,9,30,7,20,199,OH,MHT,8
0,9,30,7,13,106,OH,BDL,8
44,9,30,7,19,589,OH,CVG,8
0,9,30,7,13,589,OH,CVG,8
-3,9,30,7,17,106,OH,BDL,8
0,9,30,7,16,301,OH,BUF,8
10,9,30,7,20,274,OH,PWM,8
0,9,30,7,13,145,OH,ALB,8
-10,9,30,7,18,425,OH,CLE,8
10,9,30,7,14,94,OH,PHL,8
0,9,30,7,12,740,OH,ORD,8
16,9,30,7,16,508,OH,DTW,8
8,9,30,7,16,340,OH,PIT,8
15,9,30,7,15,425,OH,CLE,8
-5,9,1,6,6,2586,UA,SFO,2
0,9,3,1,6,2586,UA,SFO,0
-4,9,4,2,6,2586,UA,SFO,1
4,9,5,3,6,2586,UA,SFO,2
-8,9,6,4,6,2586,UA,SFO,3
-5,9,7,5,6,2586,UA,SFO,4
-4,9,8,6,6,2586,UA,SFO,5
-3,9,9,7,6,2586,UA,SFO,6
0,9,10,1,6,2586,UA,SFO,7
-15,9,11,2,6,2586,UA,SFO,8
-4,9,12,3,6,2586,UA,SFO,9
-6,9,13,4,6,2586,UA,SFO,10
-7,9,14,5,6,2586,UA,SFO,11
-1,9,15,6,6,2586,UA,SFO,12
-4,9,16,7,6,2586,UA,SFO,13
0,9,17,1,6,2586,UA,SFO,14
-1,9,18,2,6,2586,UA,SFO,15
-3,9,19,3,6,2586,UA,SFO,16
4,9,20,4,6,2586,UA,SFO,17
-5,9,21,5,6,2586,UA,SFO,17
-7,9,22,6,6,2586,UA,SFO,16
2,9,23,7,6,2586,UA,SFO,15
-3,9,24,1,6,2586,UA,SFO,14
-1,9,25,2,6,2586,UA,SFO,13
-1,9,26,3,6,2586,UA,SFO,12
-1,9,27,4,6,2586,UA,SFO,11
-4,9,28,5,6,2586,UA,SFO,10
2,9,29,6,6,2586,UA,SFO,9
10,9,30,7,6,2586,UA,SFO,8
-1,9,1,6,8,2586,UA,SFO,2
-6,9,2,7,8,2586,UA,SFO,1
-3,9,3,1,8,2586,UA,SFO,0
56,9,4,2,8,2586,UA,SFO,1
-7,9,5,3,8,2586,UA,SFO,2
-2,9,6,4,8,2586,UA,SFO,3
-8,9,7,5,8,2586,UA,SFO,4
0,9,8,6,8,2586,UA,SFO,5
8,9,9,7,8,2586,UA,SFO,6
-7,9,10,1,8,2586,UA,SFO,7
-6,9,11,2,8,2586,UA,SFO,8
1,9,12,3,8,2586,UA,SFO,9
-5,9,13,4,8,2586,UA,SFO,10
-11,9,14,5,8,2586,UA,SFO,11
-5,9,15,6,8,2586,UA,SFO,12
-5,9,16,7,8,2586,UA,SFO,13
-1,9,17,1,8,2586,UA,SFO,14
39,9,18,2,8,2586,UA,SFO,15
-4,9,19,3,8,2586,UA,SFO,16
7,9,20,4,8,2586,UA,SFO,17
-6,9,21,5,8,2586,UA,SFO,17
0,9,22,6,8,2586,UA,SFO,16
-9,9,23,7,8,2586,UA,SFO,15
0,9,24,1,8,2586,UA,SFO,14
-3,9,25,2,8,2586,UA,SFO,13
-8,9,26,3,8,2586,UA,SFO,12
-3,9,27,4,8,2586,UA,SFO,11
0,9,28,5,8,2586,UA,SFO,10
-3,9,29,6,8,2586,UA,SFO,9
-3,9,30,7,8,2586,UA,SFO,8
0,9,1,6,11,2586,UA,SFO,2
-7,9,2,7,11,2586,UA,SFO,1
1,9,3,1,11,2586,UA,SFO,0
-8,9,4,2,11,2586,UA,SFO,1
-6,9,5,3,11,2586,UA,SFO,2
-9,9,6,4,11,2586,UA,SFO,3
-1,9,7,5,11,2586,UA,SFO,4
1,9,8,6,11,2586,UA,SFO,5
-6,9,9,7,11,2586,UA,SFO,6
-9,9,10,1,11,2586,UA,SFO,7
-9,9,11,2,11,2586,UA,SFO,8
-5,9,12,3,11,2586,UA,SFO,9
-7,9,13,4,11,2586,UA,SFO,10
-4,9,14,5,11,2586,UA,SFO,11
-8,9,15,6,11,2586,UA,SFO,12
-3,9,16,7,11,2586,UA,SFO,13
-2,9,17,1,11,2586,UA,SFO,14
-5,9,18,2,11,2586,UA,SFO,15
-2,9,19,3,11,2586,UA,SFO,16
1,9,20,4,11,2586,UA,SFO,17
0,9,21,5,11,2586,UA,SFO,17
-8,9,22,6,11,2586,UA,SFO,16
-7,9,23,7,11,2586,UA,SFO,15
-5,9,24,1,11,2586,UA,SFO,14
-2,9,25,2,11,2586,UA,SFO,13
130,9,26,3,11,2586,UA,SFO,12
0,9,27,4,11,2586,UA,SFO,11
-4,9,28,5,11,2586,UA,SFO,10
1,9,29,6,11,2586,UA,SFO,9
-5,9,30,7,11,2586,UA,SFO,8
-1,9,1,6,15,2586,UA,SFO,2
-4,9,2,7,15,2586,UA,SFO,1
0,9,3,1,15,2586,UA,SFO,0
6,9,4,2,15,2586,UA,SFO,1
6,9,5,3,15,2586,UA,SFO,2
-6,9,6,4,15,2586,UA,SFO,3
-5,9,7,5,15,2586,UA,SFO,4
-5,9,8,6,15,2586,UA,SFO,5
1,9,9,7,15,2586,UA,SFO,6
2,9,10,1,15,2586,UA,SFO,7
14,9,11,2,15,2586,UA,SFO,8
15,9,12,3,15,2586,UA,SFO,9
-8,9,13,4,15,2586,UA,SFO,10
-2,9,14,5,15,2586,UA,SFO,11
2,9,15,6,15,2586,UA,SFO,12
16,9,16,7,15,2586,UA,SFO,13
-3,9,17,1,15,2586,UA,SFO,14
5,9,18,2,15,2586,UA,SFO,15
-1,9,19,3,15,2586,UA,SFO,16
-5,9,20,4,15,2586,UA,SFO,17
3,9,21,5,15,2586,UA,SFO,17
4,9,22,6,15,2586,UA,SFO,16
1,9,23,7,15,2586,UA,SFO,15
-4,9,24,1,15,2586,UA,SFO,14
-1,9,25,2,15,2586,UA,SFO,13
-4,9,26,3,15,2586,UA,SFO,12
-3,9,27,4,15,2586,UA,SFO,11
-4,9,28,5,15,2586,UA,SFO,10
-5,9,29,6,15,2586,UA,SFO,9
-5,9,30,7,15,2586,UA,SFO,8
1,9,1,6,17,2586,UA,SFO,2
-1,9,3,1,17,2586,UA,SFO,0
0,9,4,2,17,2586,UA,SFO,1
32,9,5,3,17,2586,UA,SFO,2
57,9,6,4,17,2586,UA,SFO,3
14,9,7,5,17,2586,UA,SFO,4
20,9,8,6,17,2586,UA,SFO,5
-9,9,9,7,17,2586,UA,SFO,6
1,9,10,1,17,2586,UA,SFO,7
8,9,11,2,17,2586,UA,SFO,8
9,9,12,3,17,2586,UA,SFO,9
47,9,13,4,17,2586,UA,SFO,10
-4,9,14,5,17,2586,UA,SFO,11
-3,9,15,6,17,2586,UA,SFO,12
-1,9,16,7,17,2586,UA,SFO,13
17,9,17,1,17,2586,UA,SFO,14
144,9,18,2,17,2586,UA,SFO,15
200,9,19,3,17,2586,UA,SFO,16
94,9,20,4,17,2586,UA,SFO,17
20,9,21,5,17,2586,UA,SFO,17
11,9,22,6,17,2586,UA,SFO,16
-3,9,23,7,17,2586,UA,SFO,15
73,9,24,1,17,2586,UA,SFO,14
7,9,25,2,17,2586,UA,SFO,13
17,9,26,3,17,2586,UA,SFO,12
44,9,27,4,17,2586,UA,SFO,11
-2,9,28,5,17,2586,UA,SFO,10
6,9,29,6,17,2586,UA,SFO,9
16,9,30,7,17,2586,UA,SFO,8
-3,9,2,7,20,2586,UA,SFO,1
2,9,3,1,20,2586,UA,SFO,0
-2,9,5,3,20,2586,UA,SFO,2
-1,9,6,4,20,2586,UA,SFO,3
-6,9,7,5,20,2586,UA,SFO,4
-7,9,9,7,20,2586,UA,SFO,6
125,9,10,1,20,2586,UA,SFO,7
114,9,11,2,20,2586,UA,SFO,8
-4,9,12,3,20,2586,UA,SFO,9
-9,9,13,4,20,2586,UA,SFO,10
-6,9,14,5,20,2586,UA,SFO,11
0,9,16,7,20,2586,UA,SFO,13
3,9,17,1,20,2586,UA,SFO,14
-3,9,18,2,20,2586,UA,SFO,15
43,9,19,3,20,2586,UA,SFO,16
42,9,20,4,20,2586,UA,SFO,17
18,9,21,5,20,2586,UA,SFO,17
6,9,23,7,20,2586,UA,SFO,15
48,9,24,1,20,2586,UA,SFO,14
36,9,25,2,20,2586,UA,SFO,13
23,9,26,3,20,2586,UA,SFO,12
97,9,27,4,20,2586,UA,SFO,11
-3,9,28,5,20,2586,UA,SFO,10
11,9,30,7,20,2586,UA,SFO,8
-11,9,1,6,19,2475,UA,LAX,2
-1,9,3,1,19,2475,UA,LAX,0
0,9,1,6,7,2475,UA,LAX,2
-7,9,2,7,7,2475,UA,LAX,1
-8,9,3,1,7,2475,UA,LAX,0
-6,9,4,2,7,2475,UA,LAX,1
0,9,5,3,6,2475,UA,LAX,2
-2,9,6,4,6,2475,UA,LAX,3
-5,9,7,5,6,2475,UA,LAX,4
-4,9,8,6,6,2475,UA,LAX,5
-1,9,9,7,6,2475,UA,LAX,6
-6,9,10,1,6,2475,UA,LAX,7
-3,9,11,2,6,2475,UA,LAX,8
-4,9,12,3,6,2475,UA,LAX,9
3,9,13,4,6,2475,UA,LAX,10
-7,9,14,5,6,2475,UA,LAX,11
-3,9,15,6,6,2475,UA,LAX,12
-1,9,16,7,6,2475,UA,LAX,13
0,9,17,1,6,2475,UA,LAX,14
0,9,18,2,6,2475,UA,LAX,15
-5,9,19,3,6,2475,UA,LAX,16
-9,9,20,4,6,2475,UA,LAX,17
0,9,21,5,6,2475,UA,LAX,17
-10,9,22,6,6,2475,UA,LAX,16
-6,9,23,7,6,2475,UA,LAX,15
1,9,24,1,6,2475,UA,LAX,14
-9,9,25,2,6,2475,UA,LAX,13
-1,9,26,3,6,2475,UA,LAX,12
0,9,27,4,6,2475,UA,LAX,11
1,9,28,5,6,2475,UA,LAX,10
-11,9,29,6,6,2475,UA,LAX,9
-5,9,30,7,6,2475,UA,LAX,8
-3,9,1,6,11,2475,UA,LAX,2
-10,9,2,7,11,2475,UA,LAX,1
-7,9,3,1,11,2475,UA,LAX,0
-4,9,4,2,11,2475,UA,LAX,1
-7,9,5,3,11,2475,UA,LAX,2
-4,9,6,4,11,2475,UA,LAX,3
-6,9,7,5,11,2475,UA,LAX,4
-4,9,8,6,11,2475,UA,LAX,5
-8,9,9,7,11,2475,UA,LAX,6
-6,9,10,1,11,2475,UA,LAX,7
0,9,11,2,11,2475,UA,LAX,8
-7,9,12,3,11,2475,UA,LAX,9
0,9,13,4,11,2475,UA,LAX,10
-8,9,14,5,11,2475,UA,LAX,11
-4,9,15,6,11,2475,UA,LAX,12
-1,9,16,7,11,2475,UA,LAX,13
-3,9,17,1,11,2475,UA,LAX,14
-7,9,18,2,11,2475,UA,LAX,15
-8,9,19,3,11,2475,UA,LAX,16
15,9,20,4,11,2475,UA,LAX,17
1,9,21,5,11,2475,UA,LAX,17
-7,9,22,6,11,2475,UA,LAX,16
1,9,23,7,11,2475,UA,LAX,15
5,9,24,1,11,2475,UA,LAX,14
-3,9,25,2,11,2475,UA,LAX,13
-6,9,26,3,11,2475,UA,LAX,12
-1,9,27,4,11,2475,UA,LAX,11
-6,9,28,5,11,2475,UA,LAX,10
0,9,29,6,11,2475,UA,LAX,9
-3,9,30,7,11,2475,UA,LAX,8
-3,9,1,6,14,2475,UA,LAX,2
-3,9,2,7,14,2475,UA,LAX,1
-6,9,3,1,14,2475,UA,LAX,0
-4,9,4,2,14,2475,UA,LAX,1
3,9,5,3,14,2475,UA,LAX,2
-6,9,6,4,14,2475,UA,LAX,3
-3,9,7,5,14,2475,UA,LAX,4
-10,9,8,6,14,2475,UA,LAX,5
-6,9,9,7,14,2475,UA,LAX,6
-3,9,10,1,14,2475,UA,LAX,7
-8,9,11,2,14,2475,UA,LAX,8
-8,9,12,3,14,2475,UA,LAX,9
-5,9,13,4,14,2475,UA,LAX,10
-7,9,14,5,14,2475,UA,LAX,11
-4,9,15,6,14,2475,UA,LAX,12
-2,9,16,7,14,2475,UA,LAX,13
-4,9,17,1,14,2475,UA,LAX,14
-5,9,18,2,14,2475,UA,LAX,15
-3,9,19,3,14,2475,UA,LAX,16
-6,9,20,4,14,2475,UA,LAX,17
-4,9,21,5,14,2475,UA,LAX,17
-3,9,22,6,14,2475,UA,LAX,16
-7,9,23,7,14,2475,UA,LAX,15
69,9,24,1,14,2475,UA,LAX,14
51,9,25,2,14,2475,UA,LAX,13
-4,9,26,3,14,2475,UA,LAX,12
2,9,27,4,14,2475,UA,LAX,11
5,9,28,5,14,2475,UA,LAX,10
1,9,29,6,14,2475,UA,LAX,9
0,9,2,7,16,2475,UA,LAX,1
-8,9,3,1,16,2475,UA,LAX,0
-2,9,4,2,16,2475,UA,LAX,1
2,9,5,3,16,2475,UA,LAX,2
-5,9,6,4,16,2475,UA,LAX,3
-2,9,7,5,16,2475,UA,LAX,4
-5,9,8,6,16,2475,UA,LAX,5
5,9,9,7,16,2475,UA,LAX,6
43,9,10,1,16,2475,UA,LAX,7
25,9,11,2,16,2475,UA,LAX,8
12,9,12,3,16,2475,UA,LAX,9
0,9,13,4,16,2475,UA,LAX,10
-5,9,14,5,16,2475,UA,LAX,11
-3,9,15,6,16,2475,UA,LAX,12
-5,9,16,7,16,2475,UA,LAX,13
8,9,17,1,16,2475,UA,LAX,14
9,9,18,2,16,2475,UA,LAX,15
-1,9,19,3,16,2475,UA,LAX,16
1,9,20,4,16,2475,UA,LAX,17
-4,9,21,5,16,2475,UA,LAX,17
-7,9,22,6,16,2475,UA,LAX,16
5,9,23,7,16,2475,UA,LAX,15
-5,9,24,1,16,2475,UA,LAX,14
-5,9,25,2,16,2475,UA,LAX,13
79,9,26,3,16,2475,UA,LAX,12
-5,9,27,4,16,2475,UA,LAX,11
-5,9,28,5,16,2475,UA,LAX,10
81,9,29,6,16,2475,UA,LAX,9
30,9,30,7,16,2475,UA,LAX,8
-6,9,2,7,20,2475,UA,LAX,1
79,9,3,1,20,2475,UA,LAX,0
0,9,5,3,20,2475,UA,LAX,2
12,9,6,4,20,2475,UA,LAX,3
62,9,7,5,20,2475,UA,LAX,4
0,9,9,7,20,2475,UA,LAX,6
109,9,10,1,20,2475,UA,LAX,7
134,9,11,2,20,2475,UA,LAX,8
-7,9,12,3,20,2475,UA,LAX,9
-9,9,13,4,20,2475,UA,LAX,10
-5,9,14,5,20,2475,UA,LAX,11
-3,9,16,7,20,2475,UA,LAX,13
7,9,17,1,20,2475,UA,LAX,14
5,9,18,2,20,2475,UA,LAX,15
22,9,19,3,20,2475,UA,LAX,16
39,9,20,4,20,2475,UA,LAX,17
12,9,21,5,20,2475,UA,LAX,17
-2,9,23,7,20,2475,UA,LAX,15
16,9,24,1,20,2475,UA,LAX,14
6,9,25,2,20,2475,UA,LAX,13
22,9,26,3,20,2475,UA,LAX,12
84,9,27,4,20,2475,UA,LAX,11
18,9,28,5,20,2475,UA,LAX,10
37,9,30,7,20,2475,UA,LAX,8
-5,9,1,6,18,2475,UA,LAX,2
-1,9,2,7,18,2475,UA,LAX,1
-4,9,3,1,18,2475,UA,LAX,0
-3,9,4,2,18,2475,UA,LAX,1
0,9,5,3,18,2475,UA,LAX,2
-4,9,6,4,18,2475,UA,LAX,3
-1,9,7,5,18,2475,UA,LAX,4
-4,9,8,6,18,2475,UA,LAX,5
-6,9,9,7,18,2475,UA,LAX,6
-3,9,10,1,18,2475,UA,LAX,7
-3,9,11,2,18,2475,UA,LAX,8
94,9,12,3,18,2475,UA,LAX,9
-6,9,13,4,18,2475,UA,LAX,10
-2,9,14,5,18,2475,UA,LAX,11
0,9,15,6,18,2475,UA,LAX,12
14,9,16,7,18,2475,UA,LAX,13
1,9,17,1,18,2475,UA,LAX,14
4,9,18,2,18,2475,UA,LAX,15
-1,9,19,3,18,2475,UA,LAX,16
0,9,20,4,18,2475,UA,LAX,17
-1,9,21,5,18,2475,UA,LAX,17
31,9,22,6,18,2475,UA,LAX,16
-4,9,23,7,18,2475,UA,LAX,15
48,9,24,1,18,2475,UA,LAX,14
-3,9,25,2,18,2475,UA,LAX,13
14,9,26,3,18,2475,UA,LAX,12
22,9,27,4,18,2475,UA,LAX,11
-4,9,28,5,18,2475,UA,LAX,10
-6,9,29,6,18,2475,UA,LAX,9
20,9,30,7,18,2475,UA,LAX,8
-2,9,1,6,8,2475,UA,LAX,2
-5,9,2,7,8,2475,UA,LAX,1
-5,9,3,1,8,2475,UA,LAX,0
47,9,4,2,8,2475,UA,LAX,1
-7,9,5,3,8,2475,UA,LAX,2
-7,9,6,4,8,2475,UA,LAX,3
27,9,7,5,8,2475,UA,LAX,4
-5,9,8,6,8,2475,UA,LAX,5
-11,9,9,7,8,2475,UA,LAX,6
-6,9,10,1,8,2475,UA,LAX,7
-3,9,11,2,8,2475,UA,LAX,8
-8,9,12,3,8,2475,UA,LAX,9
-3,9,13,4,8,2475,UA,LAX,10
0,9,14,5,8,2475,UA,LAX,11
-5,9,15,6,8,2475,UA,LAX,12
5,9,16,7,8,2475,UA,LAX,13
-5,9,17,1,8,2475,UA,LAX,14
-7,9,18,2,8,2475,UA,LAX,15
-5,9,19,3,8,2475,UA,LAX,16
14,9,20,4,8,2475,UA,LAX,17
-2,9,21,5,8,2475,UA,LAX,17
-4,9,22,6,8,2475,UA,LAX,16
-3,9,23,7,8,2475,UA,LAX,15
-6,9,24,1,8,2475,UA,LAX,14
-3,9,25,2,8,2475,UA,LAX,13
-5,9,26,3,8,2475,UA,LAX,12
-1,9,27,4,8,2475,UA,LAX,11
0,9,28,5,8,2475,UA,LAX,10
32,9,29,6,8,2475,UA,LAX,9
-7,9,30,7,8,2475,UA,LAX,8
-4,9,1,6,8,2586,UA,SFO,2
-5,9,2,7,8,2586,UA,SFO,1
-3,9,3,1,8,2586,UA,SFO,0
-3,9,4,2,8,2586,UA,SFO,1
-6,9,5,3,7,2586,UA,SFO,2
-3,9,6,4,7,2586,UA,SFO,3
-4,9,7,5,7,2586,UA,SFO,4
-8,9,8,6,7,2586,UA,SFO,5
-7,9,9,7,7,2586,UA,SFO,6
15,9,10,1,7,2586,UA,SFO,7
-1,9,11,2,7,2586,UA,SFO,8
-2,9,12,3,7,2586,UA,SFO,9
-6,9,13,4,7,2586,UA,SFO,10
-9,9,14,5,7,2586,UA,SFO,11
-7,9,15,6,7,2586,UA,SFO,12
1,9,16,7,7,2586,UA,SFO,13
11,9,17,1,7,2586,UA,SFO,14
-4,9,18,2,7,2586,UA,SFO,15
-6,9,19,3,7,2586,UA,SFO,16
0,9,20,4,7,2586,UA,SFO,17
0,9,21,5,7,2586,UA,SFO,17
-3,9,22,6,7,2586,UA,SFO,16
-3,9,23,7,7,2586,UA,SFO,15
-3,9,24,1,7,2586,UA,SFO,14
-4,9,25,2,7,2586,UA,SFO,13
-3,9,26,3,7,2586,UA,SFO,12
-7,9,27,4,7,2586,UA,SFO,11
-4,9,28,5,7,2586,UA,SFO,10
-4,9,29,6,7,2586,UA,SFO,9
-5,9,30,7,7,2586,UA,SFO,8
-7,9,4,2,20,2475,UA,LAX,1
-5,9,4,2,20,2586,UA,SFO,1
-7,9,1,6,8,2248,US,LAS,2
18,9,1,6,10,2248,US,LAS,2
0,9,1,6,7,2153,US,PHX,2
17,9,1,6,17,2153,US,PHX,2
0,9,1,6,9,2153,US,PHX,2
-8,9,2,7,20,2248,US,LAS,1
5,9,2,7,8,2248,US,LAS,1
-9,9,2,7,10,2248,US,LAS,1
-1,9,2,7,17,2153,US,PHX,1
-4,9,2,7,7,2153,US,PHX,1
7,9,3,1,20,2248,US,LAS,0
-10,9,3,1,8,2248,US,LAS,0
-9,9,3,1,10,2248,US,LAS,0
221,9,3,1,17,2153,US,PHX,0
4,9,3,1,9,2153,US,PHX,0
11,9,3,1,7,2153,US,PHX,0
-8,9,4,2,8,2248,US,LAS,1
2,9,4,2,10,2248,US,LAS,1
13,9,4,2,17,2153,US,PHX,1
-8,9,4,2,9,2153,US,PHX,1
-4,9,4,2,7,2153,US,PHX,1
17,9,5,3,20,2248,US,LAS,2
-8,9,5,3,8,2248,US,LAS,2
-8,9,5,3,9,2248,US,LAS,2
2,9,5,3,17,2153,US,PHX,2
-4,9,5,3,9,2153,US,PHX,2
-4,9,5,3,6,2153,US,PHX,2
17,9,6,4,20,2248,US,LAS,3
-1,9,6,4,8,2248,US,LAS,3
28,9,6,4,9,2248,US,LAS,3
5,9,6,4,17,2153,US,PHX,3
19,9,6,4,9,2153,US,PHX,3
3,9,6,4,6,2153,US,PHX,3
3,9,7,5,20,2248,US,LAS,4
-9,9,7,5,8,2248,US,LAS,4
0,9,7,5,9,2248,US,LAS,4
42,9,7,5,17,2153,US,PHX,4
-1,9,7,5,9,2153,US,PHX,4
26,9,7,5,6,2153,US,PHX,4
0,9,8,6,8,2248,US,LAS,5
-3,9,8,6,9,2248,US,LAS,5
-1,9,8,6,17,2153,US,PHX,5
13,9,8,6,6,2153,US,PHX,5
-13,9,8,6,9,2153,US,PHX,5
0,9,9,7,20,2248,US,LAS,6
27,9,9,7,8,2248,US,LAS,6
-4,9,9,7,9,2248,US,LAS,6
33,9,9,7,17,2153,US,PHX,6
5,9,9,7,9,2153,US,PHX,6
1,9,9,7,6,2153,US,PHX,6
21,9,10,1,20,2248,US,LAS,7
-4,9,10,1,8,2248,US,LAS,7
32,9,10,1,9,2248,US,LAS,7
9,9,10,1,17,2153,US,PHX,7
-3,9,10,1,9,2153,US,PHX,7
-7,9,10,1,6,2153,US,PHX,7
-4,9,11,2,8,2248,US,LAS,8
-6,9,11,2,9,2248,US,LAS,8
50,9,11,2,17,2153,US,PHX,8
1,9,11,2,9,2153,US,PHX,8
-3,9,11,2,6,2153,US,PHX,8
17,9,12,3,20,2248,US,LAS,9
-5,9,12,3,8,2248,US,LAS,9
-1,9,12,3,9,2248,US,LAS,9
36,9,12,3,17,2153,US,PHX,9
2,9,12,3,9,2153,US,PHX,9
4,9,12,3,6,2153,US,PHX,9
20,9,13,4,20,2248,US,LAS,10
-9,9,13,4,8,2248,US,LAS,10
-2,9,13,4,9,2248,US,LAS,10
5,9,13,4,17,2153,US,PHX,10
-5,9,13,4,9,2153,US,PHX,10
-3,9,13,4,6,2153,US,PHX,10
17,9,14,5,20,2248,US,LAS,11
0,9,14,5,8,2248,US,LAS,11
-2,9,14,5,9,2248,US,LAS,11
22,9,14,5,17,2153,US,PHX,11
-5,9,14,5,9,2153,US,PHX,11
-4,9,14,5,6,2153,US,PHX,11
-3,9,15,6,8,2248,US,LAS,12
-5,9,15,6,9,2248,US,LAS,12
3,9,15,6,17,2153,US,PHX,12
-4,9,15,6,6,2153,US,PHX,12
4,9,15,6,9,2153,US,PHX,12
16,9,16,7,20,2248,US,LAS,13
-3,9,16,7,8,2248,US,LAS,13
-2,9,16,7,9,2248,US,LAS,13
28,9,16,7,17,2153,US,PHX,13
-2,9,16,7,9,2153,US,PHX,13
-1,9,16,7,6,2153,US,PHX,13
61,9,17,1,20,2248,US,LAS,14
-3,9,17,1,8,2248,US,LAS,14
-2,9,17,1,9,2248,US,LAS,14
6,9,17,1,17,2153,US,PHX,14
-2,9,17,1,9,2153,US,PHX,14
-2,9,17,1,6,2153,US,PHX,14
-10,9,18,2,8,2248,US,LAS,15
-6,9,18,2,9,2248,US,LAS,15
24,9,18,2,17,2153,US,PHX,15
-3,9,18,2,9,2153,US,PHX,15
-2,9,18,2,6,2153,US,PHX,15
49,9,19,3,20,2248,US,LAS,16
-4,9,19,3,8,2248,US,LAS,16
-3,9,19,3,9,2248,US,LAS,16
8,9,19,3,17,2153,US,PHX,16
-1,9,19,3,9,2153,US,PHX,16
11,9,19,3,6,2153,US,PHX,16
52,9,20,4,20,2248,US,LAS,17
-5,9,20,4,8,2248,US,LAS,17
-5,9,20,4,9,2248,US,LAS,17
0,9,20,4,17,2153,US,PHX,17
-1,9,20,4,9,2153,US,PHX,17
-3,9,20,4,6,2153,US,PHX,17
41,9,21,5,20,2248,US,LAS,17
-4,9,21,5,8,2248,US,LAS,17
-5,9,21,5,9,2248,US,LAS,17
30,9,21,5,17,2153,US,PHX,17
-4,9,21,5,9,2153,US,PHX,17
-3,9,21,5,6,2153,US,PHX,17
-2,9,22,6,8,2248,US,LAS,16
-4,9,22,6,9,2248,US,LAS,16
-4,9,22,6,17,2153,US,PHX,16
-5,9,22,6,6,2153,US,PHX,16
-2,9,22,6,9,2153,US,PHX,16
26,9,23,7,20,2248,US,LAS,15
-1,9,23,7,8,2248,US,LAS,15
-4,9,23,7,9,2248,US,LAS,15
4,9,23,7,17,2153,US,PHX,15
1,9,23,7,9,2153,US,PHX,15
8,9,23,7,6,2153,US,PHX,15
43,9,24,1,20,2248,US,LAS,14
-2,9,24,1,8,2248,US,LAS,14
-7,9,24,1,9,2248,US,LAS,14
63,9,24,1,17,2153,US,PHX,14
-2,9,24,1,9,2153,US,PHX,14
5,9,24,1,6,2153,US,PHX,14
-4,9,25,2,8,2248,US,LAS,13
-7,9,25,2,9,2248,US,LAS,13
2,9,25,2,17,2153,US,PHX,13
6,9,25,2,9,2153,US,PHX,13
-3,9,25,2,6,2153,US,PHX,13
57,9,26,3,20,2248,US,LAS,12
-2,9,26,3,8,2248,US,LAS,12
11,9,26,3,9,2248,US,LAS,12
15,9,26,3,17,2153,US,PHX,12
14,9,26,3,9,2153,US,PHX,12
15,9,26,3,6,2153,US,PHX,12
81,9,27,4,20,2248,US,LAS,11
7,9,27,4,8,2248,US,LAS,11
0,9,27,4,9,2248,US,LAS,11
20,9,27,4,17,2153,US,PHX,11
-3,9,27,4,9,2153,US,PHX,11
1,9,27,4,6,2153,US,PHX,11
185,9,28,5,20,2248,US,LAS,10
-3,9,28,5,8,2248,US,LAS,10
0,9,28,5,9,2248,US,LAS,10
24,9,28,5,17,2153,US,PHX,10
0,9,28,5,9,2153,US,PHX,10
10,9,28,5,6,2153,US,PHX,10
-4,9,29,6,8,2248,US,LAS,9
19,9,29,6,9,2248,US,LAS,9
0,9,29,6,17,2153,US,PHX,9
47,9,29,6,6,2153,US,PHX,9
10,9,29,6,9,2153,US,PHX,9
123,9,30,7,20,2248,US,LAS,8
-3,9,30,7,8,2248,US,LAS,8
-3,9,30,7,9,2248,US,LAS,8
64,9,30,7,17,2153,US,PHX,8
-2,9,30,7,9,2153,US,PHX,8
4,9,30,7,6,2153,US,PHX,8
6,9,17,1,8,1597,DL,SJU,14
-10,9,17,1,11,1028,DL,PBI,14
-1,9,17,1,7,1989,DL,SLC,14
2,9,17,1,6,760,DL,ATL,14
12,9,17,1,16,1005,DL,TPA,14
-1,9,17,1,19,1005,DL,TPA,14
81,9,17,1,12,760,DL,ATL,14
-6,9,17,1,11,944,DL,MCO,14
46,9,17,1,19,1989,DL,SLC,14
0,9,17,1,15,1989,DL,SLC,14
12,9,17,1,19,944,DL,MCO,14
2,9,17,1,8,1069,DL,FLL,14
-9,9,17,1,11,1069,DL,FLL,14
-3,9,17,1,8,944,DL,MCO,14
0,9,17,1,8,1005,DL,TPA,14
-3,9,18,2,18,1069,DL,FLL,15
-1,9,18,2,8,760,DL,ATL,15
25,9,18,2,16,2475,DL,LAX,15
-3,9,18,2,16,760,DL,ATL,15
6,9,18,2,18,1090,DL,MIA,15
19,9,18,2,16,1989,DL,SLC,15
13,9,18,2,16,1069,DL,FLL,15
12,9,18,2,16,2421,DL,SEA,15
1,9,18,2,18,2475,DL,LAX,15
0,9,18,2,18,760,DL,ATL,15
-8,9,18,2,16,944,DL,MCO,15
1,9,18,2,18,2586,DL,SFO,15
-3,9,18,2,16,2586,DL,SFO,15
9,9,18,2,16,589,DL,CVG,15
-6,9,18,2,16,2446,DL,SAN,15
-1,9,18,2,7,2475,DL,LAX,15
-3,9,18,2,8,2475,DL,LAX,15
8,9,18,2,14,2475,DL,LAX,15
24,9,18,2,20,2475,DL,LAX,15
-4,9,18,2,8,2586,DL,SFO,15
-4,9,18,2,8,2421,DL,SEA,15
0,9,18,2,12,2248,DL,LAS,15
-5,9,18,2,8,2248,DL,LAS,15
30,9,18,2,16,2248,DL,LAS,15
-8,9,18,2,19,2248,DL,LAS,15
-3,9,18,2,8,2153,DL,PHX,15
15,9,18,2,18,2153,DL,PHX,15
-2,9,18,2,8,1626,DL,DEN,15
-3,9,18,2,19,2454,DL,PDX,15
6,9,18,2,16,187,DL,BOS,15
-8,9,18,2,8,1597,DL,SJU,15
-5,9,18,2,11,1028,DL,PBI,15
-2,9,18,2,7,1989,DL,SLC,15
-5,9,18,2,6,760,DL,ATL,15
-4,9,18,2,16,1005,DL,TPA,15
19,9,18,2,19,1005,DL,TPA,15
0,9,18,2,12,760,DL,ATL,15
-8,9,18,2,11,944,DL,MCO,15
36,9,18,2,19,1989,DL,SLC,15
26,9,18,2,19,944,DL,MCO,15
-2,9,18,2,8,1069,DL,FLL,15
-7,9,18,2,8,1005,DL,TPA,15
0,9,19,3,18,1069,DL,FLL,16
-2,9,19,3,8,760,DL,ATL,16
30,9,19,3,16,2475,DL,LAX,16
-2,9,19,3,16,760,DL,ATL,16
-4,9,19,3,16,1989,DL,SLC,16
-13,9,19,3,16,1069,DL,FLL,16
8,9,19,3,16,2421,DL,SEA,16
31,9,19,3,18,2475,DL,LAX,16
4,9,19,3,18,760,DL,ATL,16
-3,9,19,3,16,944,DL,MCO,16
-2,9,19,3,18,2586,DL,SFO,16
-3,9,19,3,16,2586,DL,SFO,16
-2,9,19,3,16,589,DL,CVG,16
-3,9,19,3,16,2446,DL,SAN,16
-3,9,19,3,7,2475,DL,LAX,16
-1,9,19,3,8,2475,DL,LAX,16
-11,9,19,3,14,2475,DL,LAX,16
52,9,19,3,20,2475,DL,LAX,16
-4,9,19,3,8,2586,DL,SFO,16
0,9,19,3,8,2421,DL,SEA,16
-4,9,19,3,12,2248,DL,LAS,16
-2,9,19,3,19,2421,DL,SEA,16
30,9,19,3,8,2248,DL,LAS,16
-4,9,19,3,16,2248,DL,LAS,16
-4,9,19,3,19,2248,DL,LAS,16
-2,9,19,3,8,2153,DL,PHX,16
-6,9,19,3,18,2153,DL,PHX,16
-4,9,19,3,8,1626,DL,DEN,16
71,9,19,3,19,2454,DL,PDX,16
0,9,19,3,16,187,DL,BOS,16
-10,9,19,3,8,1597,DL,SJU,16
-6,9,19,3,11,1028,DL,PBI,16
-6,9,19,3,7,1989,DL,SLC,16
-5,9,19,3,6,760,DL,ATL,16
-7,9,19,3,16,1005,DL,TPA,16
13,9,19,3,19,1005,DL,TPA,16
9,9,19,3,12,760,DL,ATL,16
-9,9,19,3,11,944,DL,MCO,16
11,9,19,3,19,1989,DL,SLC,16
-13,9,19,3,19,944,DL,MCO,16
-11,9,19,3,8,1069,DL,FLL,16
-6,9,19,3,8,1005,DL,TPA,16
17,9,20,4,18,1069,DL,FLL,17
20,9,20,4,8,760,DL,ATL,17
26,9,20,4,16,2475,DL,LAX,17
23,9,20,4,16,760,DL,ATL,17
45,9,20,4,18,1090,DL,MIA,17
-4,9,20,4,16,1989,DL,SLC,17
5,9,20,4,16,1069,DL,FLL,17
7,9,20,4,16,2421,DL,SEA,17
42,9,20,4,18,2475,DL,LAX,17
5,9,20,4,18,760,DL,ATL,17
-1,9,20,4,16,944,DL,MCO,17
7,9,20,4,18,2586,DL,SFO,17
22,9,20,4,16,2586,DL,SFO,17
0,9,20,4,16,589,DL,CVG,17
-1,9,20,4,16,2446,DL,SAN,17
-4,9,20,4,7,2475,DL,LAX,17
-1,9,20,4,8,2475,DL,LAX,17
-1,9,20,4,14,2475,DL,LAX,17
12,9,20,4,20,2475,DL,LAX,17
-2,9,20,4,8,2586,DL,SFO,17
-2,9,20,4,8,2421,DL,SEA,17
0,9,20,4,12,2248,DL,LAS,17
1,9,20,4,19,2421,DL,SEA,17
0,9,20,4,8,2248,DL,LAS,17
13,9,20,4,16,2248,DL,LAS,17
20,9,20,4,19,2248,DL,LAS,17
-5,9,20,4,8,2153,DL,PHX,17
-9,9,20,4,18,2153,DL,PHX,17
0,9,20,4,8,1626,DL,DEN,17
-8,9,20,4,19,2454,DL,PDX,17
-3,9,20,4,16,187,DL,BOS,17
-4,9,20,4,8,1597,DL,SJU,17
-5,9,20,4,11,1028,DL,PBI,17
-3,9,20,4,7,1989,DL,SLC,17
-5,9,20,4,6,760,DL,ATL,17
-8,9,20,4,16,1005,DL,TPA,17
-5,9,20,4,19,1005,DL,TPA,17
4,9,20,4,12,760,DL,ATL,17
-10,9,20,4,11,944,DL,MCO,17
98,9,20,4,19,1989,DL,SLC,17
0,9,20,4,15,1989,DL,SLC,17
32,9,20,4,19,944,DL,MCO,17
-4,9,20,4,8,1069,DL,FLL,17
2,9,20,4,11,1069,DL,FLL,17
0,9,20,4,8,944,DL,MCO,17
-5,9,20,4,8,1005,DL,TPA,17
12,9,21,5,18,1069,DL,FLL,17
-3,9,21,5,8,760,DL,ATL,17
39,9,21,5,16,2475,DL,LAX,17
2,9,21,5,16,760,DL,ATL,17
38,9,21,5,18,1090,DL,MIA,17
0,9,21,5,16,1989,DL,SLC,17
6,9,21,5,16,2421,DL,SEA,17
7,9,21,5,18,2475,DL,LAX,17
2,9,21,5,18,760,DL,ATL,17
-8,9,21,5,16,944,DL,MCO,17
38,9,21,5,18,2586,DL,SFO,17
4,9,21,5,16,2586,DL,SFO,17
28,9,21,5,16,589,DL,CVG,17
0,9,21,5,16,2446,DL,SAN,17
-5,9,21,5,7,2475,DL,LAX,17
-3,9,21,5,8,2475,DL,LAX,17
3,9,21,5,14,2475,DL,LAX,17
30,9,21,5,20,2475,DL,LAX,17
-1,9,21,5,8,2586,DL,SFO,17
-3,9,21,5,8,2421,DL,SEA,17
-5,9,21,5,12,2248,DL,LAS,17
20,9,21,5,19,2421,DL,SEA,17
0,9,21,5,8,2248,DL,LAS,17
25,9,21,5,16,2248,DL,LAS,17
18,9,21,5,19,2248,DL,LAS,17
-2,9,21,5,8,2153,DL,PHX,17
-2,9,21,5,18,2153,DL,PHX,17
-2,9,21,5,8,1626,DL,DEN,17
-8,9,21,5,19,2454,DL,PDX,17
179,9,21,5,16,187,DL,BOS,17
-13,9,21,5,8,1597,DL,SJU,17
-12,9,21,5,11,1028,DL,PBI,17
-8,9,21,5,7,1989,DL,SLC,17
0,9,21,5,6,760,DL,ATL,17
-7,9,21,5,16,1005,DL,TPA,17
0,9,21,5,19,1005,DL,TPA,17
5,9,21,5,12,760,DL,ATL,17
-2,9,21,5,11,944,DL,MCO,17
24,9,21,5,19,1989,DL,SLC,17
-6,9,21,5,15,1989,DL,SLC,17
72,9,21,5,19,944,DL,MCO,17
-4,9,21,5,8,1069,DL,FLL,17
-5,9,21,5,11,1069,DL,FLL,17
-4,9,21,5,8,944,DL,MCO,17
-2,9,21,5,8,1005,DL,TPA,17
27,9,22,6,18,1069,DL,FLL,16
96,9,22,6,8,760,DL,ATL,16
42,9,22,6,16,2475,DL,LAX,16
-2,9,22,6,16,760,DL,ATL,16
-6,9,22,6,18,1090,DL,MIA,16
4,9,22,6,16,1989,DL,SLC,16
182,9,22,6,16,1069,DL,FLL,16
24,9,22,6,16,2421,DL,SEA,16
21,9,22,6,18,2475,DL,LAX,16
46,9,22,6,18,760,DL,ATL,16
-3,9,22,6,16,944,DL,MCO,16
1,9,22,6,16,2586,DL,SFO,16
44,9,22,6,16,589,DL,CVG,16
-6,9,22,6,16,2446,DL,SAN,16
-4,9,22,6,8,2475,DL,LAX,16
-1,9,22,6,14,2475,DL,LAX,16
-2,9,22,6,8,2586,DL,SFO,16
-1,9,22,6,8,2421,DL,SEA,16
1,9,22,6,12,2248,DL,LAS,16
-7,9,22,6,8,2248,DL,LAS,16
89,9,22,6,16,2248,DL,LAS,16
25,9,22,6,19,2248,DL,LAS,16
12,9,22,6,8,2153,DL,PHX,16
-6,9,22,6,18,2153,DL,PHX,16
2,9,22,6,8,1626,DL,DEN,16
157,9,22,6,19,2454,DL,PDX,16
199,9,22,6,16,187,DL,BOS,16
21,9,22,6,8,1597,DL,SJU,16
-13,9,22,6,11,1028,DL,PBI,16
-6,9,22,6,7,1989,DL,SLC,16
60,9,22,6,20,187,DL,BOS,16
-7,9,22,6,6,760,DL,ATL,16
25,9,22,6,16,1005,DL,TPA,16
58,9,22,6,19,1005,DL,TPA,16
-3,9,22,6,12,760,DL,ATL,16
-5,9,22,6,11,944,DL,MCO,16
38,9,22,6,19,1989,DL,SLC,16
41,9,22,6,19,944,DL,MCO,16
-1,9,22,6,8,1069,DL,FLL,16
-8,9,22,6,11,1069,DL,FLL,16
6,9,22,6,8,944,DL,MCO,16
3,9,22,6,8,1005,DL,TPA,16
91,9,23,7,18,1069,DL,FLL,15
13,9,23,7,8,760,DL,ATL,15
34,9,23,7,16,2475,DL,LAX,15
3,9,23,7,16,760,DL,ATL,15
77,9,23,7,18,1090,DL,MIA,15
5,9,23,7,16,1989,DL,SLC,15
14,9,23,7,16,1069,DL,FLL,15
0,9,23,7,16,2421,DL,SEA,15
45,9,23,7,18,2475,DL,LAX,15
269,9,23,7,18,760,DL,ATL,15
1,9,23,7,16,944,DL,MCO,15
6,9,23,7,18,2586,DL,SFO,15
-4,9,23,7,16,2586,DL,SFO,15
-2,9,23,7,16,589,DL,CVG,15
5,9,23,7,16,2446,DL,SAN,15
5,9,23,7,8,2475,DL,LAX,15
2,9,23,7,14,2475,DL,LAX,15
54,9,23,7,20,2475,DL,LAX,15
0,9,23,7,8,2586,DL,SFO,15
-2,9,23,7,8,2421,DL,SEA,15
32,9,23,7,12,2248,DL,LAS,15
130,9,23,7,19,2421,DL,SEA,15
-7,9,23,7,8,2248,DL,LAS,15
10,9,23,7,16,2248,DL,LAS,15
60,9,23,7,19,2248,DL,LAS,15
-8,9,23,7,8,2153,DL,PHX,15
94,9,23,7,18,2153,DL,PHX,15
-10,9,23,7,8,1626,DL,DEN,15
98,9,23,7,19,2454,DL,PDX,15
6,9,23,7,16,187,DL,BOS,15
-12,9,23,7,8,1597,DL,SJU,15
-1,9,23,7,11,1028,DL,PBI,15
-4,9,23,7,7,1989,DL,SLC,15
8,9,23,7,6,760,DL,ATL,15
-4,9,23,7,16,1005,DL,TPA,15
75,9,23,7,19,1005,DL,TPA,15
20,9,23,7,12,760,DL,ATL,15
11,9,23,7,17,760,DL,ATL,15
-6,9,23,7,11,944,DL,MCO,15
78,9,23,7,19,1989,DL,SLC,15
19,9,23,7,15,1989,DL,SLC,15
70,9,23,7,19,944,DL,MCO,15
0,9,23,7,8,1069,DL,FLL,15
-3,9,23,7,11,1069,DL,FLL,15
-5,9,23,7,8,944,DL,MCO,15
-3,9,23,7,8,1005,DL,TPA,15
96,9,24,1,18,1069,DL,FLL,14
221,9,24,1,8,760,DL,ATL,14
29,9,24,1,16,2475,DL,LAX,14
-2,9,24,1,16,760,DL,ATL,14
-4,9,24,1,18,1090,DL,MIA,14
-2,9,24,1,16,1989,DL,SLC,14
11,9,24,1,16,2421,DL,SEA,14
15,9,24,1,18,2475,DL,LAX,14
10,9,24,1,18,760,DL,ATL,14
2,9,24,1,16,944,DL,MCO,14
2,9,24,1,18,2586,DL,SFO,14
47,9,24,1,16,2586,DL,SFO,14
50,9,24,1,16,589,DL,CVG,14
16,9,24,1,16,2446,DL,SAN,14
-2,9,24,1,7,2475,DL,LAX,14
-5,9,24,1,8,2475,DL,LAX,14
-7,9,24,1,14,2475,DL,LAX,14
5,9,24,1,20,2475,DL,LAX,14
-2,9,24,1,8,2586,DL,SFO,14
-4,9,24,1,8,2421,DL,SEA,14
1,9,24,1,12,2248,DL,LAS,14
60,9,24,1,19,2421,DL,SEA,14
3,9,24,1,8,2248,DL,LAS,14
24,9,24,1,16,2248,DL,LAS,14
4,9,24,1,19,2248,DL,LAS,14
4,9,24,1,8,2153,DL,PHX,14
7,9,24,1,18,2153,DL,PHX,14
-2,9,24,1,8,1626,DL,DEN,14
-6,9,24,1,19,2454,DL,PDX,14
26,9,24,1,8,1597,DL,SJU,14
11,9,24,1,11,1028,DL,PBI,14
-3,9,24,1,7,1989,DL,SLC,14
-4,9,24,1,6,760,DL,ATL,14
54,9,24,1,16,1005,DL,TPA,14
1,9,24,1,19,1005,DL,TPA,14
-3,9,24,1,12,760,DL,ATL,14
52,9,24,1,11,944,DL,MCO,14
31,9,24,1,19,1989,DL,SLC,14
26,9,24,1,15,1989,DL,SLC,14
3,9,24,1,19,944,DL,MCO,14
-4,9,24,1,8,1069,DL,FLL,14
-4,9,24,1,11,1069,DL,FLL,14
-8,9,24,1,8,944,DL,MCO,14
-1,9,24,1,8,1005,DL,TPA,14
1,9,25,2,18,1069,DL,FLL,13
92,9,25,2,8,760,DL,ATL,13
64,9,25,2,16,2475,DL,LAX,13
31,9,25,2,16,760,DL,ATL,13
-7,9,25,2,18,1090,DL,MIA,13
-1,9,25,2,16,1989,DL,SLC,13
-3,9,25,2,16,1069,DL,FLL,13
0,9,25,2,16,2421,DL,SEA,13
0,9,25,2,18,2475,DL,LAX,13
13,9,25,2,18,760,DL,ATL,13
-7,9,25,2,16,944,DL,MCO,13
34,9,25,2,18,2586,DL,SFO,13
97,9,25,2,16,2586,DL,SFO,13
-1,9,25,2,16,589,DL,CVG,13
-5,9,25,2,16,2446,DL,SAN,13
-2,9,25,2,7,2475,DL,LAX,13
-7,9,25,2,8,2475,DL,LAX,13
0,9,25,2,14,2475,DL,LAX,13
32,9,25,2,20,2475,DL,LAX,13
-4,9,25,2,8,2586,DL,SFO,13
-2,9,25,2,8,2421,DL,SEA,13
33,9,25,2,12,2248,DL,LAS,13
-2,9,25,2,8,2248,DL,LAS,13
-14,9,25,2,16,2248,DL,LAS,13
12,9,25,2,19,2248,DL,LAS,13
-11,9,25,2,8,2153,DL,PHX,13
-2,9,25,2,18,2153,DL,PHX,13
-11,9,25,2,8,1626,DL,DEN,13
-10,9,25,2,19,2454,DL,PDX,13
-3,9,25,2,16,187,DL,BOS,13
-3,9,25,2,8,1597,DL,SJU,13
-9,9,25,2,11,1028,DL,PBI,13
-8,9,25,2,7,1989,DL,SLC,13
-8,9,25,2,6,760,DL,ATL,13
-1,9,25,2,16,1005,DL,TPA,13
-1,9,25,2,19,1005,DL,TPA,13
0,9,25,2,12,760,DL,ATL,13
-4,9,25,2,11,944,DL,MCO,13
22,9,25,2,19,1989,DL,SLC,13
25,9,25,2,19,944,DL,MCO,13
-2,9,25,2,8,1069,DL,FLL,13
-1,9,25,2,8,1005,DL,TPA,13
-4,9,26,3,18,1069,DL,FLL,12
19,9,26,3,8,760,DL,ATL,12
27,9,26,3,16,2475,DL,LAX,12
-5,9,26,3,16,760,DL,ATL,12
-10,9,26,3,18,1090,DL,MIA,12
1,9,26,3,16,1989,DL,SLC,12
-8,9,26,3,16,1069,DL,FLL,12
13,9,26,3,16,2421,DL,SEA,12
24,9,26,3,18,2475,DL,LAX,12
0,9,26,3,18,760,DL,ATL,12
-3,9,26,3,16,944,DL,MCO,12
0,9,26,3,18,2586,DL,SFO,12
5,9,26,3,16,2586,DL,SFO,12
-1,9,26,3,16,589,DL,CVG,12
2,9,26,3,16,2446,DL,SAN,12
-1,9,26,3,7,2475,DL,LAX,12
-1,9,26,3,8,2475,DL,LAX,12
-2,9,26,3,14,2475,DL,LAX,12
22,9,26,3,20,2475,DL,LAX,12
-4,9,26,3,8,2586,DL,SFO,12
-2,9,26,3,8,2421,DL,SEA,12
-2,9,26,3,12,2248,DL,LAS,12
2,9,26,3,19,2421,DL,SEA,12
-3,9,26,3,8,2248,DL,LAS,12
4,9,26,3,16,2248,DL,LAS,12
12,9,26,3,19,2248,DL,LAS,12
2,9,26,3,8,2153,DL,PHX,12
-2,9,26,3,18,2153,DL,PHX,12
29,9,26,3,8,1626,DL,DEN,12
13,9,26,3,19,2454,DL,PDX,12
-3,9,26,3,16,187,DL,BOS,12
-6,9,26,3,8,1597,DL,SJU,12
-7,9,26,3,11,1028,DL,PBI,12
-4,9,26,3,7,1989,DL,SLC,12
-6,9,26,3,6,760,DL,ATL,12
24,9,26,3,16,1005,DL,TPA,12
-7,9,26,3,19,1005,DL,TPA,12
11,9,26,3,12,760,DL,ATL,12
-10,9,26,3,11,944,DL,MCO,12
63,9,26,3,19,1989,DL,SLC,12
22,9,26,3,19,944,DL,MCO,12
0,9,26,3,8,1069,DL,FLL,12
-4,9,26,3,8,1005,DL,TPA,12
-2,9,27,4,18,1069,DL,FLL,11
58,9,27,4,8,760,DL,ATL,11
26,9,27,4,16,2475,DL,LAX,11
31,9,27,4,16,760,DL,ATL,11
13,9,27,4,18,1090,DL,MIA,11
2,9,27,4,16,1989,DL,SLC,11
-3,9,27,4,16,1069,DL,FLL,11
6,9,27,4,16,2421,DL,SEA,11
33,9,27,4,18,2475,DL,LAX,11
75,9,27,4,18,760,DL,ATL,11
18,9,27,4,16,944,DL,MCO,11
10,9,27,4,18,2586,DL,SFO,11
26,9,27,4,16,2586,DL,SFO,11
-3,9,27,4,16,589,DL,CVG,11
2,9,27,4,16,2446,DL,SAN,11
-4,9,27,4,7,2475,DL,LAX,11
16,9,27,4,8,2475,DL,LAX,11
0,9,27,4,14,2475,DL,LAX,11
47,9,27,4,20,2475,DL,LAX,11
-3,9,27,4,8,2586,DL,SFO,11
-2,9,27,4,8,2421,DL,SEA,11
124,9,27,4,12,2248,DL,LAS,11
61,9,27,4,19,2421,DL,SEA,11
3,9,27,4,8,2248,DL,LAS,11
15,9,27,4,16,2248,DL,LAS,11
4,9,27,4,19,2248,DL,LAS,11
-7,9,27,4,8,2153,DL,PHX,11
68,9,27,4,18,2153,DL,PHX,11
-7,9,27,4,8,1626,DL,DEN,11
8,9,27,4,19,2454,DL,PDX,11
72,9,27,4,16,187,DL,BOS,11
-7,9,27,4,8,1597,DL,SJU,11
-5,9,27,4,11,1028,DL,PBI,11
-11,9,27,4,7,1989,DL,SLC,11
-1,9,27,4,6,760,DL,ATL,11
-6,9,27,4,16,1005,DL,TPA,11
20,9,27,4,19,1005,DL,TPA,11
30,9,27,4,12,760,DL,ATL,11
-6,9,27,4,11,944,DL,MCO,11
110,9,27,4,19,1989,DL,SLC,11
12,9,27,4,15,1989,DL,SLC,11
48,9,27,4,19,944,DL,MCO,11
-3,9,27,4,8,1069,DL,FLL,11
-10,9,27,4,11,1069,DL,FLL,11
-1,9,27,4,8,944,DL,MCO,11
-2,9,27,4,8,1005,DL,TPA,11
-1,9,28,5,18,1069,DL,FLL,10
20,9,28,5,8,760,DL,ATL,10
-1,9,28,5,16,2475,DL,LAX,10
0,9,28,5,16,760,DL,ATL,10
0,9,28,5,18,1090,DL,MIA,10
0,9,28,5,16,1989,DL,SLC,10
64,9,28,5,16,1069,DL,FLL,10
2,9,28,5,16,2421,DL,SEA,10
-6,9,28,5,18,2475,DL,LAX,10
15,9,28,5,18,760,DL,ATL,10
0,9,28,5,16,944,DL,MCO,10
-1,9,28,5,18,2586,DL,SFO,10
-5,9,28,5,16,2586,DL,SFO,10
-3,9,28,5,16,589,DL,CVG,10
-3,9,28,5,16,2446,DL,SAN,10
-6,9,28,5,7,2475,DL,LAX,10
-2,9,28,5,8,2475,DL,LAX,10
0,9,28,5,14,2475,DL,LAX,10
54,9,28,5,20,2475,DL,LAX,10
-1,9,28,5,8,2586,DL,SFO,10
-7,9,28,5,8,2421,DL,SEA,10
32,9,28,5,12,2248,DL,LAS,10
-6,9,28,5,19,2421,DL,SEA,10
-3,9,28,5,8,2248,DL,LAS,10
1,9,28,5,16,2248,DL,LAS,10
81,9,28,5,19,2248,DL,LAS,10
-4,9,28,5,8,2153,DL,PHX,10
2,9,28,5,18,2153,DL,PHX,10
86,9,28,5,8,1626,DL,DEN,10
54,9,28,5,19,2454,DL,PDX,10
8,9,28,5,16,187,DL,BOS,10
9,9,28,5,8,1597,DL,SJU,10
-12,9,28,5,11,1028,DL,PBI,10
-6,9,28,5,7,1989,DL,SLC,10
-1,9,28,5,6,760,DL,ATL,10
-15,9,28,5,16,1005,DL,TPA,10
9,9,28,5,19,1005,DL,TPA,10
5,9,28,5,12,760,DL,ATL,10
-5,9,28,5,11,944,DL,MCO,10
-1,9,28,5,19,1989,DL,SLC,10
-13,9,28,5,15,1989,DL,SLC,10
45,9,28,5,19,944,DL,MCO,10
-2,9,28,5,8,1069,DL,FLL,10
-5,9,28,5,11,1069,DL,FLL,10
-2,9,28,5,8,944,DL,MCO,10
2,9,28,5,8,1005,DL,TPA,10
17,9,29,6,18,1069,DL,FLL,9
33,9,29,6,8,760,DL,ATL,9
4,9,29,6,16,2475,DL,LAX,9
0,9,29,6,16,760,DL,ATL,9
-2,9,29,6,18,1090,DL,MIA,9
22,9,29,6,16,1989,DL,SLC,9
18,9,29,6,16,1069,DL,FLL,9
-4,9,29,6,16,2421,DL,SEA,9
0,9,29,6,18,2475,DL,LAX,9
0,9,29,6,18,760,DL,ATL,9
34,9,29,6,16,944,DL,MCO,9
19,9,29,6,16,2586,DL,SFO,9
34,9,29,6,16,589,DL,CVG,9
-3,9,29,6,16,2446,DL,SAN,9
-4,9,29,6,8,2475,DL,LAX,9
-1,9,29,6,14,2475,DL,LAX,9
-2,9,29,6,8,2586,DL,SFO,9
-1,9,29,6,8,2421,DL,SEA,9
-2,9,29,6,12,2248,DL,LAS,9
-1,9,29,6,8,2248,DL,LAS,9
1,9,29,6,16,2248,DL,LAS,9
-1,9,29,6,19,2248,DL,LAS,9
-5,9,29,6,8,2153,DL,PHX,9
73,9,29,6,18,2153,DL,PHX,9
-1,9,29,6,8,1626,DL,DEN,9
-1,9,29,6,19,2454,DL,PDX,9
-1,9,29,6,16,187,DL,BOS,9
-1,9,29,6,8,1597,DL,SJU,9
-6,9,29,6,11,1028,DL,PBI,9
-3,9,29,6,7,1989,DL,SLC,9
0,9,29,6,20,187,DL,BOS,9
-4,9,29,6,6,760,DL,ATL,9
-5,9,29,6,16,1005,DL,TPA,9
-8,9,29,6,19,1005,DL,TPA,9
0,9,29,6,12,760,DL,ATL,9
16,9,29,6,11,944,DL,MCO,9
53,9,29,6,19,1989,DL,SLC,9
20,9,29,6,19,944,DL,MCO,9
-4,9,29,6,8,1069,DL,FLL,9
-3,9,29,6,11,1069,DL,FLL,9
-4,9,29,6,8,944,DL,MCO,9
-9,9,29,6,8,1005,DL,TPA,9
4,9,30,7,18,1069,DL,FLL,8
31,9,30,7,8,760,DL,ATL,8
32,9,30,7,16,2475,DL,LAX,8
18,9,30,7,16,760,DL,ATL,8
-7,9,30,7,18,1090,DL,MIA,8
13,9,30,7,16,1989,DL,SLC,8
10,9,30,7,16,1069,DL,FLL,8
-4,9,30,7,16,2421,DL,SEA,8
2,9,30,7,18,2475,DL,LAX,8
12,9,30,7,18,760,DL,ATL,8
-1,9,30,7,16,944,DL,MCO,8
4,9,30,7,18,2586,DL,SFO,8
0,9,30,7,16,2586,DL,SFO,8
-2,9,30,7,16,589,DL,CVG,8
-7,9,30,7,16,2446,DL,SAN,8
-2,9,30,7,8,2475,DL,LAX,8
0,9,30,7,14,2475,DL,LAX,8
7,9,30,7,20,2475,DL,LAX,8
-2,9,30,7,8,2586,DL,SFO,8
-3,9,30,7,8,2421,DL,SEA,8
-2,9,30,7,12,2248,DL,LAS,8
71,9,30,7,19,2421,DL,SEA,8
-5,9,30,7,8,2248,DL,LAS,8
15,9,30,7,16,2248,DL,LAS,8
8,9,30,7,19,2248,DL,LAS,8
0,9,30,7,8,2153,DL,PHX,8
1,9,30,7,18,2153,DL,PHX,8
1,9,30,7,8,1626,DL,DEN,8
18,9,30,7,19,2454,DL,PDX,8
35,9,30,7,16,187,DL,BOS,8
0,9,30,7,8,1597,DL,SJU,8
-10,9,30,7,11,1028,DL,PBI,8
-1,9,30,7,7,1989,DL,SLC,8
2,9,30,7,6,760,DL,ATL,8
0,9,30,7,16,1005,DL,TPA,8
-2,9,30,7,19,1005,DL,TPA,8
1,9,30,7,12,760,DL,ATL,8
9,9,30,7,17,760,DL,ATL,8
-2,9,30,7,11,944,DL,MCO,8
30,9,30,7,19,1989,DL,SLC,8
-1,9,30,7,15,1989,DL,SLC,8
24,9,30,7,19,944,DL,MCO,8
-3,9,30,7,8,1069,DL,FLL,8
-5,9,30,7,11,1069,DL,FLL,8
-1,9,30,7,8,944,DL,MCO,8
-2,9,30,7,8,1005,DL,TPA,8
