12,3,29,4,16,1417,CO,IAH,38
-5,3,28,3,13,1417,CO,IAH,37
-2,3,1,4,7,1417,CO,IAH,10
-5,3,2,5,7,1417,CO,IAH,11
-1,3,8,4,7,1417,CO,IAH,17
199,3,20,2,13,1417,CO,IAH,29
10,3,15,4,16,1417,CO,IAH,24
6,3,25,7,7,1417,CO,IAH,34
-1,3,13,2,5,1417,CO,IAH,22
49,3,15,4,13,1417,CO,IAH,24
-3,3,21,3,7,1417,CO,IAH,30
4,3,3,6,5,1417,CO,IAH,12
-8,3,27,2,5,1417,CO,IAH,36
-8,3,8,4,5,1417,CO,IAH,17
1,3,29,4,7,1417,CO,IAH,38
20,3,13,2,13,1417,CO,IAH,22
-2,3,5,1,13,1417,CO,IAH,14
-1,3,30,5,7,1417,CO,IAH,39
10,3,12,1,5,1417,CO,IAH,21
16,3,30,5,13,1417,CO,IAH,39
13,3,2,5,5,1417,CO,IAH,11
-2,3,28,3,7,1417,CO,IAH,37
7,3,6,2,16,1417,CO,IAH,15
-5,3,15,4,7,1417,CO,IAH,24
33,3,22,4,7,1417,CO,IAH,31
5,3,5,1,5,1417,CO,IAH,14
-2,3,23,5,5,1417,CO,IAH,32
36,3,4,7,16,1417,CO,IAH,13
26,3,19,1,16,1417,CO,IAH,28
3,3,7,3,13,1417,CO,IAH,16
26,3,20,2,16,1417,CO,IAH,29
-10,3,9,5,13,1417,CO,IAH,18
-3,3,13,2,7,1417,CO,IAH,22
19,3,22,4,13,1417,CO,IAH,31
-1,3,23,5,7,1417,CO,IAH,32
10,3,7,3,16,1417,CO,IAH,16
-4,3,3,6,7,1417,CO,IAH,12
48,3,19,1,7,1417,CO,IAH,28
-3,3,7,3,7,1417,CO,IAH,16
155,3,12,1,16,1417,CO,IAH,21
-1,3,20,2,5,1417,CO,IAH,29
-9,3,4,7,7,1417,CO,IAH,13
11,3,23,5,13,1417,CO,IAH,32
1,3,31,6,7,1417,CO,IAH,40
12,3,22,4,16,1417,CO,IAH,31
7,3,29,4,13,1417,CO,IAH,38
-1,3,1,4,5,1417,CO,IAH,10
-4,3,1,4,13,1417,CO,IAH,10
-4,3,14,3,7,1417,CO,IAH,23
-2,3,5,1,7,1417,CO,IAH,14
11,3,21,3,13,1417,CO,IAH,30
48,3,20,2,7,1417,CO,IAH,29
3,3,14,3,16,1417,CO,IAH,23
-6,3,9,5,5,1417,CO,IAH,18
0,3,14,3,5,1417,CO,IAH,23
-4,3,10,6,7,1417,CO,IAH,19
-1,3,22,4,5,1417,CO,IAH,31
13,3,24,6,7,1417,CO,IAH,33
132,3,12,1,13,1417,CO,IAH,21
38,3,19,1,5,1417,CO,IAH,28
21,3,1,4,16,1417,CO,IAH,10
9,3,6,2,5,1417,CO,IAH,15
8,3,23,5,16,1417,CO,IAH,32
7,3,15,4,5,1417,CO,IAH,24
41,3,16,5,5,1417,CO,IAH,25
2,3,12,1,7,1417,CO,IAH,21
9,3,9,5,16,1417,CO,IAH,18
-9,3,26,1,16,1417,CO,IAH,35
49,3,11,7,7,1417,CO,IAH,20
27,3,18,7,7,1417,CO,IAH,27
74,3,8,4,16,1417,CO,IAH,17
16,3,1,4,8,760,DL,ATL,10
42,3,1,4,17,760,DL,ATL,10
154,3,1,4,19,1989,DL,SLC,10
-5,3,1,4,8,2153,DL,PHX,10
0,3,1,4,15,2586,DL,SFO,10
58,3,1,4,16,1597,DL,SJU,10
-4,3,1,4,8,2248,DL,LAS,10
-4,3,1,4,17,2248,DL,LAS,10
5,3,1,4,12,1028,DL,PBI,10
-1,3,1,4,20,1028,DL,PBI,10
0,3,1,4,8,1597,DL,SJU,10
-5,3,1,4,12,1005,DL,TPA,10
-5,3,1,4,7,2475,DL,LAX,10
0,3,1,4,8,2421,DL,SEA,10
55,3,1,4,17,2586,DL,SFO,10
-3,3,1,4,16,944,DL,MCO,10
13,3,1,4,6,760,DL,ATL,10
19,3,1,4,19,1005,DL,TPA,10
-2,3,1,4,8,2475,DL,LAX,10
-5,3,1,4,8,1028,DL,PBI,10
-3,3,1,4,7,1989,DL,SLC,10
7,3,1,4,19,2248,DL,LAS,10
38,3,1,4,17,1989,DL,SLC,10
2,3,1,4,17,1090,DL,MIA,10
0,3,1,4,20,1069,DL,FLL,10
1,3,1,4,17,2421,DL,SEA,10
0,3,1,4,12,944,DL,MCO,10
6,3,1,4,11,2475,DL,LAX,10
-4,3,1,4,16,2475,DL,LAX,10
48,3,1,4,17,1005,DL,TPA,10
12,3,1,4,8,1069,DL,FLL,10
-1,3,1,4,12,1069,DL,FLL,10
101,3,1,4,16,1069,DL,FLL,10
-2,3,1,4,8,944,DL,MCO,10
0,3,1,4,17,2446,DL,SAN,10
66,3,1,4,18,2475,DL,LAX,10
-2,3,1,4,8,1005,DL,TPA,10
0,3,1,4,8,2586,DL,SFO,10
-4,3,1,4,20,944,DL,MCO,10
37,3,2,5,8,760,DL,ATL,11
10,3,2,5,17,760,DL,ATL,11
179,3,2,5,19,1989,DL,SLC,11
12,3,2,5,16,1597,DL,SJU,11
17,3,2,5,8,2248,DL,LAS,11
9,3,2,5,17,2248,DL,LAS,11
9,3,2,5,12,1028,DL,PBI,11
50,3,2,5,20,1028,DL,PBI,11
6,3,2,5,8,1597,DL,SJU,11
-2,3,2,5,12,1005,DL,TPA,11
6,3,2,5,8,944,DL,MCO,11
7,3,2,5,8,2421,DL,SEA,11
-3,3,2,5,18,2586,DL,SFO,11
9,3,2,5,14,944,DL,MCO,11
17,3,2,5,16,944,DL,MCO,11
97,3,2,5,19,1005,DL,TPA,11
15,3,2,5,8,1028,DL,PBI,11
-3,3,2,5,7,1989,DL,SLC,11
-2,3,2,5,17,1989,DL,SLC,11
-2,3,2,5,17,1090,DL,MIA,11
22,3,2,5,16,2421,DL,SEA,11
0,3,2,5,7,2475,DL,LAX,11
1,3,2,5,8,2475,DL,LAX,11
60,3,2,5,19,2475,DL,LAX,11
0,3,2,5,8,2586,DL,SFO,11
10,3,2,5,15,2586,DL,SFO,11
30,3,2,5,12,944,DL,MCO,11
74,3,2,5,19,2248,DL,LAS,11
-2,3,2,5,11,2475,DL,LAX,11
-3,3,2,5,16,2475,DL,LAX,11
43,3,2,5,16,1005,DL,TPA,11
-2,3,2,5,12,1069,DL,FLL,11
128,3,2,5,16,1069,DL,FLL,11
7,3,2,5,8,1069,DL,FLL,11
-1,3,2,5,17,2446,DL,SAN,11
112,3,2,5,6,760,DL,ATL,11
-4,3,2,5,8,1005,DL,TPA,11
39,3,2,5,20,944,DL,MCO,11
23,3,3,6,8,760,DL,ATL,12
29,3,3,6,17,760,DL,ATL,12
-7,3,3,6,9,1623,DL,STT,12
98,3,3,6,16,1597,DL,SJU,12
-6,3,3,6,8,944,DL,MCO,12
-3,3,3,6,8,2248,DL,LAS,12
0,3,3,6,17,2248,DL,LAS,12
0,3,3,6,12,1028,DL,PBI,12
5,3,3,6,20,1028,DL,PBI,12
2,3,3,6,8,1597,DL,SJU,12
-4,3,3,6,12,1005,DL,TPA,12
4,3,3,6,8,2421,DL,SEA,12
0,3,3,6,18,2586,DL,SFO,12
24,3,3,6,16,944,DL,MCO,12
23,3,3,6,19,1005,DL,TPA,12
4,3,3,6,8,1028,DL,PBI,12
-5,3,3,6,7,1989,DL,SLC,12
4,3,3,6,17,1989,DL,SLC,12
18,3,3,6,17,1090,DL,MIA,12
27,3,3,6,20,1069,DL,FLL,12
0,3,3,6,16,2421,DL,SEA,12
-2,3,3,6,8,2475,DL,LAX,12
-5,3,3,6,16,2475,DL,LAX,12
18,3,3,6,19,2475,DL,LAX,12
9,3,3,6,8,2586,DL,SFO,12
-3,3,3,6,12,944,DL,MCO,12
18,3,3,6,19,2248,DL,LAS,12
60,3,3,6,16,1005,DL,TPA,12
-5,3,3,6,12,1069,DL,FLL,12
24,3,3,6,16,1069,DL,FLL,12
0,3,3,6,8,1069,DL,FLL,12
-2,3,3,6,8,2153,DL,PHX,12
-6,3,3,6,17,2446,DL,SAN,12
-1,3,3,6,6,760,DL,ATL,12
66,3,3,6,8,1005,DL,TPA,12
-4,3,3,6,20,944,DL,MCO,12
14,3,4,7,8,760,DL,ATL,13
1,3,4,7,17,760,DL,ATL,13
-7,3,4,7,19,1989,DL,SLC,13
41,3,4,7,16,1597,DL,SJU,13
-1,3,4,7,8,2248,DL,LAS,13
-2,3,4,7,17,2248,DL,LAS,13
-14,3,4,7,10,213,DL,DCA,13
-11,3,4,7,12,1028,DL,PBI,13
-9,3,4,7,20,1028,DL,PBI,13
0,3,4,7,14,760,DL,ATL,13
-5,3,4,7,8,1597,DL,SJU,13
-7,3,4,7,12,1005,DL,TPA,13
-4,3,4,7,8,944,DL,MCO,13
28,3,4,7,8,2421,DL,SEA,13
15,3,4,7,18,2586,DL,SFO,13
0,3,4,7,14,944,DL,MCO,13
-5,3,4,7,16,944,DL,MCO,13
29,3,4,7,19,1005,DL,TPA,13
-7,3,4,7,7,187,DL,BOS,13
-10,3,4,7,8,1028,DL,PBI,13
5,3,4,7,7,1989,DL,SLC,13
-12,3,4,7,6,589,DL,CVG,13
7,3,4,7,17,1989,DL,SLC,13
-5,3,4,7,17,1090,DL,MIA,13
45,3,4,7,20,1069,DL,FLL,13
3,3,4,7,20,760,DL,ATL,13
33,3,4,7,16,2421,DL,SEA,13
-7,3,4,7,8,2475,DL,LAX,13
2,3,4,7,19,2475,DL,LAX,13
-2,3,4,7,8,2586,DL,SFO,13
-1,3,4,7,15,2586,DL,SFO,13
15,3,4,7,12,944,DL,MCO,13
132,3,4,7,19,2248,DL,LAS,13
-2,3,4,7,11,2475,DL,LAX,13
0,3,4,7,16,2475,DL,LAX,13
0,3,4,7,16,1005,DL,TPA,13
-7,3,4,7,12,1069,DL,FLL,13
-4,3,4,7,16,1069,DL,FLL,13
14,3,4,7,8,1069,DL,FLL,13
-1,3,4,7,8,2153,DL,PHX,13
36,3,4,7,17,2446,DL,SAN,13
-4,3,4,7,6,760,DL,ATL,13
-5,3,4,7,8,1005,DL,TPA,13
-2,3,4,7,20,944,DL,MCO,13
29,3,5,1,8,760,DL,ATL,14
24,3,5,1,17,760,DL,ATL,14
2,3,5,1,19,1989,DL,SLC,14
-9,3,5,1,16,1597,DL,SJU,14
-4,3,5,1,8,2248,DL,LAS,14
-1,3,5,1,17,2248,DL,LAS,14
-10,3,5,1,12,1028,DL,PBI,14
6,3,5,1,20,1028,DL,PBI,14
-1,3,5,1,8,1597,DL,SJU,14
-9,3,5,1,12,1005,DL,TPA,14
-5,3,5,1,8,944,DL,MCO,14
-2,3,5,1,8,2421,DL,SEA,14
19,3,5,1,18,2586,DL,SFO,14
-2,3,5,1,14,944,DL,MCO,14
-4,3,5,1,16,944,DL,MCO,14
-4,3,5,1,19,1005,DL,TPA,14
-4,3,5,1,8,1028,DL,PBI,14
-2,3,5,1,7,1989,DL,SLC,14
-1,3,5,1,17,1989,DL,SLC,14
55,3,5,1,17,1090,DL,MIA,14
28,3,5,1,20,1069,DL,FLL,14
21,3,5,1,16,2421,DL,SEA,14
-8,3,5,1,7,2475,DL,LAX,14
-5,3,5,1,8,2475,DL,LAX,14
23,3,5,1,19,2475,DL,LAX,14
3,3,5,1,8,2586,DL,SFO,14
-7,3,5,1,15,2586,DL,SFO,14
-11,3,5,1,12,944,DL,MCO,14
6,3,5,1,19,2248,DL,LAS,14
-7,3,5,1,11,2475,DL,LAX,14
-1,3,5,1,16,2475,DL,LAX,14
81,3,5,1,16,1005,DL,TPA,14
-9,3,5,1,12,1069,DL,FLL,14
11,3,5,1,16,1069,DL,FLL,14
-3,3,5,1,8,1069,DL,FLL,14
0,3,5,1,8,2153,DL,PHX,14
7,3,5,1,17,2446,DL,SAN,14
-6,3,5,1,6,760,DL,ATL,14
7,3,5,1,8,1005,DL,TPA,14
2,3,5,1,20,944,DL,MCO,14
9,3,6,2,8,760,DL,ATL,15
-7,3,6,2,17,760,DL,ATL,15
6,3,6,2,19,1989,DL,SLC,15
76,3,6,2,16,1597,DL,SJU,15
36,3,6,2,8,2248,DL,LAS,15
-1,3,6,2,17,2248,DL,LAS,15
-8,3,6,2,12,1028,DL,PBI,15
19,3,6,2,20,1028,DL,PBI,15
-3,3,6,2,8,1597,DL,SJU,15
-3,3,6,2,12,1005,DL,TPA,15
3,3,6,2,8,944,DL,MCO,15
6,3,6,2,8,2421,DL,SEA,15
6,3,6,2,18,2586,DL,SFO,15
29,3,6,2,14,944,DL,MCO,15
66,3,6,2,16,944,DL,MCO,15
19,3,6,2,19,1005,DL,TPA,15
-7,3,6,2,8,1028,DL,PBI,15
2,3,6,2,7,1989,DL,SLC,15
13,3,6,2,17,1989,DL,SLC,15
25,3,6,2,17,1090,DL,MIA,15
53,3,6,2,20,1069,DL,FLL,15
-4,3,6,2,16,2421,DL,SEA,15
-9,3,6,2,7,2475,DL,LAX,15
8,3,6,2,8,2475,DL,LAX,15
66,3,6,2,19,2475,DL,LAX,15
-1,3,6,2,8,2586,DL,SFO,15
-13,3,6,2,15,2586,DL,SFO,15
-4,3,6,2,12,944,DL,MCO,15
-6,3,6,2,19,2248,DL,LAS,15
8,3,6,2,11,2475,DL,LAX,15
-3,3,6,2,16,2475,DL,LAX,15
12,3,6,2,16,1005,DL,TPA,15
2,3,6,2,12,1069,DL,FLL,15
-10,3,6,2,16,1069,DL,FLL,15
-5,3,6,2,8,1069,DL,FLL,15
17,3,6,2,8,2153,DL,PHX,15
2,3,6,2,17,2446,DL,SAN,15
-2,3,6,2,6,760,DL,ATL,15
-3,3,6,2,8,1005,DL,TPA,15
-10,3,6,2,20,944,DL,MCO,15
46,3,7,3,8,760,DL,ATL,16
99,3,7,3,17,760,DL,ATL,16
31,3,7,3,19,1989,DL,SLC,16
10,3,7,3,8,2248,DL,LAS,16
30,3,7,3,17,2248,DL,LAS,16
-3,3,7,3,12,1028,DL,PBI,16
7,3,7,3,20,1028,DL,PBI,16
41,3,7,3,8,1597,DL,SJU,16
-5,3,7,3,12,1005,DL,TPA,16
-3,3,7,3,8,944,DL,MCO,16
21,3,7,3,8,2421,DL,SEA,16
-2,3,7,3,18,2586,DL,SFO,16
122,3,7,3,14,944,DL,MCO,16
111,3,7,3,16,944,DL,MCO,16
23,3,7,3,19,1005,DL,TPA,16
6,3,7,3,8,1028,DL,PBI,16
2,3,7,3,7,1989,DL,SLC,16
106,3,7,3,17,1989,DL,SLC,16
-4,3,7,3,17,1090,DL,MIA,16
60,3,7,3,20,1069,DL,FLL,16
22,3,7,3,16,2421,DL,SEA,16
46,3,7,3,7,2475,DL,LAX,16
-2,3,7,3,8,2475,DL,LAX,16
116,3,7,3,19,2475,DL,LAX,16
18,3,7,3,8,2586,DL,SFO,16
90,3,7,3,15,2586,DL,SFO,16
-11,3,7,3,12,944,DL,MCO,16
48,3,7,3,19,2248,DL,LAS,16
4,3,7,3,11,2475,DL,LAX,16
84,3,7,3,16,2475,DL,LAX,16
77,3,7,3,16,1005,DL,TPA,16
128,3,7,3,12,1069,DL,FLL,16
82,3,7,3,8,1069,DL,FLL,16
-3,3,7,3,8,2153,DL,PHX,16
124,3,7,3,17,2446,DL,SAN,16
148,3,7,3,6,760,DL,ATL,16
107,3,7,3,8,1005,DL,TPA,16
45,3,7,3,20,944,DL,MCO,16
6,3,8,4,8,760,DL,ATL,17
5,3,8,4,17,760,DL,ATL,17
33,3,8,4,19,1989,DL,SLC,17
76,3,8,4,16,1597,DL,SJU,17
-3,3,8,4,8,2248,DL,LAS,17
62,3,8,4,17,2248,DL,LAS,17
-1,3,8,4,12,1028,DL,PBI,17
65,3,8,4,20,1028,DL,PBI,17
33,3,8,4,8,1597,DL,SJU,17
15,3,8,4,12,1005,DL,TPA,17
1,3,8,4,8,944,DL,MCO,17
-3,3,8,4,8,2421,DL,SEA,17
9,3,8,4,18,2586,DL,SFO,17
-1,3,8,4,14,944,DL,MCO,17
7,3,8,4,16,944,DL,MCO,17
36,3,8,4,19,1005,DL,TPA,17
-2,3,8,4,8,1028,DL,PBI,17
17,3,8,4,7,1989,DL,SLC,17
73,3,8,4,17,1989,DL,SLC,17
-1,3,8,4,17,1090,DL,MIA,17
46,3,8,4,20,1069,DL,FLL,17
14,3,8,4,16,2421,DL,SEA,17
-5,3,8,4,7,2475,DL,LAX,17
43,3,8,4,8,2475,DL,LAX,17
38,3,8,4,19,2475,DL,LAX,17
0,3,8,4,8,2586,DL,SFO,17
1,3,8,4,15,2586,DL,SFO,17
2,3,8,4,12,944,DL,MCO,17
3,3,8,4,19,2248,DL,LAS,17
1,3,8,4,11,2475,DL,LAX,17
164,3,8,4,16,2475,DL,LAX,17
14,3,8,4,16,1005,DL,TPA,17
-3,3,8,4,12,1069,DL,FLL,17
-2,3,8,4,16,1069,DL,FLL,17
-5,3,8,4,8,1069,DL,FLL,17
13,3,8,4,8,2153,DL,PHX,17
-5,3,8,4,17,2446,DL,SAN,17
-6,3,8,4,6,760,DL,ATL,17
-1,3,8,4,8,1005,DL,TPA,17
30,3,8,4,20,944,DL,MCO,17
21,3,9,5,8,760,DL,ATL,18
24,3,9,5,17,760,DL,ATL,18
42,3,9,5,19,1989,DL,SLC,18
-4,3,9,5,8,2248,DL,LAS,18
23,3,9,5,17,2248,DL,LAS,18
-9,3,9,5,12,1028,DL,PBI,18
-1,3,9,5,20,1028,DL,PBI,18
13,3,9,5,8,1597,DL,SJU,18
45,3,9,5,12,1005,DL,TPA,18
7,3,9,5,8,944,DL,MCO,18
8,3,9,5,8,2421,DL,SEA,18
-2,3,9,5,18,2586,DL,SFO,18
-4,3,9,5,14,944,DL,MCO,18
80,3,9,5,16,944,DL,MCO,18
15,3,9,5,19,1005,DL,TPA,18
-3,3,9,5,8,1028,DL,PBI,18
0,3,9,5,7,1989,DL,SLC,18
17,3,9,5,17,1989,DL,SLC,18
-3,3,9,5,17,1090,DL,MIA,18
37,3,9,5,20,1069,DL,FLL,18
25,3,9,5,16,2421,DL,SEA,18
-2,3,9,5,7,2475,DL,LAX,18
1,3,9,5,8,2475,DL,LAX,18
28,3,9,5,19,2475,DL,LAX,18
-4,3,9,5,8,2586,DL,SFO,18
0,3,9,5,15,2586,DL,SFO,18
-4,3,9,5,12,944,DL,MCO,18
0,3,9,5,19,2248,DL,LAS,18
-3,3,9,5,11,2475,DL,LAX,18
-3,3,9,5,16,2475,DL,LAX,18
-3,3,9,5,16,1005,DL,TPA,18
21,3,9,5,12,1069,DL,FLL,18
7,3,9,5,16,1069,DL,FLL,18
11,3,9,5,8,1069,DL,FLL,18
1,3,9,5,8,2153,DL,PHX,18
34,3,9,5,17,2446,DL,SAN,18
0,3,9,5,6,760,DL,ATL,18
5,3,9,5,8,1005,DL,TPA,18
2,3,9,5,20,944,DL,MCO,18
22,3,10,6,8,760,DL,ATL,19
14,3,10,6,17,760,DL,ATL,19
0,3,10,6,9,1623,DL,STT,19
55,3,10,6,16,1597,DL,SJU,19
-4,3,10,6,8,944,DL,MCO,19
-3,3,10,6,8,2248,DL,LAS,19
28,3,10,6,17,2248,DL,LAS,19
21,3,10,6,12,1028,DL,PBI,19
-3,3,10,6,20,1028,DL,PBI,19
-4,3,10,6,8,1597,DL,SJU,19
-5,3,10,6,12,1005,DL,TPA,19
1,3,10,6,8,2421,DL,SEA,19
-4,3,10,6,18,2586,DL,SFO,19
-8,3,10,6,16,944,DL,MCO,19
12,3,10,6,19,1005,DL,TPA,19
5,3,10,6,8,1028,DL,PBI,19
16,3,10,6,7,1989,DL,SLC,19
-3,3,10,6,17,1989,DL,SLC,19
-1,3,10,6,17,1090,DL,MIA,19
-8,3,10,6,20,1069,DL,FLL,19
35,3,10,6,16,2421,DL,SEA,19
3,3,10,6,8,2475,DL,LAX,19
18,3,10,6,16,2475,DL,LAX,19
42,3,10,6,19,2475,DL,LAX,19
-1,3,10,6,8,2586,DL,SFO,19
5,3,10,6,12,944,DL,MCO,19
64,3,10,6,19,2248,DL,LAS,19
42,3,10,6,16,1005,DL,TPA,19
-3,3,10,6,12,1069,DL,FLL,19
2,3,10,6,16,1069,DL,FLL,19
1,3,10,6,8,1069,DL,FLL,19
-3,3,10,6,8,2153,DL,PHX,19
-1,3,10,6,17,2446,DL,SAN,19
-3,3,10,6,6,760,DL,ATL,19
12,3,10,6,8,1005,DL,TPA,19
-6,3,10,6,20,944,DL,MCO,19
12,3,11,7,9,760,DL,ATL,20
1,3,11,7,17,760,DL,ATL,20
-7,3,11,7,19,1989,DL,SLC,20
57,3,11,7,16,1597,DL,SJU,20
8,3,11,7,8,2248,DL,LAS,20
17,3,11,7,17,2248,DL,LAS,20
-2,3,11,7,10,213,DL,DCA,20
-4,3,11,7,12,1028,DL,PBI,20
110,3,11,7,20,1028,DL,PBI,20
27,3,11,7,14,760,DL,ATL,20
-5,3,11,7,8,1597,DL,SJU,20
-7,3,11,7,12,1005,DL,TPA,20
21,3,11,7,8,944,DL,MCO,20
1,3,11,7,8,2421,DL,SEA,20
62,3,11,7,18,2586,DL,SFO,20
-6,3,11,7,14,944,DL,MCO,20
-2,3,11,7,16,944,DL,MCO,20
30,3,11,7,19,1005,DL,TPA,20
-5,3,11,7,7,187,DL,BOS,20
-4,3,11,7,8,1028,DL,PBI,20
-2,3,11,7,7,1989,DL,SLC,20
-7,3,11,7,6,589,DL,CVG,20
76,3,11,7,17,1989,DL,SLC,20
-7,3,11,7,17,1090,DL,MIA,20
13,3,11,7,20,1069,DL,FLL,20
31,3,11,7,20,760,DL,ATL,20
23,3,11,7,16,2421,DL,SEA,20
0,3,11,7,8,2475,DL,LAX,20
50,3,11,7,19,2475,DL,LAX,20
-5,3,11,7,8,2586,DL,SFO,20
47,3,11,7,15,2586,DL,SFO,20
6,3,11,7,12,944,DL,MCO,20
18,3,11,7,19,2248,DL,LAS,20
4,3,11,7,11,2475,DL,LAX,20
20,3,11,7,16,2475,DL,LAX,20
-4,3,11,7,16,1005,DL,TPA,20
-2,3,11,7,12,1069,DL,FLL,20
-1,3,11,7,16,1069,DL,FLL,20
-2,3,11,7,8,1069,DL,FLL,20
-2,3,11,7,8,2153,DL,PHX,20
36,3,11,7,17,2446,DL,SAN,20
14,3,11,7,6,760,DL,ATL,20
-2,3,11,7,8,1005,DL,TPA,20
-1,3,11,7,20,944,DL,MCO,20
23,3,12,1,9,760,DL,ATL,21
8,3,12,1,17,760,DL,ATL,21
15,3,12,1,19,1989,DL,SLC,21
58,3,12,1,16,1597,DL,SJU,21
-4,3,12,1,8,2248,DL,LAS,21
35,3,12,1,17,2248,DL,LAS,21
-4,3,12,1,12,1028,DL,PBI,21
207,3,12,1,20,1028,DL,PBI,21
25,3,12,1,8,1597,DL,SJU,21
12,3,12,1,12,1005,DL,TPA,21
-2,3,12,1,8,944,DL,MCO,21
-3,3,12,1,8,2421,DL,SEA,21
6,3,12,1,18,2586,DL,SFO,21
-4,3,12,1,14,944,DL,MCO,21
-6,3,12,1,16,944,DL,MCO,21
2,3,12,1,19,1005,DL,TPA,21
-2,3,12,1,8,1028,DL,PBI,21
0,3,12,1,7,1989,DL,SLC,21
27,3,12,1,17,1989,DL,SLC,21
-1,3,12,1,17,1090,DL,MIA,21
-4,3,12,1,20,1069,DL,FLL,21
-2,3,12,1,16,2421,DL,SEA,21
-4,3,12,1,7,2475,DL,LAX,21
-2,3,12,1,8,2475,DL,LAX,21
33,3,12,1,19,2475,DL,LAX,21
5,3,12,1,8,2586,DL,SFO,21
4,3,12,1,15,2586,DL,SFO,21
-5,3,12,1,12,944,DL,MCO,21
14,3,12,1,19,2248,DL,LAS,21
-5,3,12,1,11,2475,DL,LAX,21
15,3,12,1,16,2475,DL,LAX,21
4,3,12,1,16,1005,DL,TPA,21
-7,3,12,1,12,1069,DL,FLL,21
-7,3,12,1,16,1069,DL,FLL,21
-6,3,12,1,8,1069,DL,FLL,21
-3,3,12,1,8,2153,DL,PHX,21
12,3,12,1,17,2446,DL,SAN,21
4,3,12,1,6,760,DL,ATL,21
-8,3,12,1,8,1005,DL,TPA,21
2,3,12,1,20,944,DL,MCO,21
72,3,13,2,9,760,DL,ATL,22
-2,3,13,2,17,760,DL,ATL,22
14,3,13,2,19,1989,DL,SLC,22
7,3,13,2,16,1597,DL,SJU,22
48,3,13,2,8,2248,DL,LAS,22
-4,3,13,2,17,2248,DL,LAS,22
-6,3,13,2,12,1028,DL,PBI,22
-9,3,13,2,20,1028,DL,PBI,22
7,3,13,2,8,1597,DL,SJU,22
-1,3,13,2,12,1005,DL,TPA,22
-3,3,13,2,8,944,DL,MCO,22
2,3,13,2,8,2421,DL,SEA,22
-6,3,13,2,18,2586,DL,SFO,22
-1,3,13,2,14,944,DL,MCO,22
0,3,13,2,16,944,DL,MCO,22
-4,3,13,2,19,1005,DL,TPA,22
-8,3,13,2,8,1028,DL,PBI,22
120,3,13,2,7,1989,DL,SLC,22
12,3,13,2,17,1989,DL,SLC,22
-8,3,13,2,17,1090,DL,MIA,22
-8,3,13,2,20,1069,DL,FLL,22
-2,3,13,2,16,2421,DL,SEA,22
-7,3,13,2,7,2475,DL,LAX,22
-6,3,13,2,8,2475,DL,LAX,22
-1,3,13,2,19,2475,DL,LAX,22
-3,3,13,2,8,2586,DL,SFO,22
-6,3,13,2,15,2586,DL,SFO,22
1,3,13,2,12,944,DL,MCO,22
-9,3,13,2,19,2248,DL,LAS,22
-5,3,13,2,11,2475,DL,LAX,22
7,3,13,2,16,2475,DL,LAX,22
43,3,13,2,16,1005,DL,TPA,22
-5,3,13,2,12,1069,DL,FLL,22
-5,3,13,2,16,1069,DL,FLL,22
-7,3,13,2,8,1069,DL,FLL,22
-9,3,13,2,8,2153,DL,PHX,22
-2,3,13,2,17,2446,DL,SAN,22
-2,3,13,2,6,760,DL,ATL,22
-6,3,13,2,8,1005,DL,TPA,22
-9,3,13,2,20,944,DL,MCO,22
16,3,14,3,9,760,DL,ATL,23
74,3,14,3,19,1989,DL,SLC,23
31,3,14,3,16,1597,DL,SJU,23
-6,3,14,3,8,2248,DL,LAS,23
10,3,14,3,17,2248,DL,LAS,23
1,3,14,3,12,1028,DL,PBI,23
-3,3,14,3,20,1028,DL,PBI,23
-5,3,14,3,8,1597,DL,SJU,23
9,3,14,3,12,1005,DL,TPA,23
-1,3,14,3,8,944,DL,MCO,23
-2,3,14,3,8,2421,DL,SEA,23
6,3,14,3,18,2586,DL,SFO,23
8,3,14,3,14,944,DL,MCO,23
-4,3,14,3,16,944,DL,MCO,23
0,3,14,3,19,1005,DL,TPA,23
-2,3,14,3,8,1028,DL,PBI,23
-5,3,14,3,7,1989,DL,SLC,23
0,3,14,3,17,1989,DL,SLC,23
-2,3,14,3,17,1090,DL,MIA,23
0,3,14,3,20,1069,DL,FLL,23
-3,3,14,3,16,2421,DL,SEA,23
-4,3,14,3,7,2475,DL,LAX,23
-3,3,14,3,8,2475,DL,LAX,23
8,3,14,3,19,2475,DL,LAX,23
-9,3,14,3,8,2586,DL,SFO,23
-3,3,14,3,15,2586,DL,SFO,23
-2,3,14,3,12,944,DL,MCO,23
0,3,14,3,19,2248,DL,LAS,23
-5,3,14,3,11,2475,DL,LAX,23
4,3,14,3,16,2475,DL,LAX,23
136,3,14,3,16,1005,DL,TPA,23
-3,3,14,3,12,1069,DL,FLL,23
-1,3,14,3,8,1069,DL,FLL,23
10,3,14,3,8,2153,DL,PHX,23
4,3,14,3,17,2446,DL,SAN,23
22,3,14,3,6,760,DL,ATL,23
5,3,14,3,20,944,DL,MCO,23
23,3,15,4,9,760,DL,ATL,24
21,3,15,4,17,760,DL,ATL,24
53,3,15,4,19,1989,DL,SLC,24
-4,3,15,4,19,2421,DL,SEA,24
27,3,15,4,16,1597,DL,SJU,24
-7,3,15,4,8,2248,DL,LAS,24
5,3,15,4,17,2248,DL,LAS,24
36,3,15,4,12,1028,DL,PBI,24
33,3,15,4,20,1028,DL,PBI,24
-3,3,15,4,8,1597,DL,SJU,24
12,3,15,4,12,1005,DL,TPA,24
-2,3,15,4,8,944,DL,MCO,24
-3,3,15,4,8,2421,DL,SEA,24
59,3,15,4,18,2586,DL,SFO,24
15,3,15,4,14,944,DL,MCO,24
-1,3,15,4,16,944,DL,MCO,24
50,3,15,4,19,1005,DL,TPA,24
-3,3,15,4,8,1028,DL,PBI,24
-8,3,15,4,7,1989,DL,SLC,24
12,3,15,4,17,1989,DL,SLC,24
2,3,15,4,17,1090,DL,MIA,24
33,3,15,4,20,1069,DL,FLL,24
6,3,15,4,16,2421,DL,SEA,24
-4,3,15,4,7,2475,DL,LAX,24
2,3,15,4,8,2475,DL,LAX,24
37,3,15,4,19,2475,DL,LAX,24
-4,3,15,4,8,2586,DL,SFO,24
1,3,15,4,15,2586,DL,SFO,24
-5,3,15,4,12,944,DL,MCO,24
27,3,15,4,19,2248,DL,LAS,24
-2,3,15,4,11,2475,DL,LAX,24
-3,3,15,4,16,2475,DL,LAX,24
4,3,15,4,16,1005,DL,TPA,24
-3,3,15,4,12,1069,DL,FLL,24
2,3,15,4,16,1069,DL,FLL,24
7,3,15,4,8,1069,DL,FLL,24
-7,3,15,4,8,2153,DL,PHX,24
7,3,15,4,17,2446,DL,SAN,24
15,3,15,4,6,760,DL,ATL,24
1,3,15,4,20,944,DL,MCO,24
8,3,16,5,8,2248,DL,LAS,25
3,3,16,5,8,1597,DL,SJU,25
40,3,16,5,12,1005,DL,TPA,25
-8,4,1,7,17,425,XE,CLE,41
1,4,1,7,8,288,XE,RIC,41
-13,4,1,7,12,288,XE,RIC,41
2,4,1,7,16,483,XE,CMH,41
6,4,1,7,16,483,XE,CMH,41
27,4,2,1,17,425,XE,CLE,42
17,4,2,1,8,288,XE,RIC,42
0,4,2,1,12,288,XE,RIC,42
29,4,2,1,16,483,XE,CMH,42
-1,4,3,2,8,288,XE,RIC,43
-9,4,3,2,12,288,XE,RIC,43
8,4,3,2,16,483,XE,CMH,43
-7,4,4,3,8,288,XE,RIC,44
5,4,4,3,12,288,XE,RIC,44
66,4,4,3,16,483,XE,CMH,44
0,4,5,4,8,288,XE,RIC,45
-10,4,5,4,12,288,XE,RIC,45
9,4,5,4,16,483,XE,CMH,45
-6,4,6,5,8,288,XE,RIC,46
4,4,6,5,12,288,XE,RIC,46
115,4,6,5,16,483,XE,CMH,46
-8,4,7,6,8,288,XE,RIC,47
-12,4,7,6,12,288,XE,RIC,47
-5,4,7,6,16,483,XE,CMH,47
3,4,8,7,8,288,XE,RIC,48
-5,4,8,7,12,288,XE,RIC,48
49,4,8,7,16,483,XE,CMH,48
-6,4,9,1,8,288,XE,RIC,49
-10,4,9,1,12,288,XE,RIC,49
1,4,9,1,16,483,XE,CMH,49
-8,4,10,2,8,288,XE,RIC,48
-11,4,10,2,12,288,XE,RIC,48
6,4,10,2,16,483,XE,CMH,48
-5,4,11,3,8,288,XE,RIC,47
-6,4,11,3,12,288,XE,RIC,47
52,4,11,3,16,483,XE,CMH,47
17,4,12,4,8,288,XE,RIC,46
20,4,12,4,12,288,XE,RIC,46
17,4,12,4,16,483,XE,CMH,46
-11,4,13,5,8,288,XE,RIC,45
63,4,13,5,12,288,XE,RIC,45
76,4,13,5,16,483,XE,CMH,45
2,4,14,6,8,288,XE,RIC,44
2,4,14,6,12,288,XE,RIC,44
4,4,14,6,16,483,XE,CMH,44
7,4,15,7,8,288,XE,RIC,43
-4,4,16,1,8,288,XE,RIC,42
-3,4,16,1,12,288,XE,RIC,42
317,4,16,1,16,483,XE,CMH,42
-4,4,17,2,8,288,XE,RIC,41
-1,4,17,2,12,288,XE,RIC,41
39,4,17,2,16,483,XE,CMH,41
-7,4,18,3,8,288,XE,RIC,40
-3,4,18,3,12,288,XE,RIC,40
5,4,18,3,16,483,XE,CMH,40
-6,4,19,4,8,288,XE,RIC,39
-1,4,19,4,12,288,XE,RIC,39
1,4,19,4,16,483,XE,CMH,39
-2,4,20,5,8,288,XE,RIC,38
-4,4,20,5,12,288,XE,RIC,38
139,4,20,5,16,483,XE,CMH,38
-7,4,21,6,8,288,XE,RIC,37
0,4,21,6,12,288,XE,RIC,37
22,4,21,6,16,483,XE,CMH,37
117,4,21,6,16,187,XE,BOS,37
-3,4,22,7,8,288,XE,RIC,36
-6,4,22,7,12,288,XE,RIC,36
29,4,22,7,16,483,XE,CMH,36
-10,4,23,1,8,288,XE,RIC,35
-4,4,23,1,12,288,XE,RIC,35
4,4,23,1,16,483,XE,CMH,35
-6,4,24,2,8,288,XE,RIC,34
-10,4,24,2,12,288,XE,RIC,34
26,4,24,2,16,483,XE,CMH,34
-7,4,25,3,8,288,XE,RIC,33
-13,4,25,3,12,288,XE,RIC,33
96,4,25,3,16,483,XE,CMH,33
9,4,26,4,8,288,XE,RIC,32
5,4,26,4,12,288,XE,RIC,32
44,4,26,4,16,483,XE,CMH,32
-1,4,27,5,8,288,XE,RIC,31
14,4,27,5,12,288,XE,RIC,31
167,4,27,5,16,483,XE,CMH,31
-3,4,28,6,8,288,XE,RIC,30
-5,4,28,6,12,288,XE,RIC,30
49,4,28,6,16,483,XE,CMH,30
-7,4,29,7,8,288,XE,RIC,29
-6,4,29,7,12,288,XE,RIC,29
45,4,29,7,16,483,XE,CMH,29
-2,4,30,1,8,288,XE,RIC,28
-12,4,30,1,12,288,XE,RIC,28
96,4,30,1,16,483,XE,CMH,28
-2,4,1,7,6,541,YV,CLT,41
0,4,1,7,16,541,YV,CLT,41
-2,4,1,7,10,228,YV,IAD,41
0,4,1,7,14,228,YV,IAD,41
0,4,1,7,6,228,YV,IAD,41
-4,4,1,7,19,228,YV,IAD,41
-5,4,2,1,6,541,YV,CLT,42
-5,4,2,1,11,541,YV,CLT,42
0,4,2,1,16,541,YV,CLT,42
-7,4,2,1,10,228,YV,IAD,42
-7,4,2,1,14,228,YV,IAD,42
0,4,2,1,6,228,YV,IAD,42
6,4,2,1,19,228,YV,IAD,42
0,4,3,2,6,541,YV,CLT,43
0,4,3,2,11,541,YV,CLT,43
0,4,3,2,16,541,YV,CLT,43
-6,4,3,2,10,228,YV,IAD,43
7,4,3,2,14,228,YV,IAD,43
0,4,3,2,6,228,YV,IAD,43
-4,4,3,2,19,228,YV,IAD,43
0,4,4,3,6,541,YV,CLT,44
0,4,4,3,11,541,YV,CLT,44
130,4,4,3,16,541,YV,CLT,44
77,4,4,3,14,228,YV,IAD,44
2,4,4,3,6,228,YV,IAD,44
52,4,4,3,19,228,YV,IAD,44
0,4,5,4,6,541,YV,CLT,45
0,4,5,4,11,541,YV,CLT,45
0,4,5,4,16,541,YV,CLT,45
-7,4,5,4,10,228,YV,IAD,45
-2,4,5,4,14,228,YV,IAD,45
-1,4,5,4,6,228,YV,IAD,45
9,4,5,4,19,228,YV,IAD,45
0,4,6,5,6,541,YV,CLT,46
-5,4,6,5,11,541,YV,CLT,46
180,4,6,5,16,541,YV,CLT,46
3,4,6,5,10,228,YV,IAD,46
-5,4,6,5,14,228,YV,IAD,46
-4,4,6,5,6,228,YV,IAD,46
58,4,6,5,19,228,YV,IAD,46
0,4,7,6,6,541,YV,CLT,47
2,4,7,6,10,228,YV,IAD,47
-3,4,7,6,14,228,YV,IAD,47
-3,4,7,6,6,228,YV,IAD,47
-6,4,7,6,19,228,YV,IAD,47
-5,4,8,7,6,541,YV,CLT,48
-5,4,8,7,16,541,YV,CLT,48
-3,4,8,7,10,228,YV,IAD,48
-8,4,8,7,14,228,YV,IAD,48
-3,4,8,7,6,228,YV,IAD,48
67,4,8,7,19,228,YV,IAD,48
-5,4,9,1,6,541,YV,CLT,49
0,4,9,1,11,541,YV,CLT,49
0,4,9,1,16,541,YV,CLT,49
-5,4,9,1,10,228,YV,IAD,49
-4,4,9,1,14,228,YV,IAD,49
-5,4,9,1,6,228,YV,IAD,49
-10,4,9,1,19,228,YV,IAD,49
-10,4,10,2,11,541,YV,CLT,48
10,4,10,2,16,541,YV,CLT,48
-6,4,10,2,10,228,YV,IAD,48
-4,4,10,2,14,228,YV,IAD,48
91,4,10,2,19,228,YV,IAD,48
0,4,11,3,6,541,YV,CLT,47
-1,4,11,3,11,541,YV,CLT,47
10,4,11,3,16,541,YV,CLT,47
-7,4,11,3,10,228,YV,IAD,47
13,4,11,3,14,228,YV,IAD,47
14,4,11,3,6,228,YV,IAD,47
48,4,11,3,19,228,YV,IAD,47
25,4,12,4,6,541,YV,CLT,46
50,4,12,4,11,541,YV,CLT,46
145,4,12,4,16,541,YV,CLT,46
-4,4,12,4,10,228,YV,IAD,46
-2,4,12,4,6,228,YV,IAD,46
-5,4,13,5,6,541,YV,CLT,45
0,4,13,5,11,541,YV,CLT,45
100,4,13,5,16,541,YV,CLT,45
13,4,13,5,10,228,YV,IAD,45
-3,4,13,5,14,228,YV,IAD,45
3,4,13,5,6,228,YV,IAD,45
8,4,14,6,6,541,YV,CLT,44
4,4,14,6,10,228,YV,IAD,44
-2,4,14,6,14,228,YV,IAD,44
4,4,14,6,6,228,YV,IAD,44
-3,4,14,6,19,228,YV,IAD,44
32,4,15,7,6,541,YV,CLT,43
-3,4,15,7,10,228,YV,IAD,43
10,4,15,7,6,228,YV,IAD,43
85,4,16,1,11,541,YV,CLT,42
91,4,16,1,14,228,YV,IAD,42
-6,4,17,2,6,541,YV,CLT,41
-5,4,17,2,11,541,YV,CLT,41
0,4,17,2,15,541,YV,CLT,41
-6,4,17,2,10,228,YV,IAD,41
-7,4,17,2,14,228,YV,IAD,41
3,4,17,2,6,228,YV,IAD,41
3,4,18,3,6,541,YV,CLT,40
23,4,18,3,11,541,YV,CLT,40
30,4,18,3,15,541,YV,CLT,40
6,4,18,3,10,228,YV,IAD,40
-1,4,18,3,14,228,YV,IAD,40
4,4,18,3,19,228,YV,IAD,40
0,4,19,4,6,541,YV,CLT,39
0,4,19,4,11,541,YV,CLT,39
25,4,19,4,15,541,YV,CLT,39
-5,4,19,4,10,228,YV,IAD,39
-4,4,19,4,14,228,YV,IAD,39
5,4,19,4,6,228,YV,IAD,39
28,4,19,4,19,228,YV,IAD,39
-5,4,20,5,6,541,YV,CLT,38
40,4,20,5,11,541,YV,CLT,38
35,4,20,5,15,541,YV,CLT,38
0,4,20,5,10,228,YV,IAD,38
7,4,20,5,14,228,YV,IAD,38
0,4,20,5,6,228,YV,IAD,38
65,4,20,5,19,228,YV,IAD,38
20,4,21,6,6,541,YV,CLT,37
-5,4,21,6,10,228,YV,IAD,37
-8,4,21,6,14,228,YV,IAD,37
3,4,21,6,6,228,YV,IAD,37
7,4,21,6,19,228,YV,IAD,37
-2,4,22,7,6,541,YV,CLT,36
-5,4,22,7,15,541,YV,CLT,36
-5,4,22,7,10,228,YV,IAD,36
-3,4,22,7,14,228,YV,IAD,36
0,4,22,7,6,228,YV,IAD,36
13,4,22,7,19,228,YV,IAD,36
0,4,23,1,6,541,YV,CLT,35
0,4,23,1,11,541,YV,CLT,35
0,4,23,1,15,541,YV,CLT,35
3,4,23,1,10,228,YV,IAD,35
-7,4,23,1,14,228,YV,IAD,35
-5,4,23,1,6,228,YV,IAD,35
1,4,23,1,19,228,YV,IAD,35
-5,4,24,2,6,541,YV,CLT,34
10,4,24,2,11,541,YV,CLT,34
-15,4,24,2,15,541,YV,CLT,34
25,4,24,2,10,228,YV,IAD,34
-6,4,24,2,14,228,YV,IAD,34
-3,4,24,2,6,228,YV,IAD,34
-2,4,24,2,19,228,YV,IAD,34
0,4,25,3,6,541,YV,CLT,33
-3,4,25,3,11,541,YV,CLT,33
10,4,25,3,15,541,YV,CLT,33
-5,4,25,3,10,228,YV,IAD,33
-4,4,25,3,14,228,YV,IAD,33
-7,4,25,3,6,228,YV,IAD,33
-5,4,26,4,6,541,YV,CLT,32
-1,4,26,4,11,541,YV,CLT,32
-5,4,26,4,15,541,YV,CLT,32
-2,4,26,4,10,228,YV,IAD,32
-1,4,26,4,14,228,YV,IAD,32
0,4,26,4,6,228,YV,IAD,32
70,4,26,4,19,228,YV,IAD,32
0,4,27,5,6,541,YV,CLT,31
15,4,27,5,11,541,YV,CLT,31
102,4,27,5,15,541,YV,CLT,31
31,4,27,5,10,228,YV,IAD,31
79,4,27,5,14,228,YV,IAD,31
0,4,27,5,6,228,YV,IAD,31
0,4,28,6,6,541,YV,CLT,30
3,4,28,6,10,228,YV,IAD,30
-5,4,28,6,14,228,YV,IAD,30
-3,4,28,6,6,228,YV,IAD,30
32,4,28,6,19,228,YV,IAD,30
26,4,28,6,16,228,YV,IAD,30
0,4,29,7,6,541,YV,CLT,29
106,4,29,7,15,541,YV,CLT,29
-6,4,29,7,10,228,YV,IAD,29
-8,4,29,7,14,228,YV,IAD,29
-4,4,29,7,6,228,YV,IAD,29
15,4,30,1,6,541,YV,CLT,28
50,4,30,1,11,541,YV,CLT,28
32,4,30,1,15,541,YV,CLT,28
-3,4,30,1,10,228,YV,IAD,28
-8,4,30,1,14,228,YV,IAD,28
-3,4,30,1,6,228,YV,IAD,28
0,4,30,1,19,228,YV,IAD,28
0,4,1,7,12,213,OH,DCA,41
55,4,1,7,16,213,OH,DCA,41
75,4,1,7,16,289,OH,ORF,41
45,4,1,7,13,301,OH,BUF,41
25,4,1,7,16,184,OH,BWI,41
20,4,1,7,11,829,OH,JAX,41
50,4,1,7,18,760,OH,ATL,41
0,4,1,7,21,213,OH,DCA,41
0,4,1,7,10,589,OH,CVG,41
20,4,1,7,16,589,OH,CVG,41
98,4,1,7,16,264,OH,ROC,41
0,4,1,7,13,288,OH,RIC,41
45,4,1,7,19,264,OH,ROC,41
105,4,1,7,17,426,OH,RDU,41
30,4,1,7,8,288,OH,RIC,41
30,4,1,7,12,264,OH,ROC,41
30,4,1,7,18,213,OH,DCA,41
15,4,1,7,11,228,OH,IAD,41
0,4,1,7,16,425,OH,CLE,41
20,4,1,7,13,766,OH,BNA,41
34,4,1,7,17,508,OH,DTW,41
107,4,1,7,21,228,OH,IAD,41
0,4,1,7,9,740,OH,ORD,41
29,4,1,7,13,508,OH,DTW,41
82,4,1,7,20,426,OH,RDU,41
0,4,1,7,16,228,OH,IAD,41
0,4,1,7,11,301,OH,BUF,41
74,4,1,7,19,301,OH,BUF,41
0,4,1,7,17,740,OH,ORD,41
45,4,1,7,16,483,OH,CMH,41
25,4,1,7,12,740,OH,ORD,41
0,4,1,7,8,187,OH,BOS,41
10,4,1,7,10,187,OH,BOS,41
5,4,1,7,11,187,OH,BOS,41
28,4,1,7,13,187,OH,BOS,41
0,4,1,7,15,187,OH,BOS,41
0,4,1,7,16,187,OH,BOS,41
8,4,1,7,16,187,OH,BOS,41
80,4,1,7,18,187,OH,BOS,41
70,4,1,7,19,187,OH,BOS,41
30,4,1,7,20,187,OH,BOS,41
15,4,1,7,13,483,OH,CMH,41
15,4,1,7,13,589,OH,CVG,41
5,4,1,7,8,766,OH,BNA,41
185,4,1,7,20,288,OH,RIC,41
75,4,1,7,19,425,OH,CLE,41
70,4,1,7,17,829,OH,JAX,41
30,4,1,7,16,340,OH,PIT,41
0,4,2,1,12,213,OH,DCA,42
-1,4,2,1,16,213,OH,DCA,42
0,4,2,1,16,289,OH,ORF,42
70,4,2,1,13,301,OH,BUF,42
0,4,2,1,8,426,OH,RDU,42
105,4,2,1,16,184,OH,BWI,42
35,4,2,1,9,483,OH,CMH,42
0,4,2,1,11,829,OH,JAX,42
15,4,2,1,18,760,OH,ATL,42
0,4,2,1,6,589,OH,CVG,42
120,4,2,1,21,213,OH,DCA,42
0,4,2,1,10,589,OH,CVG,42
10,4,2,1,8,228,OH,IAD,42
95,4,2,1,16,589,OH,CVG,42
45,4,2,1,16,264,OH,ROC,42
-2,4,2,1,13,288,OH,RIC,42
65,4,2,1,19,264,OH,ROC,42
50,4,2,1,8,508,OH,DTW,42
15,4,2,1,17,426,OH,RDU,42
19,4,2,1,21,766,OH,BNA,42
0,4,2,1,8,288,OH,RIC,42
22,4,2,1,12,264,OH,ROC,42
5,4,2,1,18,213,OH,DCA,42
40,4,2,1,11,228,OH,IAD,42
168,4,2,1,16,425,OH,CLE,42
12,4,2,1,13,766,OH,BNA,42
70,4,2,1,17,508,OH,DTW,42
15,4,2,1,21,228,OH,IAD,42
20,4,2,1,9,740,OH,ORD,42
0,4,2,1,13,508,OH,DTW,42
170,4,2,1,20,426,OH,RDU,42
10,4,2,1,16,228,OH,IAD,42
0,4,2,1,7,740,OH,ORD,42
0,4,2,1,11,301,OH,BUF,42
0,4,2,1,9,301,OH,BUF,42
0,4,2,1,19,301,OH,BUF,42
-10,4,2,1,17,740,OH,ORD,42
0,4,2,1,16,483,OH,CMH,42
30,4,2,1,12,740,OH,ORD,42
10,4,2,1,19,740,OH,ORD,42
0,4,2,1,8,340,OH,PIT,42
16,4,2,1,6,187,OH,BOS,42
145,4,2,1,9,264,OH,ROC,42
0,4,2,1,8,187,OH,BOS,42
75,4,2,1,10,187,OH,BOS,42
10,4,2,1,11,187,OH,BOS,42
15,4,2,1,14,187,OH,BOS,42
25,4,2,1,15,187,OH,BOS,42
9,4,2,1,16,187,OH,BOS,42
65,4,2,1,16,187,OH,BOS,42
60,4,2,1,18,187,OH,BOS,42
36,4,2,1,19,187,OH,BOS,42
0,4,2,1,21,301,OH,BUF,42
55,4,2,1,20,187,OH,BOS,42
20,4,2,1,13,483,OH,CMH,42
35,4,2,1,13,589,OH,CVG,42
15,4,2,1,8,766,OH,BNA,42
10,4,2,1,16,301,OH,BUF,42
112,4,2,1,20,288,OH,RIC,42
12,4,2,1,19,425,OH,CLE,42
42,4,2,1,7,213,OH,DCA,42
35,4,2,1,17,829,OH,JAX,42
17,4,2,1,16,340,OH,PIT,42
0,4,3,2,12,213,OH,DCA,43
-6,4,3,2,16,213,OH,DCA,43
20,4,3,2,16,289,OH,ORF,43
0,4,3,2,13,301,OH,BUF,43
-10,4,3,2,8,426,OH,RDU,43
0,4,3,2,16,184,OH,BWI,43
0,4,3,2,9,483,OH,CMH,43
0,4,3,2,11,829,OH,JAX,43
50,4,3,2,18,760,OH,ATL,43
0,4,3,2,6,589,OH,CVG,43
-3,4,3,2,21,213,OH,DCA,43
-5,4,3,2,10,589,OH,CVG,43
9,4,3,2,8,228,OH,IAD,43
8,4,3,2,16,589,OH,CVG,43
-10,4,3,2,16,264,OH,ROC,43
-5,4,3,2,13,288,OH,RIC,43
20,4,3,2,19,264,OH,ROC,43
30,4,3,2,8,508,OH,DTW,43
15,4,3,2,17,426,OH,RDU,43
25,4,3,2,21,766,OH,BNA,43
30,4,3,2,8,288,OH,RIC,43
0,4,3,2,12,264,OH,ROC,43
30,4,3,2,18,213,OH,DCA,43
30,4,3,2,11,228,OH,IAD,43
0,4,3,2,16,425,OH,CLE,43
21,4,3,2,13,766,OH,BNA,43
0,4,3,2,17,508,OH,DTW,43
50,4,3,2,21,228,OH,IAD,43
85,4,3,2,9,740,OH,ORD,43
45,4,3,2,13,508,OH,DTW,43
65,4,3,2,20,426,OH,RDU,43
50,4,3,2,16,228,OH,IAD,43
0,4,3,2,7,740,OH,ORD,43
0,4,3,2,11,301,OH,BUF,43
14,4,3,2,9,301,OH,BUF,43
0,4,3,2,19,301,OH,BUF,43
45,4,3,2,17,740,OH,ORD,43
-5,4,3,2,16,483,OH,CMH,43
5,4,3,2,19,740,OH,ORD,43
30,4,3,2,8,340,OH,PIT,43
0,4,3,2,6,187,OH,BOS,43
0,4,3,2,9,264,OH,ROC,43
30,4,3,2,8,187,OH,BOS,43
0,4,3,2,10,187,OH,BOS,43
20,4,3,2,11,187,OH,BOS,43
10,4,3,2,14,187,OH,BOS,43
45,4,3,2,15,187,OH,BOS,43
55,4,3,2,16,187,OH,BOS,43
15,4,3,2,16,187,OH,BOS,43
-2,4,3,2,18,187,OH,BOS,43
30,4,3,2,19,187,OH,BOS,43
10,4,3,2,21,301,OH,BUF,43
0,4,3,2,20,187,OH,BOS,43
28,4,3,2,13,483,OH,CMH,43
-5,4,3,2,13,589,OH,CVG,43
9,4,3,2,8,766,OH,BNA,43
35,4,3,2,16,301,OH,BUF,43
-10,4,3,2,20,288,OH,RIC,43
0,4,3,2,19,425,OH,CLE,43
0,4,3,2,7,213,OH,DCA,43
34,4,3,2,17,829,OH,JAX,43
60,4,3,2,16,340,OH,PIT,43
-5,4,4,3,12,213,OH,DCA,44
0,4,4,3,13,301,OH,BUF,44
60,4,4,3,8,426,OH,RDU,44
120,4,4,3,16,184,OH,BWI,44
0,4,4,3,9,483,OH,CMH,44
20,4,4,3,11,829,OH,JAX,44
90,4,4,3,18,760,OH,ATL,44
0,4,4,3,6,589,OH,CVG,44
0,4,4,3,21,213,OH,DCA,44
25,4,4,3,10,589,OH,CVG,44
-10,4,4,3,8,228,OH,IAD,44
80,4,4,3,16,589,OH,CVG,44
-10,4,4,3,16,264,OH,ROC,44
10,4,4,3,13,288,OH,RIC,44
5,4,4,3,8,508,OH,DTW,44
15,4,4,3,21,766,OH,BNA,44
0,4,4,3,8,288,OH,RIC,44
0,4,4,3,12,264,OH,ROC,44
120,4,4,3,18,213,OH,DCA,44
0,4,4,3,11,228,OH,IAD,44
45,4,4,3,16,425,OH,CLE,44
40,4,4,3,13,766,OH,BNA,44
55,4,4,3,17,508,OH,DTW,44
120,4,4,3,21,228,OH,IAD,44
45,4,4,3,9,740,OH,ORD,44
165,4,4,3,13,508,OH,DTW,44
107,4,4,3,20,426,OH,RDU,44
105,4,4,3,16,228,OH,IAD,44
16,4,4,3,7,740,OH,ORD,44
20,4,4,3,11,301,OH,BUF,44
5,4,4,3,9,301,OH,BUF,44
94,4,4,3,19,301,OH,BUF,44
85,4,4,3,17,740,OH,ORD,44
60,4,4,3,16,483,OH,CMH,44
15,4,4,3,12,740,OH,ORD,44
-5,4,4,3,8,340,OH,PIT,44
48,4,4,3,6,187,OH,BOS,44
10,4,4,3,9,264,OH,ROC,44
15,4,4,3,8,187,OH,BOS,44
0,4,4,3,10,187,OH,BOS,44
0,4,4,3,11,187,OH,BOS,44
60,4,4,3,14,187,OH,BOS,44
20,4,4,3,15,187,OH,BOS,44
105,4,4,3,16,187,OH,BOS,44
45,4,4,3,16,187,OH,BOS,44
60,4,4,3,18,187,OH,BOS,44
260,4,4,3,19,187,OH,BOS,44
9,4,4,3,21,301,OH,BUF,44
190,4,4,3,20,187,OH,BOS,44
15,4,4,3,13,483,OH,CMH,44
75,4,4,3,13,589,OH,CVG,44
15,4,4,3,8,766,OH,BNA,44
90,4,4,3,16,301,OH,BUF,44
15,4,4,3,20,288,OH,RIC,44
145,4,4,3,19,425,OH,CLE,44
20,4,4,3,7,213,OH,DCA,44
70,4,4,3,17,829,OH,JAX,44
15,4,4,3,16,340,OH,PIT,44
-2,4,5,4,12,213,OH,DCA,45
10,4,5,4,16,213,OH,DCA,45
10,4,5,4,16,289,OH,ORF,45
-4,4,5,4,13,301,OH,BUF,45
25,4,5,4,8,426,OH,RDU,45
0,4,5,4,16,184,OH,BWI,45
0,4,5,4,9,483,OH,CMH,45
0,4,5,4,11,829,OH,JAX,45
70,4,5,4,18,760,OH,ATL,45
0,4,5,4,6,589,OH,CVG,45
0,4,5,4,10,589,OH,CVG,45
19,4,5,4,8,228,OH,IAD,45
0,4,5,4,16,589,OH,CVG,45
15,4,5,4,16,264,OH,ROC,45
0,4,5,4,13,288,OH,RIC,45
237,4,5,4,19,264,OH,ROC,45
35,4,5,4,8,508,OH,DTW,45
52,4,5,4,17,426,OH,RDU,45
0,4,5,4,8,288,OH,RIC,45
0,4,5,4,12,264,OH,ROC,45
40,4,5,4,18,213,OH,DCA,45
5,4,5,4,11,228,OH,IAD,45
75,4,5,4,16,425,OH,CLE,45
25,4,5,4,13,766,OH,BNA,45
25,4,5,4,17,508,OH,DTW,45
125,4,5,4,21,228,OH,IAD,45
55,4,5,4,9,740,OH,ORD,45
0,4,5,4,13,508,OH,DTW,45
90,4,5,4,16,228,OH,IAD,45
-5,4,5,4,7,740,OH,ORD,45
-5,4,5,4,11,301,OH,BUF,45
40,4,5,4,9,301,OH,BUF,45
80,4,5,4,17,740,OH,ORD,45
15,4,5,4,16,483,OH,CMH,45
95,4,5,4,12,740,OH,ORD,45
75,4,5,4,8,340,OH,PIT,45
-2,4,5,4,6,187,OH,BOS,45
0,4,5,4,9,264,OH,ROC,45
0,4,5,4,8,187,OH,BOS,45
0,4,5,4,10,187,OH,BOS,45
0,4,5,4,11,187,OH,BOS,45
0,4,5,4,14,187,OH,BOS,45
-5,4,5,4,15,187,OH,BOS,45
0,4,5,4,16,187,OH,BOS,45
35,4,5,4,16,187,OH,BOS,45
90,4,5,4,18,187,OH,BOS,45
30,4,5,4,19,187,OH,BOS,45
80,4,5,4,21,301,OH,BUF,45
70,4,5,4,20,187,OH,BOS,45
0,4,5,4,13,483,OH,CMH,45
64,4,5,4,13,589,OH,CVG,45
38,4,5,4,8,766,OH,BNA,45
10,4,5,4,16,301,OH,BUF,45
0,4,5,4,7,213,OH,DCA,45
95,4,5,4,17,829,OH,JAX,45
15,4,5,4,16,340,OH,PIT,45
0,4,6,5,12,213,OH,DCA,46
10,4,6,5,16,213,OH,DCA,46
0,4,6,5,16,289,OH,ORF,46
55,4,6,5,13,301,OH,BUF,46
5,4,6,5,8,426,OH,RDU,46
0,4,6,5,16,184,OH,BWI,46
10,4,6,5,9,483,OH,CMH,46
5,4,6,5,11,829,OH,JAX,46
25,4,6,5,18,760,OH,ATL,46
0,4,6,5,6,589,OH,CVG,46
65,4,6,5,21,213,OH,DCA,46
7,4,6,5,10,589,OH,CVG,46
0,4,6,5,8,228,OH,IAD,46
0,4,6,5,16,589,OH,CVG,46
0,4,6,5,16,264,OH,ROC,46
10,4,6,5,13,288,OH,RIC,46
15,4,6,5,19,264,OH,ROC,46
10,4,6,5,8,508,OH,DTW,46
30,4,6,5,17,426,OH,RDU,46
65,4,6,5,21,766,OH,BNA,46
15,4,6,5,8,288,OH,RIC,46
25,4,6,5,12,264,OH,ROC,46
55,4,6,5,18,213,OH,DCA,46
-10,4,6,5,11,228,OH,IAD,46
75,4,6,5,16,425,OH,CLE,46
0,4,6,5,13,766,OH,BNA,46
25,4,6,5,17,508,OH,DTW,46
0,4,6,5,21,228,OH,IAD,46
15,4,6,5,9,740,OH,ORD,46
15,4,6,5,13,508,OH,DTW,46
80,4,6,5,20,426,OH,RDU,46
-2,4,6,5,16,228,OH,IAD,46
0,4,6,5,7,740,OH,ORD,46
0,4,6,5,11,301,OH,BUF,46
100,4,6,5,9,301,OH,BUF,46
44,4,6,5,19,301,OH,BUF,46
105,4,6,5,17,740,OH,ORD,46
0,4,6,5,16,483,OH,CMH,46
10,4,6,5,12,740,OH,ORD,46
95,4,6,5,19,740,OH,ORD,46
10,4,6,5,8,340,OH,PIT,46
3,4,6,5,6,187,OH,BOS,46
0,4,6,5,9,264,OH,ROC,46
0,4,6,5,8,187,OH,BOS,46
-2,4,6,5,10,187,OH,BOS,46
5,4,6,5,11,187,OH,BOS,46
0,4,6,5,14,187,OH,BOS,46
13,4,6,5,15,187,OH,BOS,46
0,4,6,5,16,187,OH,BOS,46
45,4,6,5,16,187,OH,BOS,46
30,4,6,5,18,187,OH,BOS,46
45,4,6,5,19,187,OH,BOS,46
23,4,6,5,21,301,OH,BUF,46
40,4,6,5,13,483,OH,CMH,46
-10,4,6,5,13,589,OH,CVG,46
35,4,6,5,8,766,OH,BNA,46
-5,4,6,5,16,301,OH,BUF,46
40,4,6,5,20,288,OH,RIC,46
30,4,6,5,19,425,OH,CLE,46
20,4,6,5,7,213,OH,DCA,46
7,4,6,5,17,829,OH,JAX,46
-2,4,6,5,16,340,OH,PIT,46
44,4,7,6,12,213,OH,DCA,47
-10,4,7,6,16,213,OH,DCA,47
-5,4,7,6,16,289,OH,ORF,47
75,4,7,6,13,301,OH,BUF,47
10,4,7,6,8,426,OH,RDU,47
-5,4,7,6,16,184,OH,BWI,47
30,4,7,6,9,483,OH,CMH,47
-10,4,7,6,11,829,OH,JAX,47
0,4,7,6,18,760,OH,ATL,47
37,4,7,6,8,228,OH,IAD,47
-2,4,7,6,16,589,OH,CVG,47
45,4,7,6,16,264,OH,ROC,47
0,4,7,6,13,288,OH,RIC,47
-5,4,7,6,19,264,OH,ROC,47
0,4,7,6,8,508,OH,DTW,47
20,4,7,6,17,426,OH,RDU,47
-21,4,7,6,21,766,OH,BNA,47
0,4,7,6,8,288,OH,RIC,47
13,4,7,6,12,264,OH,ROC,47
72,4,7,6,18,213,OH,DCA,47
0,4,7,6,11,228,OH,IAD,47
35,4,7,6,16,425,OH,CLE,47
20,4,7,6,13,766,OH,BNA,47
50,4,7,6,17,508,OH,DTW,47
15,4,7,6,9,740,OH,ORD,47
-3,4,7,6,20,426,OH,RDU,47
10,4,7,6,16,228,OH,IAD,47
155,4,7,6,7,740,OH,ORD,47
0,4,7,6,11,301,OH,BUF,47
55,4,7,6,9,301,OH,BUF,47
-13,4,7,6,19,301,OH,BUF,47
72,4,7,6,17,740,OH,ORD,47
15,4,7,6,16,483,OH,CMH,47
35,4,7,6,12,740,OH,ORD,47
15,4,7,6,19,740,OH,ORD,47
0,4,7,6,8,340,OH,PIT,47
0,4,7,6,6,187,OH,BOS,47
5,4,7,6,9,264,OH,ROC,47
20,4,7,6,8,187,OH,BOS,47
44,4,7,6,10,187,OH,BOS,47
15,4,7,6,11,187,OH,BOS,47
40,4,7,6,14,187,OH,BOS,47
30,4,7,6,15,187,OH,BOS,47
21,4,7,6,16,187,OH,BOS,47
-10,4,7,6,18,187,OH,BOS,47
-5,4,7,6,19,187,OH,BOS,47
-16,4,7,6,21,301,OH,BUF,47
0,4,7,6,13,483,OH,CMH,47
40,4,7,6,13,589,OH,CVG,47
25,4,7,6,8,766,OH,BNA,47
0,4,7,6,16,301,OH,BUF,47
35,4,7,6,7,213,OH,DCA,47
-5,4,7,6,17,829,OH,JAX,47
0,4,7,6,16,340,OH,PIT,47
0,4,8,7,12,213,OH,DCA,48
-10,4,8,7,16,213,OH,DCA,48
18,4,8,7,16,289,OH,ORF,48
5,4,8,7,13,301,OH,BUF,48
0,4,8,7,8,426,OH,RDU,48
0,4,8,7,16,184,OH,BWI,48
-5,4,8,7,11,829,OH,JAX,48
185,4,8,7,18,760,OH,ATL,48
40,4,8,7,21,213,OH,DCA,48
0,4,8,7,10,589,OH,CVG,48
73,4,8,7,16,589,OH,CVG,48
0,4,8,7,16,264,OH,ROC,48
225,4,8,7,13,288,OH,RIC,48
45,4,8,7,19,264,OH,ROC,48
80,4,8,7,21,766,OH,BNA,48
0,4,8,7,8,288,OH,RIC,48
-5,4,8,7,12,264,OH,ROC,48
0,4,8,7,18,213,OH,DCA,48
-2,4,8,7,11,228,OH,IAD,48
0,4,8,7,16,425,OH,CLE,48
0,4,8,7,13,766,OH,BNA,48
0,4,8,7,9,740,OH,ORD,48
0,4,8,7,13,508,OH,DTW,48
135,4,8,7,20,426,OH,RDU,48
0,4,8,7,16,228,OH,IAD,48
40,4,8,7,7,740,OH,ORD,48
-10,4,8,7,11,301,OH,BUF,48
-9,4,8,7,9,301,OH,BUF,48
59,4,8,7,19,301,OH,BUF,48
0,4,8,7,17,740,OH,ORD,48
50,4,8,7,16,483,OH,CMH,48
0,4,8,7,12,740,OH,ORD,48
0,4,8,7,19,740,OH,ORD,48
0,4,8,7,9,264,OH,ROC,48
0,4,8,7,8,187,OH,BOS,48
0,4,8,7,10,187,OH,BOS,48
11,4,8,7,11,187,OH,BOS,48
0,4,8,7,13,187,OH,BOS,48
-5,4,8,7,15,187,OH,BOS,48
90,4,8,7,16,187,OH,BOS,48
20,4,8,7,16,187,OH,BOS,48
140,4,8,7,18,187,OH,BOS,48
81,4,8,7,19,187,OH,BOS,48
40,4,8,7,21,301,OH,BUF,48
0,4,8,7,20,187,OH,BOS,48
-4,4,8,7,13,483,OH,CMH,48
0,4,8,7,13,589,OH,CVG,48
0,4,8,7,8,766,OH,BNA,48
0,4,8,7,16,301,OH,BUF,48
0,4,8,7,20,288,OH,RIC,48
70,4,8,7,19,425,OH,CLE,48
10,4,8,7,17,829,OH,JAX,48
50,4,8,7,16,340,OH,PIT,48
25,4,9,1,12,213,OH,DCA,49
0,4,9,1,16,213,OH,DCA,49
-2,4,9,1,16,289,OH,ORF,49
0,4,9,1,13,301,OH,BUF,49
0,4,9,1,8,426,OH,RDU,49
17,4,9,1,16,184,OH,BWI,49
2,4,9,1,9,483,OH,CMH,49
-5,4,9,1,11,829,OH,JAX,49
0,4,9,1,18,760,OH,ATL,49
5,4,9,1,6,589,OH,CVG,49
0,4,9,1,21,213,OH,DCA,49
-1,4,9,1,10,589,OH,CVG,49
0,4,9,1,8,228,OH,IAD,49
20,4,9,1,16,589,OH,CVG,49
-10,4,9,1,16,264,OH,ROC,49
0,4,9,1,13,288,OH,RIC,49
65,4,9,1,19,264,OH,ROC,49
55,4,9,1,8,508,OH,DTW,49
-5,4,9,1,17,426,OH,RDU,49
35,4,9,1,21,766,OH,BNA,49
0,4,9,1,8,288,OH,RIC,49
-5,4,9,1,12,264,OH,ROC,49
-10,4,9,1,18,213,OH,DCA,49
15,4,9,1,11,228,OH,IAD,49
0,4,9,1,16,425,OH,CLE,49
70,4,9,1,13,766,OH,BNA,49
-2,4,9,1,17,508,OH,DTW,49
-5,4,9,1,21,228,OH,IAD,49
81,4,9,1,9,740,OH,ORD,49
0,4,9,1,13,508,OH,DTW,49
0,4,9,1,20,426,OH,RDU,49
0,4,9,1,16,228,OH,IAD,49
0,4,9,1,7,740,OH,ORD,49
5,4,9,1,11,301,OH,BUF,49
0,4,9,1,9,301,OH,BUF,49
9,4,9,1,19,301,OH,BUF,49
-5,4,9,1,17,740,OH,ORD,49
-10,4,9,1,16,483,OH,CMH,49
120,4,9,1,12,740,OH,ORD,49
10,4,9,1,19,740,OH,ORD,49
5,4,9,1,8,340,OH,PIT,49
0,4,9,1,6,187,OH,BOS,49
-10,4,9,1,9,264,OH,ROC,49
0,4,9,1,8,187,OH,BOS,49
10,4,9,1,10,187,OH,BOS,49
20,4,9,1,11,187,OH,BOS,49
0,4,9,1,14,187,OH,BOS,49
-10,4,9,1,15,187,OH,BOS,49
-2,4,9,1,16,187,OH,BOS,49
365,4,9,1,16,187,OH,BOS,49
0,4,9,1,18,187,OH,BOS,49
73,4,9,1,19,187,OH,BOS,49
35,4,9,1,21,301,OH,BUF,49
-2,4,9,1,20,187,OH,BOS,49
0,4,9,1,13,483,OH,CMH,49
52,4,9,1,13,589,OH,CVG,49
0,4,9,1,8,766,OH,BNA,49
0,4,9,1,16,301,OH,BUF,49
15,4,9,1,20,288,OH,RIC,49
0,4,9,1,19,425,OH,CLE,49
-4,4,9,1,7,213,OH,DCA,49
0,4,9,1,17,829,OH,JAX,49
-10,4,9,1,16,340,OH,PIT,49
-2,4,10,2,12,213,OH,DCA,48
0,4,10,2,16,213,OH,DCA,48
-5,4,10,2,16,289,OH,ORF,48
0,4,10,2,13,301,OH,BUF,48
30,4,10,2,8,426,OH,RDU,48
0,4,10,2,16,184,OH,BWI,48
0,4,10,2,9,483,OH,CMH,48
0,4,10,2,11,829,OH,JAX,48
0,4,10,2,18,760,OH,ATL,48
0,4,10,2,6,589,OH,CVG,48
-10,4,10,2,21,213,OH,DCA,48
30,4,10,2,10,589,OH,CVG,48
25,4,10,2,8,228,OH,IAD,48
45,4,10,2,16,589,OH,CVG,48
-10,4,10,2,16,264,OH,ROC,48
0,4,10,2,13,288,OH,RIC,48
10,4,10,2,19,264,OH,ROC,48
5,4,10,2,8,508,OH,DTW,48
75,4,10,2,17,426,OH,RDU,48
10,4,10,2,21,766,OH,BNA,48
-4,4,10,2,8,288,OH,RIC,48
-10,4,10,2,12,264,OH,ROC,48
90,4,10,2,18,213,OH,DCA,48
0,4,10,2,11,228,OH,IAD,48
0,4,10,2,16,425,OH,CLE,48
0,4,10,2,13,766,OH,BNA,48
24,4,10,2,17,508,OH,DTW,48
40,4,10,2,21,228,OH,IAD,48
20,4,10,2,9,740,OH,ORD,48
-10,4,10,2,13,508,OH,DTW,48
0,4,10,2,20,426,OH,RDU,48
5,4,10,2,16,228,OH,IAD,48
-4,4,10,2,7,740,OH,ORD,48
0,4,10,2,11,301,OH,BUF,48
0,4,10,2,9,301,OH,BUF,48
-10,4,10,2,19,301,OH,BUF,48
0,4,10,2,17,740,OH,ORD,48
-10,4,10,2,16,483,OH,CMH,48
-20,4,10,2,12,740,OH,ORD,48
110,4,10,2,19,740,OH,ORD,48
0,4,10,2,8,340,OH,PIT,48
-5,4,10,2,6,187,OH,BOS,48
-10,4,10,2,9,264,OH,ROC,48
0,4,10,2,8,187,OH,BOS,48
10,4,10,2,10,187,OH,BOS,48
-2,4,10,2,11,187,OH,BOS,48
-4,4,10,2,14,187,OH,BOS,48
-10,4,10,2,15,187,OH,BOS,48
0,4,10,2,16,187,OH,BOS,48
0,4,10,2,16,187,OH,BOS,48
-7,4,10,2,18,187,OH,BOS,48
0,4,10,2,19,187,OH,BOS,48
5,4,10,2,21,301,OH,BUF,48
-10,4,10,2,20,187,OH,BOS,48
15,4,10,2,13,483,OH,CMH,48
-10,4,10,2,13,589,OH,CVG,48
20,4,10,2,8,766,OH,BNA,48
15,4,10,2,16,301,OH,BUF,48
0,4,10,2,20,288,OH,RIC,48
50,4,10,2,19,425,OH,CLE,48
90,4,10,2,7,213,OH,DCA,48
65,4,10,2,17,829,OH,JAX,48
5,4,10,2,16,340,OH,PIT,48
65,4,11,3,12,213,OH,DCA,47
0,4,11,3,16,213,OH,DCA,47
10,4,11,3,16,289,OH,ORF,47
0,4,11,3,13,301,OH,BUF,47
-5,4,11,3,8,426,OH,RDU,47
0,4,11,3,16,184,OH,BWI,47
0,4,11,3,9,483,OH,CMH,47
0,4,11,3,11,829,OH,JAX,47
10,4,11,3,18,760,OH,ATL,47
0,4,11,3,6,589,OH,CVG,47
61,4,11,3,21,213,OH,DCA,47
0,4,11,3,10,589,OH,CVG,47
0,4,11,3,8,228,OH,IAD,47
6,4,11,3,16,589,OH,CVG,47
0,4,11,3,16,264,OH,ROC,47
-5,4,11,3,13,288,OH,RIC,47
25,4,11,3,19,264,OH,ROC,47
-7,4,11,3,8,508,OH,DTW,47
0,4,11,3,17,426,OH,RDU,47
-5,4,11,3,21,766,OH,BNA,47
47,4,11,3,8,288,OH,RIC,47
5,4,11,3,12,264,OH,ROC,47
0,4,11,3,18,213,OH,DCA,47
90,4,11,3,11,228,OH,IAD,47
0,4,11,3,16,425,OH,CLE,47
0,4,11,3,13,766,OH,BNA,47
10,4,11,3,17,508,OH,DTW,47
0,4,11,3,21,228,OH,IAD,47
25,4,11,3,13,508,OH,DTW,47
10,4,11,3,20,426,OH,RDU,47
123,4,11,3,16,228,OH,IAD,47
0,4,11,3,7,740,OH,ORD,47
0,4,11,3,11,301,OH,BUF,47
-10,4,11,3,9,301,OH,BUF,47
0,4,11,3,19,301,OH,BUF,47
-10,4,11,3,16,483,OH,CMH,47
0,4,11,3,19,740,OH,ORD,47
0,4,11,3,8,340,OH,PIT,47
-7,4,11,3,6,187,OH,BOS,47
0,4,11,3,9,264,OH,ROC,47
-5,4,11,3,8,187,OH,BOS,47
35,4,11,3,10,187,OH,BOS,47
-2,4,11,3,11,187,OH,BOS,47
0,4,11,3,14,187,OH,BOS,47
0,4,11,3,15,187,OH,BOS,47
0,4,11,3,16,187,OH,BOS,47
15,4,11,3,16,187,OH,BOS,47
15,4,11,3,18,187,OH,BOS,47
-10,4,11,3,19,187,OH,BOS,47
0,4,11,3,21,301,OH,BUF,47
-6,4,11,3,20,187,OH,BOS,47
-6,4,11,3,13,483,OH,CMH,47
45,4,11,3,13,589,OH,CVG,47
0,4,11,3,8,766,OH,BNA,47
55,4,11,3,16,301,OH,BUF,47
125,4,11,3,20,288,OH,RIC,47
0,4,11,3,19,425,OH,CLE,47
0,4,11,3,7,213,OH,DCA,47
25,4,11,3,17,829,OH,JAX,47
-5,4,11,3,16,340,OH,PIT,47
24,4,12,4,12,213,OH,DCA,46
23,4,12,4,16,213,OH,DCA,46
0,4,12,4,13,301,OH,BUF,46
45,4,12,4,8,426,OH,RDU,46
14,4,12,4,9,483,OH,CMH,46
65,4,12,4,11,829,OH,JAX,46
0,4,12,4,6,589,OH,CVG,46
0,4,12,4,21,213,OH,DCA,46
45,4,12,4,10,589,OH,CVG,46
15,4,12,4,8,228,OH,IAD,46
91,4,12,4,16,589,OH,CVG,46
120,4,12,4,16,264,OH,ROC,46
50,4,12,4,13,288,OH,RIC,46
24,4,12,4,8,508,OH,DTW,46
125,4,12,4,21,766,OH,BNA,46
0,4,12,4,8,288,OH,RIC,46
40,4,12,4,12,264,OH,ROC,46
90,4,12,4,18,213,OH,DCA,46
35,4,12,4,11,228,OH,IAD,46
55,4,12,4,13,766,OH,BNA,46
75,4,12,4,21,228,OH,IAD,46
35,4,12,4,9,740,OH,ORD,46
75,4,12,4,13,508,OH,DTW,46
0,4,12,4,7,740,OH,ORD,46
21,4,12,4,11,301,OH,BUF,46
15,4,12,4,9,301,OH,BUF,46
142,4,12,4,19,301,OH,BUF,46
39,4,12,4,17,740,OH,ORD,46
30,4,12,4,16,483,OH,CMH,46
10,4,12,4,12,740,OH,ORD,46
0,4,12,4,8,340,OH,PIT,46
0,4,12,4,6,187,OH,BOS,46
15,4,12,4,9,264,OH,ROC,46
0,4,12,4,8,187,OH,BOS,46
10,4,12,4,10,187,OH,BOS,46
20,4,12,4,11,187,OH,BOS,46
85,4,12,4,14,187,OH,BOS,46
115,4,12,4,15,187,OH,BOS,46
105,4,12,4,16,187,OH,BOS,46
0,4,12,4,21,301,OH,BUF,46
40,4,12,4,20,187,OH,BOS,46
45,4,12,4,13,483,OH,CMH,46
60,4,12,4,13,589,OH,CVG,46
165,4,12,4,8,766,OH,BNA,46
10,4,12,4,16,301,OH,BUF,46
50,4,12,4,20,288,OH,RIC,46
0,4,12,4,7,213,OH,DCA,46
155,4,12,4,17,829,OH,JAX,46
71,4,12,4,16,340,OH,PIT,46
0,4,13,5,12,213,OH,DCA,45
0,4,13,5,16,213,OH,DCA,45
0,4,13,5,16,289,OH,ORF,45
0,4,13,5,13,301,OH,BUF,45
15,4,13,5,8,426,OH,RDU,45
30,4,13,5,16,184,OH,BWI,45
-6,4,13,5,9,483,OH,CMH,45
5,4,13,5,11,829,OH,JAX,45
40,4,13,5,18,760,OH,ATL,45
0,4,13,5,6,589,OH,CVG,45
135,4,13,5,21,213,OH,DCA,45
0,4,13,5,10,589,OH,CVG,45
0,4,13,5,8,228,OH,IAD,45
94,4,13,5,16,589,OH,CVG,45
0,4,13,5,16,264,OH,ROC,45
60,4,13,5,13,288,OH,RIC,45
0,4,13,5,19,264,OH,ROC,45
20,4,13,5,8,508,OH,DTW,45
-5,4,13,5,17,426,OH,RDU,45
115,4,13,5,21,766,OH,BNA,45
-4,4,13,5,8,288,OH,RIC,45
-5,4,13,5,12,264,OH,ROC,45
50,4,13,5,18,213,OH,DCA,45
0,4,13,5,11,228,OH,IAD,45
10,4,13,5,16,425,OH,CLE,45
0,4,13,5,13,766,OH,BNA,45
100,4,13,5,17,508,OH,DTW,45
55,4,13,5,21,228,OH,IAD,45
20,4,13,5,9,740,OH,ORD,45
8,4,13,5,13,508,OH,DTW,45
82,4,13,5,20,426,OH,RDU,45
15,4,13,5,16,228,OH,IAD,45
0,4,13,5,7,740,OH,ORD,45
0,4,13,5,11,301,OH,BUF,45
33,4,13,5,9,301,OH,BUF,45
39,4,13,5,19,301,OH,BUF,45
0,4,13,5,17,740,OH,ORD,45
-1,4,13,5,16,483,OH,CMH,45
30,4,13,5,12,740,OH,ORD,45
138,4,13,5,19,740,OH,ORD,45
5,4,13,5,8,340,OH,PIT,45
28,4,13,5,6,187,OH,BOS,45
0,4,13,5,9,264,OH,ROC,45
0,4,13,5,8,187,OH,BOS,45
0,4,13,5,10,187,OH,BOS,45
25,4,13,5,11,187,OH,BOS,45
17,4,13,5,14,187,OH,BOS,45
0,4,13,5,15,187,OH,BOS,45
-9,4,13,5,16,187,OH,BOS,45
10,4,13,5,16,187,OH,BOS,45
10,4,13,5,18,187,OH,BOS,45
85,4,13,5,19,187,OH,BOS,45
25,4,13,5,21,301,OH,BUF,45
10,4,13,5,13,483,OH,CMH,45
-1,4,13,5,13,589,OH,CVG,45
0,4,13,5,8,766,OH,BNA,45
35,4,13,5,16,301,OH,BUF,45
70,4,13,5,20,288,OH,RIC,45
90,4,13,5,19,425,OH,CLE,45
0,4,13,5,7,213,OH,DCA,45
80,4,13,5,17,829,OH,JAX,45
40,4,13,5,16,340,OH,PIT,45
0,4,14,6,12,213,OH,DCA,44
0,4,14,6,16,213,OH,DCA,44
-2,4,14,6,16,289,OH,ORF,44
20,4,14,6,13,301,OH,BUF,44
10,4,14,6,8,426,OH,RDU,44
5,4,14,6,16,184,OH,BWI,44
45,4,14,6,9,483,OH,CMH,44
0,4,14,6,11,829,OH,JAX,44
23,4,14,6,18,760,OH,ATL,44
121,4,14,6,8,228,OH,IAD,44
15,4,14,6,16,589,OH,CVG,44
10,4,14,6,16,264,OH,ROC,44
10,4,14,6,13,288,OH,RIC,44
35,4,14,6,19,264,OH,ROC,44
0,4,14,6,8,508,OH,DTW,44
50,4,14,6,17,426,OH,RDU,44
-5,4,14,6,21,766,OH,BNA,44
10,4,14,6,8,288,OH,RIC,44
0,4,14,6,12,264,OH,ROC,44
35,4,14,6,18,213,OH,DCA,44
181,4,14,6,11,228,OH,IAD,44
10,4,14,6,16,425,OH,CLE,44
20,4,14,6,13,766,OH,BNA,44
30,4,14,6,17,508,OH,DTW,44
0,4,14,6,9,740,OH,ORD,44
-10,4,14,6,20,426,OH,RDU,44
45,4,14,6,16,228,OH,IAD,44
20,4,14,6,7,740,OH,ORD,44
60,4,14,6,11,301,OH,BUF,44
15,4,14,6,9,301,OH,BUF,44
35,4,14,6,19,301,OH,BUF,44
-2,4,14,6,17,740,OH,ORD,44
-10,4,14,6,16,483,OH,CMH,44
0,4,14,6,12,740,OH,ORD,44
0,4,14,6,19,740,OH,ORD,44
0,4,14,6,8,340,OH,PIT,44
0,4,14,6,6,187,OH,BOS,44
0,4,14,6,9,264,OH,ROC,44
0,4,14,6,8,187,OH,BOS,44
156,4,14,6,10,187,OH,BOS,44
0,4,14,6,11,187,OH,BOS,44
45,4,14,6,14,187,OH,BOS,44
0,4,14,6,15,187,OH,BOS,44
8,4,14,6,16,187,OH,BOS,44
60,4,14,6,18,187,OH,BOS,44
30,4,14,6,19,187,OH,BOS,44
0,4,14,6,13,483,OH,CMH,44
267,4,14,6,13,589,OH,CVG,44
0,4,14,6,8,766,OH,BNA,44
15,4,14,6,16,301,OH,BUF,44
0,4,14,6,7,213,OH,DCA,44
110,4,14,6,17,829,OH,JAX,44
-3,4,14,6,16,340,OH,PIT,44
-5,4,15,7,12,213,OH,DCA,43
80,4,15,7,11,829,OH,JAX,43
27,4,15,7,10,589,OH,CVG,43
208,4,15,7,13,288,OH,RIC,43
20,4,15,7,8,288,OH,RIC,43
112,4,15,7,12,264,OH,ROC,43
19,4,15,7,11,228,OH,IAD,43
50,4,15,7,9,740,OH,ORD,43
0,4,15,7,7,740,OH,ORD,43
70,4,15,7,11,301,OH,BUF,43
40,4,15,7,9,301,OH,BUF,43
40,4,15,7,17,740,OH,ORD,43
5,4,15,7,9,264,OH,ROC,43
-4,4,15,7,8,187,OH,BOS,43
15,4,15,7,10,187,OH,BOS,43
72,4,15,7,8,766,OH,BNA,43
165,4,15,7,16,301,OH,BUF,43
0,4,16,1,12,213,OH,DCA,42
50,4,16,1,16,213,OH,DCA,42
61,4,16,1,13,301,OH,BUF,42
0,4,16,1,16,184,OH,BWI,42
25,4,16,1,9,483,OH,CMH,42
110,4,16,1,11,829,OH,JAX,42
123,4,16,1,18,760,OH,ATL,42
118,4,16,1,10,589,OH,CVG,42
60,4,16,1,8,228,OH,IAD,42
50,4,16,1,16,589,OH,CVG,42
110,4,16,1,16,264,OH,ROC,42
5,4,16,1,13,288,OH,RIC,42
136,4,16,1,19,264,OH,ROC,42
30,4,16,1,8,508,OH,DTW,42
142,4,16,1,17,426,OH,RDU,42
55,4,16,1,21,766,OH,BNA,42
10,4,16,1,8,288,OH,RIC,42
40,4,16,1,12,264,OH,ROC,42
10,4,16,1,18,213,OH,DCA,42
0,4,16,1,11,228,OH,IAD,42
10,4,16,1,16,425,OH,CLE,42
140,4,16,1,13,766,OH,BNA,42
25,4,16,1,17,508,OH,DTW,42
65,4,16,1,21,228,OH,IAD,42
20,4,16,1,9,740,OH,ORD,42
95,4,16,1,13,508,OH,DTW,42
30,4,16,1,20,426,OH,RDU,42
20,4,16,1,11,301,OH,BUF,42
-5,4,16,1,9,301,OH,BUF,42
52,4,16,1,19,301,OH,BUF,42
0,4,16,1,17,740,OH,ORD,42
0,4,16,1,16,483,OH,CMH,42
30,4,16,1,12,740,OH,ORD,42
5,4,16,1,8,340,OH,PIT,42
52,4,16,1,9,264,OH,ROC,42
90,4,16,1,10,187,OH,BOS,42
60,4,16,1,11,187,OH,BOS,42
75,4,16,1,16,187,OH,BOS,42
75,4,16,1,21,301,OH,BUF,42
70,4,16,1,20,187,OH,BOS,42
65,4,16,1,13,483,OH,CMH,42
45,4,16,1,21,267,OH,BTV,42
33,4,16,1,13,589,OH,CVG,42
15,4,16,1,8,766,OH,BNA,42
13,4,16,1,16,301,OH,BUF,42
82,4,16,1,19,425,OH,CLE,42
70,4,16,1,17,829,OH,JAX,42
10,4,16,1,16,340,OH,PIT,42
-5,4,17,2,12,213,OH,DCA,41
35,4,17,2,21,264,OH,ROC,41
0,4,17,2,8,288,OH,RIC,41
30,4,17,2,16,213,OH,DCA,41
48,4,17,2,16,289,OH,ORF,41
30,4,17,2,13,301,OH,BUF,41
12,4,17,2,8,426,OH,RDU,41
15,4,17,2,18,760,OH,ATL,41
10,4,17,2,10,589,OH,CVG,41
30,4,17,2,8,508,OH,DTW,41
19,4,17,2,8,228,OH,IAD,41
83,4,17,2,16,264,OH,ROC,41
91,4,17,2,15,425,OH,CLE,41
5,4,17,2,16,426,OH,RDU,41
10,4,17,2,20,213,OH,DCA,41
35,4,17,2,18,213,OH,DCA,41
0,4,17,2,13,766,OH,BNA,41
7,4,17,2,16,508,OH,DTW,41
0,4,17,2,9,740,OH,ORD,41
109,4,17,2,19,508,OH,DTW,41
30,4,17,2,16,228,OH,IAD,41
20,4,17,2,13,589,OH,CVG,41
0,4,17,2,9,483,OH,CMH,41
15,4,17,2,7,740,OH,ORD,41
0,4,17,2,9,301,OH,BUF,41
95,4,17,2,18,301,OH,BUF,41
195,4,17,2,16,740,OH,ORD,41
55,4,17,2,16,483,OH,CMH,41
75,4,17,2,19,740,OH,ORD,41
60,4,17,2,19,228,OH,IAD,41
-10,4,17,2,8,340,OH,PIT,41
0,4,17,2,7,187,OH,BOS,41
15,4,17,2,9,264,OH,ROC,41
-5,4,17,2,8,187,OH,BOS,41
30,4,17,2,11,187,OH,BOS,41
-5,4,17,2,13,187,OH,BOS,41
-10,4,17,2,15,184,OH,BWI,41
35,4,17,2,16,187,OH,BOS,41
120,4,17,2,19,426,OH,RDU,41
33,4,17,2,21,301,OH,BUF,41
70,4,17,2,21,267,OH,BTV,41
77,4,17,2,19,766,OH,BNA,41
15,4,17,2,9,766,OH,BNA,41
116,4,17,2,18,589,OH,CVG,41
-2,4,17,2,16,301,OH,BUF,41
5,4,17,2,9,209,OH,SYR,41
155,4,17,2,19,425,OH,CLE,41
5,4,17,2,7,213,OH,DCA,41
47,4,17,2,17,340,OH,PIT,41
-10,4,18,3,12,213,OH,DCA,40
0,4,18,3,21,264,OH,ROC,40
15,4,18,3,8,288,OH,RIC,40
10,4,18,3,16,213,OH,DCA,40
0,4,18,3,16,289,OH,ORF,40
50,4,18,3,13,301,OH,BUF,40
-5,4,18,3,8,426,OH,RDU,40
0,4,18,3,18,760,OH,ATL,40
13,4,18,3,6,589,OH,CVG,40
310,4,18,3,10,589,OH,CVG,40
0,4,18,3,8,508,OH,DTW,40
23,4,18,3,8,228,OH,IAD,40
30,4,18,3,16,264,OH,ROC,40
0,4,18,3,11,228,OH,IAD,40
0,4,18,3,15,425,OH,CLE,40
0,4,18,3,16,426,OH,RDU,40
0,4,18,3,20,213,OH,DCA,40
-3,4,18,3,12,264,OH,ROC,40
69,4,18,3,18,213,OH,DCA,40
13,4,18,3,13,766,OH,BNA,40
-10,4,18,3,16,508,OH,DTW,40
0,4,18,3,9,740,OH,ORD,40
25,4,18,3,19,508,OH,DTW,40
0,4,18,3,16,228,OH,IAD,40
0,4,18,3,9,483,OH,CMH,40
0,4,18,3,7,740,OH,ORD,40
-5,4,18,3,11,301,OH,BUF,40
175,4,18,3,9,301,OH,BUF,40
50,4,18,3,18,301,OH,BUF,40
0,4,18,3,16,740,OH,ORD,40
60,4,18,3,12,740,OH,ORD,40
0,4,18,3,16,483,OH,CMH,40
85,4,18,3,19,740,OH,ORD,40
35,4,18,3,19,228,OH,IAD,40
25,4,18,3,8,340,OH,PIT,40
2,4,18,3,7,187,OH,BOS,40
10,4,18,3,9,264,OH,ROC,40
-5,4,18,3,8,187,OH,BOS,40
35,4,18,3,11,187,OH,BOS,40
5,4,18,3,13,187,OH,BOS,40
0,4,18,3,15,184,OH,BWI,40
0,4,18,3,16,187,OH,BOS,40
55,4,18,3,19,426,OH,RDU,40
105,4,18,3,19,187,OH,BOS,40
0,4,18,3,21,301,OH,BUF,40
9,4,18,3,13,483,OH,CMH,40
0,4,18,3,21,267,OH,BTV,40
20,4,18,3,13,209,OH,SYR,40
25,4,18,3,19,766,OH,BNA,40
5,4,18,3,13,267,OH,BTV,40
-5,4,18,3,9,766,OH,BNA,40
75,4,18,3,18,589,OH,CVG,40
35,4,18,3,16,301,OH,BUF,40
6,4,18,3,9,209,OH,SYR,40
70,4,18,3,19,425,OH,CLE,40
0,4,18,3,7,213,OH,DCA,40
0,4,18,3,17,340,OH,PIT,40
-4,4,19,4,12,213,OH,DCA,39
0,4,19,4,21,264,OH,ROC,39
35,4,19,4,8,288,OH,RIC,39
0,4,19,4,16,213,OH,DCA,39
38,4,19,4,16,289,OH,ORF,39
0,4,19,4,13,301,OH,BUF,39
0,4,19,4,8,426,OH,RDU,39
-5,4,19,4,18,760,OH,ATL,39
-2,4,19,4,6,589,OH,CVG,39
15,4,19,4,10,589,OH,CVG,39
0,4,19,4,8,508,OH,DTW,39
0,4,19,4,8,228,OH,IAD,39
15,4,19,4,16,264,OH,ROC,39
0,4,19,4,11,228,OH,IAD,39
0,4,19,4,15,425,OH,CLE,39
5,4,19,4,16,426,OH,RDU,39
10,4,19,4,20,213,OH,DCA,39
-8,4,19,4,12,264,OH,ROC,39
-5,4,19,4,18,213,OH,DCA,39
25,4,19,4,13,766,OH,BNA,39
0,4,19,4,16,508,OH,DTW,39
10,4,19,4,9,740,OH,ORD,39
15,4,19,4,19,508,OH,DTW,39
0,4,19,4,16,228,OH,IAD,39
40,4,19,4,13,589,OH,CVG,39
-8,4,19,4,9,483,OH,CMH,39
0,4,19,4,7,740,OH,ORD,39
0,4,19,4,11,301,OH,BUF,39
0,4,19,4,9,301,OH,BUF,39
18,4,19,4,18,301,OH,BUF,39
0,4,19,4,16,740,OH,ORD,39
45,4,19,4,12,740,OH,ORD,39
5,4,19,4,16,483,OH,CMH,39
30,4,19,4,19,740,OH,ORD,39
20,4,19,4,19,228,OH,IAD,39
-2,4,19,4,8,340,OH,PIT,39
-3,4,19,4,7,187,OH,BOS,39
0,4,19,4,9,264,OH,ROC,39
0,4,19,4,8,187,OH,BOS,39
10,4,19,4,11,187,OH,BOS,39
20,4,19,4,13,187,OH,BOS,39
-10,4,19,4,15,184,OH,BWI,39
20,4,19,4,16,187,OH,BOS,39
55,4,19,4,19,426,OH,RDU,39
95,4,19,4,19,187,OH,BOS,39
15,4,19,4,21,301,OH,BUF,39
0,4,19,4,13,483,OH,CMH,39
15,4,19,4,21,267,OH,BTV,39
9,4,19,4,13,209,OH,SYR,39
20,4,19,4,19,766,OH,BNA,39
10,4,19,4,13,267,OH,BTV,39
-10,4,19,4,9,766,OH,BNA,39
-3,4,19,4,18,589,OH,CVG,39
98,4,19,4,16,301,OH,BUF,39
100,4,19,4,9,209,OH,SYR,39
35,4,19,4,19,425,OH,CLE,39
70,4,19,4,7,213,OH,DCA,39
90,4,19,4,17,340,OH,PIT,39
10,4,20,5,12,213,OH,DCA,38
55,4,20,5,21,264,OH,ROC,38
20,4,20,5,8,288,OH,RIC,38
0,4,20,5,16,213,OH,DCA,38
190,4,20,5,16,289,OH,ORF,38
15,4,20,5,13,301,OH,BUF,38
10,4,20,5,8,426,OH,RDU,38
40,4,20,5,18,760,OH,ATL,38
0,4,20,5,6,589,OH,CVG,38
12,4,20,5,10,589,OH,CVG,38
5,4,20,5,8,508,OH,DTW,38
30,4,20,5,8,228,OH,IAD,38
0,4,20,5,16,264,OH,ROC,38
-10,4,20,5,11,228,OH,IAD,38
-5,4,20,5,15,425,OH,CLE,38
-7,4,20,5,16,426,OH,RDU,38
10,4,20,5,20,213,OH,DCA,38
67,4,20,5,12,264,OH,ROC,38
-2,4,20,5,18,213,OH,DCA,38
55,4,20,5,13,766,OH,BNA,38
-3,4,20,5,16,508,OH,DTW,38
6,4,20,5,9,740,OH,ORD,38
0,4,20,5,19,508,OH,DTW,38
0,4,20,5,16,228,OH,IAD,38
0,4,20,5,13,589,OH,CVG,38
0,4,20,5,9,483,OH,CMH,38
125,4,20,5,21,187,OH,BOS,38
15,4,20,5,7,740,OH,ORD,38
-5,4,20,5,11,301,OH,BUF,38
35,4,20,5,9,301,OH,BUF,38
70,4,20,5,18,301,OH,BUF,38
20,4,20,5,16,740,OH,ORD,38
0,4,20,5,12,740,OH,ORD,38
0,4,20,5,16,483,OH,CMH,38
35,4,20,5,19,740,OH,ORD,38
135,4,20,5,19,228,OH,IAD,38
30,4,20,5,8,340,OH,PIT,38
0,4,20,5,7,187,OH,BOS,38
5,4,20,5,9,264,OH,ROC,38
0,4,20,5,8,187,OH,BOS,38
8,4,20,5,11,187,OH,BOS,38
30,4,20,5,13,187,OH,BOS,38
0,4,20,5,15,184,OH,BWI,38
-5,4,20,5,16,187,OH,BOS,38
80,4,20,5,19,426,OH,RDU,38
0,4,20,5,19,187,OH,BOS,38
10,4,20,5,21,301,OH,BUF,38
39,4,20,5,13,483,OH,CMH,38
10,4,20,5,21,267,OH,BTV,38
25,4,20,5,13,209,OH,SYR,38
-5,4,20,5,19,766,OH,BNA,38
48,4,20,5,13,267,OH,BTV,38
15,4,20,5,9,766,OH,BNA,38
95,4,20,5,18,589,OH,CVG,38
0,4,20,5,16,301,OH,BUF,38
20,4,20,5,9,209,OH,SYR,38
71,4,20,5,19,425,OH,CLE,38
0,4,20,5,7,213,OH,DCA,38
25,4,20,5,17,340,OH,PIT,38
0,4,21,6,12,213,OH,DCA,37
20,4,21,6,8,288,OH,RIC,37
-10,4,21,6,16,213,OH,DCA,37
0,4,21,6,13,301,OH,BUF,37
0,4,21,6,8,426,OH,RDU,37
10,4,21,6,18,760,OH,ATL,37
0,4,21,6,8,508,OH,DTW,37
-10,4,21,6,8,228,OH,IAD,37
19,4,21,6,16,264,OH,ROC,37
10,4,21,6,11,228,OH,IAD,37
0,4,21,6,15,425,OH,CLE,37
-15,4,21,6,16,426,OH,RDU,37
12,4,21,6,12,264,OH,ROC,37
-7,4,21,6,18,213,OH,DCA,37
15,4,21,6,13,766,OH,BNA,37
0,4,21,6,9,740,OH,ORD,37
0,4,21,6,19,508,OH,DTW,37
0,4,21,6,16,228,OH,IAD,37
52,4,21,6,13,589,OH,CVG,37
-10,4,21,6,9,483,OH,CMH,37
-5,4,21,6,7,740,OH,ORD,37
5,4,21,6,11,301,OH,BUF,37
5,4,21,6,9,301,OH,BUF,37
48,4,21,6,18,301,OH,BUF,37
20,4,21,6,18,740,OH,ORD,37
0,4,21,6,12,740,OH,ORD,37
0,4,21,6,16,483,OH,CMH,37
4,4,21,6,8,340,OH,PIT,37
45,4,21,6,9,264,OH,ROC,37
0,4,21,6,8,187,OH,BOS,37
20,4,21,6,11,187,OH,BOS,37
25,4,21,6,13,187,OH,BOS,37
0,4,21,6,15,184,OH,BWI,37
15,4,21,6,19,187,OH,BOS,37
9,4,21,6,13,483,OH,CMH,37
29,4,21,6,13,209,OH,SYR,37
45,4,21,6,13,267,OH,BTV,37
0,4,21,6,9,766,OH,BNA,37
0,4,21,6,18,589,OH,CVG,37
-10,4,21,6,16,301,OH,BUF,37
10,4,21,6,9,209,OH,SYR,37
0,4,21,6,7,213,OH,DCA,37
-10,4,21,6,17,340,OH,PIT,37
8,4,22,7,12,213,OH,DCA,36
-2,4,22,7,21,264,OH,ROC,36
0,4,22,7,8,288,OH,RIC,36
10,4,22,7,16,213,OH,DCA,36
0,4,22,7,16,289,OH,ORF,36
55,4,22,7,13,301,OH,BUF,36
30,4,22,7,18,760,OH,ATL,36
-10,4,22,7,10,589,OH,CVG,36
0,4,22,7,16,264,OH,ROC,36
0,4,22,7,11,228,OH,IAD,36
-5,4,22,7,15,425,OH,CLE,36
60,4,22,7,16,426,OH,RDU,36
0,4,22,7,20,213,OH,DCA,36
-3,4,22,7,12,264,OH,ROC,36
-4,4,22,7,18,213,OH,DCA,36
20,4,22,7,13,766,OH,BNA,36
24,4,22,7,16,508,OH,DTW,36
-5,4,22,7,9,740,OH,ORD,36
7,4,22,7,19,508,OH,DTW,36
19,4,22,7,16,228,OH,IAD,36
0,4,22,7,13,589,OH,CVG,36
-6,4,22,7,11,301,OH,BUF,36
-2,4,22,7,18,301,OH,BUF,36
10,4,22,7,16,740,OH,ORD,36
-10,4,22,7,12,740,OH,ORD,36
0,4,22,7,16,483,OH,CMH,36
0,4,22,7,19,740,OH,ORD,36
10,4,22,7,19,228,OH,IAD,36
30,4,22,7,8,187,OH,BOS,36
-5,4,22,7,11,187,OH,BOS,36
0,4,22,7,13,187,OH,BOS,36
-5,4,22,7,15,184,OH,BWI,36
8,4,22,7,16,187,OH,BOS,36
0,4,22,7,19,426,OH,RDU,36
0,4,22,7,19,187,OH,BOS,36
15,4,22,7,21,301,OH,BUF,36
0,4,22,7,13,483,OH,CMH,36
38,4,22,7,21,267,OH,BTV,36
15,4,22,7,13,209,OH,SYR,36
-5,4,22,7,19,766,OH,BNA,36
30,4,22,7,13,267,OH,BTV,36
0,4,22,7,18,589,OH,CVG,36
10,4,22,7,16,301,OH,BUF,36
0,4,22,7,19,425,OH,CLE,36
20,4,22,7,17,340,OH,PIT,36
0,4,23,1,12,213,OH,DCA,35
25,4,23,1,21,264,OH,ROC,35
-5,4,23,1,8,288,OH,RIC,35
-5,4,23,1,16,213,OH,DCA,35
0,4,23,1,16,289,OH,ORF,35
50,4,23,1,13,301,OH,BUF,35
-5,4,23,1,8,426,OH,RDU,35
-5,4,23,1,18,760,OH,ATL,35
14,4,23,1,6,589,OH,CVG,35
0,4,23,1,10,589,OH,CVG,35
15,4,23,1,8,508,OH,DTW,35
20,4,23,1,8,228,OH,IAD,35
0,4,23,1,16,264,OH,ROC,35
50,4,23,1,11,228,OH,IAD,35
0,4,23,1,15,425,OH,CLE,35
0,4,23,1,16,426,OH,RDU,35
10,4,23,1,20,213,OH,DCA,35
-10,4,23,1,12,264,OH,ROC,35
0,4,23,1,18,213,OH,DCA,35
0,4,23,1,13,766,OH,BNA,35
0,4,23,1,16,508,OH,DTW,35
-10,4,23,1,9,740,OH,ORD,35
-5,4,23,1,19,508,OH,DTW,35
41,4,23,1,16,228,OH,IAD,35
-5,4,23,1,13,589,OH,CVG,35
0,4,23,1,9,483,OH,CMH,35
65,4,23,1,7,740,OH,ORD,35
-5,4,23,1,11,301,OH,BUF,35
70,4,23,1,9,301,OH,BUF,35
0,4,23,1,18,301,OH,BUF,35
-6,4,23,1,16,740,OH,ORD,35
0,4,23,1,12,740,OH,ORD,35
0,4,23,1,16,483,OH,CMH,35
80,4,23,1,19,740,OH,ORD,35
0,4,23,1,19,228,OH,IAD,35
25,4,23,1,8,340,OH,PIT,35
20,4,23,1,7,187,OH,BOS,35
5,4,23,1,9,264,OH,ROC,35
0,4,23,1,8,187,OH,BOS,35
10,4,23,1,11,187,OH,BOS,35
10,4,23,1,13,187,OH,BOS,35
35,4,23,1,15,184,OH,BWI,35
10,4,23,1,16,187,OH,BOS,35
10,4,23,1,19,426,OH,RDU,35
25,4,23,1,19,187,OH,BOS,35
100,4,23,1,21,301,OH,BUF,35
24,4,23,1,13,483,OH,CMH,35
30,4,23,1,21,267,OH,BTV,35
18,4,23,1,13,209,OH,SYR,35
10,4,23,1,19,766,OH,BNA,35
0,4,23,1,13,267,OH,BTV,35
50,4,23,1,9,766,OH,BNA,35
20,4,23,1,18,589,OH,CVG,35
0,4,23,1,16,301,OH,BUF,35
0,4,23,1,9,209,OH,SYR,35
11,4,23,1,19,425,OH,CLE,35
-5,4,23,1,7,213,OH,DCA,35
-5,4,23,1,17,340,OH,PIT,35
-5,4,24,2,12,213,OH,DCA,34
53,4,24,2,21,264,OH,ROC,34
0,4,24,2,8,288,OH,RIC,34
-5,4,24,2,16,213,OH,DCA,34
25,4,24,2,16,289,OH,ORF,34
-2,4,24,2,13,301,OH,BUF,34
-5,4,24,2,8,426,OH,RDU,34
0,4,24,2,18,760,OH,ATL,34
0,4,24,2,6,589,OH,CVG,34
-5,4,24,2,10,589,OH,CVG,34
0,4,24,2,8,508,OH,DTW,34
0,4,24,2,8,228,OH,IAD,34
0,4,24,2,16,264,OH,ROC,34
-13,4,24,2,15,425,OH,CLE,34
-10,4,24,2,16,426,OH,RDU,34
16,4,24,2,20,213,OH,DCA,34
0,4,24,2,18,213,OH,DCA,34
-5,4,24,2,13,766,OH,BNA,34
0,4,24,2,16,508,OH,DTW,34
-5,4,24,2,9,740,OH,ORD,34
-5,4,24,2,19,508,OH,DTW,34
0,4,24,2,16,228,OH,IAD,34
-5,4,24,2,13,589,OH,CVG,34
-4,4,24,2,9,483,OH,CMH,34
-10,4,24,2,7,740,OH,ORD,34
-5,4,24,2,9,301,OH,BUF,34
0,4,24,2,18,301,OH,BUF,34
-8,4,24,2,16,740,OH,ORD,34
16,4,24,2,16,483,OH,CMH,34
0,4,24,2,19,740,OH,ORD,34
6,4,24,2,19,228,OH,IAD,34
55,4,24,2,8,340,OH,PIT,34
-5,4,24,2,7,187,OH,BOS,34
10,4,24,2,9,264,OH,ROC,34
-5,4,24,2,8,187,OH,BOS,34
0,4,24,2,11,187,OH,BOS,34
-5,4,24,2,13,187,OH,BOS,34
-10,4,24,2,15,184,OH,BWI,34
5,4,24,2,16,187,OH,BOS,34
-5,4,24,2,19,426,OH,RDU,34
11,4,24,2,19,187,OH,BOS,34
30,4,24,2,21,301,OH,BUF,34
58,4,24,2,21,267,OH,BTV,34
12,4,24,2,19,766,OH,BNA,34
0,4,24,2,9,766,OH,BNA,34
0,4,24,2,18,589,OH,CVG,34
15,4,24,2,16,301,OH,BUF,34
-5,4,24,2,9,209,OH,SYR,34
-5,4,24,2,19,425,OH,CLE,34
0,4,24,2,7,213,OH,DCA,34
0,4,24,2,17,340,OH,PIT,34
-5,4,25,3,12,213,OH,DCA,33
10,4,25,3,21,264,OH,ROC,33
-5,4,25,3,8,288,OH,RIC,33
-5,4,25,3,16,213,OH,DCA,33
-5,4,25,3,16,289,OH,ORF,33
60,4,25,3,13,301,OH,BUF,33
-10,4,25,3,8,426,OH,RDU,33
10,4,25,3,18,760,OH,ATL,33
5,4,25,3,6,589,OH,CVG,33
0,4,25,3,10,589,OH,CVG,33
-6,4,25,3,8,508,OH,DTW,33
0,4,25,3,8,228,OH,IAD,33
-10,4,25,3,16,264,OH,ROC,33
30,4,25,3,11,228,OH,IAD,33
-7,4,25,3,15,425,OH,CLE,33
0,4,25,3,16,426,OH,RDU,33
40,4,25,3,20,213,OH,DCA,33
0,4,25,3,12,264,OH,ROC,33
14,4,25,3,18,213,OH,DCA,33
0,4,25,3,13,766,OH,BNA,33
222,4,25,3,16,508,OH,DTW,33
170,4,25,3,9,740,OH,ORD,33
95,4,25,3,19,508,OH,DTW,33
-5,4,25,3,16,228,OH,IAD,33
6,4,25,3,13,589,OH,CVG,33
11,4,25,3,9,483,OH,CMH,33
0,4,25,3,7,740,OH,ORD,33
0,4,25,3,11,301,OH,BUF,33
48,4,25,3,9,301,OH,BUF,33
21,4,25,3,18,301,OH,BUF,33
10,4,25,3,16,483,OH,CMH,33
0,4,25,3,19,740,OH,ORD,33
148,4,25,3,19,228,OH,IAD,33
60,4,25,3,8,340,OH,PIT,33
-2,4,25,3,7,187,OH,BOS,33
35,4,25,3,9,264,OH,ROC,33
13,4,25,3,8,187,OH,BOS,33
220,4,25,3,11,187,OH,BOS,33
9,4,25,3,13,187,OH,BOS,33
0,4,25,3,15,184,OH,BWI,33
10,4,25,3,16,187,OH,BOS,33
75,4,25,3,19,426,OH,RDU,33
110,4,25,3,19,187,OH,BOS,33
90,4,25,3,21,301,OH,BUF,33
-10,4,25,3,13,483,OH,CMH,33
110,4,25,3,21,267,OH,BTV,33
0,4,25,3,13,209,OH,SYR,33
120,4,25,3,19,766,OH,BNA,33
32,4,25,3,13,267,OH,BTV,33
-5,4,25,3,9,766,OH,BNA,33
70,4,25,3,18,589,OH,CVG,33
0,4,25,3,16,301,OH,BUF,33
70,4,25,3,9,209,OH,SYR,33
85,4,25,3,19,425,OH,CLE,33
-5,4,25,3,7,213,OH,DCA,33
-5,4,25,3,17,340,OH,PIT,33
30,4,26,4,12,213,OH,DCA,32
13,4,26,4,21,264,OH,ROC,32
0,4,26,4,8,288,OH,RIC,32
20,4,26,4,16,213,OH,DCA,32
80,4,26,4,16,289,OH,ORF,32
43,4,26,4,13,301,OH,BUF,32
7,4,26,4,8,426,OH,RDU,32
0,4,26,4,18,760,OH,ATL,32
-2,4,26,4,6,589,OH,CVG,32
0,4,26,4,10,589,OH,CVG,32
0,4,26,4,8,508,OH,DTW,32
-5,4,26,4,8,228,OH,IAD,32
-5,4,26,4,16,264,OH,ROC,32
-5,4,26,4,11,228,OH,IAD,32
0,4,26,4,15,425,OH,CLE,32
-5,4,26,4,16,426,OH,RDU,32
0,4,26,4,20,213,OH,DCA,32
-7,4,26,4,12,264,OH,ROC,32
0,4,26,4,18,213,OH,DCA,32
10,4,26,4,13,766,OH,BNA,32
22,4,26,4,16,508,OH,DTW,32
0,4,26,4,19,508,OH,DTW,32
20,4,26,4,16,228,OH,IAD,32
20,4,26,4,13,589,OH,CVG,32
-10,4,26,4,9,483,OH,CMH,32
0,4,26,4,7,740,OH,ORD,32
-5,4,26,4,11,301,OH,BUF,32
0,4,26,4,9,301,OH,BUF,32
68,4,26,4,18,301,OH,BUF,32
35,4,26,4,16,740,OH,ORD,32
5,4,26,4,12,740,OH,ORD,32
-10,4,26,4,16,483,OH,CMH,32
90,4,26,4,19,740,OH,ORD,32
13,4,26,4,19,228,OH,IAD,32
0,4,26,4,8,340,OH,PIT,32
0,4,26,4,7,187,OH,BOS,32
30,4,26,4,9,264,OH,ROC,32
0,4,26,4,8,187,OH,BOS,32
30,4,26,4,11,187,OH,BOS,32
30,4,26,4,13,187,OH,BOS,32
20,4,26,4,15,184,OH,BWI,32
-1,4,26,4,16,187,OH,BOS,32
18,4,26,4,19,426,OH,RDU,32
15,4,26,4,19,187,OH,BOS,32
32,4,26,4,21,301,OH,BUF,32
0,4,26,4,13,483,OH,CMH,32
45,4,26,4,21,267,OH,BTV,32
11,4,26,4,13,209,OH,SYR,32
50,4,26,4,19,766,OH,BNA,32
-5,4,26,4,13,267,OH,BTV,32
18,4,26,4,9,766,OH,BNA,32
-10,4,26,4,18,589,OH,CVG,32
65,4,26,4,16,301,OH,BUF,32
-2,4,26,4,9,209,OH,SYR,32
0,4,26,4,19,425,OH,CLE,32
-2,4,26,4,7,213,OH,DCA,32
0,4,26,4,17,340,OH,PIT,32
70,4,27,5,12,213,OH,DCA,31
10,4,27,5,8,288,OH,RIC,31
55,4,27,5,16,213,OH,DCA,31
145,4,27,5,16,289,OH,ORF,31
25,4,27,5,8,426,OH,RDU,31
180,4,27,5,18,760,OH,ATL,31
0,4,27,5,6,589,OH,CVG,31
150,4,27,5,10,589,OH,CVG,31
50,4,27,5,8,508,OH,DTW,31
20,4,27,5,8,228,OH,IAD,31
135,4,27,5,16,264,OH,ROC,31
80,4,27,5,11,228,OH,IAD,31
45,4,27,5,16,426,OH,RDU,31
55,4,27,5,12,264,OH,ROC,31
105,4,27,5,18,213,OH,DCA,31
202,4,27,5,16,508,OH,DTW,31
180,4,27,5,9,740,OH,ORD,31
115,4,27,5,16,228,OH,IAD,31
20,4,27,5,13,589,OH,CVG,31
15,4,27,5,9,483,OH,CMH,31
285,4,27,5,7,740,OH,ORD,31
100,4,27,5,11,301,OH,BUF,31
30,4,27,5,9,301,OH,BUF,31
63,4,27,5,18,301,OH,BUF,31
15,4,27,5,16,740,OH,ORD,31
175,4,27,5,12,740,OH,ORD,31
33,4,27,5,8,340,OH,PIT,31
-5,4,27,5,7,187,OH,BOS,31
100,4,27,5,9,264,OH,ROC,31
30,4,27,5,8,187,OH,BOS,31
75,4,27,5,11,187,OH,BOS,31
125,4,27,5,13,187,OH,BOS,31
65,4,27,5,15,184,OH,BWI,31
90,4,27,5,16,187,OH,BOS,31
0,4,27,5,19,187,OH,BOS,31
140,4,27,5,21,301,OH,BUF,31
5,4,27,5,21,267,OH,BTV,31
100,4,27,5,13,209,OH,SYR,31
185,4,27,5,19,766,OH,BNA,31
30,4,27,5,9,766,OH,BNA,31
140,4,27,5,16,301,OH,BUF,31
12,4,27,5,9,209,OH,SYR,31
135,4,27,5,19,425,OH,CLE,31
0,4,27,5,7,213,OH,DCA,31
110,4,27,5,17,340,OH,PIT,31
0,4,28,6,12,213,OH,DCA,30
0,4,28,6,8,288,OH,RIC,30
-5,4,28,6,16,213,OH,DCA,30
30,4,28,6,13,301,OH,BUF,30
23,4,28,6,8,426,OH,RDU,30
59,4,28,6,18,760,OH,ATL,30
0,4,28,6,8,508,OH,DTW,30
25,4,28,6,8,228,OH,IAD,30
-5,4,28,6,16,264,OH,ROC,30
0,4,28,6,11,228,OH,IAD,30
-10,4,28,6,15,425,OH,CLE,30
5,4,28,6,16,426,OH,RDU,30
22,4,28,6,12,264,OH,ROC,30
30,4,28,6,18,213,OH,DCA,30
20,4,28,6,13,766,OH,BNA,30
0,4,28,6,9,740,OH,ORD,30
0,4,28,6,19,508,OH,DTW,30
-3,4,28,6,16,228,OH,IAD,30
-5,4,28,6,13,589,OH,CVG,30
12,4,28,6,9,483,OH,CMH,30
10,4,28,6,7,740,OH,ORD,30
-1,4,28,6,11,301,OH,BUF,30
30,4,28,6,9,301,OH,BUF,30
39,4,28,6,18,301,OH,BUF,30
30,4,28,6,18,740,OH,ORD,30
15,4,28,6,12,740,OH,ORD,30
0,4,28,6,16,483,OH,CMH,30
0,4,28,6,8,340,OH,PIT,30
19,4,28,6,9,264,OH,ROC,30
35,4,28,6,8,187,OH,BOS,30
0,4,28,6,11,187,OH,BOS,30
25,4,28,6,13,187,OH,BOS,30
-10,4,28,6,15,184,OH,BWI,30
0,4,28,6,19,187,OH,BOS,30
0,4,28,6,13,483,OH,CMH,30
0,4,28,6,13,209,OH,SYR,30
15,4,28,6,13,267,OH,BTV,30
22,4,28,6,9,766,OH,BNA,30
-10,4,28,6,18,589,OH,CVG,30
20,4,28,6,16,301,OH,BUF,30
0,4,28,6,9,209,OH,SYR,30
20,4,28,6,7,213,OH,DCA,30
0,4,28,6,17,340,OH,PIT,30
5,4,29,7,12,213,OH,DCA,29
40,4,29,7,21,264,OH,ROC,29
0,4,29,7,8,288,OH,RIC,29
0,4,29,7,16,213,OH,DCA,29
70,4,29,7,16,289,OH,ORF,29
25,4,29,7,13,301,OH,BUF,29
40,4,29,7,18,760,OH,ATL,29
5,4,29,7,10,589,OH,CVG,29
0,4,29,7,16,264,OH,ROC,29
0,4,29,7,11,228,OH,IAD,29
0,4,29,7,15,425,OH,CLE,29
0,4,29,7,16,426,OH,RDU,29
95,4,29,7,20,213,OH,DCA,29
12,4,29,7,12,264,OH,ROC,29
130,4,29,7,18,213,OH,DCA,29
55,4,29,7,13,766,OH,BNA,29
54,4,29,7,16,508,OH,DTW,29
0,4,29,7,9,740,OH,ORD,29
75,4,29,7,19,508,OH,DTW,29
0,4,29,7,16,228,OH,IAD,29
0,4,29,7,13,589,OH,CVG,29
0,4,29,7,11,301,OH,BUF,29
63,4,29,7,18,301,OH,BUF,29
0,4,29,7,16,740,OH,ORD,29
-10,4,29,7,12,740,OH,ORD,29
5,4,29,7,16,483,OH,CMH,29
70,4,29,7,19,740,OH,ORD,29
150,4,29,7,19,228,OH,IAD,29
10,4,29,7,8,187,OH,BOS,29
-5,4,29,7,11,187,OH,BOS,29
0,4,29,7,13,187,OH,BOS,29
-5,4,29,7,15,184,OH,BWI,29
15,4,29,7,16,187,OH,BOS,29
145,4,29,7,19,426,OH,RDU,29
160,4,29,7,19,187,OH,BOS,29
40,4,29,7,21,301,OH,BUF,29
24,4,29,7,13,483,OH,CMH,29
70,4,29,7,21,267,OH,BTV,29
-5,4,29,7,13,209,OH,SYR,29
-5,4,29,7,19,766,OH,BNA,29
8,4,29,7,13,267,OH,BTV,29
25,4,29,7,18,589,OH,CVG,29
0,4,29,7,16,301,OH,BUF,29
45,4,29,7,19,425,OH,CLE,29
79,4,29,7,17,340,OH,PIT,29
0,4,30,1,12,213,OH,DCA,28
0,4,30,1,21,264,OH,ROC,28
20,4,30,1,8,288,OH,RIC,28
25,4,30,1,16,213,OH,DCA,28
5,4,30,1,16,289,OH,ORF,28
25,4,30,1,13,301,OH,BUF,28
9,4,30,1,8,426,OH,RDU,28
0,4,30,1,18,760,OH,ATL,28
-5,4,30,1,6,589,OH,CVG,28
20,4,30,1,10,589,OH,CVG,28
0,4,30,1,8,508,OH,DTW,28
0,4,30,1,8,228,OH,IAD,28
-5,4,30,1,16,264,OH,ROC,28
10,4,30,1,11,228,OH,IAD,28
0,4,30,1,15,425,OH,CLE,28
85,4,30,1,16,426,OH,RDU,28
-5,4,30,1,20,213,OH,DCA,28
17,4,30,1,12,264,OH,ROC,28
-5,4,30,1,18,213,OH,DCA,28
35,4,30,1,13,766,OH,BNA,28
0,4,30,1,16,508,OH,DTW,28
0,4,30,1,9,740,OH,ORD,28
30,4,30,1,19,508,OH,DTW,28
-5,4,30,1,16,228,OH,IAD,28
12,4,30,1,13,589,OH,CVG,28
-5,4,30,1,9,483,OH,CMH,28
-5,4,30,1,7,740,OH,ORD,28
0,4,30,1,11,301,OH,BUF,28
-5,4,30,1,9,301,OH,BUF,28
58,4,30,1,18,301,OH,BUF,28
20,4,30,1,16,740,OH,ORD,28
89,4,30,1,12,740,OH,ORD,28
70,4,30,1,16,483,OH,CMH,28
85,4,30,1,19,740,OH,ORD,28
50,4,30,1,19,228,OH,IAD,28
-5,4,30,1,8,340,OH,PIT,28
-2,4,30,1,7,187,OH,BOS,28
0,4,30,1,9,264,OH,ROC,28
75,4,30,1,8,187,OH,BOS,28
15,4,30,1,11,187,OH,BOS,28
0,4,30,1,13,187,OH,BOS,28
-10,4,30,1,15,184,OH,BWI,28
35,4,30,1,16,187,OH,BOS,28
29,4,30,1,19,426,OH,RDU,28
30,4,30,1,19,187,OH,BOS,28
14,4,30,1,13,483,OH,CMH,28
15,4,30,1,21,267,OH,BTV,28
0,4,30,1,13,209,OH,SYR,28
0,4,30,1,19,766,OH,BNA,28
5,4,30,1,13,267,OH,BTV,28
45,4,30,1,9,766,OH,BNA,28
-5,4,30,1,18,589,OH,CVG,28
0,4,30,1,16,301,OH,BUF,28
-10,4,30,1,9,209,OH,SYR,28
35,4,30,1,19,425,OH,CLE,28
-3,4,30,1,7,213,OH,DCA,28
-5,4,30,1,17,340,OH,PIT,28
-4,4,2,1,6,2586,UA,SFO,42
-3,4,3,2,6,2586,UA,SFO,43
-6,4,4,3,6,2586,UA,SFO,44
-3,4,5,4,6,2586,UA,SFO,45
-7,4,6,5,6,2586,UA,SFO,46
0,4,7,6,6,2586,UA,SFO,47
-4,4,9,1,6,2586,UA,SFO,49
-9,4,10,2,6,2586,UA,SFO,48
-3,4,11,3,6,2586,UA,SFO,47
-6,4,12,4,6,2586,UA,SFO,46
1,4,13,5,6,2586,UA,SFO,45
1,4,14,6,6,2586,UA,SFO,44
-1,4,16,1,6,2586,UA,SFO,42
-5,4,18,3,6,2586,UA,SFO,40
102,4,19,4,6,2586,UA,SFO,39
-3,4,20,5,6,2586,UA,SFO,38
-5,4,21,6,6,2586,UA,SFO,37
-5,4,23,1,6,2586,UA,SFO,35
-5,4,24,2,6,2586,UA,SFO,34
-2,4,25,3,6,2586,UA,SFO,33
-2,4,26,4,6,2586,UA,SFO,32
-1,4,27,5,6,2586,UA,SFO,31
-9,4,28,6,6,2586,UA,SFO,30
-8,4,30,1,6,2586,UA,SFO,28
-5,4,1,7,9,2586,UA,SFO,41
-2,4,2,1,9,2586,UA,SFO,42
-4,4,3,2,9,2586,UA,SFO,43
-8,4,4,3,9,2586,UA,SFO,44
-10,4,5,4,9,2586,UA,SFO,45
-6,4,6,5,9,2586,UA,SFO,46
-6,4,7,6,9,2586,UA,SFO,47
-4,4,8,7,9,2586,UA,SFO,48
0,4,9,1,9,2586,UA,SFO,49
-9,4,10,2,9,2586,UA,SFO,48
-8,4,11,3,9,2586,UA,SFO,47
-5,4,12,4,9,2586,UA,SFO,46
0,4,13,5,9,2586,UA,SFO,45
-3,4,14,6,9,2586,UA,SFO,44
-2,4,15,7,9,2586,UA,SFO,43
255,4,16,1,9,2586,UA,SFO,42
-1,4,17,2,9,2586,UA,SFO,41
-7,4,18,3,9,2586,UA,SFO,40
-2,4,19,4,9,2586,UA,SFO,39
-3,4,20,5,9,2586,UA,SFO,38
57,4,21,6,9,2586,UA,SFO,37
-1,4,22,7,9,2586,UA,SFO,36
-3,4,23,1,9,2586,UA,SFO,35
-7,4,24,2,8,2586,UA,SFO,34
17,4,25,3,8,2586,UA,SFO,33
-5,4,26,4,8,2586,UA,SFO,32
-1,4,27,5,8,2586,UA,SFO,31
-8,4,28,6,8,2586,UA,SFO,30
0,4,29,7,8,2586,UA,SFO,29
-4,4,30,1,8,2586,UA,SFO,28
2,4,1,7,11,2586,UA,SFO,41
-4,4,2,1,11,2586,UA,SFO,42
-7,4,3,2,11,2586,UA,SFO,43
0,4,4,3,11,2586,UA,SFO,44
-2,4,5,4,11,2586,UA,SFO,45
18,4,6,5,11,2586,UA,SFO,46
-1,4,7,6,11,2586,UA,SFO,47
23,4,8,7,11,2586,UA,SFO,48
-7,4,9,1,11,2586,UA,SFO,49
-4,4,10,2,11,2586,UA,SFO,48
-1,4,11,3,11,2586,UA,SFO,47
0,4,12,4,11,2586,UA,SFO,46
-2,4,13,5,11,2586,UA,SFO,45
-4,4,14,6,11,2586,UA,SFO,44
-6,4,15,7,11,2586,UA,SFO,43
-5,4,16,1,11,2586,UA,SFO,42
-2,4,17,2,11,2586,UA,SFO,41
-6,4,18,3,11,2586,UA,SFO,40
-4,4,19,4,11,2586,UA,SFO,39
-7,4,20,5,11,2586,UA,SFO,38
-9,4,21,6,11,2586,UA,SFO,37
-5,4,22,7,11,2586,UA,SFO,36
-5,4,23,1,11,2586,UA,SFO,35
-2,4,24,2,11,2586,UA,SFO,34
-7,4,25,3,11,2586,UA,SFO,33
-5,4,26,4,11,2586,UA,SFO,32
0,4,27,5,11,2586,UA,SFO,31
-2,4,28,6,11,2586,UA,SFO,30
45,4,29,7,11,2586,UA,SFO,29
-7,4,30,1,11,2586,UA,SFO,28
-3,4,1,7,15,2586,UA,SFO,41
-3,4,2,1,15,2586,UA,SFO,42
-4,4,3,2,15,2586,UA,SFO,43
-8,4,4,3,15,2586,UA,SFO,44
0,4,5,4,15,2586,UA,SFO,45
-9,4,6,5,15,2586,UA,SFO,46
-7,4,7,6,15,2586,UA,SFO,47
-3,4,8,7,15,2586,UA,SFO,48
0,4,9,1,15,2586,UA,SFO,49
31,4,10,2,15,2586,UA,SFO,48
23,4,11,3,15,2586,UA,SFO,47
-4,4,12,4,15,2586,UA,SFO,46
-6,4,13,5,15,2586,UA,SFO,45
-6,4,14,6,15,2586,UA,SFO,44
0,4,15,7,15,2586,UA,SFO,43
19,4,16,1,15,2586,UA,SFO,42
0,4,17,2,15,2586,UA,SFO,41
-4,4,18,3,15,2586,UA,SFO,40
-4,4,19,4,15,2586,UA,SFO,39
-2,4,20,5,15,2586,UA,SFO,38
-6,4,21,6,15,2586,UA,SFO,37
-6,4,22,7,15,2586,UA,SFO,36
-1,4,23,1,15,2586,UA,SFO,35
-5,4,24,2,15,2586,UA,SFO,34
-2,4,25,3,15,2586,UA,SFO,33
4,4,26,4,15,2586,UA,SFO,32
-3,4,27,5,15,2586,UA,SFO,31
-6,4,28,6,15,2586,UA,SFO,30
-1,4,29,7,15,2586,UA,SFO,29
6,4,1,7,20,2586,UA,SFO,41
1,4,2,1,20,2586,UA,SFO,42
18,4,3,2,20,2586,UA,SFO,43
97,4,4,3,20,2586,UA,SFO,44
-2,4,5,4,20,2586,UA,SFO,45
39,4,6,5,20,2586,UA,SFO,46
28,4,8,7,20,2586,UA,SFO,48
117,4,9,1,20,2586,UA,SFO,49
-3,4,10,2,20,2586,UA,SFO,48
-4,4,11,3,20,2586,UA,SFO,47
1,4,12,4,20,2586,UA,SFO,46
158,4,13,5,20,2586,UA,SFO,45
98,4,16,1,20,2586,UA,SFO,42
0,4,17,2,20,2586,UA,SFO,41
0,4,18,3,20,2586,UA,SFO,40
8,4,19,4,20,2586,UA,SFO,39
-6,4,20,5,20,2586,UA,SFO,38
22,4,22,7,20,2586,UA,SFO,36
-3,4,23,1,20,2586,UA,SFO,35
8,4,24,2,17,2586,UA,SFO,34
-10,4,25,3,17,2586,UA,SFO,33
-7,4,26,4,17,2586,UA,SFO,32
14,4,27,5,17,2586,UA,SFO,31
-4,4,28,6,17,2586,UA,SFO,30
-1,4,29,7,17,2586,UA,SFO,29
-1,4,30,1,17,2586,UA,SFO,28
32,4,24,2,20,2586,UA,SFO,34
-3,4,25,3,20,2586,UA,SFO,33
-4,4,26,4,20,2586,UA,SFO,32
119,4,27,5,20,2586,UA,SFO,31
-5,4,29,7,20,2586,UA,SFO,29
-3,4,30,1,20,2586,UA,SFO,28
0,4,1,7,7,2475,UA,LAX,41
-4,4,3,2,7,2475,UA,LAX,43
-1,4,4,3,7,2475,UA,LAX,44
-2,4,5,4,7,2475,UA,LAX,45
51,4,6,5,7,2475,UA,LAX,46
0,4,7,6,7,2475,UA,LAX,47
-14,4,8,7,7,2475,UA,LAX,48
-8,4,9,1,7,2475,UA,LAX,49
-6,4,10,2,7,2475,UA,LAX,48
-10,4,11,3,7,2475,UA,LAX,47
-7,4,12,4,7,2475,UA,LAX,46
-2,4,13,5,7,2475,UA,LAX,45
2,4,14,6,7,2475,UA,LAX,44
-1,4,15,7,7,2475,UA,LAX,43
-1,4,16,1,7,2475,UA,LAX,42
-10,4,17,2,7,2475,UA,LAX,41
-9,4,18,3,7,2475,UA,LAX,40
-4,4,19,4,7,2475,UA,LAX,39
-2,4,20,5,7,2475,UA,LAX,38
-3,4,21,6,7,2475,UA,LAX,37
2,4,22,7,7,2475,UA,LAX,36
-2,4,23,1,7,2475,UA,LAX,35
-6,4,24,2,7,2475,UA,LAX,34
-6,4,25,3,7,2475,UA,LAX,33
-3,4,26,4,7,2475,UA,LAX,32
-6,4,27,5,7,2475,UA,LAX,31
-6,4,28,6,7,2475,UA,LAX,30
0,4,29,7,7,2475,UA,LAX,29
-7,4,30,1,7,2475,UA,LAX,28
-3,4,1,7,11,2475,UA,LAX,41
-5,4,2,1,11,2475,UA,LAX,42
-8,4,3,2,11,2475,UA,LAX,43
-7,4,5,4,11,2475,UA,LAX,45
-7,4,6,5,11,2475,UA,LAX,46
-2,4,7,6,11,2475,UA,LAX,47
-7,4,8,7,11,2475,UA,LAX,48
-6,4,9,1,11,2475,UA,LAX,49
-4,4,10,2,11,2475,UA,LAX,48
3,4,11,3,11,2475,UA,LAX,47
20,4,12,4,11,2475,UA,LAX,46
40,4,13,5,11,2475,UA,LAX,45
-8,4,14,6,11,2475,UA,LAX,44
-6,4,15,7,11,2475,UA,LAX,43
-3,4,16,1,11,2475,UA,LAX,42
79,4,17,2,11,2475,UA,LAX,41
-3,4,18,3,11,2475,UA,LAX,40
-6,4,19,4,11,2475,UA,LAX,39
-2,4,20,5,11,2475,UA,LAX,38
-7,4,21,6,11,2475,UA,LAX,37
7,4,22,7,11,2475,UA,LAX,36
8,4,23,1,11,2475,UA,LAX,35
-7,4,24,2,11,2475,UA,LAX,34
1,4,25,3,11,2475,UA,LAX,33
0,4,26,4,11,2475,UA,LAX,32
1,4,27,5,11,2475,UA,LAX,31
85,4,28,6,11,2475,UA,LAX,30
-1,4,29,7,11,2475,UA,LAX,29
-7,4,30,1,11,2475,UA,LAX,28
4,4,1,7,14,2475,UA,LAX,41
-6,4,2,1,14,2475,UA,LAX,42
-8,4,3,2,14,2475,UA,LAX,43
-5,4,4,3,14,2475,UA,LAX,44
43,4,5,4,14,2475,UA,LAX,45
-5,4,6,5,14,2475,UA,LAX,46
-9,4,7,6,14,2475,UA,LAX,47
-4,4,8,7,14,2475,UA,LAX,48
-4,4,9,1,14,2475,UA,LAX,49
-9,4,10,2,14,2475,UA,LAX,48
54,4,11,3,14,2475,UA,LAX,47
-3,4,12,4,14,2475,UA,LAX,46
-6,4,13,5,14,2475,UA,LAX,45
-3,4,14,6,14,2475,UA,LAX,44
-2,4,15,7,14,2475,UA,LAX,43
-5,4,16,1,14,2475,UA,LAX,42
-6,4,17,2,14,2475,UA,LAX,41
3,4,18,3,14,2475,UA,LAX,40
-5,4,19,4,14,2475,UA,LAX,39
-3,4,20,5,14,2475,UA,LAX,38
-2,4,21,6,14,2475,UA,LAX,37
-4,4,22,7,14,2475,UA,LAX,36
-6,4,23,1,14,2475,UA,LAX,35
221,4,24,2,13,2475,UA,LAX,34
-5,4,25,3,13,2475,UA,LAX,33
1,4,26,4,13,2475,UA,LAX,32
2,4,27,5,13,2475,UA,LAX,31
-7,4,28,6,13,2475,UA,LAX,30
-5,4,29,7,13,2475,UA,LAX,29
-4,4,30,1,13,2475,UA,LAX,28
-1,4,1,7,16,2475,UA,LAX,41
-6,4,2,1,16,2475,UA,LAX,42
-6,4,3,2,16,2475,UA,LAX,43
-3,4,4,3,16,2475,UA,LAX,44
0,4,5,4,16,2475,UA,LAX,45
-8,4,6,5,16,2475,UA,LAX,46
-8,4,7,6,16,2475,UA,LAX,47
23,4,8,7,16,2475,UA,LAX,48
-3,4,9,1,16,2475,UA,LAX,49
-6,4,10,2,16,2475,UA,LAX,48
-2,4,11,3,16,2475,UA,LAX,47
-6,4,12,4,16,2475,UA,LAX,46
-6,4,13,5,16,2475,UA,LAX,45
8,4,14,6,16,2475,UA,LAX,44
73,4,15,7,16,2475,UA,LAX,43
39,4,16,1,16,2475,UA,LAX,42
5,4,17,2,16,2475,UA,LAX,41
-6,4,18,3,16,2475,UA,LAX,40
15,4,19,4,16,2475,UA,LAX,39
-1,4,20,5,16,2475,UA,LAX,38
-9,4,21,6,16,2475,UA,LAX,37
-3,4,22,7,16,2475,UA,LAX,36
-3,4,23,1,16,2475,UA,LAX,35
0,4,24,2,16,2475,UA,LAX,34
12,4,25,3,16,2475,UA,LAX,33
-5,4,26,4,16,2475,UA,LAX,32
-1,4,27,5,16,2475,UA,LAX,31
-2,4,28,6,16,2475,UA,LAX,30
-2,4,29,7,16,2475,UA,LAX,29
-7,4,30,1,16,2475,UA,LAX,28
-1,4,1,7,18,2475,UA,LAX,41
5,4,2,1,18,2475,UA,LAX,42
-4,4,3,2,18,2475,UA,LAX,43
-5,4,4,3,18,2475,UA,LAX,44
-4,4,5,4,18,2475,UA,LAX,45
34,4,6,5,18,2475,UA,LAX,46
-6,4,7,6,18,2475,UA,LAX,47
1,4,8,7,18,2475,UA,LAX,48
9,4,1,7,20,2475,UA,LAX,41
29,4,2,1,20,2475,UA,LAX,42
8,4,3,2,20,2475,UA,LAX,43
92,4,4,3,20,2475,UA,LAX,44
-9,4,5,4,20,2475,UA,LAX,45
15,4,6,5,20,2475,UA,LAX,46
-2,4,8,7,20,2475,UA,LAX,48
-4,4,9,1,20,2475,UA,LAX,49
-3,4,10,2,20,2475,UA,LAX,48
-6,4,11,3,20,2475,UA,LAX,47
-1,4,12,4,20,2475,UA,LAX,46
22,4,13,5,20,2475,UA,LAX,45
-1,4,16,1,20,2475,UA,LAX,42
2,4,17,2,20,2475,UA,LAX,41
1,4,18,3,20,2475,UA,LAX,40
35,4,19,4,20,2475,UA,LAX,39
-6,4,20,5,20,2475,UA,LAX,38
-10,4,22,7,20,2475,UA,LAX,36
-3,4,23,1,20,2475,UA,LAX,35
120,4,24,2,20,2475,UA,LAX,34
37,4,25,3,20,2475,UA,LAX,33
-7,4,26,4,20,2475,UA,LAX,32
127,4,27,5,20,2475,UA,LAX,31
18,4,29,7,20,2475,UA,LAX,29
29,4,30,1,20,2475,UA,LAX,28
3,4,1,7,17,2475,UA,LAX,41
-5,4,2,1,17,2475,UA,LAX,42
146,4,3,2,17,2475,UA,LAX,43
-7,4,4,3,17,2475,UA,LAX,44
8,4,5,4,17,2475,UA,LAX,45
-2,4,6,5,17,2475,UA,LAX,46
-3,4,7,6,17,2475,UA,LAX,47
-1,4,8,7,17,2475,UA,LAX,48
7,4,9,1,17,2475,UA,LAX,49
16,4,10,2,17,2475,UA,LAX,48
-3,4,11,3,17,2475,UA,LAX,47
16,4,12,4,17,2475,UA,LAX,46
77,4,13,5,17,2475,UA,LAX,45
3,4,14,6,17,2475,UA,LAX,44
-2,4,16,1,17,2475,UA,LAX,42
-2,4,17,2,17,2475,UA,LAX,41
5,4,18,3,17,2475,UA,LAX,40
-5,4,19,4,17,2475,UA,LAX,39
0,4,20,5,17,2475,UA,LAX,38
10,4,21,6,17,2475,UA,LAX,37
59,4,22,7,17,2475,UA,LAX,36
-6,4,23,1,17,2475,UA,LAX,35
57,4,25,3,18,2475,UA,LAX,33
-2,4,26,4,18,2475,UA,LAX,32
180,4,27,5,18,2475,UA,LAX,31
-8,4,28,6,18,2475,UA,LAX,30
-4,4,29,7,18,2475,UA,LAX,29
9,4,30,1,18,2475,UA,LAX,28
-4,4,1,7,8,2475,UA,LAX,41
-6,4,2,1,8,2475,UA,LAX,42
-5,4,3,2,8,2475,UA,LAX,43
-9,4,4,3,8,2475,UA,LAX,44
-8,4,5,4,8,2475,UA,LAX,45
-6,4,6,5,8,2475,UA,LAX,46
-3,4,7,6,8,2475,UA,LAX,47
-5,4,8,7,8,2475,UA,LAX,48
-10,4,9,1,8,2475,UA,LAX,49
-2,4,10,2,8,2475,UA,LAX,48
-3,4,11,3,8,2475,UA,LAX,47
65,4,12,4,8,2475,UA,LAX,46
-3,4,13,5,8,2475,UA,LAX,45
-1,4,14,6,8,2475,UA,LAX,44
-1,4,15,7,8,2475,UA,LAX,43
-3,4,16,1,8,2475,UA,LAX,42
4,4,17,2,8,2475,UA,LAX,41
-7,4,18,3,8,2475,UA,LAX,40
-6,4,19,4,8,2475,UA,LAX,39
36,4,20,5,8,2475,UA,LAX,38
-3,4,21,6,8,2475,UA,LAX,37
-3,4,22,7,8,2475,UA,LAX,36
6,4,23,1,8,2475,UA,LAX,35
-9,4,24,2,8,2475,UA,LAX,34
-6,4,25,3,8,2475,UA,LAX,33
-4,4,27,5,8,2475,UA,LAX,31
-2,4,28,6,8,2475,UA,LAX,30
-4,4,29,7,8,2475,UA,LAX,29
-6,4,30,1,8,2475,UA,LAX,28
-1,4,1,7,8,2586,UA,SFO,41
-6,4,2,1,8,2586,UA,SFO,42
-8,4,3,2,8,2586,UA,SFO,43
-11,4,4,3,8,2586,UA,SFO,44
-3,4,5,4,8,2586,UA,SFO,45
-1,4,6,5,8,2586,UA,SFO,46
-6,4,7,6,8,2586,UA,SFO,47
3,4,8,7,8,2586,UA,SFO,48
-11,4,9,1,8,2586,UA,SFO,49
1,4,10,2,8,2586,UA,SFO,48
-5,4,11,3,8,2586,UA,SFO,47
-2,4,12,4,8,2586,UA,SFO,46
-4,4,13,5,8,2586,UA,SFO,45
1,4,14,6,8,2586,UA,SFO,44
2,4,15,7,8,2586,UA,SFO,43
1,4,16,1,8,2586,UA,SFO,42
-3,4,17,2,8,2586,UA,SFO,41
-7,4,18,3,8,2586,UA,SFO,40
-3,4,19,4,8,2586,UA,SFO,39
-3,4,20,5,8,2586,UA,SFO,38
-2,4,21,6,8,2586,UA,SFO,37
-2,4,22,7,8,2586,UA,SFO,36
-1,4,23,1,8,2586,UA,SFO,35
-2,4,24,2,8,2586,UA,SFO,34
-7,4,25,3,8,2586,UA,SFO,33
-1,4,26,4,8,2586,UA,SFO,32
-7,4,27,5,8,2586,UA,SFO,31
-7,4,28,6,8,2586,UA,SFO,30
0,4,29,7,8,2586,UA,SFO,29
39,4,30,1,8,2586,UA,SFO,28
-1,4,26,4,8,2475,UA,LAX,32
-3,4,1,7,17,2586,UA,SFO,41
-5,4,2,1,17,2586,UA,SFO,42
-8,4,3,2,17,2586,UA,SFO,43
0,4,4,3,17,2586,UA,SFO,44
-3,4,5,4,17,2586,UA,SFO,45
-3,4,6,5,17,2586,UA,SFO,46
-10,4,7,6,17,2586,UA,SFO,47
-8,4,8,7,17,2586,UA,SFO,48
-7,4,9,1,17,2586,UA,SFO,49
-4,4,10,2,17,2586,UA,SFO,48
26,4,11,3,17,2586,UA,SFO,47
57,4,12,4,17,2586,UA,SFO,46
-3,4,13,5,17,2586,UA,SFO,45
1,4,14,6,17,2586,UA,SFO,44
111,4,15,7,17,2586,UA,SFO,43
18,4,16,1,17,2586,UA,SFO,42
-8,4,17,2,17,2586,UA,SFO,41
44,4,18,3,17,2586,UA,SFO,40
-1,4,19,4,17,2586,UA,SFO,39
-3,4,20,5,17,2586,UA,SFO,38
-5,4,21,6,17,2586,UA,SFO,37
13,4,22,7,17,2586,UA,SFO,36
1,4,23,1,17,2586,UA,SFO,35
13,4,1,7,20,2248,US,LAS,41
-7,4,1,7,7,2248,US,LAS,41
-4,4,1,7,8,2248,US,LAS,41
0,4,1,7,10,2248,US,LAS,41
17,4,1,7,17,2153,US,PHX,41
15,4,1,7,6,2153,US,PHX,41
22,4,1,7,9,2153,US,PHX,41
13,4,2,1,20,2248,US,LAS,42
-3,4,2,1,7,2248,US,LAS,42
-1,4,2,1,8,2248,US,LAS,42
0,4,2,1,10,2248,US,LAS,42
-2,4,2,1,17,2153,US,PHX,42
-2,4,2,1,6,2153,US,PHX,42
0,4,2,1,9,2153,US,PHX,42
32,4,3,2,7,2248,US,LAS,43
0,4,3,2,20,2248,US,LAS,43
2,4,3,2,10,2248,US,LAS,43
-1,4,3,2,8,2248,US,LAS,43
18,4,3,2,17,2153,US,PHX,43
2,4,3,2,9,2153,US,PHX,43
6,4,3,2,6,2153,US,PHX,43
1,4,4,3,7,2248,US,LAS,44
114,4,4,3,20,2248,US,LAS,44
-4,4,4,3,8,2248,US,LAS,44
-6,4,4,3,10,2248,US,LAS,44
3,4,4,3,6,2153,US,PHX,44
2,4,4,3,17,2153,US,PHX,44
-9,4,4,3,9,2153,US,PHX,44
1,4,5,4,7,2248,US,LAS,45
24,4,5,4,20,2248,US,LAS,45
4,4,5,4,10,2248,US,LAS,45
-2,4,5,4,8,2248,US,LAS,45
0,4,5,4,6,2153,US,PHX,45
2,4,5,4,17,2153,US,PHX,45
54,4,5,4,9,2153,US,PHX,45
120,4,6,5,20,2248,US,LAS,46
-5,4,6,5,7,2248,US,LAS,46
1,4,6,5,10,2248,US,LAS,46
-3,4,6,5,8,2248,US,LAS,46
37,4,6,5,17,2153,US,PHX,46
8,4,6,5,6,2153,US,PHX,46
-1,4,6,5,9,2153,US,PHX,46
1,4,7,6,7,2248,US,LAS,47
7,4,7,6,20,2248,US,LAS,47
-5,4,7,6,8,2248,US,LAS,47
-6,4,7,6,10,2248,US,LAS,47
-2,4,7,6,17,2153,US,PHX,47
-6,4,7,6,9,2153,US,PHX,47
9,4,7,6,6,2153,US,PHX,47
38,4,8,7,20,2248,US,LAS,48
17,4,8,7,10,2248,US,LAS,48
1,4,8,7,8,2248,US,LAS,48
-4,4,8,7,7,2248,US,LAS,48
-9,4,8,7,17,2153,US,PHX,48
-6,4,8,7,9,2153,US,PHX,48
-3,4,8,7,6,2153,US,PHX,48
-4,4,9,1,7,2248,US,LAS,49
12,4,9,1,20,2248,US,LAS,49
-5,4,9,1,8,2248,US,LAS,49
0,4,9,1,10,2248,US,LAS,49
170,4,9,1,17,2153,US,PHX,49
-3,4,9,1,9,2153,US,PHX,49
-4,4,9,1,6,2153,US,PHX,49
-4,4,10,2,7,2248,US,LAS,48
4,4,10,2,20,2248,US,LAS,48
-7,4,10,2,10,2248,US,LAS,48
-9,4,10,2,8,2248,US,LAS,48
87,4,10,2,17,2153,US,PHX,48
-7,4,10,2,9,2153,US,PHX,48
-3,4,10,2,6,2153,US,PHX,48
2,4,11,3,20,2248,US,LAS,47
-2,4,11,3,7,2248,US,LAS,47
-5,4,11,3,10,2248,US,LAS,47
-2,4,11,3,8,2248,US,LAS,47
14,4,11,3,17,2153,US,PHX,47
-1,4,11,3,6,2153,US,PHX,47
-10,4,11,3,9,2153,US,PHX,47
8,4,12,4,7,2248,US,LAS,46
40,4,12,4,20,2248,US,LAS,46
-2,4,12,4,10,2248,US,LAS,46
6,4,12,4,8,2248,US,LAS,46
3,4,12,4,17,2153,US,PHX,46
0,4,12,4,6,2153,US,PHX,46
0,4,12,4,9,2153,US,PHX,46
2,4,13,5,7,2248,US,LAS,45
32,4,13,5,20,2248,US,LAS,45
7,4,13,5,8,2248,US,LAS,45
-5,4,13,5,10,2248,US,LAS,45
-6,4,13,5,17,2153,US,PHX,45
6,4,13,5,6,2153,US,PHX,45
-1,4,13,5,9,2153,US,PHX,45
10,4,14,6,7,2248,US,LAS,44
16,4,14,6,20,2248,US,LAS,44
2,4,14,6,10,2248,US,LAS,44
0,4,14,6,8,2248,US,LAS,44
6,4,14,6,17,2153,US,PHX,44
-6,4,14,6,9,2153,US,PHX,44
0,4,14,6,6,2153,US,PHX,44
10,4,15,7,7,2248,US,LAS,43
37,4,15,7,10,2248,US,LAS,43
44,4,15,7,8,2248,US,LAS,43
6,4,15,7,6,2153,US,PHX,43
2,4,15,7,9,2153,US,PHX,43
65,4,16,1,20,2248,US,LAS,42
11,4,16,1,7,2248,US,LAS,42
165,4,16,1,10,2248,US,LAS,42
3,4,16,1,8,2248,US,LAS,42
-1,4,16,1,17,2153,US,PHX,42
-2,4,16,1,9,2153,US,PHX,42
0,4,16,1,6,2153,US,PHX,42
35,4,17,2,20,2248,US,LAS,41
10,4,17,2,7,2248,US,LAS,41
7,4,17,2,10,2248,US,LAS,41
26,4,17,2,8,2248,US,LAS,41
-3,4,17,2,6,2153,US,PHX,41
3,4,17,2,17,2153,US,PHX,41
1,4,17,2,9,2153,US,PHX,41
2,4,18,3,7,2248,US,LAS,40
39,4,18,3,20,2248,US,LAS,40
0,4,18,3,8,2248,US,LAS,40
12,4,18,3,10,2248,US,LAS,40
7,4,18,3,17,2153,US,PHX,40
-2,4,18,3,6,2153,US,PHX,40
24,4,18,3,9,2153,US,PHX,40
87,4,19,4,20,2248,US,LAS,39
1,4,19,4,7,2248,US,LAS,39
88,4,19,4,10,2248,US,LAS,39
-4,4,19,4,8,2248,US,LAS,39
17,4,19,4,6,2153,US,PHX,39
1,4,19,4,17,2153,US,PHX,39
-1,4,19,4,9,2153,US,PHX,39
3,4,20,5,7,2248,US,LAS,38
58,4,20,5,20,2248,US,LAS,38
11,4,20,5,8,2248,US,LAS,38
24,4,20,5,10,2248,US,LAS,38
12,4,20,5,17,2153,US,PHX,38
-2,4,20,5,6,2153,US,PHX,38
368,4,20,5,9,2153,US,PHX,38
2,4,21,6,7,2248,US,LAS,37
27,4,21,6,20,2248,US,LAS,37
3,4,21,6,8,2248,US,LAS,37
5,4,21,6,10,2248,US,LAS,37
298,4,21,6,6,2153,US,PHX,37
3,4,21,6,17,2153,US,PHX,37
-3,4,21,6,9,2153,US,PHX,37
63,4,22,7,20,2248,US,LAS,36
0,4,22,7,7,2248,US,LAS,36
-1,4,22,7,8,2248,US,LAS,36
-2,4,22,7,10,2248,US,LAS,36
-10,4,22,7,17,2153,US,PHX,36
0,4,22,7,6,2153,US,PHX,36
0,4,22,7,9,2153,US,PHX,36
50,4,23,1,20,2248,US,LAS,35
-5,4,23,1,7,2248,US,LAS,35
-7,4,23,1,8,2248,US,LAS,35
-1,4,23,1,10,2248,US,LAS,35
-4,4,23,1,17,2153,US,PHX,35
-1,4,23,1,6,2153,US,PHX,35
-2,4,23,1,9,2153,US,PHX,35
69,4,24,2,20,2248,US,LAS,34
-4,4,24,2,7,2248,US,LAS,34
-4,4,24,2,8,2248,US,LAS,34
-1,4,24,2,10,2248,US,LAS,34
1,4,24,2,17,2153,US,PHX,34
-7,4,24,2,6,2153,US,PHX,34
-8,4,24,2,9,2153,US,PHX,34
212,4,25,3,20,2248,US,LAS,33
2,4,25,3,7,2248,US,LAS,33
-5,4,25,3,8,2248,US,LAS,33
25,4,25,3,10,2248,US,LAS,33
-3,4,25,3,6,2153,US,PHX,33
-4,4,25,3,17,2153,US,PHX,33
37,4,25,3,9,2153,US,PHX,33
-4,4,26,4,7,2248,US,LAS,32
34,4,26,4,20,2248,US,LAS,32
-8,4,26,4,8,2248,US,LAS,32
-8,4,26,4,10,2248,US,LAS,32
3,4,26,4,6,2153,US,PHX,32
1,4,26,4,17,2153,US,PHX,32
-2,4,26,4,9,2153,US,PHX,32
-1,4,27,5,7,2248,US,LAS,31
86,4,27,5,20,2248,US,LAS,31
3,4,27,5,8,2248,US,LAS,31
0,4,27,5,10,2248,US,LAS,31
159,4,27,5,17,2153,US,PHX,31
1,4,27,5,6,2153,US,PHX,31
0,4,27,5,9,2153,US,PHX,31
13,4,28,6,20,2248,US,LAS,30
-2,4,28,6,7,2248,US,LAS,30
-10,4,28,6,8,2248,US,LAS,30
87,4,28,6,10,2248,US,LAS,30
-3,4,28,6,6,2153,US,PHX,30
47,4,28,6,17,2153,US,PHX,30
12,4,28,6,9,2153,US,PHX,30
5,4,29,7,8,2248,US,LAS,29
18,4,29,7,20,2248,US,LAS,29
8,4,29,7,7,2248,US,LAS,29
2,4,29,7,10,2248,US,LAS,29
0,4,29,7,6,2153,US,PHX,29
35,4,29,7,17,2153,US,PHX,29
2,4,29,7,9,2153,US,PHX,29
73,4,30,1,20,2248,US,LAS,28
1,4,30,1,7,2248,US,LAS,28
-5,4,30,1,8,2248,US,LAS,28
-5,4,30,1,10,2248,US,LAS,28
96,4,30,1,6,2153,US,PHX,28
-1,4,30,1,17,2153,US,PHX,28
-2,4,30,1,9,2153,US,PHX,28
4,4,16,1,17,589,DL,CVG,42
36,4,16,1,16,2586,DL,SFO,42
2,4,16,1,8,2248,DL,LAS,42
51,4,16,1,16,2248,DL,LAS,42
16,4,16,1,19,2248,DL,LAS,42
6,4,16,1,13,1028,DL,PBI,42
27,4,16,1,8,1597,DL,SJU,42
9,4,16,1,8,1028,DL,PBI,42
15,4,16,1,7,2475,DL,LAX,42
-3,4,16,1,8,2421,DL,SEA,42
20,4,16,1,18,2586,DL,SFO,42
54,4,16,1,16,944,DL,MCO,42
0,4,16,1,6,760,DL,ATL,42
47,4,16,1,18,1005,DL,TPA,42
21,4,16,1,8,2475,DL,LAX,42
2,4,16,1,16,1028,DL,PBI,42
-2,4,16,1,7,1989,DL,SLC,42
-2,4,16,1,11,944,DL,MCO,42
15,4,16,1,16,1989,DL,SLC,42
10,4,16,1,18,1090,DL,MIA,42
-2,4,16,1,19,1069,DL,FLL,42
79,4,16,1,16,2421,DL,SEA,42
35,4,16,1,13,944,DL,MCO,42
17,4,16,1,11,2475,DL,LAX,42
40,4,16,1,16,2475,DL,LAX,42
4,4,16,1,14,1005,DL,TPA,42
0,4,16,1,8,1069,DL,FLL,42
-3,4,16,1,11,1069,DL,FLL,42
47,4,16,1,16,1069,DL,FLL,42
12,4,16,1,8,944,DL,MCO,42
-5,4,16,1,16,2446,DL,SAN,42
7,4,16,1,18,2475,DL,LAX,42
-1,4,16,1,8,1005,DL,TPA,42
121,4,16,1,8,2586,DL,SFO,42
51,4,16,1,18,944,DL,MCO,42
19,4,16,1,19,2421,DL,SEA,42
6,4,17,2,8,760,DL,ATL,41
51,4,17,2,19,944,DL,MCO,41
14,4,17,2,18,1090,DL,MIA,41
218,4,17,2,15,1005,DL,TPA,41
16,4,17,2,16,2475,DL,LAX,41
12,4,17,2,16,1069,DL,FLL,41
12,4,17,2,16,1989,DL,SLC,41
64,4,17,2,19,2475,DL,LAX,41
34,4,17,2,16,944,DL,MCO,41
76,4,17,2,18,2586,DL,SFO,41
-1,4,17,2,16,589,DL,CVG,41
2,4,17,2,16,760,DL,ATL,41
-3,4,17,2,19,1989,DL,SLC,41
-2,4,17,2,8,2153,DL,PHX,41
2,4,17,2,8,2248,DL,LAS,41
32,4,17,2,16,2586,DL,SFO,41
43,4,17,2,19,2248,DL,LAS,41
-3,4,17,2,8,1597,DL,SJU,41
-1,4,17,2,8,1028,DL,PBI,41
-3,4,17,2,7,2475,DL,LAX,41
1,4,17,2,8,2421,DL,SEA,41
-2,4,17,2,6,760,DL,ATL,41
52,4,17,2,19,1005,DL,TPA,41
-1,4,17,2,8,2475,DL,LAX,41
19,4,17,2,16,1028,DL,PBI,41
1,4,17,2,7,1989,DL,SLC,41
5,4,17,2,6,589,DL,CVG,41
7,4,17,2,14,944,DL,MCO,41
-3,4,17,2,11,2475,DL,LAX,41
-4,4,17,2,8,1069,DL,FLL,41
12,4,17,2,8,944,DL,MCO,41
47,4,17,2,16,2446,DL,SAN,41
-3,4,17,2,8,1005,DL,TPA,41
6,4,17,2,8,2586,DL,SFO,41
128,4,17,2,18,2421,DL,SEA,41
45,4,18,3,19,1069,DL,FLL,40
8,4,18,3,8,760,DL,ATL,40
45,4,18,3,19,944,DL,MCO,40
34,4,18,3,18,1090,DL,MIA,40
-3,4,18,3,15,1005,DL,TPA,40
4,4,18,3,16,2475,DL,LAX,40
-3,4,18,3,16,1069,DL,FLL,40
10,4,18,3,16,2421,DL,SEA,40
5,4,18,3,16,1989,DL,SLC,40
0,4,18,3,19,2475,DL,LAX,40
13,4,18,3,16,944,DL,MCO,40
1,4,18,3,18,2586,DL,SFO,40
76,4,18,3,16,589,DL,CVG,40
28,4,18,3,16,760,DL,ATL,40
5,4,18,3,19,1989,DL,SLC,40
-7,4,18,3,8,2153,DL,PHX,40
3,4,18,3,8,2248,DL,LAS,40
0,4,18,3,16,2586,DL,SFO,40
0,4,18,3,19,2248,DL,LAS,40
19,4,18,3,11,1028,DL,PBI,40
2,4,18,3,8,1597,DL,SJU,40
-1,4,18,3,8,1028,DL,PBI,40
1,4,18,3,7,2475,DL,LAX,40
-1,4,18,3,8,2421,DL,SEA,40
-5,4,18,3,6,760,DL,ATL,40
-4,4,18,3,19,1005,DL,TPA,40
-3,4,18,3,8,2475,DL,LAX,40
-1,4,18,3,16,1028,DL,PBI,40
-4,4,18,3,7,1989,DL,SLC,40
-7,4,18,3,11,944,DL,MCO,40
-3,4,18,3,14,944,DL,MCO,40
-2,4,18,3,11,2475,DL,LAX,40
1,4,18,3,8,1069,DL,FLL,40
-2,4,18,3,11,1069,DL,FLL,40
-7,4,18,3,8,944,DL,MCO,40
6,4,18,3,16,2446,DL,SAN,40
6,4,18,3,8,1005,DL,TPA,40
10,4,18,3,8,2586,DL,SFO,40
19,4,18,3,18,2421,DL,SEA,40
45,4,19,4,19,1069,DL,FLL,39
32,4,19,4,8,760,DL,ATL,39
34,4,19,4,19,944,DL,MCO,39
64,4,19,4,18,1090,DL,MIA,39
41,4,19,4,15,1005,DL,TPA,39
10,4,19,4,16,2475,DL,LAX,39
5,4,19,4,16,1069,DL,FLL,39
34,4,19,4,16,2421,DL,SEA,39
4,4,19,4,16,1989,DL,SLC,39
30,4,19,4,19,2475,DL,LAX,39
25,4,19,4,16,944,DL,MCO,39
1,4,19,4,18,2586,DL,SFO,39
84,4,19,4,16,589,DL,CVG,39
93,4,19,4,16,760,DL,ATL,39
-3,4,19,4,19,1989,DL,SLC,39
0,4,19,4,8,2153,DL,PHX,39
59,4,19,4,19,2454,DL,PDX,39
10,4,19,4,8,2248,DL,LAS,39
77,4,19,4,16,2586,DL,SFO,39
17,4,19,4,19,2248,DL,LAS,39
3,4,19,4,11,1028,DL,PBI,39
-1,4,19,4,8,1597,DL,SJU,39
-3,4,19,4,8,1028,DL,PBI,39
1,4,19,4,7,2475,DL,LAX,39
-1,4,19,4,8,2421,DL,SEA,39
-2,4,19,4,6,760,DL,ATL,39
54,4,19,4,19,1005,DL,TPA,39
-1,4,19,4,8,2475,DL,LAX,39
38,4,19,4,16,1028,DL,PBI,39
4,4,19,4,7,1989,DL,SLC,39
-4,4,19,4,11,944,DL,MCO,39
16,4,19,4,16,2248,DL,LAS,39
-8,4,19,4,14,944,DL,MCO,39
-2,4,19,4,11,2475,DL,LAX,39
-3,4,19,4,8,1069,DL,FLL,39
6,4,19,4,11,1069,DL,FLL,39
4,4,19,4,8,944,DL,MCO,39
12,4,19,4,16,2446,DL,SAN,39
-1,4,19,4,8,1005,DL,TPA,39
-1,4,19,4,8,2586,DL,SFO,39
56,4,19,4,18,2421,DL,SEA,39
27,4,20,5,19,1069,DL,FLL,38
38,4,20,5,8,760,DL,ATL,38
18,4,20,5,19,944,DL,MCO,38
37,4,20,5,18,1090,DL,MIA,38
0,4,20,5,15,1005,DL,TPA,38
5,4,20,5,16,2475,DL,LAX,38
42,4,20,5,16,1069,DL,FLL,38
34,4,20,5,16,2421,DL,SEA,38
17,4,20,5,16,1989,DL,SLC,38
26,4,20,5,19,2475,DL,LAX,38
70,4,20,5,16,944,DL,MCO,38
36,4,20,5,18,2586,DL,SFO,38
8,4,20,5,16,589,DL,CVG,38
45,4,20,5,16,760,DL,ATL,38
7,4,20,5,19,1989,DL,SLC,38
38,4,20,5,8,2153,DL,PHX,38
52,4,20,5,19,2454,DL,PDX,38
-2,4,20,5,8,2248,DL,LAS,38
44,4,20,5,16,2586,DL,SFO,38
-6,4,20,5,19,2248,DL,LAS,38
-2,4,20,5,11,1028,DL,PBI,38
9,4,20,5,8,1597,DL,SJU,38
8,4,20,5,19,1597,DL,SJU,38
-4,4,20,5,8,1028,DL,PBI,38
-3,4,20,5,7,2475,DL,LAX,38
-4,4,20,5,8,2421,DL,SEA,38
-7,4,20,5,6,760,DL,ATL,38
117,4,20,5,19,1005,DL,TPA,38
-2,4,20,5,8,2475,DL,LAX,38
56,4,20,5,16,1028,DL,PBI,38
0,4,20,5,7,1989,DL,SLC,38
63,4,20,5,11,944,DL,MCO,38
59,4,20,5,16,2248,DL,LAS,38
-3,4,20,5,14,944,DL,MCO,38
4,4,20,5,11,2475,DL,LAX,38
-6,4,20,5,8,1069,DL,FLL,38
2,4,20,5,11,1069,DL,FLL,38
0,4,20,5,8,944,DL,MCO,38
19,4,20,5,16,2446,DL,SAN,38
-2,4,20,5,8,1005,DL,TPA,38
16,4,20,5,8,2586,DL,SFO,38
10,4,20,5,18,2421,DL,SEA,38
4,4,21,6,8,760,DL,ATL,37
-5,4,21,6,18,944,DL,MCO,37
47,4,21,6,18,1090,DL,MIA,37
26,4,21,6,15,1005,DL,TPA,37
7,4,21,6,16,2475,DL,LAX,37
-2,4,21,6,16,1069,DL,FLL,37
10,4,21,6,16,1989,DL,SLC,37
67,4,21,6,19,2475,DL,LAX,37
28,4,21,6,16,944,DL,MCO,37
62,4,21,6,18,2586,DL,SFO,37
0,4,21,6,16,589,DL,CVG,37
0,4,21,6,16,760,DL,ATL,37
1,4,21,6,19,1989,DL,SLC,37
36,4,21,6,8,1623,DL,STT,37
4,4,21,6,8,2153,DL,PHX,37
14,4,21,6,19,2454,DL,PDX,37
0,4,21,6,8,2248,DL,LAS,37
2,4,21,6,19,2248,DL,LAS,37
0,4,21,6,8,1597,DL,SJU,37
2,4,21,6,19,1597,DL,SJU,37
-1,4,21,6,8,1028,DL,PBI,37
1,4,21,6,6,760,DL,ATL,37
11,4,21,6,16,187,DL,BOS,37
-1,4,21,6,8,2475,DL,LAX,37
0,4,21,6,16,1028,DL,PBI,37
3,4,21,6,7,1989,DL,SLC,37
-4,4,21,6,11,944,DL,MCO,37
10,4,21,6,14,760,DL,ATL,37
-3,4,21,6,14,944,DL,MCO,37
13,4,21,6,11,2475,DL,LAX,37
2,4,21,6,8,1069,DL,FLL,37
9,4,21,6,11,1069,DL,FLL,37
5,4,21,6,8,944,DL,MCO,37
-4,4,21,6,16,2446,DL,SAN,37
-4,4,21,6,8,1005,DL,TPA,37
1,4,21,6,8,2586,DL,SFO,37
12,4,21,6,18,2421,DL,SEA,37
11,4,22,7,19,1069,DL,FLL,36
9,4,22,7,8,760,DL,ATL,36
32,4,22,7,19,944,DL,MCO,36
17,4,22,7,18,1090,DL,MIA,36
2,4,22,7,15,1005,DL,TPA,36
23,4,22,7,16,2475,DL,LAX,36
0,4,22,7,16,1069,DL,FLL,36
12,4,22,7,16,2421,DL,SEA,36
37,4,22,7,16,1989,DL,SLC,36
10,4,22,7,19,2475,DL,LAX,36
18,4,22,7,16,944,DL,MCO,36
46,4,22,7,18,2586,DL,SFO,36
54,4,22,7,16,589,DL,CVG,36
1,4,22,7,16,760,DL,ATL,36
20,4,22,7,19,1989,DL,SLC,36
18,4,22,7,8,2153,DL,PHX,36
12,4,22,7,13,760,DL,ATL,36
-4,4,22,7,19,2454,DL,PDX,36
-6,4,22,7,8,2248,DL,LAS,36
17,4,22,7,16,2586,DL,SFO,36
22,4,22,7,19,2248,DL,LAS,36
-12,4,22,7,11,1028,DL,PBI,36
1,4,22,7,20,760,DL,ATL,36
0,4,22,7,8,1597,DL,SJU,36
-5,4,22,7,8,1028,DL,PBI,36
1,4,22,7,8,2421,DL,SEA,36
-7,4,22,7,6,760,DL,ATL,36
6,4,22,7,19,1005,DL,TPA,36
-4,4,22,7,8,2475,DL,LAX,36
-2,4,22,7,16,1028,DL,PBI,36
1,4,22,7,7,1989,DL,SLC,36
-1,4,22,7,11,944,DL,MCO,36
20,4,22,7,16,2248,DL,LAS,36
-5,4,22,7,14,944,DL,MCO,36
-2,4,22,7,11,2475,DL,LAX,36
3,4,22,7,8,1069,DL,FLL,36
-5,4,22,7,11,1069,DL,FLL,36
8,4,22,7,8,944,DL,MCO,36
23,4,22,7,16,2446,DL,SAN,36
-8,4,22,7,8,1005,DL,TPA,36
2,4,22,7,8,2586,DL,SFO,36
4,4,22,7,18,2421,DL,SEA,36
-2,4,23,1,19,1069,DL,FLL,35
12,4,23,1,8,760,DL,ATL,35
-8,4,23,1,18,944,DL,MCO,35
12,4,23,1,18,1090,DL,MIA,35
-12,4,23,1,15,1005,DL,TPA,35
11,4,23,1,16,2475,DL,LAX,35
0,4,23,1,16,1069,DL,FLL,35
1,4,23,1,16,2421,DL,SEA,35
2,4,23,1,16,1989,DL,SLC,35
12,4,23,1,19,2475,DL,LAX,35
21,4,23,1,16,944,DL,MCO,35
-1,4,23,1,18,2586,DL,SFO,35
42,4,23,1,16,589,DL,CVG,35
4,4,23,1,16,760,DL,ATL,35
-10,4,23,1,19,1989,DL,SLC,35
-3,4,23,1,8,2153,DL,PHX,35
8,4,23,1,19,2454,DL,PDX,35
18,4,23,1,8,2248,DL,LAS,35
160,4,23,1,16,2586,DL,SFO,35
-1,4,23,1,19,2248,DL,LAS,35
-5,4,23,1,11,1028,DL,PBI,35
2,4,23,1,8,1597,DL,SJU,35
-4,4,23,1,8,1028,DL,PBI,35
9,4,23,1,7,2475,DL,LAX,35
6,4,23,1,8,2421,DL,SEA,35
-2,4,23,1,6,760,DL,ATL,35
-8,4,23,1,19,1005,DL,TPA,35
81,4,23,1,8,2475,DL,LAX,35
5,4,23,1,16,1028,DL,PBI,35
30,4,23,1,7,1989,DL,SLC,35
-2,4,23,1,11,944,DL,MCO,35
-1,4,23,1,16,2248,DL,LAS,35
-2,4,23,1,14,944,DL,MCO,35
2,4,23,1,11,2475,DL,LAX,35
23,4,23,1,8,1069,DL,FLL,35
-5,4,23,1,11,1069,DL,FLL,35
-7,4,23,1,8,944,DL,MCO,35
305,4,23,1,16,2446,DL,SAN,35
-6,4,23,1,8,1005,DL,TPA,35
-1,4,23,1,8,2586,DL,SFO,35
13,4,23,1,18,2421,DL,SEA,35
21,4,24,2,19,1069,DL,FLL,34
31,4,24,2,8,760,DL,ATL,34
-1,4,24,2,19,944,DL,MCO,34
-2,4,24,2,18,1090,DL,MIA,34
-2,4,24,2,15,1005,DL,TPA,34
0,4,24,2,16,2475,DL,LAX,34
-5,4,24,2,16,1069,DL,FLL,34
-2,4,24,2,16,1989,DL,SLC,34
15,4,24,2,19,2475,DL,LAX,34
28,4,24,2,16,944,DL,MCO,34
0,4,24,2,18,2586,DL,SFO,34
15,4,24,2,16,589,DL,CVG,34
-4,4,24,2,16,760,DL,ATL,34
-1,4,24,2,19,1989,DL,SLC,34
-10,4,24,2,8,2153,DL,PHX,34
-12,4,24,2,19,2454,DL,PDX,34
-2,4,24,2,8,2248,DL,LAS,34
1,4,24,2,16,2586,DL,SFO,34
-8,4,24,2,19,2248,DL,LAS,34
