-2,7,2,1,6,2586,UA,SFO,2
-2,7,3,2,6,2586,UA,SFO,1
3,7,4,3,6,2586,UA,SFO,0
0,7,5,4,6,2586,UA,SFO,1
-1,7,6,5,6,2586,UA,SFO,2
0,7,7,6,6,2586,UA,SFO,3
-2,7,9,1,6,2586,UA,SFO,5
0,7,10,2,6,2586,UA,SFO,6
-8,7,11,3,6,2586,UA,SFO,7
7,7,12,4,6,2586,UA,SFO,8
-2,7,13,5,6,2586,UA,SFO,9
-2,7,14,6,6,2586,UA,SFO,10
2,7,16,1,6,2586,UA,SFO,12
10,7,17,2,6,2586,UA,SFO,13
-3,7,18,3,6,2586,UA,SFO,14
-1,7,19,4,6,2586,UA,SFO,15
-4,7,20,5,6,2586,UA,SFO,16
0,7,21,6,6,2586,UA,SFO,17
-1,7,23,1,6,2586,UA,SFO,19
-3,7,24,2,6,2586,UA,SFO,20
1,7,25,3,6,2586,UA,SFO,21
-1,7,26,4,6,2586,UA,SFO,22
-3,7,27,5,6,2586,UA,SFO,23
21,7,28,6,6,2586,UA,SFO,24
-4,7,30,1,6,2586,UA,SFO,26
10,7,31,2,6,2586,UA,SFO,27
-3,7,1,7,8,2586,UA,SFO,3
0,7,2,1,8,2586,UA,SFO,2
-10,7,3,2,8,2586,UA,SFO,1
-6,7,4,3,8,2586,UA,SFO,0
-6,7,5,4,8,2586,UA,SFO,1
-6,7,6,5,8,2586,UA,SFO,2
-6,7,7,6,8,2586,UA,SFO,3
31,7,8,7,8,2586,UA,SFO,4
0,7,9,1,8,2586,UA,SFO,5
-6,7,10,2,8,2586,UA,SFO,6
7,7,11,3,8,2586,UA,SFO,7
-5,7,12,4,8,2586,UA,SFO,8
-2,7,13,5,8,2586,UA,SFO,9
-4,7,14,6,8,2586,UA,SFO,10
-7,7,15,7,8,2586,UA,SFO,11
-5,7,16,1,8,2586,UA,SFO,12
-9,7,17,2,8,2586,UA,SFO,13
26,7,18,3,8,2586,UA,SFO,14
16,7,19,4,8,2586,UA,SFO,15
0,7,20,5,8,2586,UA,SFO,16
-3,7,21,6,8,2586,UA,SFO,17
-3,7,22,7,8,2586,UA,SFO,18
-6,7,23,1,8,2586,UA,SFO,19
-2,7,24,2,8,2586,UA,SFO,20
9,7,25,3,8,2586,UA,SFO,21
-7,7,26,4,8,2586,UA,SFO,22
-6,7,27,5,8,2586,UA,SFO,23
59,7,28,6,8,2586,UA,SFO,24
-7,7,29,7,8,2586,UA,SFO,25
-2,7,30,1,8,2586,UA,SFO,26
-4,7,31,2,8,2586,UA,SFO,27
-2,7,1,7,11,2586,UA,SFO,3
-9,7,2,1,11,2586,UA,SFO,2
-2,7,3,2,11,2586,UA,SFO,1
0,7,4,3,11,2586,UA,SFO,0
-9,7,5,4,11,2586,UA,SFO,1
4,7,6,5,11,2586,UA,SFO,2
2,7,7,6,11,2586,UA,SFO,3
71,7,8,7,11,2586,UA,SFO,4
-13,7,9,1,11,2586,UA,SFO,5
-3,7,10,2,11,2586,UA,SFO,6
-1,7,11,3,11,2586,UA,SFO,7
2,7,12,4,11,2586,UA,SFO,8
-3,7,13,5,11,2586,UA,SFO,9
-5,7,14,6,11,2586,UA,SFO,10
33,7,15,7,11,2586,UA,SFO,11
-7,7,16,1,11,2586,UA,SFO,12
-2,7,17,2,11,2586,UA,SFO,13
267,7,18,3,11,2586,UA,SFO,14
-3,7,19,4,11,2586,UA,SFO,15
-9,7,20,5,11,2586,UA,SFO,16
-2,7,21,6,11,2586,UA,SFO,17
5,7,22,7,11,2586,UA,SFO,18
-6,7,23,1,11,2586,UA,SFO,19
-4,7,24,2,11,2586,UA,SFO,20
0,7,25,3,11,2586,UA,SFO,21
-3,7,26,4,11,2586,UA,SFO,22
6,7,27,5,11,2586,UA,SFO,23
0,7,28,6,11,2586,UA,SFO,24
-3,7,29,7,11,2586,UA,SFO,25
75,7,30,1,11,2586,UA,SFO,26
-3,7,31,2,11,2586,UA,SFO,27
-2,7,1,7,15,2586,UA,SFO,3
-5,7,2,1,15,2586,UA,SFO,2
4,7,4,3,15,2586,UA,SFO,0
38,7,5,4,15,2586,UA,SFO,1
-5,7,6,5,15,2586,UA,SFO,2
5,7,7,6,15,2586,UA,SFO,3
5,7,8,7,15,2586,UA,SFO,4
-5,7,9,1,15,2586,UA,SFO,5
1,7,10,2,15,2586,UA,SFO,6
65,7,11,3,15,2586,UA,SFO,7
-4,7,12,4,15,2586,UA,SFO,8
-2,7,13,5,15,2586,UA,SFO,9
8,7,14,6,15,2586,UA,SFO,10
-5,7,15,7,15,2586,UA,SFO,11
-7,7,16,1,15,2586,UA,SFO,12
-5,7,17,2,15,2586,UA,SFO,13
-1,7,18,3,15,2586,UA,SFO,14
1,7,19,4,15,2586,UA,SFO,15
5,7,20,5,15,2586,UA,SFO,16
-2,7,21,6,15,2586,UA,SFO,17
-6,7,22,7,15,2586,UA,SFO,18
27,7,23,1,15,2586,UA,SFO,19
8,7,24,2,15,2586,UA,SFO,20
74,7,25,3,15,2586,UA,SFO,21
7,7,26,4,15,2586,UA,SFO,22
-6,7,27,5,15,2586,UA,SFO,23
-7,7,28,6,15,2586,UA,SFO,24
-6,7,29,7,15,2586,UA,SFO,25
144,7,30,1,15,2586,UA,SFO,26
-1,7,31,2,15,2586,UA,SFO,27
0,7,1,7,17,2586,UA,SFO,3
15,7,2,1,17,2586,UA,SFO,2
23,7,3,2,17,2586,UA,SFO,1
-9,7,4,3,17,2586,UA,SFO,0
1,7,5,4,17,2586,UA,SFO,1
-1,7,6,5,17,2586,UA,SFO,2
-2,7,7,6,17,2586,UA,SFO,3
-1,7,8,7,17,2586,UA,SFO,4
-1,7,9,1,17,2586,UA,SFO,5
36,7,10,2,17,2586,UA,SFO,6
281,7,11,3,17,2586,UA,SFO,7
-3,7,13,5,17,2586,UA,SFO,9
-1,7,14,6,17,2586,UA,SFO,10
2,7,15,7,17,2586,UA,SFO,11
0,7,16,1,17,2586,UA,SFO,12
-8,7,17,2,17,2586,UA,SFO,13
8,7,18,3,17,2586,UA,SFO,14
0,7,19,4,17,2586,UA,SFO,15
-2,7,20,5,17,2586,UA,SFO,16
108,7,21,6,17,2586,UA,SFO,17
192,7,22,7,17,2586,UA,SFO,18
25,7,23,1,17,2586,UA,SFO,19
21,7,24,2,17,2586,UA,SFO,20
-1,7,25,3,17,2586,UA,SFO,21
0,7,26,4,17,2586,UA,SFO,22
25,7,27,5,17,2586,UA,SFO,23
5,7,28,6,17,2586,UA,SFO,24
-7,7,29,7,17,2586,UA,SFO,25
-1,7,30,1,17,2586,UA,SFO,26
185,7,31,2,17,2586,UA,SFO,27
88,7,1,7,20,2586,UA,SFO,3
-1,7,2,1,20,2586,UA,SFO,2
-5,7,3,2,20,2586,UA,SFO,1
-6,7,8,7,20,2586,UA,SFO,4
-6,7,9,1,20,2586,UA,SFO,5
6,7,10,2,20,2586,UA,SFO,6
52,7,11,3,20,2586,UA,SFO,7
-3,7,12,4,20,2586,UA,SFO,8
0,7,13,5,20,2586,UA,SFO,9
1,7,15,7,20,2586,UA,SFO,11
-8,7,16,1,20,2586,UA,SFO,12
10,7,17,2,20,2586,UA,SFO,13
109,7,19,4,20,2586,UA,SFO,15
34,7,20,5,20,2586,UA,SFO,16
1,7,22,7,20,2586,UA,SFO,18
95,7,23,1,20,2586,UA,SFO,19
-2,7,24,2,20,2586,UA,SFO,20
-9,7,25,3,20,2586,UA,SFO,21
-9,7,26,4,20,2586,UA,SFO,22
48,7,27,5,20,2586,UA,SFO,23
-1,7,29,7,20,2586,UA,SFO,25
0,7,30,1,20,2586,UA,SFO,26
10,7,31,2,20,2586,UA,SFO,27
-7,7,1,7,19,2475,UA,LAX,3
4,7,5,4,19,2475,UA,LAX,1
-1,7,6,5,19,2475,UA,LAX,2
-7,7,7,6,19,2475,UA,LAX,3
174,7,8,7,19,2475,UA,LAX,4
0,7,9,1,19,2475,UA,LAX,5
219,7,11,3,19,2475,UA,LAX,7
20,7,13,5,19,2475,UA,LAX,9
-5,7,14,6,19,2475,UA,LAX,10
-2,7,15,7,19,2475,UA,LAX,11
-6,7,16,1,19,2475,UA,LAX,12
-2,7,1,7,7,2475,UA,LAX,3
-5,7,2,1,7,2475,UA,LAX,2
-10,7,3,2,7,2475,UA,LAX,1
-6,7,4,3,7,2475,UA,LAX,0
-8,7,5,4,7,2475,UA,LAX,1
-2,7,6,5,7,2475,UA,LAX,2
2,7,7,6,7,2475,UA,LAX,3
68,7,8,7,7,2475,UA,LAX,4
-5,7,9,1,7,2475,UA,LAX,5
-6,7,10,2,7,2475,UA,LAX,6
-1,7,11,3,7,2475,UA,LAX,7
-6,7,12,4,7,2475,UA,LAX,8
-6,7,13,5,7,2475,UA,LAX,9
-11,7,14,6,7,2475,UA,LAX,10
-1,7,15,7,7,2475,UA,LAX,11
-4,7,16,1,7,2475,UA,LAX,12
-4,7,17,2,7,2475,UA,LAX,13
11,7,18,3,7,2475,UA,LAX,14
-3,7,19,4,7,2475,UA,LAX,15
-4,7,20,5,7,2475,UA,LAX,16
-2,7,21,6,7,2475,UA,LAX,17
-3,7,22,7,7,2475,UA,LAX,18
0,7,23,1,7,2475,UA,LAX,19
-3,7,24,2,7,2475,UA,LAX,20
-2,7,25,3,7,2475,UA,LAX,21
-6,7,26,4,7,2475,UA,LAX,22
-5,7,27,5,7,2475,UA,LAX,23
-6,7,28,6,7,2475,UA,LAX,24
-5,7,29,7,7,2475,UA,LAX,25
0,7,30,1,7,2475,UA,LAX,26
11,7,31,2,7,2475,UA,LAX,27
-8,7,1,7,11,2475,UA,LAX,3
-4,7,2,1,11,2475,UA,LAX,2
-4,7,3,2,11,2475,UA,LAX,1
-7,7,4,3,11,2475,UA,LAX,0
-7,7,5,4,11,2475,UA,LAX,1
-7,7,6,5,11,2475,UA,LAX,2
-5,7,7,6,11,2475,UA,LAX,3
1,7,8,7,11,2475,UA,LAX,4
-7,7,9,1,11,2475,UA,LAX,5
-7,7,10,2,11,2475,UA,LAX,6
-3,7,11,3,11,2475,UA,LAX,7
-1,7,12,4,11,2475,UA,LAX,8
-1,7,13,5,11,2475,UA,LAX,9
-5,7,14,6,11,2475,UA,LAX,10
-2,7,15,7,11,2475,UA,LAX,11
-1,7,16,1,11,2475,UA,LAX,12
-1,7,17,2,11,2475,UA,LAX,13
67,7,18,3,11,2475,UA,LAX,14
-5,7,19,4,11,2475,UA,LAX,15
1,7,20,5,11,2475,UA,LAX,16
-4,7,21,6,11,2475,UA,LAX,17
-4,7,22,7,11,2475,UA,LAX,18
0,7,23,1,11,2475,UA,LAX,19
-2,7,24,2,11,2475,UA,LAX,20
-6,7,25,3,11,2475,UA,LAX,21
-3,7,26,4,11,2475,UA,LAX,22
5,7,27,5,11,2475,UA,LAX,23
2,7,28,6,11,2475,UA,LAX,24
-9,7,29,7,11,2475,UA,LAX,25
-3,7,30,1,11,2475,UA,LAX,26
-3,7,31,2,11,2475,UA,LAX,27
-2,7,1,7,14,2475,UA,LAX,3
0,7,2,1,14,2475,UA,LAX,2
83,7,3,2,14,2475,UA,LAX,1
-1,7,4,3,14,2475,UA,LAX,0
15,7,5,4,14,2475,UA,LAX,1
11,7,6,5,14,2475,UA,LAX,2
-4,7,7,6,14,2475,UA,LAX,3
-3,7,8,7,14,2475,UA,LAX,4
-9,7,9,1,14,2475,UA,LAX,5
66,7,10,2,14,2475,UA,LAX,6
0,7,11,3,14,2475,UA,LAX,7
19,7,12,4,14,2475,UA,LAX,8
-4,7,13,5,14,2475,UA,LAX,9
-3,7,14,6,14,2475,UA,LAX,10
-4,7,15,7,14,2475,UA,LAX,11
-4,7,16,1,14,2475,UA,LAX,12
-6,7,17,2,14,2475,UA,LAX,13
29,7,18,3,14,2475,UA,LAX,14
-2,7,19,4,14,2475,UA,LAX,15
-2,7,20,5,14,2475,UA,LAX,16
-4,7,21,6,14,2475,UA,LAX,17
-1,7,22,7,14,2475,UA,LAX,18
-3,7,23,1,14,2475,UA,LAX,19
-6,7,24,2,14,2475,UA,LAX,20
34,7,25,3,14,2475,UA,LAX,21
-3,7,26,4,14,2475,UA,LAX,22
-3,7,27,5,14,2475,UA,LAX,23
-2,7,28,6,14,2475,UA,LAX,24
5,7,29,7,14,2475,UA,LAX,25
-1,7,31,2,14,2475,UA,LAX,27
-4,7,1,7,16,2475,UA,LAX,3
-5,7,2,1,16,2475,UA,LAX,2
-2,7,3,2,16,2475,UA,LAX,1
-4,7,4,3,16,2475,UA,LAX,0
11,7,5,4,16,2475,UA,LAX,1
-8,7,6,5,16,2475,UA,LAX,2
23,7,8,7,16,2475,UA,LAX,4
3,7,9,1,16,2475,UA,LAX,5
20,7,10,2,16,2475,UA,LAX,6
-1,7,11,3,16,2475,UA,LAX,7
-4,7,12,4,16,2475,UA,LAX,8
-9,7,13,5,16,2475,UA,LAX,9
127,7,15,7,16,2475,UA,LAX,11
-4,7,16,1,16,2475,UA,LAX,12
-6,7,17,2,16,2475,UA,LAX,13
14,7,18,3,16,2475,UA,LAX,14
-1,7,19,4,16,2475,UA,LAX,15
16,7,20,5,16,2475,UA,LAX,16
23,7,22,7,16,2475,UA,LAX,18
15,7,23,1,16,2475,UA,LAX,19
18,7,24,2,16,2475,UA,LAX,20
-4,7,25,3,16,2475,UA,LAX,21
6,7,26,4,16,2475,UA,LAX,22
17,7,27,5,16,2475,UA,LAX,23
3,7,29,7,16,2475,UA,LAX,25
0,7,30,1,16,2475,UA,LAX,26
8,7,31,2,16,2475,UA,LAX,27
15,7,1,7,20,2475,UA,LAX,3
1,7,2,1,20,2475,UA,LAX,2
-13,7,3,2,20,2475,UA,LAX,1
75,7,6,5,20,2475,UA,LAX,2
48,7,8,7,20,2475,UA,LAX,4
6,7,9,1,20,2475,UA,LAX,5
10,7,10,2,20,2475,UA,LAX,6
48,7,11,3,20,2475,UA,LAX,7
18,7,12,4,20,2475,UA,LAX,8
12,7,13,5,20,2475,UA,LAX,9
-8,7,15,7,20,2475,UA,LAX,11
-6,7,16,1,20,2475,UA,LAX,12
-3,7,17,2,20,2475,UA,LAX,13
28,7,19,4,20,2475,UA,LAX,15
14,7,20,5,20,2475,UA,LAX,16
22,7,22,7,20,2475,UA,LAX,18
68,7,23,1,20,2475,UA,LAX,19
8,7,25,3,20,2475,UA,LAX,21
8,7,26,4,20,2475,UA,LAX,22
20,7,27,5,20,2475,UA,LAX,23
234,7,29,7,20,2475,UA,LAX,25
-3,7,30,1,20,2475,UA,LAX,26
12,7,31,2,20,2475,UA,LAX,27
-5,7,1,7,18,2475,UA,LAX,3
0,7,2,1,18,2475,UA,LAX,2
-11,7,3,2,18,2475,UA,LAX,1
-6,7,4,3,18,2475,UA,LAX,0
-4,7,5,4,18,2475,UA,LAX,1
-3,7,6,5,18,2475,UA,LAX,2
-2,7,7,6,18,2475,UA,LAX,3
-3,7,8,7,18,2475,UA,LAX,4
-4,7,9,1,18,2475,UA,LAX,5
-4,7,10,2,18,2475,UA,LAX,6
0,7,12,4,18,2475,UA,LAX,8
-4,7,13,5,18,2475,UA,LAX,9
-1,7,14,6,18,2475,UA,LAX,10
13,7,15,7,18,2475,UA,LAX,11
1,7,16,1,18,2475,UA,LAX,12
-2,7,17,2,18,2475,UA,LAX,13
-4,7,18,3,18,2475,UA,LAX,14
-3,7,19,4,18,2475,UA,LAX,15
2,7,20,5,18,2475,UA,LAX,16
3,7,21,6,18,2475,UA,LAX,17
35,7,22,7,18,2475,UA,LAX,18
19,7,23,1,18,2475,UA,LAX,19
-4,7,24,2,18,2475,UA,LAX,20
-5,7,25,3,18,2475,UA,LAX,21
-4,7,26,4,18,2475,UA,LAX,22
-1,7,27,5,18,2475,UA,LAX,23
-1,7,28,6,18,2475,UA,LAX,24
-4,7,29,7,18,2475,UA,LAX,25
-4,7,30,1,18,2475,UA,LAX,26
-2,7,31,2,18,2475,UA,LAX,27
-5,7,1,7,8,2475,UA,LAX,3
-4,7,2,1,8,2475,UA,LAX,2
-3,7,3,2,8,2475,UA,LAX,1
0,7,4,3,8,2475,UA,LAX,0
-2,7,5,4,8,2475,UA,LAX,1
-2,7,6,5,8,2475,UA,LAX,2
0,7,7,6,8,2475,UA,LAX,3
26,7,8,7,8,2475,UA,LAX,4
-2,7,9,1,8,2475,UA,LAX,5
-2,7,10,2,8,2475,UA,LAX,6
-4,7,11,3,8,2475,UA,LAX,7
-7,7,12,4,8,2475,UA,LAX,8
-4,7,13,5,8,2475,UA,LAX,9
-3,7,14,6,8,2475,UA,LAX,10
-3,7,15,7,8,2475,UA,LAX,11
11,7,16,1,8,2475,UA,LAX,12
13,7,17,2,8,2475,UA,LAX,13
22,7,18,3,8,2475,UA,LAX,14
1,7,19,4,8,2475,UA,LAX,15
-7,7,20,5,8,2475,UA,LAX,16
-3,7,21,6,8,2475,UA,LAX,17
-9,7,22,7,8,2475,UA,LAX,18
-2,7,23,1,8,2475,UA,LAX,19
-4,7,24,2,8,2475,UA,LAX,20
0,7,25,3,8,2475,UA,LAX,21
-5,7,26,4,8,2475,UA,LAX,22
0,7,27,5,8,2475,UA,LAX,23
-2,7,28,6,8,2475,UA,LAX,24
146,7,29,7,8,2475,UA,LAX,25
-3,7,30,1,8,2475,UA,LAX,26
-3,7,1,7,8,2586,UA,SFO,3
-4,7,2,1,8,2586,UA,SFO,2
-4,7,3,2,8,2586,UA,SFO,1
-2,7,4,3,8,2586,UA,SFO,0
-2,7,5,4,8,2586,UA,SFO,1
-3,7,6,5,8,2586,UA,SFO,2
-4,7,7,6,8,2586,UA,SFO,3
-3,7,8,7,8,2586,UA,SFO,4
29,7,9,1,8,2586,UA,SFO,5
-3,7,10,2,8,2586,UA,SFO,6
-9,7,11,3,8,2586,UA,SFO,7
-3,7,12,4,8,2586,UA,SFO,8
-4,7,13,5,8,2586,UA,SFO,9
-6,7,14,6,8,2586,UA,SFO,10
-3,7,15,7,8,2586,UA,SFO,11
-1,7,16,1,8,2586,UA,SFO,12
-5,7,17,2,8,2586,UA,SFO,13
50,7,18,3,8,2586,UA,SFO,14
4,7,19,4,8,2586,UA,SFO,15
-3,7,20,5,8,2586,UA,SFO,16
-6,7,21,6,8,2586,UA,SFO,17
-1,7,22,7,8,2586,UA,SFO,18
-2,7,23,1,8,2586,UA,SFO,19
-1,7,24,2,8,2586,UA,SFO,20
-7,7,25,3,8,2586,UA,SFO,21
6,7,26,4,8,2586,UA,SFO,22
52,7,27,5,8,2586,UA,SFO,23
0,7,28,6,8,2586,UA,SFO,24
-3,7,29,7,8,2586,UA,SFO,25
-2,7,30,1,8,2586,UA,SFO,26
2,7,31,2,8,2586,UA,SFO,27
-8,7,6,5,20,2586,UA,SFO,2
4,7,1,7,8,2248,US,LAS,3
3,7,1,7,10,2248,US,LAS,3
12,7,1,7,20,2248,US,LAS,3
21,7,1,7,17,2153,US,PHX,3
-2,7,1,7,9,2153,US,PHX,3
2,7,1,7,7,2153,US,PHX,3
23,7,2,1,8,2248,US,LAS,2
-7,7,2,1,10,2248,US,LAS,2
31,7,2,1,20,2248,US,LAS,2
-2,7,2,1,17,2153,US,PHX,2
-7,7,2,1,9,2153,US,PHX,2
4,7,2,1,7,2153,US,PHX,2
-6,7,3,2,8,2248,US,LAS,1
13,7,3,2,10,2248,US,LAS,1
12,7,3,2,20,2248,US,LAS,1
24,7,3,2,17,2153,US,PHX,1
17,7,3,2,9,2153,US,PHX,1
-7,7,3,2,7,2153,US,PHX,1
-7,7,4,3,8,2248,US,LAS,0
-4,7,4,3,10,2248,US,LAS,0
0,7,4,3,20,2248,US,LAS,0
9,7,4,3,17,2153,US,PHX,0
-7,7,4,3,9,2153,US,PHX,0
1,7,4,3,7,2153,US,PHX,0
-6,7,5,4,8,2248,US,LAS,1
59,7,5,4,10,2248,US,LAS,1
128,7,5,4,20,2248,US,LAS,1
27,7,5,4,17,2153,US,PHX,1
-2,7,5,4,9,2153,US,PHX,1
-5,7,5,4,7,2153,US,PHX,1
-4,7,6,5,8,2248,US,LAS,2
4,7,6,5,10,2248,US,LAS,2
4,7,6,5,20,2248,US,LAS,2
-2,7,6,5,17,2153,US,PHX,2
0,7,6,5,9,2153,US,PHX,2
-2,7,6,5,7,2153,US,PHX,2
4,7,7,6,8,2248,US,LAS,3
-1,7,7,6,10,2248,US,LAS,3
27,7,7,6,20,2248,US,LAS,3
8,7,7,6,17,2153,US,PHX,3
3,7,7,6,9,2153,US,PHX,3
0,7,7,6,7,2153,US,PHX,3
1,7,8,7,8,2248,US,LAS,4
-6,7,8,7,10,2248,US,LAS,4
38,7,8,7,20,2248,US,LAS,4
11,7,8,7,17,2153,US,PHX,4
-1,7,8,7,9,2153,US,PHX,4
4,7,8,7,7,2153,US,PHX,4
6,7,9,1,8,2248,US,LAS,5
4,7,9,1,10,2248,US,LAS,5
3,7,9,1,20,2248,US,LAS,5
-6,7,9,1,17,2153,US,PHX,5
1,7,9,1,9,2153,US,PHX,5
-7,7,9,1,7,2153,US,PHX,5
-5,7,10,2,8,2248,US,LAS,6
-1,7,10,2,10,2248,US,LAS,6
20,7,10,2,20,2248,US,LAS,6
3,7,10,2,17,2153,US,PHX,6
0,7,10,2,9,2153,US,PHX,6
1,7,10,2,7,2153,US,PHX,6
1,7,11,3,8,2248,US,LAS,7
2,7,11,3,10,2248,US,LAS,7
103,7,11,3,20,2248,US,LAS,7
312,7,11,3,17,2153,US,PHX,7
10,7,11,3,9,2153,US,PHX,7
3,7,11,3,7,2153,US,PHX,7
0,7,12,4,8,2248,US,LAS,8
-3,7,12,4,10,2248,US,LAS,8
24,7,12,4,20,2248,US,LAS,8
-3,7,12,4,17,2153,US,PHX,8
-4,7,12,4,9,2153,US,PHX,8
2,7,12,4,7,2153,US,PHX,8
18,7,13,5,8,2248,US,LAS,9
-4,7,13,5,10,2248,US,LAS,9
30,7,13,5,20,2248,US,LAS,9
-1,7,13,5,17,2153,US,PHX,9
-1,7,13,5,9,2153,US,PHX,9
6,7,13,5,7,2153,US,PHX,9
4,7,14,6,10,2248,US,LAS,10
2,7,14,6,8,2248,US,LAS,10
6,7,14,6,20,2248,US,LAS,10
9,7,14,6,7,2153,US,PHX,10
-10,7,14,6,17,2153,US,PHX,10
7,7,14,6,9,2153,US,PHX,10
-1,7,15,7,8,2248,US,LAS,11
-1,7,15,7,10,2248,US,LAS,11
21,7,15,7,20,2248,US,LAS,11
16,7,15,7,17,2153,US,PHX,11
-1,7,15,7,9,2153,US,PHX,11
-3,7,15,7,7,2153,US,PHX,11
-1,7,16,1,8,2248,US,LAS,12
-6,7,16,1,10,2248,US,LAS,12
0,7,16,1,20,2248,US,LAS,12
19,7,16,1,17,2153,US,PHX,12
0,7,16,1,9,2153,US,PHX,12
2,7,16,1,7,2153,US,PHX,12
11,7,17,2,8,2248,US,LAS,13
0,7,17,2,10,2248,US,LAS,13
165,7,17,2,20,2248,US,LAS,13
-2,7,17,2,17,2153,US,PHX,13
-5,7,17,2,9,2153,US,PHX,13
-1,7,17,2,7,2153,US,PHX,13
74,7,18,3,8,2248,US,LAS,14
8,7,18,3,10,2248,US,LAS,14
175,7,18,3,20,2248,US,LAS,14
164,7,18,3,17,2153,US,PHX,14
334,7,18,3,9,2153,US,PHX,14
8,7,18,3,7,2153,US,PHX,14
102,7,19,4,20,2248,US,LAS,15
-1,7,19,4,8,2248,US,LAS,15
15,7,19,4,10,2248,US,LAS,15
51,7,19,4,17,2153,US,PHX,15
-2,7,19,4,9,2153,US,PHX,15
0,7,19,4,7,2153,US,PHX,15
3,7,20,5,20,2248,US,LAS,16
-2,7,20,5,8,2248,US,LAS,16
14,7,20,5,10,2248,US,LAS,16
9,7,20,5,17,2153,US,PHX,16
-7,7,20,5,9,2153,US,PHX,16
0,7,20,5,7,2153,US,PHX,16
16,7,21,6,20,2248,US,LAS,17
-5,7,21,6,10,2248,US,LAS,17
-2,7,21,6,8,2248,US,LAS,17
3,7,21,6,7,2153,US,PHX,17
2,7,21,6,17,2153,US,PHX,17
-3,7,21,6,9,2153,US,PHX,17
20,7,22,7,20,2248,US,LAS,18
-7,7,22,7,8,2248,US,LAS,18
-8,7,22,7,10,2248,US,LAS,18
25,7,22,7,17,2153,US,PHX,18
-7,7,22,7,9,2153,US,PHX,18
-2,7,22,7,7,2153,US,PHX,18
20,7,23,1,20,2248,US,LAS,19
-5,7,23,1,8,2248,US,LAS,19
7,7,23,1,10,2248,US,LAS,19
30,7,23,1,17,2153,US,PHX,19
-1,7,23,1,9,2153,US,PHX,19
-6,7,23,1,7,2153,US,PHX,19
23,7,24,2,20,2248,US,LAS,20
-8,7,24,2,8,2248,US,LAS,20
-6,7,24,2,10,2248,US,LAS,20
50,7,24,2,17,2153,US,PHX,20
55,7,24,2,9,2153,US,PHX,20
7,7,24,2,7,2153,US,PHX,20
40,7,25,3,20,2248,US,LAS,21
-4,7,25,3,8,2248,US,LAS,21
-1,7,25,3,10,2248,US,LAS,21
12,7,25,3,17,2153,US,PHX,21
-1,7,25,3,9,2153,US,PHX,21
9,7,25,3,7,2153,US,PHX,21
51,7,26,4,20,2248,US,LAS,22
0,7,26,4,8,2248,US,LAS,22
-5,7,26,4,10,2248,US,LAS,22
26,7,26,4,17,2153,US,PHX,22
-2,7,26,4,9,2153,US,PHX,22
96,7,26,4,7,2153,US,PHX,22
55,7,27,5,20,2248,US,LAS,23
3,7,27,5,8,2248,US,LAS,23
-4,7,27,5,10,2248,US,LAS,23
30,7,27,5,9,2153,US,PHX,23
0,7,27,5,7,2153,US,PHX,23
113,7,28,6,20,2248,US,LAS,24
1,7,28,6,10,2248,US,LAS,24
-4,7,28,6,8,2248,US,LAS,24
1,7,28,6,7,2153,US,PHX,24
59,7,28,6,17,2153,US,PHX,24
120,7,28,6,9,2153,US,PHX,24
40,7,29,7,20,2248,US,LAS,25
5,7,29,7,8,2248,US,LAS,25
0,7,29,7,10,2248,US,LAS,25
84,7,29,7,7,2153,US,PHX,25
20,7,29,7,17,2153,US,PHX,25
-1,7,29,7,9,2153,US,PHX,25
50,7,30,1,20,2248,US,LAS,26
-3,7,30,1,8,2248,US,LAS,26
53,7,30,1,10,2248,US,LAS,26
0,7,30,1,7,2153,US,PHX,26
8,7,30,1,17,2153,US,PHX,26
0,7,30,1,9,2153,US,PHX,26
2,7,31,2,20,2248,US,LAS,27
-1,7,31,2,8,2248,US,LAS,27
-3,7,31,2,10,2248,US,LAS,27
-3,7,31,2,7,2153,US,PHX,27
115,7,31,2,17,2153,US,PHX,27
-7,7,31,2,9,2153,US,PHX,27
50,7,18,3,8,2421,DL,SEA,14
-3,7,18,3,6,760,DL,ATL,14
53,7,18,3,8,2153,DL,PHX,14
282,7,18,3,8,2475,DL,LAX,14
105,7,18,3,11,944,DL,MCO,14
97,7,18,3,19,1989,DL,SLC,14
98,7,18,3,19,944,DL,MCO,14
51,7,18,3,14,2475,DL,LAX,14
224,7,18,3,8,1069,DL,FLL,14
26,7,18,3,8,1626,DL,DEN,14
23,7,18,3,8,1005,DL,TPA,14
68,7,18,3,8,2586,DL,SFO,14
226,7,18,3,20,2475,DL,LAX,14
118,7,19,4,19,1069,DL,FLL,15
204,7,19,4,8,760,DL,ATL,15
21,7,19,4,16,2475,DL,LAX,15
63,7,19,4,18,1090,DL,MIA,15
20,7,19,4,16,1989,DL,SLC,15
171,7,19,4,17,2248,DL,LAS,15
388,7,19,4,17,2421,DL,SEA,15
180,7,19,4,18,2475,DL,LAX,15
116,7,19,4,16,944,DL,MCO,15
120,7,19,4,18,2586,DL,SFO,15
14,7,19,4,16,2586,DL,SFO,15
123,7,19,4,16,589,DL,CVG,15
120,7,19,4,17,2446,DL,SAN,15
56,7,19,4,16,760,DL,ATL,15
11,7,19,4,16,187,DL,BOS,15
308,7,19,4,19,2421,DL,SEA,15
153,7,19,4,18,760,DL,ATL,15
72,7,19,4,18,2454,DL,PDX,15
24,7,19,4,8,2248,DL,LAS,15
196,7,19,4,19,2248,DL,LAS,15
2,7,19,4,8,1597,DL,SJU,15
10,7,19,4,8,1028,DL,PBI,15
-6,7,19,4,7,1989,DL,SLC,15
7,7,19,4,7,2475,DL,LAX,15
169,7,19,4,18,2153,DL,PHX,15
49,7,19,4,8,2421,DL,SEA,15
292,7,19,4,6,760,DL,ATL,15
160,7,19,4,16,1005,DL,TPA,15
196,7,19,4,19,1005,DL,TPA,15
-1,7,19,4,8,2153,DL,PHX,15
126,7,19,4,8,2475,DL,LAX,15
198,7,19,4,16,1028,DL,PBI,15
87,7,19,4,11,944,DL,MCO,15
87,7,19,4,19,1989,DL,SLC,15
139,7,19,4,15,1989,DL,SLC,15
157,7,19,4,19,944,DL,MCO,15
23,7,19,4,14,2475,DL,LAX,15
31,7,19,4,8,1069,DL,FLL,15
20,7,19,4,11,1069,DL,FLL,15
13,7,19,4,8,944,DL,MCO,15
10,7,19,4,8,1626,DL,DEN,15
8,7,19,4,8,1005,DL,TPA,15
22,7,19,4,8,2586,DL,SFO,15
146,7,19,4,20,2475,DL,LAX,15
18,7,20,5,19,1069,DL,FLL,16
46,7,20,5,8,760,DL,ATL,16
78,7,20,5,16,2475,DL,LAX,16
5,7,20,5,18,1090,DL,MIA,16
27,7,20,5,16,1989,DL,SLC,16
-2,7,20,5,16,1069,DL,FLL,16
36,7,20,5,17,2248,DL,LAS,16
153,7,20,5,17,2421,DL,SEA,16
49,7,20,5,18,2475,DL,LAX,16
-3,7,20,5,16,944,DL,MCO,16
27,7,20,5,18,2586,DL,SFO,16
34,7,20,5,16,2586,DL,SFO,16
39,7,20,5,16,589,DL,CVG,16
16,7,20,5,17,2446,DL,SAN,16
10,7,20,5,16,760,DL,ATL,16
69,7,20,5,16,187,DL,BOS,16
54,7,20,5,19,2421,DL,SEA,16
30,7,20,5,18,760,DL,ATL,16
80,7,20,5,18,2454,DL,PDX,16
40,7,20,5,8,2248,DL,LAS,16
45,7,20,5,19,2248,DL,LAS,16
25,7,20,5,8,1597,DL,SJU,16
35,7,20,5,8,1028,DL,PBI,16
148,7,20,5,7,1989,DL,SLC,16
38,7,20,5,7,2475,DL,LAX,16
11,7,20,5,18,2153,DL,PHX,16
198,7,20,5,8,2421,DL,SEA,16
47,7,20,5,6,760,DL,ATL,16
9,7,20,5,16,1005,DL,TPA,16
90,7,20,5,19,1005,DL,TPA,16
10,7,20,5,8,2153,DL,PHX,16
38,7,20,5,8,2475,DL,LAX,16
47,7,20,5,16,1028,DL,PBI,16
-4,7,20,5,11,944,DL,MCO,16
102,7,20,5,19,1989,DL,SLC,16
19,7,20,5,15,1989,DL,SLC,16
29,7,20,5,19,944,DL,MCO,16
30,7,20,5,14,2475,DL,LAX,16
28,7,20,5,8,1069,DL,FLL,16
119,7,20,5,11,1069,DL,FLL,16
12,7,20,5,8,944,DL,MCO,16
32,7,20,5,8,1626,DL,DEN,16
26,7,20,5,8,1005,DL,TPA,16
27,7,20,5,8,2586,DL,SFO,16
62,7,20,5,20,2475,DL,LAX,16
58,7,21,6,19,1069,DL,FLL,17
35,7,21,6,8,760,DL,ATL,17
20,7,21,6,16,2475,DL,LAX,17
18,7,21,6,18,1090,DL,MIA,17
32,7,21,6,16,1989,DL,SLC,17
5,7,21,6,16,1069,DL,FLL,17
129,7,21,6,17,2248,DL,LAS,17
27,7,21,6,17,2421,DL,SEA,17
103,7,21,6,18,2475,DL,LAX,17
44,7,21,6,18,2586,DL,SFO,17
1,7,21,6,16,2586,DL,SFO,17
24,7,21,6,17,2446,DL,SAN,17
8,7,21,6,16,760,DL,ATL,17
19,7,21,6,16,187,DL,BOS,17
65,7,21,6,19,2421,DL,SEA,17
111,7,21,6,18,760,DL,ATL,17
141,7,21,6,18,2454,DL,PDX,17
-2,7,21,6,8,2248,DL,LAS,17
4,7,21,6,8,1623,DL,STT,17
87,7,21,6,19,2248,DL,LAS,17
120,7,21,6,8,1597,DL,SJU,17
9,7,21,6,8,1028,DL,PBI,17
-6,7,21,6,7,1989,DL,SLC,17
47,7,21,6,18,2153,DL,PHX,17
40,7,21,6,8,2421,DL,SEA,17
10,7,21,6,15,944,DL,MCO,17
-1,7,21,6,6,760,DL,ATL,17
-4,7,21,6,17,1005,DL,TPA,17
170,7,21,6,19,1005,DL,TPA,17
15,7,21,6,16,589,DL,CVG,17
79,7,21,6,8,2153,DL,PHX,17
5,7,21,6,8,2475,DL,LAX,17
-4,7,21,6,16,1028,DL,PBI,17
-3,7,21,6,11,944,DL,MCO,17
165,7,21,6,16,944,DL,MCO,17
84,7,21,6,19,1989,DL,SLC,17
74,7,21,6,19,944,DL,MCO,17
8,7,21,6,14,2475,DL,LAX,17
29,7,21,6,8,1069,DL,FLL,17
10,7,21,6,11,1069,DL,FLL,17
6,7,21,6,9,944,DL,MCO,17
19,7,21,6,8,1626,DL,DEN,17
33,7,21,6,8,1005,DL,TPA,17
62,7,21,6,8,2586,DL,SFO,17
63,7,22,7,19,1069,DL,FLL,18
58,7,22,7,8,760,DL,ATL,18
34,7,22,7,16,2475,DL,LAX,18
54,7,22,7,18,1090,DL,MIA,18
53,7,22,7,16,1989,DL,SLC,18
7,7,22,7,16,1069,DL,FLL,18
78,7,22,7,17,2248,DL,LAS,18
47,7,22,7,17,2421,DL,SEA,18
86,7,22,7,18,2475,DL,LAX,18
16,7,22,7,16,944,DL,MCO,18
61,7,22,7,18,2586,DL,SFO,18
48,7,22,7,16,2586,DL,SFO,18
93,7,22,7,16,589,DL,CVG,18
51,7,22,7,17,2446,DL,SAN,18
16,7,22,7,16,760,DL,ATL,18
37,7,22,7,16,187,DL,BOS,18
78,7,22,7,19,2421,DL,SEA,18
63,7,22,7,18,760,DL,ATL,18
103,7,22,7,18,2454,DL,PDX,18
2,7,22,7,8,2248,DL,LAS,18
7,7,22,7,19,2248,DL,LAS,18
-2,7,22,7,7,213,DL,DCA,18
-1,7,22,7,6,589,DL,CVG,18
60,7,22,7,8,1597,DL,SJU,18
3,7,22,7,8,1028,DL,PBI,18
-8,7,22,7,7,1989,DL,SLC,18
11,7,22,7,18,2153,DL,PHX,18
79,7,22,7,8,2421,DL,SEA,18
-1,7,22,7,6,760,DL,ATL,18
63,7,22,7,16,1005,DL,TPA,18
13,7,22,7,19,1005,DL,TPA,18
6,7,22,7,8,2153,DL,PHX,18
59,7,22,7,8,2475,DL,LAX,18
-2,7,22,7,16,1028,DL,PBI,18
1,7,22,7,11,944,DL,MCO,18
166,7,22,7,19,1989,DL,SLC,18
60,7,22,7,15,1989,DL,SLC,18
136,7,22,7,19,944,DL,MCO,18
21,7,22,7,14,2475,DL,LAX,18
1,7,22,7,8,1069,DL,FLL,18
7,7,22,7,11,1069,DL,FLL,18
80,7,22,7,8,944,DL,MCO,18
3,7,22,7,8,1626,DL,DEN,18
9,7,22,7,8,1005,DL,TPA,18
2,7,22,7,8,2586,DL,SFO,18
-4,7,22,7,20,2475,DL,LAX,18
100,7,23,1,19,1069,DL,FLL,19
45,7,23,1,8,760,DL,ATL,19
47,7,23,1,16,2475,DL,LAX,19
34,7,23,1,16,1989,DL,SLC,19
37,7,23,1,16,1069,DL,FLL,19
126,7,23,1,17,2248,DL,LAS,19
164,7,23,1,17,2421,DL,SEA,19
55,7,23,1,18,2475,DL,LAX,19
51,7,23,1,18,2586,DL,SFO,19
24,7,23,1,16,2586,DL,SFO,19
87,7,23,1,16,589,DL,CVG,19
12,7,23,1,17,2446,DL,SAN,19
-2,7,23,1,16,760,DL,ATL,19
47,7,23,1,16,187,DL,BOS,19
72,7,23,1,19,2421,DL,SEA,19
113,7,23,1,18,760,DL,ATL,19
25,7,23,1,18,2454,DL,PDX,19
46,7,23,1,8,2248,DL,LAS,19
141,7,23,1,19,2248,DL,LAS,19
13,7,23,1,8,1597,DL,SJU,19
4,7,23,1,8,1028,DL,PBI,19
9,7,23,1,7,1989,DL,SLC,19
-3,7,23,1,7,2475,DL,LAX,19
94,7,23,1,18,2153,DL,PHX,19
11,7,23,1,8,2421,DL,SEA,19
0,7,23,1,6,760,DL,ATL,19
18,7,23,1,16,1005,DL,TPA,19
81,7,23,1,19,1005,DL,TPA,19
4,7,23,1,8,2153,DL,PHX,19
4,7,23,1,8,2475,DL,LAX,19
50,7,23,1,16,1028,DL,PBI,19
0,7,23,1,11,944,DL,MCO,19
129,7,23,1,19,1989,DL,SLC,19
69,7,23,1,15,1989,DL,SLC,19
65,7,23,1,19,944,DL,MCO,19
0,7,23,1,14,2475,DL,LAX,19
-2,7,23,1,8,1069,DL,FLL,19
4,7,23,1,11,1069,DL,FLL,19
0,7,23,1,8,944,DL,MCO,19
0,7,23,1,8,1626,DL,DEN,19
-3,7,23,1,8,1005,DL,TPA,19
35,7,23,1,8,2586,DL,SFO,19
84,7,23,1,20,2475,DL,LAX,19
34,7,24,2,19,1069,DL,FLL,20
21,7,24,2,8,760,DL,ATL,20
52,7,24,2,16,2475,DL,LAX,20
9,7,24,2,18,1090,DL,MIA,20
0,7,24,2,16,1989,DL,SLC,20
146,7,24,2,16,1069,DL,FLL,20
38,7,24,2,17,2248,DL,LAS,20
0,7,24,2,17,2421,DL,SEA,20
75,7,24,2,18,2475,DL,LAX,20
9,7,24,2,16,944,DL,MCO,20
17,7,24,2,18,2586,DL,SFO,20
62,7,24,2,16,2586,DL,SFO,20
19,7,24,2,16,589,DL,CVG,20
27,7,24,2,17,2446,DL,SAN,20
-1,7,24,2,16,760,DL,ATL,20
61,7,24,2,16,187,DL,BOS,20
129,7,24,2,19,2421,DL,SEA,20
121,7,24,2,18,760,DL,ATL,20
11,7,24,2,18,2454,DL,PDX,20
75,7,24,2,8,2248,DL,LAS,20
101,7,24,2,19,2248,DL,LAS,20
94,7,24,2,8,1597,DL,SJU,20
-8,7,24,2,8,1028,DL,PBI,20
-5,7,24,2,7,1989,DL,SLC,20
5,7,24,2,7,2475,DL,LAX,20
7,7,24,2,18,2153,DL,PHX,20
4,7,24,2,8,2421,DL,SEA,20
-1,7,24,2,6,760,DL,ATL,20
9,7,24,2,16,1005,DL,TPA,20
55,7,24,2,19,1005,DL,TPA,20
2,7,24,2,8,2153,DL,PHX,20
4,7,24,2,8,2475,DL,LAX,20
-1,7,24,2,16,1028,DL,PBI,20
-4,7,24,2,11,944,DL,MCO,20
-5,7,24,2,19,1989,DL,SLC,20
36,7,24,2,15,1989,DL,SLC,20
29,7,24,2,19,944,DL,MCO,20
-4,7,24,2,14,2475,DL,LAX,20
-3,7,24,2,8,1069,DL,FLL,20
0,7,24,2,11,1069,DL,FLL,20
17,7,24,2,8,944,DL,MCO,20
-2,7,24,2,8,1626,DL,DEN,20
16,7,24,2,8,2586,DL,SFO,20
13,7,24,2,20,2475,DL,LAX,20
32,7,25,3,19,1069,DL,FLL,21
34,7,25,3,8,760,DL,ATL,21
28,7,25,3,16,2475,DL,LAX,21
-1,7,25,3,18,1090,DL,MIA,21
66,7,25,3,16,1989,DL,SLC,21
-1,7,25,3,16,1069,DL,FLL,21
45,7,25,3,17,2248,DL,LAS,21
23,7,25,3,17,2421,DL,SEA,21
35,7,25,3,18,2475,DL,LAX,21
1,7,25,3,16,944,DL,MCO,21
53,7,25,3,18,2586,DL,SFO,21
68,7,25,3,16,2586,DL,SFO,21
-1,7,25,3,16,589,DL,CVG,21
51,7,25,3,17,2446,DL,SAN,21
32,7,25,3,16,760,DL,ATL,21
65,7,25,3,16,187,DL,BOS,21
67,7,25,3,19,2421,DL,SEA,21
58,7,25,3,18,760,DL,ATL,21
12,7,25,3,18,2454,DL,PDX,21
9,7,25,3,8,2248,DL,LAS,21
74,7,25,3,19,2248,DL,LAS,21
134,7,25,3,8,1597,DL,SJU,21
-4,7,25,3,8,1028,DL,PBI,21
0,7,25,3,7,1989,DL,SLC,21
18,7,25,3,7,2475,DL,LAX,21
72,7,25,3,18,2153,DL,PHX,21
25,7,25,3,8,2421,DL,SEA,21
14,7,25,3,6,760,DL,ATL,21
18,7,25,3,16,1005,DL,TPA,21
81,7,25,3,19,1005,DL,TPA,21
15,7,25,3,8,2153,DL,PHX,21
-1,7,25,3,8,2475,DL,LAX,21
40,7,25,3,16,1028,DL,PBI,21
-3,7,25,3,11,944,DL,MCO,21
56,7,25,3,19,1989,DL,SLC,21
56,7,25,3,15,1989,DL,SLC,21
-8,7,25,3,19,944,DL,MCO,21
4,7,25,3,14,2475,DL,LAX,21
303,7,25,3,8,1069,DL,FLL,21
3,7,25,3,11,1069,DL,FLL,21
8,7,25,3,8,944,DL,MCO,21
1,7,25,3,8,1626,DL,DEN,21
27,7,25,3,8,1005,DL,TPA,21
62,7,25,3,8,2586,DL,SFO,21
26,7,25,3,20,2475,DL,LAX,21
14,7,26,4,19,1069,DL,FLL,22
13,7,26,4,8,760,DL,ATL,22
4,7,26,4,16,2475,DL,LAX,22
6,7,26,4,18,1090,DL,MIA,22
57,7,26,4,16,1989,DL,SLC,22
-2,7,26,4,16,1069,DL,FLL,22
62,7,26,4,17,2248,DL,LAS,22
13,7,26,4,17,2421,DL,SEA,22
61,7,26,4,18,2475,DL,LAX,22
34,7,26,4,16,944,DL,MCO,22
41,7,26,4,18,2586,DL,SFO,22
25,7,26,4,16,2586,DL,SFO,22
53,7,26,4,16,589,DL,CVG,22
47,7,26,4,17,2446,DL,SAN,22
5,7,26,4,16,760,DL,ATL,22
44,7,26,4,16,187,DL,BOS,22
35,7,26,4,19,2421,DL,SEA,22
65,7,26,4,18,760,DL,ATL,22
30,7,26,4,18,2454,DL,PDX,22
28,7,26,4,8,2248,DL,LAS,22
15,7,26,4,19,2248,DL,LAS,22
6,7,26,4,8,1597,DL,SJU,22
-7,7,26,4,8,1028,DL,PBI,22
4,7,26,4,7,1989,DL,SLC,22
2,7,26,4,7,2475,DL,LAX,22
29,7,26,4,18,2153,DL,PHX,22
90,7,26,4,8,2421,DL,SEA,22
3,7,26,4,6,760,DL,ATL,22
6,7,26,4,16,1005,DL,TPA,22
42,7,26,4,19,1005,DL,TPA,22
26,7,26,4,8,2153,DL,PHX,22
19,7,26,4,8,2475,DL,LAX,22
-6,7,26,4,16,1028,DL,PBI,22
-4,7,26,4,11,944,DL,MCO,22
48,7,26,4,19,1989,DL,SLC,22
6,7,26,4,15,1989,DL,SLC,22
22,7,26,4,19,944,DL,MCO,22
9,7,26,4,14,2475,DL,LAX,22
13,7,26,4,8,1069,DL,FLL,22
3,7,26,4,11,1069,DL,FLL,22
-2,7,26,4,8,944,DL,MCO,22
-1,7,26,4,8,1626,DL,DEN,22
4,7,26,4,8,1005,DL,TPA,22
26,7,26,4,8,2586,DL,SFO,22
80,7,26,4,20,2475,DL,LAX,22
11,7,27,5,19,1069,DL,FLL,23
9,7,27,5,8,760,DL,ATL,23
49,7,27,5,16,2475,DL,LAX,23
44,7,27,5,18,1090,DL,MIA,23
30,7,27,5,16,1989,DL,SLC,23
16,7,27,5,16,1069,DL,FLL,23
50,7,27,5,17,2421,DL,SEA,23
34,7,27,5,18,2475,DL,LAX,23
-4,7,27,5,16,944,DL,MCO,23
28,7,27,5,18,2586,DL,SFO,23
38,7,27,5,16,2586,DL,SFO,23
350,7,27,5,16,589,DL,CVG,23
72,7,27,5,17,2446,DL,SAN,23
383,7,27,5,16,760,DL,ATL,23
30,7,27,5,16,187,DL,BOS,23
25,7,27,5,19,2421,DL,SEA,23
-3,7,27,5,8,2248,DL,LAS,23
115,7,27,5,19,2248,DL,LAS,23
11,7,27,5,8,1597,DL,SJU,23
8,7,27,5,8,1028,DL,PBI,23
0,7,27,5,7,1989,DL,SLC,23
-1,7,27,5,7,2475,DL,LAX,23
9,7,27,5,18,2153,DL,PHX,23
18,7,27,5,8,2421,DL,SEA,23
0,7,27,5,6,760,DL,ATL,23
11,7,27,5,16,1005,DL,TPA,23
49,7,27,5,19,1005,DL,TPA,23
27,7,27,5,8,2153,DL,PHX,23
64,7,27,5,8,2475,DL,LAX,23
0,7,27,5,16,1028,DL,PBI,23
0,7,27,5,11,944,DL,MCO,23
96,7,27,5,19,1989,DL,SLC,23
25,7,27,5,15,1989,DL,SLC,23
124,7,27,5,19,944,DL,MCO,23
11,7,27,5,14,2475,DL,LAX,23
-1,7,27,5,8,1069,DL,FLL,23
-2,7,27,5,11,1069,DL,FLL,23
6,7,27,5,8,944,DL,MCO,23
0,7,27,5,8,1626,DL,DEN,23
9,7,27,5,8,1005,DL,TPA,23
151,7,27,5,8,2586,DL,SFO,23
84,7,27,5,20,2475,DL,LAX,23
43,7,28,6,19,1069,DL,FLL,24
120,7,28,6,8,760,DL,ATL,24
4,7,28,6,16,2475,DL,LAX,24
259,7,28,6,18,1090,DL,MIA,24
3,7,28,6,16,1989,DL,SLC,24
24,7,28,6,16,1069,DL,FLL,24
158,7,28,6,17,2248,DL,LAS,24
4,7,28,6,17,2421,DL,SEA,24
95,7,28,6,18,2475,DL,LAX,24
51,7,28,6,18,2586,DL,SFO,24
49,7,28,6,16,2586,DL,SFO,24
123,7,28,6,17,2446,DL,SAN,24
37,7,28,6,16,760,DL,ATL,24
5,7,28,6,16,187,DL,BOS,24
37,7,28,6,19,2421,DL,SEA,24
123,7,28,6,18,760,DL,ATL,24
64,7,28,6,18,2454,DL,PDX,24
17,7,28,6,8,2248,DL,LAS,24
35,7,28,6,8,1623,DL,STT,24
48,7,28,6,19,2248,DL,LAS,24
-4,7,28,6,8,1597,DL,SJU,24
9,7,28,6,8,1028,DL,PBI,24
-7,7,28,6,7,1989,DL,SLC,24
3,7,28,6,18,2153,DL,PHX,24
206,7,28,6,8,2421,DL,SEA,24
153,7,28,6,15,944,DL,MCO,24
13,7,28,6,6,760,DL,ATL,24
18,7,28,6,17,1005,DL,TPA,24
60,7,28,6,19,1005,DL,TPA,24
7,7,28,6,16,589,DL,CVG,24
44,7,28,6,8,2153,DL,PHX,24
9,7,28,6,8,2475,DL,LAX,24
57,7,28,6,16,1028,DL,PBI,24
28,7,28,6,11,944,DL,MCO,24
70,7,28,6,16,944,DL,MCO,24
88,7,28,6,19,1989,DL,SLC,24
120,7,28,6,19,944,DL,MCO,24
6,7,28,6,14,2475,DL,LAX,24
5,7,28,6,8,1069,DL,FLL,24
11,7,28,6,11,1069,DL,FLL,24
0,7,28,6,9,944,DL,MCO,24
56,7,28,6,8,1005,DL,TPA,24
-5,7,28,6,8,2586,DL,SFO,24
289,7,29,7,19,1069,DL,FLL,25
85,7,29,7,8,760,DL,ATL,25
44,7,29,7,16,1989,DL,SLC,25
17,7,29,7,17,2248,DL,LAS,25
108,7,29,7,17,2421,DL,SEA,25
46,7,29,7,18,2475,DL,LAX,25
374,7,29,7,16,944,DL,MCO,25
108,7,29,7,18,2586,DL,SFO,25
52,7,29,7,16,2586,DL,SFO,25
347,7,29,7,16,589,DL,CVG,25
150,7,29,7,17,2446,DL,SAN,25
-2,7,29,7,16,760,DL,ATL,25
9,7,29,7,16,187,DL,BOS,25
122,7,29,7,19,2421,DL,SEA,25
92,7,29,7,18,760,DL,ATL,25
78,7,29,7,8,2248,DL,LAS,25
98,7,29,7,19,2248,DL,LAS,25
1,7,29,7,7,213,DL,DCA,25
-3,7,29,7,6,589,DL,CVG,25
20,7,29,7,8,1597,DL,SJU,25
64,7,29,7,8,1028,DL,PBI,25
1,7,29,7,7,1989,DL,SLC,25
223,7,29,7,18,2153,DL,PHX,25
7,7,29,7,8,2421,DL,SEA,25
-1,7,29,7,6,760,DL,ATL,25
219,7,29,7,19,1005,DL,TPA,25
26,7,29,7,8,2153,DL,PHX,25
-3,7,29,7,8,2475,DL,LAX,25
-2,7,29,7,11,944,DL,MCO,25
231,7,29,7,19,1989,DL,SLC,25
93,7,29,7,15,1989,DL,SLC,25
81,7,29,7,19,944,DL,MCO,25
52,7,29,7,14,2475,DL,LAX,25
3,7,29,7,8,1069,DL,FLL,25
8,7,29,7,11,1069,DL,FLL,25
6,7,29,7,8,944,DL,MCO,25
32,7,29,7,8,1626,DL,DEN,25
21,7,29,7,8,1005,DL,TPA,25
25,7,29,7,8,2586,DL,SFO,25
18,7,29,7,20,2475,DL,LAX,25
106,7,30,1,19,1069,DL,FLL,26
147,7,30,1,8,760,DL,ATL,26
48,7,30,1,16,2475,DL,LAX,26
81,7,30,1,18,1090,DL,MIA,26
88,7,30,1,16,1989,DL,SLC,26
121,7,30,1,16,1069,DL,FLL,26
26,7,30,1,17,2248,DL,LAS,26
89,7,30,1,17,2421,DL,SEA,26
45,7,30,1,18,2475,DL,LAX,26
8,7,30,1,16,944,DL,MCO,26
48,7,30,1,18,2586,DL,SFO,26
17,7,30,1,16,2586,DL,SFO,26
33,7,30,1,17,2446,DL,SAN,26
12,7,30,1,16,760,DL,ATL,26
86,7,30,1,16,187,DL,BOS,26
45,7,30,1,19,2421,DL,SEA,26
31,7,30,1,18,760,DL,ATL,26
-1,7,30,1,8,2248,DL,LAS,26
53,7,30,1,19,2248,DL,LAS,26
93,7,30,1,8,1597,DL,SJU,26
2,7,30,1,8,1028,DL,PBI,26
39,7,30,1,7,1989,DL,SLC,26
0,7,30,1,7,2475,DL,LAX,26
59,7,30,1,18,2153,DL,PHX,26
217,7,30,1,8,2421,DL,SEA,26
43,7,30,1,6,760,DL,ATL,26
1,7,30,1,16,1005,DL,TPA,26
54,7,30,1,19,1005,DL,TPA,26
10,7,30,1,8,2153,DL,PHX,26
55,7,30,1,8,2475,DL,LAX,26
105,7,30,1,16,1028,DL,PBI,26
20,7,30,1,11,944,DL,MCO,26
41,7,30,1,19,1989,DL,SLC,26
7,7,30,1,15,1989,DL,SLC,26
136,7,30,1,19,944,DL,MCO,26
4,7,30,1,14,2475,DL,LAX,26
1,7,30,1,8,1069,DL,FLL,26
20,7,30,1,11,1069,DL,FLL,26
6,7,30,1,8,1005,DL,TPA,26
25,7,30,1,8,2586,DL,SFO,26
37,7,30,1,20,2475,DL,LAX,26
11,7,31,2,19,1069,DL,FLL,27
42,7,31,2,8,760,DL,ATL,27
-1,7,31,2,16,2475,DL,LAX,27
111,7,31,2,18,1090,DL,MIA,27
30,7,31,2,16,1989,DL,SLC,27
246,7,31,2,16,1069,DL,FLL,27
17,7,31,2,17,2248,DL,LAS,27
-3,7,31,2,17,2421,DL,SEA,27
70,7,31,2,18,2475,DL,LAX,27
11,7,31,2,16,944,DL,MCO,27
53,7,31,2,18,2586,DL,SFO,27
49,7,31,2,16,2586,DL,SFO,27
12,7,31,2,16,589,DL,CVG,27
83,7,31,2,17,2446,DL,SAN,27
78,7,31,2,16,760,DL,ATL,27
98,7,31,2,16,187,DL,BOS,27
36,7,31,2,19,2421,DL,SEA,27
45,7,31,2,18,760,DL,ATL,27
25,7,31,2,18,2454,DL,PDX,27
-1,7,31,2,8,2248,DL,LAS,27
61,7,31,2,19,2248,DL,LAS,27
46,7,31,2,8,1597,DL,SJU,27
2,7,31,2,8,1028,DL,PBI,27
0,7,31,2,7,1989,DL,SLC,27
-6,7,31,2,7,2475,DL,LAX,27
29,7,31,2,18,2153,DL,PHX,27
6,7,31,2,8,2421,DL,SEA,27
11,7,31,2,6,760,DL,ATL,27
21,7,31,2,16,1005,DL,TPA,27
90,7,31,2,19,1005,DL,TPA,27
6,7,31,2,8,2153,DL,PHX,27
17,7,31,2,8,2475,DL,LAX,27
29,7,31,2,16,1028,DL,PBI,27
14,7,31,2,11,944,DL,MCO,27
14,7,31,2,19,1989,DL,SLC,27
3,7,31,2,15,1989,DL,SLC,27
71,7,31,2,19,944,DL,MCO,27
35,7,31,2,14,2475,DL,LAX,27
11,7,31,2,8,1069,DL,FLL,27
26,7,31,2,11,1069,DL,FLL,27
12,7,31,2,8,944,DL,MCO,27
-1,7,31,2,8,1626,DL,DEN,27
0,7,31,2,8,1005,DL,TPA,27
13,7,31,2,8,2586,DL,SFO,27
17,7,31,2,20,2475,DL,LAX,27
-2,7,1,7,15,184,MQ,BWI,3
-3,7,2,1,15,184,MQ,BWI,2
-4,7,3,2,15,184,MQ,BWI,1
-1,7,4,3,15,184,MQ,BWI,0
22,7,5,4,15,184,MQ,BWI,1
-1,7,6,5,15,184,MQ,BWI,2
4,7,7,6,15,184,MQ,BWI,3
85,7,8,7,15,184,MQ,BWI,4
-3,7,9,1,15,184,MQ,BWI,5
105,7,11,3,15,184,MQ,BWI,7
24,7,12,4,15,184,MQ,BWI,8
-1,7,13,5,15,184,MQ,BWI,9
-3,7,14,6,15,184,MQ,BWI,10
6,7,15,7,15,184,MQ,BWI,11
-5,7,16,1,15,184,MQ,BWI,12
94,7,17,2,15,184,MQ,BWI,13
-3,7,19,4,15,184,MQ,BWI,15
4,7,20,5,15,184,MQ,BWI,16
0,7,21,6,15,184,MQ,BWI,17
-7,7,22,7,15,184,MQ,BWI,18
-2,7,23,1,15,184,MQ,BWI,19
29,7,24,2,15,184,MQ,BWI,20
-4,7,25,3,15,184,MQ,BWI,21
91,7,26,4,15,184,MQ,BWI,22
-4,7,27,5,15,184,MQ,BWI,23
57,7,28,6,15,184,MQ,BWI,24
17,7,30,1,15,184,MQ,BWI,26
-3,7,31,2,15,184,MQ,BWI,27
-2,7,1,7,14,740,MQ,ORD,3
-1,7,2,1,14,740,MQ,ORD,2
3,7,3,2,14,740,MQ,ORD,1
-5,7,4,3,14,740,MQ,ORD,0
-4,7,5,4,14,740,MQ,ORD,1
-5,7,6,5,14,740,MQ,ORD,2
-8,7,7,6,14,740,MQ,ORD,3
0,7,8,7,14,740,MQ,ORD,4
-8,7,9,1,14,740,MQ,ORD,5
-2,7,10,2,14,740,MQ,ORD,6
-9,7,11,3,14,740,MQ,ORD,7
0,7,12,4,14,740,MQ,ORD,8
-4,7,13,5,14,740,MQ,ORD,9
3,7,14,6,14,740,MQ,ORD,10
-5,7,15,7,14,740,MQ,ORD,11
-12,7,16,1,14,740,MQ,ORD,12
17,7,17,2,14,740,MQ,ORD,13
29,7,19,4,14,740,MQ,ORD,15
28,7,20,5,14,740,MQ,ORD,16
-7,7,21,6,14,740,MQ,ORD,17
16,7,22,7,14,740,MQ,ORD,18
0,7,23,1,14,740,MQ,ORD,19
-3,7,24,2,14,740,MQ,ORD,20
19,7,25,3,14,740,MQ,ORD,21
73,7,26,4,14,740,MQ,ORD,22
1,7,27,5,14,740,MQ,ORD,23
11,7,28,6,14,740,MQ,ORD,24
-1,7,29,7,14,740,MQ,ORD,25
9,7,30,1,14,740,MQ,ORD,26
-9,7,31,2,14,740,MQ,ORD,27
3,7,1,7,18,740,MQ,ORD,3
-4,7,2,1,18,740,MQ,ORD,2
-5,7,3,2,18,740,MQ,ORD,1
-4,7,4,3,18,740,MQ,ORD,0
6,7,5,4,18,740,MQ,ORD,1
-9,7,6,5,18,740,MQ,ORD,2
-8,7,7,6,18,740,MQ,ORD,3
-2,7,8,7,18,740,MQ,ORD,4
157,7,9,1,18,740,MQ,ORD,5
71,7,10,2,18,740,MQ,ORD,6
37,7,12,4,18,740,MQ,ORD,8
57,7,13,5,18,740,MQ,ORD,9
14,7,14,6,18,740,MQ,ORD,10
-2,7,15,7,18,740,MQ,ORD,11
-5,7,16,1,18,740,MQ,ORD,12
46,7,17,2,18,740,MQ,ORD,13
28,7,19,4,18,740,MQ,ORD,15
25,7,20,5,18,740,MQ,ORD,16
-2,7,21,6,18,740,MQ,ORD,17
35,7,22,7,18,740,MQ,ORD,18
28,7,23,1,18,740,MQ,ORD,19
0,7,24,2,18,740,MQ,ORD,20
35,7,25,3,18,740,MQ,ORD,21
33,7,26,4,18,740,MQ,ORD,22
155,7,27,5,18,740,MQ,ORD,23
-7,7,28,6,18,740,MQ,ORD,24
14,7,29,7,18,740,MQ,ORD,25
-5,7,30,1,18,740,MQ,ORD,26
-5,7,31,2,18,740,MQ,ORD,27
12,7,1,7,16,425,MQ,CLE,3
-1,7,2,1,16,425,MQ,CLE,2
-5,7,3,2,16,425,MQ,CLE,1
-5,7,4,3,16,425,MQ,CLE,0
58,7,5,4,16,425,MQ,CLE,1
0,7,6,5,16,425,MQ,CLE,2
-5,7,7,6,16,425,MQ,CLE,3
-3,7,8,7,16,425,MQ,CLE,4
-7,7,9,1,16,425,MQ,CLE,5
191,7,10,2,16,425,MQ,CLE,6
12,7,11,3,16,425,MQ,CLE,7
9,7,12,4,16,425,MQ,CLE,8
-4,7,13,5,16,425,MQ,CLE,9
0,7,14,6,16,425,MQ,CLE,10
-5,7,15,7,16,425,MQ,CLE,11
3,7,16,1,16,425,MQ,CLE,12
-2,7,17,2,16,425,MQ,CLE,13
37,7,19,4,16,425,MQ,CLE,15
74,7,20,5,16,425,MQ,CLE,16
52,7,22,7,16,425,MQ,CLE,18
11,7,24,2,16,425,MQ,CLE,20
-2,7,25,3,16,425,MQ,CLE,21
40,7,26,4,16,425,MQ,CLE,22
42,7,28,6,16,425,MQ,CLE,24
61,7,29,7,16,425,MQ,CLE,25
0,7,30,1,16,425,MQ,CLE,26
1,7,31,2,16,425,MQ,CLE,27
-3,7,1,7,22,187,MQ,BOS,3
-8,7,2,1,22,187,MQ,BOS,2
-6,7,3,2,22,187,MQ,BOS,1
-3,7,4,3,22,187,MQ,BOS,0
-1,7,5,4,22,187,MQ,BOS,1
-5,7,7,6,22,187,MQ,BOS,3
3,7,8,7,22,187,MQ,BOS,4
45,7,9,1,22,187,MQ,BOS,5
101,7,11,3,22,187,MQ,BOS,7
-6,7,12,4,22,187,MQ,BOS,8
-4,7,13,5,22,187,MQ,BOS,9
-6,7,14,6,22,187,MQ,BOS,10
-5,7,15,7,22,187,MQ,BOS,11
-5,7,16,1,22,187,MQ,BOS,12
-3,7,17,2,22,187,MQ,BOS,13
45,7,19,4,22,187,MQ,BOS,15
-6,7,20,5,22,187,MQ,BOS,16
-8,7,21,6,22,187,MQ,BOS,17
28,7,22,7,22,187,MQ,BOS,18
5,7,23,1,22,187,MQ,BOS,19
-7,7,24,2,22,187,MQ,BOS,20
-7,7,25,3,22,187,MQ,BOS,21
-4,7,26,4,22,187,MQ,BOS,22
-8,7,28,6,22,187,MQ,BOS,24
-11,7,29,7,22,187,MQ,BOS,25
-1,7,30,1,22,187,MQ,BOS,26
11,7,31,2,22,187,MQ,BOS,27
35,7,1,7,8,187,MQ,BOS,3
-3,7,2,1,8,187,MQ,BOS,2
-11,7,3,2,8,187,MQ,BOS,1
-3,7,4,3,8,187,MQ,BOS,0
1,7,5,4,8,187,MQ,BOS,1
0,7,6,5,8,187,MQ,BOS,2
-3,7,7,6,8,187,MQ,BOS,3
-1,7,8,7,8,187,MQ,BOS,4
17,7,9,1,8,187,MQ,BOS,5
73,7,10,2,8,187,MQ,BOS,6
58,7,11,3,8,187,MQ,BOS,7
12,7,13,5,8,187,MQ,BOS,9
-1,7,14,6,8,187,MQ,BOS,10
-5,7,15,7,8,187,MQ,BOS,11
-4,7,16,1,8,187,MQ,BOS,12
-4,7,17,2,8,187,MQ,BOS,13
54,7,18,3,8,187,MQ,BOS,14
146,7,19,4,8,187,MQ,BOS,15
0,7,20,5,8,187,MQ,BOS,16
0,7,21,6,8,187,MQ,BOS,17
5,7,22,7,8,187,MQ,BOS,18
-4,7,23,1,8,187,MQ,BOS,19
-6,7,24,2,8,187,MQ,BOS,20
-6,7,25,3,8,187,MQ,BOS,21
13,7,26,4,8,187,MQ,BOS,22
35,7,27,5,8,187,MQ,BOS,23
7,7,28,6,8,187,MQ,BOS,24
23,7,29,7,8,187,MQ,BOS,25
71,7,30,1,8,187,MQ,BOS,26
-9,7,31,2,8,187,MQ,BOS,27
11,7,1,7,17,187,MQ,BOS,3
-1,7,2,1,17,187,MQ,BOS,2
-4,7,3,2,17,187,MQ,BOS,1
-5,7,4,3,17,187,MQ,BOS,0
7,7,5,4,17,187,MQ,BOS,1
-8,7,6,5,17,187,MQ,BOS,2
-3,7,7,6,17,187,MQ,BOS,3
4,7,8,7,17,187,MQ,BOS,4
-4,7,9,1,17,187,MQ,BOS,5
177,7,10,2,17,187,MQ,BOS,6
275,7,11,3,17,187,MQ,BOS,7
51,7,12,4,17,187,MQ,BOS,8
-5,7,13,5,17,187,MQ,BOS,9
-5,7,14,6,17,187,MQ,BOS,10
0,7,15,7,17,187,MQ,BOS,11
13,7,16,1,17,187,MQ,BOS,12
-4,7,17,2,17,187,MQ,BOS,13
63,7,18,3,17,187,MQ,BOS,14
60,7,19,4,17,187,MQ,BOS,15
-4,7,20,5,17,187,MQ,BOS,16
0,7,21,6,17,187,MQ,BOS,17
105,7,22,7,17,187,MQ,BOS,18
93,7,23,1,17,187,MQ,BOS,19
-3,7,24,2,17,187,MQ,BOS,20
-4,7,25,3,17,187,MQ,BOS,21
21,7,26,4,17,187,MQ,BOS,22
29,7,27,5,17,187,MQ,BOS,23
125,7,28,6,17,187,MQ,BOS,24
108,7,29,7,17,187,MQ,BOS,25
42,7,30,1,17,187,MQ,BOS,26
-9,7,31,2,17,187,MQ,BOS,27
-7,7,1,7,14,187,MQ,BOS,3
-4,7,2,1,14,187,MQ,BOS,2
-4,7,3,2,14,187,MQ,BOS,1
-4,7,4,3,14,187,MQ,BOS,0
-1,7,5,4,14,187,MQ,BOS,1
-7,7,6,5,14,187,MQ,BOS,2
-6,7,7,6,14,187,MQ,BOS,3
-4,7,8,7,14,187,MQ,BOS,4
-10,7,9,1,14,187,MQ,BOS,5
76,7,10,2,14,187,MQ,BOS,6
-6,7,11,3,14,187,MQ,BOS,7
-1,7,12,4,14,187,MQ,BOS,8
-9,7,13,5,14,187,MQ,BOS,9
-3,7,14,6,14,187,MQ,BOS,10
0,7,15,7,14,187,MQ,BOS,11
-5,7,16,1,14,187,MQ,BOS,12
-2,7,17,2,14,187,MQ,BOS,13
13,7,19,4,14,187,MQ,BOS,15
-3,7,20,5,14,187,MQ,BOS,16
-4,7,22,7,14,187,MQ,BOS,18
8,7,24,2,14,187,MQ,BOS,20
-7,7,25,3,14,187,MQ,BOS,21
-4,7,26,4,14,187,MQ,BOS,22
-3,7,27,5,14,187,MQ,BOS,23
-2,7,28,6,14,187,MQ,BOS,24
120,7,29,7,14,187,MQ,BOS,25
3,7,30,1,14,187,MQ,BOS,26
-6,7,31,2,14,187,MQ,BOS,27
-3,7,1,7,10,187,MQ,BOS,3
-5,7,2,1,10,187,MQ,BOS,2
-9,7,3,2,10,187,MQ,BOS,1
-1,7,4,3,10,187,MQ,BOS,0
-7,7,5,4,10,187,MQ,BOS,1
-2,7,6,5,10,187,MQ,BOS,2
-3,7,7,6,10,187,MQ,BOS,3
-5,7,8,7,10,187,MQ,BOS,4
4,7,9,1,10,187,MQ,BOS,5
-6,7,11,3,10,187,MQ,BOS,7
-7,7,12,4,10,187,MQ,BOS,8
-1,7,13,5,10,187,MQ,BOS,9
-4,7,14,6,10,187,MQ,BOS,10
-3,7,15,7,10,187,MQ,BOS,11
-7,7,16,1,10,187,MQ,BOS,12
-5,7,17,2,10,187,MQ,BOS,13
104,7,19,4,10,187,MQ,BOS,15
-9,7,20,5,10,187,MQ,BOS,16
-5,7,21,6,10,187,MQ,BOS,17
-2,7,22,7,10,187,MQ,BOS,18
0,7,23,1,10,187,MQ,BOS,19
-6,7,24,2,10,187,MQ,BOS,20
-4,7,25,3,10,187,MQ,BOS,21
-7,7,26,4,10,187,MQ,BOS,22
-7,7,27,5,10,187,MQ,BOS,23
-2,7,28,6,10,187,MQ,BOS,24
25,7,29,7,10,187,MQ,BOS,25
91,7,30,1,10,187,MQ,BOS,26
-7,7,31,2,10,187,MQ,BOS,27
-3,7,7,6,15,187,MQ,BOS,3
-1,7,14,6,15,187,MQ,BOS,10
-2,7,21,6,15,187,MQ,BOS,17
21,7,28,6,15,187,MQ,BOS,24
-7,7,1,7,17,426,MQ,RDU,3
-6,7,2,1,17,426,MQ,RDU,2
-7,7,3,2,17,426,MQ,RDU,1
-9,7,4,3,17,426,MQ,RDU,0
-2,7,5,4,17,426,MQ,RDU,1
10,7,6,5,17,426,MQ,RDU,2
-7,7,7,6,17,426,MQ,RDU,3
0,7,8,7,17,426,MQ,RDU,4
11,7,9,1,17,426,MQ,RDU,5
20,7,12,4,17,426,MQ,RDU,8
-7,7,13,5,17,426,MQ,RDU,9
61,7,14,6,17,426,MQ,RDU,10
-3,7,15,7,17,426,MQ,RDU,11
11,7,16,1,17,426,MQ,RDU,12
5,7,17,2,17,426,MQ,RDU,13
189,7,20,5,17,426,MQ,RDU,16
-6,7,21,6,17,426,MQ,RDU,17
39,7,22,7,17,426,MQ,RDU,18
9,7,24,2,17,426,MQ,RDU,20
-6,7,25,3,17,426,MQ,RDU,21
-1,7,26,4,17,426,MQ,RDU,22
47,7,27,5,17,426,MQ,RDU,23
27,7,28,6,17,426,MQ,RDU,24
65,7,30,1,17,426,MQ,RDU,26
0,7,31,2,17,426,MQ,RDU,27
-3,7,1,7,13,426,MQ,RDU,3
-6,7,2,1,13,426,MQ,RDU,2
-4,7,3,2,13,426,MQ,RDU,1
-4,7,4,3,13,426,MQ,RDU,0
15,7,5,4,13,426,MQ,RDU,1
-7,7,6,5,13,426,MQ,RDU,2
-2,7,7,6,18,426,MQ,RDU,3
-3,7,8,7,13,426,MQ,RDU,4
-3,7,9,1,13,426,MQ,RDU,5
-7,7,11,3,13,426,MQ,RDU,7
-4,7,12,4,13,426,MQ,RDU,8
-7,7,13,5,13,426,MQ,RDU,9
0,7,14,6,18,426,MQ,RDU,10
0,7,15,7,13,426,MQ,RDU,11
-2,7,16,1,13,426,MQ,RDU,12
-2,7,17,2,13,426,MQ,RDU,13
62,7,18,3,13,426,MQ,RDU,14
6,7,19,4,13,426,MQ,RDU,15
-6,7,20,5,13,426,MQ,RDU,16
-9,7,21,6,18,426,MQ,RDU,17
5,7,22,7,13,426,MQ,RDU,18
49,7,23,1,13,426,MQ,RDU,19
-7,7,24,2,13,426,MQ,RDU,20
-1,7,25,3,13,426,MQ,RDU,21
-8,7,26,4,13,426,MQ,RDU,22
30,7,27,5,13,426,MQ,RDU,23
93,7,28,6,18,426,MQ,RDU,24
78,7,30,1,13,426,MQ,RDU,26
-5,7,31,2,13,426,MQ,RDU,27
-6,7,1,7,16,187,MQ,BOS,3
-7,7,2,1,16,187,MQ,BOS,2
-6,7,3,2,16,187,MQ,BOS,1
0,7,4,3,16,187,MQ,BOS,0
-2,7,5,4,16,187,MQ,BOS,1
281,7,6,5,16,187,MQ,BOS,2
-7,7,7,6,16,187,MQ,BOS,3
-5,7,8,7,16,187,MQ,BOS,4
175,7,9,1,16,187,MQ,BOS,5
32,7,11,3,16,187,MQ,BOS,7
16,7,12,4,16,187,MQ,BOS,8
-4,7,13,5,16,187,MQ,BOS,9
19,7,14,6,16,187,MQ,BOS,10
11,7,15,7,16,187,MQ,BOS,11
-1,7,16,1,16,187,MQ,BOS,12
4,7,17,2,16,187,MQ,BOS,13
164,7,18,3,16,187,MQ,BOS,14
-5,7,20,5,16,187,MQ,BOS,16
-3,7,21,6,16,187,MQ,BOS,17
-5,7,22,7,16,187,MQ,BOS,18
62,7,23,1,16,187,MQ,BOS,19
0,7,24,2,16,187,MQ,BOS,20
-3,7,25,3,16,187,MQ,BOS,21
-3,7,26,4,16,187,MQ,BOS,22
53,7,27,5,16,187,MQ,BOS,23
3,7,28,6,16,187,MQ,BOS,24
-2,7,31,2,16,187,MQ,BOS,27
-5,7,1,7,12,426,MQ,RDU,3
-8,7,2,1,12,426,MQ,RDU,2
-6,7,3,2,12,426,MQ,RDU,1
-6,7,4,3,12,426,MQ,RDU,0
-5,7,5,4,12,426,MQ,RDU,1
-7,7,6,5,12,426,MQ,RDU,2
-8,7,7,6,12,426,MQ,RDU,3
-7,7,8,7,12,426,MQ,RDU,4
10,7,9,1,12,426,MQ,RDU,5
55,7,10,2,12,426,MQ,RDU,6
13,7,11,3,12,426,MQ,RDU,7
-5,7,12,4,12,426,MQ,RDU,8
-5,7,13,5,12,426,MQ,RDU,9
20,7,14,6,12,426,MQ,RDU,10
-2,7,15,7,12,426,MQ,RDU,11
-2,7,16,1,12,426,MQ,RDU,12
127,7,18,3,12,426,MQ,RDU,14
30,7,19,4,12,426,MQ,RDU,15
44,7,20,5,12,426,MQ,RDU,16
-4,7,21,6,12,426,MQ,RDU,17
-3,7,22,7,12,426,MQ,RDU,18
99,7,23,1,12,426,MQ,RDU,19
0,7,24,2,12,426,MQ,RDU,20
-2,7,25,3,12,426,MQ,RDU,21
-2,7,26,4,12,426,MQ,RDU,22
43,7,27,5,12,426,MQ,RDU,23
1,7,28,6,12,426,MQ,RDU,24
322,7,29,7,12,426,MQ,RDU,25
152,7,30,1,12,426,MQ,RDU,26
-7,7,31,2,12,426,MQ,RDU,27
-3,7,1,7,8,426,MQ,RDU,3
1,7,2,1,8,426,MQ,RDU,2
-5,7,3,2,8,426,MQ,RDU,1
0,7,4,3,8,426,MQ,RDU,0
20,7,5,4,8,426,MQ,RDU,1
1,7,6,5,8,426,MQ,RDU,2
-3,7,7,6,8,426,MQ,RDU,3
-2,7,8,7,8,426,MQ,RDU,4
7,7,9,1,8,426,MQ,RDU,5
-1,7,10,2,8,426,MQ,RDU,6
55,7,11,3,8,426,MQ,RDU,7
-4,7,12,4,8,426,MQ,RDU,8
-5,7,13,5,8,426,MQ,RDU,9
-6,7,14,6,8,426,MQ,RDU,10
-2,7,15,7,8,426,MQ,RDU,11
-2,7,16,1,8,426,MQ,RDU,12
-6,7,17,2,8,426,MQ,RDU,13
29,7,18,3,8,426,MQ,RDU,14
255,7,19,4,8,426,MQ,RDU,15
45,7,20,5,8,426,MQ,RDU,16
-5,7,21,6,8,426,MQ,RDU,17
-8,7,22,7,8,426,MQ,RDU,18
13,7,23,1,8,426,MQ,RDU,19
-9,7,24,2,8,426,MQ,RDU,20
-1,7,25,3,8,426,MQ,RDU,21
-5,7,26,4,8,426,MQ,RDU,22
27,7,27,5,8,426,MQ,RDU,23
-4,7,28,6,8,426,MQ,RDU,24
-2,7,29,7,8,426,MQ,RDU,25
4,7,30,1,8,426,MQ,RDU,26
-2,7,31,2,8,426,MQ,RDU,27
27,7,1,7,21,426,MQ,RDU,3
0,7,2,1,21,426,MQ,RDU,2
26,7,3,2,21,426,MQ,RDU,1
-3,7,4,3,21,426,MQ,RDU,0
74,7,5,4,21,426,MQ,RDU,1
-5,7,6,5,21,426,MQ,RDU,2
-2,7,7,6,21,426,MQ,RDU,3
-4,7,8,7,21,426,MQ,RDU,4
32,7,9,1,21,426,MQ,RDU,5
22,7,10,2,21,426,MQ,RDU,6
150,7,11,3,21,426,MQ,RDU,7
-7,7,12,4,21,426,MQ,RDU,8
-5,7,13,5,21,426,MQ,RDU,9
10,7,14,6,21,426,MQ,RDU,10
37,7,15,7,21,426,MQ,RDU,11
-2,7,16,1,21,426,MQ,RDU,12
98,7,17,2,21,426,MQ,RDU,13
41,7,18,3,21,426,MQ,RDU,14
200,7,19,4,21,426,MQ,RDU,15
20,7,20,5,21,426,MQ,RDU,16
28,7,21,6,21,426,MQ,RDU,17
25,7,22,7,21,426,MQ,RDU,18
87,7,23,1,21,426,MQ,RDU,19
-5,7,24,2,21,426,MQ,RDU,20
-5,7,25,3,21,426,MQ,RDU,21
50,7,26,4,21,426,MQ,RDU,22
89,7,28,6,21,426,MQ,RDU,24
37,7,30,1,21,426,MQ,RDU,26
43,7,31,2,21,426,MQ,RDU,27
20,7,1,7,15,426,MQ,RDU,3
-4,7,2,1,15,426,MQ,RDU,2
-2,7,3,2,15,426,MQ,RDU,1
-6,7,4,3,15,426,MQ,RDU,0
-7,7,5,4,15,426,MQ,RDU,1
-1,7,6,5,15,426,MQ,RDU,2
0,7,7,6,15,426,MQ,RDU,3
3,7,8,7,15,426,MQ,RDU,4
-5,7,9,1,15,426,MQ,RDU,5
224,7,10,2,15,426,MQ,RDU,6
14,7,11,3,15,426,MQ,RDU,7
1,7,12,4,15,426,MQ,RDU,8
0,7,13,5,15,426,MQ,RDU,9
-2,7,14,6,15,426,MQ,RDU,10
-4,7,15,7,15,426,MQ,RDU,11
-4,7,16,1,15,426,MQ,RDU,12
8,7,17,2,15,426,MQ,RDU,13
51,7,19,4,15,426,MQ,RDU,15
5,7,20,5,15,426,MQ,RDU,16
11,7,21,6,15,426,MQ,RDU,17
2,7,22,7,15,426,MQ,RDU,18
-5,7,23,1,15,426,MQ,RDU,19
-4,7,24,2,15,426,MQ,RDU,20
-5,7,25,3,15,426,MQ,RDU,21
2,7,26,4,15,426,MQ,RDU,22
4,7,27,5,15,426,MQ,RDU,23
86,7,28,6,15,426,MQ,RDU,24
448,7,29,7,15,426,MQ,RDU,25
6,7,30,1,15,426,MQ,RDU,26
18,7,31,2,15,426,MQ,RDU,27
6,7,1,7,16,892,MQ,STL,3
-3,7,2,1,16,892,MQ,STL,2
0,7,3,2,16,892,MQ,STL,1
-5,7,4,3,16,892,MQ,STL,0
-5,7,5,4,16,892,MQ,STL,1
-5,7,6,5,16,892,MQ,STL,2
69,7,7,6,16,892,MQ,STL,3
-8,7,8,7,16,892,MQ,STL,4
28,7,9,1,16,892,MQ,STL,5
315,7,10,2,16,892,MQ,STL,6
1,7,11,3,16,892,MQ,STL,7
-4,7,12,4,16,892,MQ,STL,8
-6,7,13,5,16,892,MQ,STL,9
44,7,14,6,16,892,MQ,STL,10
-11,7,15,7,16,892,MQ,STL,11
-4,7,16,1,16,892,MQ,STL,12
0,7,17,2,16,892,MQ,STL,13
11,7,19,4,16,892,MQ,STL,15
-4,7,20,5,16,892,MQ,STL,16
8,7,21,6,16,892,MQ,STL,17
92,7,22,7,16,892,MQ,STL,18
61,7,23,1,16,892,MQ,STL,19
-3,7,24,2,16,892,MQ,STL,20
-12,7,25,3,16,892,MQ,STL,21
-6,7,26,4,16,892,MQ,STL,22
9,7,27,5,16,892,MQ,STL,23
61,7,28,6,16,892,MQ,STL,24
93,7,30,1,16,892,MQ,STL,26
59,7,31,2,16,892,MQ,STL,27
74,7,7,6,19,426,MQ,RDU,3
-10,7,14,6,19,426,MQ,RDU,10
2,7,21,6,19,426,MQ,RDU,17
35,7,28,6,19,426,MQ,RDU,24
-4,7,1,7,16,213,MQ,DCA,3
-10,7,2,1,16,213,MQ,DCA,2
-6,7,3,2,16,213,MQ,DCA,1
0,7,4,3,16,213,MQ,DCA,0
-2,7,5,4,16,213,MQ,DCA,1
42,7,6,5,16,213,MQ,DCA,2
-11,7,7,6,16,213,MQ,DCA,3
-3,7,8,7,16,213,MQ,DCA,4
18,7,9,1,16,213,MQ,DCA,5
109,7,10,2,16,213,MQ,DCA,6
-3,7,11,3,16,213,MQ,DCA,7
-1,7,12,4,16,213,MQ,DCA,8
-4,7,13,5,16,213,MQ,DCA,9
0,7,14,6,16,213,MQ,DCA,10
22,7,15,7,16,213,MQ,DCA,11
14,7,16,1,16,213,MQ,DCA,12
0,7,17,2,16,213,MQ,DCA,13
33,7,19,4,16,213,MQ,DCA,15
-5,7,20,5,16,213,MQ,DCA,16
-12,7,21,6,16,213,MQ,DCA,17
15,7,22,7,16,213,MQ,DCA,18
44,7,23,1,16,213,MQ,DCA,19
97,7,24,2,16,213,MQ,DCA,20
-8,7,25,3,16,213,MQ,DCA,21
-1,7,26,4,16,213,MQ,DCA,22
-3,7,27,5,16,213,MQ,DCA,23
53,7,28,6,16,213,MQ,DCA,24
-1,7,30,1,16,213,MQ,DCA,26
0,7,31,2,16,213,MQ,DCA,27
-7,7,1,7,20,213,MQ,DCA,3
17,7,2,1,20,213,MQ,DCA,2
-5,7,3,2,20,213,MQ,DCA,1
97,7,4,3,20,213,MQ,DCA,0
61,7,5,4,20,213,MQ,DCA,1
3,7,6,5,20,213,MQ,DCA,2
56,7,7,6,20,213,MQ,DCA,3
-10,7,8,7,20,213,MQ,DCA,4
-1,7,9,1,20,213,MQ,DCA,5
176,7,11,3,20,213,MQ,DCA,7
-7,7,12,4,20,213,MQ,DCA,8
55,7,13,5,20,213,MQ,DCA,9
-5,7,14,6,20,213,MQ,DCA,10
43,7,15,7,20,213,MQ,DCA,11
12,7,16,1,20,213,MQ,DCA,12
170,7,17,2,20,213,MQ,DCA,13
-10,7,18,3,20,213,MQ,DCA,14
262,7,19,4,20,213,MQ,DCA,15
55,7,20,5,20,213,MQ,DCA,16
-1,7,21,6,20,213,MQ,DCA,17
43,7,22,7,20,213,MQ,DCA,18
154,7,23,1,20,213,MQ,DCA,19
-3,7,24,2,20,213,MQ,DCA,20
-10,7,25,3,20,213,MQ,DCA,21
-7,7,26,4,20,213,MQ,DCA,22
246,7,27,5,20,213,MQ,DCA,23
32,7,28,6,20,213,MQ,DCA,24
184,7,29,7,20,213,MQ,DCA,25
42,7,30,1,20,213,MQ,DCA,26
52,7,31,2,20,213,MQ,DCA,27
-1,7,1,7,22,213,MQ,DCA,3
35,7,2,1,22,213,MQ,DCA,2
-3,7,3,2,22,213,MQ,DCA,1
6,7,4,3,22,213,MQ,DCA,0
9,7,5,4,22,213,MQ,DCA,1
-5,7,6,5,22,213,MQ,DCA,2
-5,7,7,6,22,213,MQ,DCA,3
10,7,8,7,22,213,MQ,DCA,4
12,7,9,1,22,213,MQ,DCA,5
-2,7,10,2,22,213,MQ,DCA,6
52,7,11,3,22,213,MQ,DCA,7
6,7,12,4,22,213,MQ,DCA,8
-5,7,13,5,22,213,MQ,DCA,9
-4,7,14,6,22,213,MQ,DCA,10
-4,7,15,7,22,213,MQ,DCA,11
-5,7,16,1,22,213,MQ,DCA,12
3,7,17,2,22,213,MQ,DCA,13
1,7,18,3,22,213,MQ,DCA,14
54,7,19,4,22,213,MQ,DCA,15
-2,7,20,5,22,213,MQ,DCA,16
-2,7,21,6,22,213,MQ,DCA,17
21,7,22,7,22,213,MQ,DCA,18
67,7,23,1,22,213,MQ,DCA,19
-1,7,24,2,22,213,MQ,DCA,20
-6,7,25,3,22,213,MQ,DCA,21
-3,7,26,4,22,213,MQ,DCA,22
96,7,27,5,22,213,MQ,DCA,23
66,7,28,6,22,213,MQ,DCA,24
51,7,29,7,22,213,MQ,DCA,25
25,7,30,1,22,213,MQ,DCA,26
0,7,31,2,22,213,MQ,DCA,27
-11,7,7,6,13,213,MQ,DCA,3
-2,7,14,6,13,213,MQ,DCA,10
-4,7,21,6,13,213,MQ,DCA,17
-1,7,28,6,13,213,MQ,DCA,24
-10,7,1,7,14,213,MQ,DCA,3
-3,7,8,7,14,213,MQ,DCA,4
-1,7,15,7,14,213,MQ,DCA,11
-1,7,22,7,14,213,MQ,DCA,18
-2,7,1,7,9,213,MQ,DCA,3
15,7,2,1,9,213,MQ,DCA,2
-3,7,3,2,9,213,MQ,DCA,1
-3,7,4,3,9,213,MQ,DCA,0
-10,7,5,4,9,213,MQ,DCA,1
-7,7,7,6,9,213,MQ,DCA,3
-1,7,8,7,9,213,MQ,DCA,4
32,7,9,1,9,213,MQ,DCA,5
-5,7,10,2,9,213,MQ,DCA,6
57,7,11,3,9,213,MQ,DCA,7
-3,7,12,4,9,213,MQ,DCA,8
-6,7,13,5,9,213,MQ,DCA,9
-5,7,14,6,9,213,MQ,DCA,10
-2,7,15,7,9,213,MQ,DCA,11
-5,7,16,1,9,213,MQ,DCA,12
0,7,17,2,9,213,MQ,DCA,13
-3,7,18,3,9,213,MQ,DCA,14
162,7,19,4,9,213,MQ,DCA,15
-5,7,20,5,9,213,MQ,DCA,16
-3,7,21,6,9,213,MQ,DCA,17
7,7,22,7,9,213,MQ,DCA,18
0,7,23,1,9,213,MQ,DCA,19
-2,7,24,2,9,213,MQ,DCA,20
-4,7,25,3,9,213,MQ,DCA,21
0,7,26,4,9,213,MQ,DCA,22
63,7,27,5,9,213,MQ,DCA,23
-1,7,28,6,9,213,MQ,DCA,24
109,7,29,7,9,213,MQ,DCA,25
11,7,30,1,9,213,MQ,DCA,26
-1,7,31,2,9,213,MQ,DCA,27
-3,7,1,7,11,1028,NW,MSP,3
12,7,2,1,11,1028,NW,MSP,2
28,7,3,2,11,1028,NW,MSP,1
0,7,4,3,11,1028,NW,MSP,0
-6,7,5,4,11,1028,NW,MSP,1
-12,7,6,5,11,1028,NW,MSP,2
4,7,7,6,11,1028,NW,MSP,3
-6,7,8,7,11,1028,NW,MSP,4
-2,7,9,1,11,1028,NW,MSP,5
3,7,10,2,11,1028,NW,MSP,6
-2,7,11,3,11,1028,NW,MSP,7
6,7,12,4,11,1028,NW,MSP,8
-7,7,13,5,11,1028,NW,MSP,9
22,7,14,6,11,1028,NW,MSP,10
-9,7,15,7,11,1028,NW,MSP,11
-3,7,16,1,11,1028,NW,MSP,12
-1,7,17,2,11,1028,NW,MSP,13
63,7,18,3,11,1028,NW,MSP,14
82,7,19,4,11,1028,NW,MSP,15
9,7,20,5,11,1028,NW,MSP,16
-1,7,22,7,11,1028,NW,MSP,18
1,7,24,2,11,1028,NW,MSP,20
9,7,25,3,11,1028,NW,MSP,21
31,7,26,4,11,1028,NW,MSP,22
-4,7,27,5,11,1028,NW,MSP,23
1,7,28,6,11,1028,NW,MSP,24
0,7,29,7,11,1028,NW,MSP,25
-4,7,30,1,11,1028,NW,MSP,26
-8,7,31,2,11,1028,NW,MSP,27
-4,7,1,7,17,1028,NW,MSP,3
-9,7,2,1,17,1028,NW,MSP,2
-3,7,3,2,17,1028,NW,MSP,1
-3,7,4,3,17,1028,NW,MSP,0
37,7,5,4,17,1028,NW,MSP,1
0,7,6,5,17,1028,NW,MSP,2
-1,7,7,6,17,1028,NW,MSP,3
-2,7,8,7,17,1028,NW,MSP,4
-2,7,9,1,17,1028,NW,MSP,5
0,7,12,4,17,1028,NW,MSP,8
-7,7,13,5,17,1028,NW,MSP,9
-2,7,14,6,17,1028,NW,MSP,10
-6,7,15,7,17,1028,NW,MSP,11
-4,7,16,1,17,1028,NW,MSP,12
-11,7,17,2,17,1028,NW,MSP,13
39,7,18,3,17,1028,NW,MSP,14
12,7,20,5,17,1028,NW,MSP,16
18,7,21,6,17,1028,NW,MSP,17
70,7,22,7,17,1028,NW,MSP,18
49,7,23,1,17,1028,NW,MSP,19
4,7,24,2,17,1028,NW,MSP,20
4,7,25,3,17,1028,NW,MSP,21
16,7,26,4,17,1028,NW,MSP,22
263,7,27,5,17,1028,NW,MSP,23
21,7,28,6,17,1028,NW,MSP,24
95,7,30,1,17,1028,NW,MSP,26
67,7,31,2,17,1028,NW,MSP,27
-4,7,1,7,8,1028,NW,MSP,3
-6,7,2,1,8,1028,NW,MSP,2
-7,7,3,2,8,1028,NW,MSP,1
-1,7,4,3,8,1028,NW,MSP,0
-2,7,5,4,8,1028,NW,MSP,1
-2,7,6,5,8,1028,NW,MSP,2
-4,7,7,6,8,1028,NW,MSP,3
-7,7,8,7,8,1028,NW,MSP,4
-2,7,9,1,8,1028,NW,MSP,5
-1,7,11,3,8,1028,NW,MSP,7
-6,7,12,4,8,1028,NW,MSP,8
-3,7,13,5,8,1028,NW,MSP,9
-3,7,14,6,8,1028,NW,MSP,10
2,7,15,7,8,1028,NW,MSP,11
-3,7,16,1,8,1028,NW,MSP,12
-2,7,17,2,8,1028,NW,MSP,13
301,7,18,3,8,1028,NW,MSP,14
8,7,19,4,8,1028,NW,MSP,15
-1,7,20,5,8,1028,NW,MSP,16
-5,7,21,6,8,1028,NW,MSP,17
90,7,22,7,8,1028,NW,MSP,18
8,7,23,1,8,1028,NW,MSP,19
-3,7,24,2,8,1028,NW,MSP,20
-1,7,25,3,8,1028,NW,MSP,21
-3,7,26,4,8,1028,NW,MSP,22
-3,7,27,5,8,1028,NW,MSP,23
21,7,28,6,8,1028,NW,MSP,24
-3,7,29,7,8,1028,NW,MSP,25
-2,7,30,1,8,1028,NW,MSP,26
29,7,31,2,8,1028,NW,MSP,27
-6,7,1,7,16,508,NW,DTW,3
8,7,2,1,16,508,NW,DTW,2
-3,7,4,3,16,508,NW,DTW,0
-6,7,5,4,16,508,NW,DTW,1
-1,7,6,5,16,508,NW,DTW,2
-8,7,7,6,16,508,NW,DTW,3
27,7,8,7,16,508,NW,DTW,4
21,7,12,4,16,508,NW,DTW,8
-9,7,14,6,16,508,NW,DTW,10
-2,7,16,1,16,508,NW,DTW,12
14,7,17,2,16,508,NW,DTW,13
0,7,18,3,16,508,NW,DTW,14
45,7,20,5,16,508,NW,DTW,16
59,7,22,7,16,508,NW,DTW,18
14,7,24,2,16,508,NW,DTW,20
-5,7,25,3,16,508,NW,DTW,21
-9,7,26,4,16,508,NW,DTW,22
49,7,28,6,16,508,NW,DTW,24
3,7,31,2,16,508,NW,DTW,27
-6,7,2,1,9,508,NW,DTW,2
-11,7,3,2,9,508,NW,DTW,1
-3,7,4,3,9,508,NW,DTW,0
-7,7,5,4,9,508,NW,DTW,1
-4,7,6,5,9,508,NW,DTW,2
-3,7,7,6,9,508,NW,DTW,3
-10,7,9,1,9,508,NW,DTW,5
-5,7,10,2,9,508,NW,DTW,6
-5,7,11,3,9,508,NW,DTW,7
-7,7,12,4,9,508,NW,DTW,8
-8,7,13,5,9,508,NW,DTW,9
1,7,14,6,9,508,NW,DTW,10
-8,7,16,1,9,508,NW,DTW,12
-8,7,17,2,9,508,NW,DTW,13
7,7,19,4,9,508,NW,DTW,15
-2,7,20,5,9,508,NW,DTW,16
1,7,21,6,9,508,NW,DTW,17
4,7,23,1,9,508,NW,DTW,19
-3,7,24,2,9,508,NW,DTW,20
-3,7,25,3,9,508,NW,DTW,21
-2,7,26,4,9,508,NW,DTW,22
-11,7,27,5,9,508,NW,DTW,23
-4,7,31,2,9,508,NW,DTW,27
0,7,1,7,9,2475,AA,LAX,3
1,7,2,1,9,2475,AA,LAX,2
-8,7,3,2,9,2475,AA,LAX,1
-4,7,4,3,9,2475,AA,LAX,0
59,7,5,4,9,2475,AA,LAX,1
-10,7,6,5,9,2475,AA,LAX,2
3,7,7,6,9,2475,AA,LAX,3
6,7,8,7,9,2475,AA,LAX,4
-7,7,9,1,9,2475,AA,LAX,5
-4,7,10,2,9,2475,AA,LAX,6
-2,7,11,3,9,2475,AA,LAX,7
2,7,12,4,9,2475,AA,LAX,8
102,7,13,5,9,2475,AA,LAX,9
0,7,14,6,9,2475,AA,LAX,10
-6,7,15,7,9,2475,AA,LAX,11
-5,7,16,1,9,2475,AA,LAX,12
-9,7,17,2,9,2475,AA,LAX,13
21,7,18,3,9,2475,AA,LAX,14
-2,7,19,4,9,2475,AA,LAX,15
-8,7,20,5,9,2475,AA,LAX,16
-3,7,21,6,9,2475,AA,LAX,17
-4,7,22,7,9,2475,AA,LAX,18
-3,7,23,1,9,2475,AA,LAX,19
11,7,24,2,9,2475,AA,LAX,20
-1,7,25,3,9,2475,AA,LAX,21
-5,7,26,4,9,2475,AA,LAX,22
-2,7,27,5,9,2475,AA,LAX,23
-4,7,28,6,9,2475,AA,LAX,24
33,7,29,7,9,2475,AA,LAX,25
-2,7,30,1,9,2475,AA,LAX,26
-5,7,31,2,9,2475,AA,LAX,27
17,7,1,7,12,2475,AA,LAX,3
-4,7,2,1,12,2475,AA,LAX,2
-8,7,3,2,12,2475,AA,LAX,1
-15,7,4,3,12,2475,AA,LAX,0
-6,7,5,4,12,2475,AA,LAX,1
-5,7,6,5,12,2475,AA,LAX,2
-5,7,7,6,12,2475,AA,LAX,3
39,7,8,7,12,2475,AA,LAX,4
72,7,9,1,12,2475,AA,LAX,5
2,7,10,2,12,2475,AA,LAX,6
9,7,11,3,12,2475,AA,LAX,7
34,7,12,4,12,2475,AA,LAX,8
-1,7,13,5,12,2475,AA,LAX,9
81,7,14,6,12,2475,AA,LAX,10
-1,7,15,7,12,2475,AA,LAX,11
-6,7,16,1,12,2475,AA,LAX,12
-2,7,17,2,12,2475,AA,LAX,13
24,7,18,3,12,2475,AA,LAX,14
39,7,19,4,12,2475,AA,LAX,15
31,7,20,5,12,2475,AA,LAX,16
-5,7,21,6,12,2475,AA,LAX,17
-6,7,22,7,12,2475,AA,LAX,18
4,7,23,1,12,2475,AA,LAX,19
42,7,24,2,12,2475,AA,LAX,20
-7,7,25,3,12,2475,AA,LAX,21
5,7,26,4,12,2475,AA,LAX,22
-9,7,27,5,12,2475,AA,LAX,23
53,7,28,6,12,2475,AA,LAX,24
38,7,29,7,12,2475,AA,LAX,25
-5,7,30,1,12,2475,AA,LAX,26
-8,7,31,2,12,2475,AA,LAX,27
11,7,1,7,11,2586,AA,SFO,3
-7,7,2,1,11,2586,AA,SFO,2
-5,7,3,2,11,2586,AA,SFO,1
-9,7,4,3,11,2586,AA,SFO,0
54,7,5,4,11,2586,AA,SFO,1
-1,7,6,5,11,2586,AA,SFO,2
-8,7,7,6,11,2586,AA,SFO,3
137,7,8,7,11,2586,AA,SFO,4
-1,7,9,1,11,2586,AA,SFO,5
69,7,10,2,11,2586,AA,SFO,6
-2,7,11,3,11,2586,AA,SFO,7
-5,7,12,4,11,2586,AA,SFO,8
-1,7,13,5,11,2586,AA,SFO,9
-6,7,14,6,11,2586,AA,SFO,10
-5,7,15,7,11,2586,AA,SFO,11
-7,7,16,1,11,2586,AA,SFO,12
-5,7,17,2,11,2586,AA,SFO,13
204,7,18,3,11,2586,AA,SFO,14
3,7,19,4,11,2586,AA,SFO,15
-5,7,20,5,11,2586,AA,SFO,16
-3,7,21,6,11,2586,AA,SFO,17
-2,7,22,7,11,2586,AA,SFO,18
26,7,23,1,11,2586,AA,SFO,19
7,7,24,2,11,2586,AA,SFO,20
-4,7,25,3,11,2586,AA,SFO,21
-6,7,26,4,11,2586,AA,SFO,22
-7,7,27,5,11,2586,AA,SFO,23
46,7,28,6,11,2586,AA,SFO,24
-1,7,29,7,11,2586,AA,SFO,25
0,7,30,1,11,2586,AA,SFO,26
293,7,31,2,11,2586,AA,SFO,27
-3,7,1,7,11,2475,AA,LAX,3
-7,7,2,1,11,2475,AA,LAX,2
-2,7,3,2,11,2475,AA,LAX,1
-5,7,4,3,11,2475,AA,LAX,0
-6,7,5,4,11,2475,AA,LAX,1
-2,7,6,5,11,2475,AA,LAX,2
75,7,8,7,11,2475,AA,LAX,4
-3,7,9,1,11,2475,AA,LAX,5
4,7,10,2,11,2475,AA,LAX,6
0,7,11,3,11,2475,AA,LAX,7
63,7,12,4,11,2475,AA,LAX,8
-1,7,13,5,11,2475,AA,LAX,9
-6,7,15,7,11,2475,AA,LAX,11
-3,7,16,1,11,2475,AA,LAX,12
-6,7,17,2,11,2475,AA,LAX,13
3,7,18,3,11,2475,AA,LAX,14
61,7,19,4,11,2475,AA,LAX,15
11,7,20,5,11,2475,AA,LAX,16
-5,7,22,7,11,2475,AA,LAX,18
24,7,23,1,11,2475,AA,LAX,19
-5,7,24,2,11,2475,AA,LAX,20
-1,7,25,3,11,2475,AA,LAX,21
-4,7,26,4,11,2475,AA,LAX,22
0,7,27,5,11,2475,AA,LAX,23
-4,7,29,7,11,2475,AA,LAX,25
0,7,30,1,11,2475,AA,LAX,26
-5,7,31,2,11,2475,AA,LAX,27
0,7,1,7,19,2475,AA,LAX,3
-6,7,2,1,19,2475,AA,LAX,2
9,7,3,2,19,2475,AA,LAX,1
-1,7,4,3,19,2475,AA,LAX,0
26,7,5,4,19,2475,AA,LAX,1
24,7,6,5,19,2475,AA,LAX,2
32,7,7,6,19,2475,AA,LAX,3
17,7,8,7,19,2475,AA,LAX,4
-8,7,9,1,19,2475,AA,LAX,5
49,7,10,2,19,2475,AA,LAX,6
20,7,12,4,19,2475,AA,LAX,8
-6,7,13,5,19,2475,AA,LAX,9
1,7,14,6,19,2475,AA,LAX,10
-3,7,15,7,19,2475,AA,LAX,11
81,7,16,1,19,2475,AA,LAX,12
22,7,17,2,19,2475,AA,LAX,13
57,7,18,3,19,2475,AA,LAX,14
19,7,19,4,19,2475,AA,LAX,15
10,7,20,5,19,2475,AA,LAX,16
1,7,21,6,19,2475,AA,LAX,17
27,7,22,7,19,2475,AA,LAX,18
87,7,23,1,19,2475,AA,LAX,19
8,7,24,2,19,2475,AA,LAX,20
35,7,25,3,19,2475,AA,LAX,21
101,7,26,4,19,2475,AA,LAX,22
265,7,27,5,19,2475,AA,LAX,23
-1,7,28,6,19,2475,AA,LAX,24
8,7,29,7,19,2475,AA,LAX,25
93,7,30,1,19,2475,AA,LAX,26
101,7,31,2,19,2475,AA,LAX,27
-2,7,1,7,7,2475,AA,LAX,3
-6,7,2,1,7,2475,AA,LAX,2
-4,7,3,2,7,2475,AA,LAX,1
-6,7,5,4,7,2475,AA,LAX,1
-5,7,6,5,7,2475,AA,LAX,2
1,7,7,6,7,2475,AA,LAX,3
-6,7,8,7,7,2475,AA,LAX,4
-1,7,9,1,7,2475,AA,LAX,5
-9,7,10,2,7,2475,AA,LAX,6
0,7,11,3,7,2475,AA,LAX,7
0,7,12,4,7,2475,AA,LAX,8
43,7,13,5,7,2475,AA,LAX,9
12,7,14,6,7,2475,AA,LAX,10
-1,7,15,7,7,2475,AA,LAX,11
-1,7,16,1,7,2475,AA,LAX,12
-5,7,17,2,7,2475,AA,LAX,13
-5,7,18,3,7,2475,AA,LAX,14
-4,7,19,4,7,2475,AA,LAX,15
-7,7,20,5,7,2475,AA,LAX,16
12,7,21,6,7,2475,AA,LAX,17
-3,7,22,7,7,2475,AA,LAX,18
-2,7,23,1,7,2475,AA,LAX,19
-7,7,24,2,7,2475,AA,LAX,20
-1,7,25,3,7,2475,AA,LAX,21
-7,7,26,4,7,2475,AA,LAX,22
-5,7,27,5,7,2475,AA,LAX,23
-5,7,28,6,7,2475,AA,LAX,24
-3,7,29,7,7,2475,AA,LAX,25
35,7,30,1,7,2475,AA,LAX,26
-2,7,31,2,7,2475,AA,LAX,27
-2,7,2,1,7,2586,AA,SFO,2
-6,7,3,2,7,2586,AA,SFO,1
-4,7,4,3,7,2586,AA,SFO,0
-5,7,5,4,7,2586,AA,SFO,1
-5,7,6,5,7,2586,AA,SFO,2
-3,7,7,6,7,2586,AA,SFO,3
-6,7,9,1,7,2586,AA,SFO,5
-6,7,10,2,7,2586,AA,SFO,6
-2,7,11,3,7,2586,AA,SFO,7
-10,7,12,4,7,2586,AA,SFO,8
-7,7,13,5,7,2586,AA,SFO,9
-5,7,14,6,7,2586,AA,SFO,10
-3,7,16,1,7,2586,AA,SFO,12
-3,7,17,2,7,2586,AA,SFO,13
-1,7,18,3,7,2586,AA,SFO,14
-6,7,19,4,7,2586,AA,SFO,15
-5,7,20,5,7,2586,AA,SFO,16
-2,7,21,6,7,2586,AA,SFO,17
-3,7,23,1,7,2586,AA,SFO,19
-1,7,24,2,7,2586,AA,SFO,20
38,7,25,3,7,2586,AA,SFO,21
-2,7,26,4,7,2586,AA,SFO,22
-4,7,27,5,7,2586,AA,SFO,23
0,7,28,6,7,2586,AA,SFO,24
41,7,30,1,7,2586,AA,SFO,26
193,7,31,2,7,2586,AA,SFO,27
63,7,1,7,15,2586,AA,SFO,3
3,7,2,1,15,2586,AA,SFO,2
30,7,3,2,15,2586,AA,SFO,1
-4,7,4,3,15,2586,AA,SFO,0
-4,7,5,4,15,2586,AA,SFO,1
-5,7,6,5,15,2586,AA,SFO,2
8,7,7,6,15,2586,AA,SFO,3
-4,7,8,7,15,2586,AA,SFO,4
-5,7,9,1,15,2586,AA,SFO,5
51,7,10,2,15,2586,AA,SFO,6
-3,7,11,3,15,2586,AA,SFO,7
-3,7,12,4,15,2586,AA,SFO,8
-3,7,13,5,15,2586,AA,SFO,9
-1,7,14,6,15,2586,AA,SFO,10
-4,7,15,7,15,2586,AA,SFO,11
0,7,16,1,15,2586,AA,SFO,12
-1,7,17,2,15,2586,AA,SFO,13
18,7,18,3,15,2586,AA,SFO,14
2,7,19,4,15,2586,AA,SFO,15
-2,7,20,5,15,2586,AA,SFO,16
9,7,21,6,15,2586,AA,SFO,17
29,7,22,7,15,2586,AA,SFO,18
0,7,23,1,15,2586,AA,SFO,19
-2,7,24,2,15,2586,AA,SFO,20
12,7,25,3,15,2586,AA,SFO,21
1,7,26,4,15,2586,AA,SFO,22
-3,7,27,5,15,2586,AA,SFO,23
37,7,28,6,15,2586,AA,SFO,24
-1,7,29,7,15,2586,AA,SFO,25
-4,7,30,1,15,2586,AA,SFO,26
1,7,31,2,15,2586,AA,SFO,27
7,7,1,7,14,2475,AA,LAX,3
62,7,2,1,14,2475,AA,LAX,2
-1,7,3,2,14,2475,AA,LAX,1
-3,7,4,3,14,2475,AA,LAX,0
-7,7,5,4,14,2475,AA,LAX,1
-4,7,6,5,14,2475,AA,LAX,2
-3,7,7,6,14,2475,AA,LAX,3
-2,7,8,7,14,2475,AA,LAX,4
-10,7,9,1,14,2475,AA,LAX,5
-7,7,10,2,14,2475,AA,LAX,6
3,7,11,3,14,2475,AA,LAX,7
15,7,12,4,14,2475,AA,LAX,8
4,7,13,5,14,2475,AA,LAX,9
10,7,14,6,14,2475,AA,LAX,10
24,7,15,7,14,2475,AA,LAX,11
-4,7,16,1,14,2475,AA,LAX,12
-3,7,17,2,14,2475,AA,LAX,13
40,7,18,3,14,2475,AA,LAX,14
48,7,19,4,14,2475,AA,LAX,15
5,7,20,5,14,2475,AA,LAX,16
-5,7,21,6,14,2475,AA,LAX,17
88,7,22,7,14,2475,AA,LAX,18
-1,7,23,1,14,2475,AA,LAX,19
-6,7,24,2,14,2475,AA,LAX,20
3,7,25,3,14,2475,AA,LAX,21
-3,7,26,4,14,2475,AA,LAX,22
10,7,27,5,14,2475,AA,LAX,23
8,7,28,6,14,2475,AA,LAX,24
51,7,29,7,14,2475,AA,LAX,25
125,7,30,1,14,2475,AA,LAX,26
-6,7,31,2,14,2475,AA,LAX,27
41,7,1,7,17,2446,AA,SAN,3
4,7,2,1,17,2446,AA,SAN,2
124,7,3,2,17,2446,AA,SAN,1
-4,7,4,3,17,2446,AA,SAN,0
-3,7,5,4,17,2446,AA,SAN,1
5,7,6,5,17,2446,AA,SAN,2
-4,7,7,6,17,2446,AA,SAN,3
14,7,8,7,17,2446,AA,SAN,4
-1,7,9,1,17,2446,AA,SAN,5
-3,7,10,2,17,2446,AA,SAN,6
1,7,11,3,17,2446,AA,SAN,7
26,7,12,4,17,2446,AA,SAN,8
40,7,13,5,17,2446,AA,SAN,9
-2,7,14,6,17,2446,AA,SAN,10
4,7,15,7,17,2446,AA,SAN,11
61,7,16,1,17,2446,AA,SAN,12
-4,7,17,2,17,2446,AA,SAN,13
107,7,19,4,17,2446,AA,SAN,15
42,7,20,5,17,2446,AA,SAN,16
0,7,21,6,17,2446,AA,SAN,17
45,7,22,7,17,2446,AA,SAN,18
28,7,23,1,17,2446,AA,SAN,19
108,7,24,2,17,2446,AA,SAN,20
7,7,25,3,17,2446,AA,SAN,21
-3,7,26,4,17,2446,AA,SAN,22
18,7,27,5,17,2446,AA,SAN,23
67,7,28,6,17,2446,AA,SAN,24
-2,7,29,7,17,2446,AA,SAN,25
36,7,30,1,17,2446,AA,SAN,26
21,7,31,2,17,2446,AA,SAN,27
-4,7,1,7,16,2475,AA,LAX,3
-6,7,2,1,16,2475,AA,LAX,2
21,7,3,2,16,2475,AA,LAX,1
11,7,4,3,16,2475,AA,LAX,0
-4,7,5,4,16,2475,AA,LAX,1
-6,7,6,5,16,2475,AA,LAX,2
12,7,7,6,16,2475,AA,LAX,3
0,7,8,7,16,2475,AA,LAX,4
-3,7,9,1,16,2475,AA,LAX,5
15,7,10,2,16,2475,AA,LAX,6
-4,7,11,3,16,2475,AA,LAX,7
9,7,12,4,16,2475,AA,LAX,8
-2,7,13,5,16,2475,AA,LAX,9
334,7,14,6,16,2475,AA,LAX,10
7,7,15,7,16,2475,AA,LAX,11
4,7,16,1,16,2475,AA,LAX,12
1,7,17,2,16,2475,AA,LAX,13
38,7,18,3,16,2475,AA,LAX,14
26,7,19,4,16,2475,AA,LAX,15
23,7,20,5,16,2475,AA,LAX,16
20,7,21,6,16,2475,AA,LAX,17
26,7,22,7,16,2475,AA,LAX,18
54,7,23,1,16,2475,AA,LAX,19
3,7,24,2,16,2475,AA,LAX,20
18,7,25,3,16,2475,AA,LAX,21
43,7,26,4,16,2475,AA,LAX,22
15,7,27,5,16,2475,AA,LAX,23
2,7,28,6,16,2475,AA,LAX,24
17,7,29,7,16,2475,AA,LAX,25
17,7,30,1,16,2475,AA,LAX,26
137,7,31,2,16,2475,AA,LAX,27
194,7,1,7,17,2586,AA,SFO,3
-2,7,2,1,17,2586,AA,SFO,2
1,7,3,2,17,2586,AA,SFO,1
-6,7,4,3,17,2586,AA,SFO,0
-5,7,5,4,17,2586,AA,SFO,1
-4,7,6,5,17,2586,AA,SFO,2
-1,7,7,6,17,2586,AA,SFO,3
20,7,8,7,17,2586,AA,SFO,4
6,7,9,1,17,2586,AA,SFO,5
-5,7,11,3,17,2586,AA,SFO,7
258,7,12,4,17,2586,AA,SFO,8
81,7,13,5,17,2586,AA,SFO,9
4,7,14,6,17,2586,AA,SFO,10
-2,7,15,7,17,2586,AA,SFO,11
6,7,16,1,17,2586,AA,SFO,12
14,7,17,2,17,2586,AA,SFO,13
16,7,19,4,17,2586,AA,SFO,15
2,7,20,5,17,2586,AA,SFO,16
13,7,21,6,17,2586,AA,SFO,17
22,7,22,7,17,2586,AA,SFO,18
79,7,23,1,17,2586,AA,SFO,19
50,7,24,2,17,2586,AA,SFO,20
-4,7,25,3,17,2586,AA,SFO,21
-2,7,26,4,17,2586,AA,SFO,22
17,7,27,5,17,2586,AA,SFO,23
0,7,28,6,17,2586,AA,SFO,24
-2,7,29,7,17,2586,AA,SFO,25
104,7,30,1,17,2586,AA,SFO,26
2,7,31,2,17,2586,AA,SFO,27
230,7,1,7,9,2586,AA,SFO,3
-2,7,2,1,9,2586,AA,SFO,2
21,7,3,2,9,2586,AA,SFO,1
-3,7,4,3,9,2586,AA,SFO,0
61,7,5,4,9,2586,AA,SFO,1
-3,7,6,5,9,2586,AA,SFO,2
-6,7,7,6,9,2586,AA,SFO,3
132,7,8,7,9,2586,AA,SFO,4
145,7,9,1,9,2586,AA,SFO,5
8,7,10,2,9,2586,AA,SFO,6
-5,7,11,3,9,2586,AA,SFO,7
0,7,12,4,9,2586,AA,SFO,8
160,7,13,5,9,2586,AA,SFO,9
63,7,14,6,9,2586,AA,SFO,10
-1,7,15,7,9,2586,AA,SFO,11
37,7,16,1,9,2586,AA,SFO,12
-4,7,17,2,9,2586,AA,SFO,13
5,7,18,3,9,2586,AA,SFO,14
3,7,19,4,9,2586,AA,SFO,15
-3,7,20,5,9,2586,AA,SFO,16
-7,7,21,6,9,2586,AA,SFO,17
-7,7,22,7,9,2586,AA,SFO,18
-4,7,23,1,9,2586,AA,SFO,19
-4,7,24,2,9,2586,AA,SFO,20
21,7,25,3,9,2586,AA,SFO,21
-8,7,26,4,9,2586,AA,SFO,22
3,7,27,5,9,2586,AA,SFO,23
4,7,28,6,9,2586,AA,SFO,24
-2,7,29,7,9,2586,AA,SFO,25
-4,7,30,1,9,2586,AA,SFO,26
-6,7,31,2,9,2586,AA,SFO,27
-1,7,1,7,17,2475,AA,LAX,3
-10,7,2,1,17,2475,AA,LAX,2
-1,7,3,2,17,2475,AA,LAX,1
-3,7,4,3,17,2475,AA,LAX,0
191,7,5,4,17,2475,AA,LAX,1
-6,7,6,5,17,2475,AA,LAX,2
-5,7,7,6,17,2475,AA,LAX,3
0,7,8,7,17,2475,AA,LAX,4
-4,7,9,1,17,2475,AA,LAX,5
8,7,10,2,17,2475,AA,LAX,6
57,7,11,3,17,2475,AA,LAX,7
-3,7,12,4,17,2475,AA,LAX,8
-8,7,13,5,17,2475,AA,LAX,9
-2,7,14,6,17,2475,AA,LAX,10
-1,7,15,7,17,2475,AA,LAX,11
-3,7,16,1,17,2475,AA,LAX,12
1,7,17,2,17,2475,AA,LAX,13
30,7,19,4,17,2475,AA,LAX,15
-4,7,20,5,17,2475,AA,LAX,16
-1,7,21,6,17,2475,AA,LAX,17
0,7,22,7,17,2475,AA,LAX,18
12,7,23,1,17,2475,AA,LAX,19
-2,7,24,2,17,2475,AA,LAX,20
-3,7,25,3,17,2475,AA,LAX,21
6,7,26,4,17,2475,AA,LAX,22
5,7,27,5,17,2475,AA,LAX,23
1,7,28,6,17,2475,AA,LAX,24
210,7,29,7,17,2475,AA,LAX,25
25,7,30,1,17,2475,AA,LAX,26
140,7,31,2,17,2475,AA,LAX,27
2,7,1,7,20,2475,AA,LAX,3
60,7,2,1,20,2475,AA,LAX,2
26,7,3,2,20,2475,AA,LAX,1
-1,7,4,3,20,2475,AA,LAX,0
220,7,5,4,20,2475,AA,LAX,1
54,7,6,5,20,2475,AA,LAX,2
10,7,7,6,20,2475,AA,LAX,3
37,7,8,7,20,2475,AA,LAX,4
69,7,9,1,20,2475,AA,LAX,5
28,7,10,2,20,2475,AA,LAX,6
18,7,11,3,20,2475,AA,LAX,7
1,7,12,4,20,2475,AA,LAX,8
14,7,13,5,20,2475,AA,LAX,9
12,7,14,6,20,2475,AA,LAX,10
0,7,15,7,20,2475,AA,LAX,11
15,7,16,1,20,2475,AA,LAX,12
1,7,17,2,20,2475,AA,LAX,13
90,7,18,3,20,2475,AA,LAX,14
46,7,19,4,20,2475,AA,LAX,15
-6,7,20,5,20,2475,AA,LAX,16
47,7,21,6,20,2475,AA,LAX,17
42,7,22,7,20,2475,AA,LAX,18
57,7,23,1,20,2475,AA,LAX,19
24,7,24,2,20,2475,AA,LAX,20
-1,7,25,3,20,2475,AA,LAX,21
19,7,26,4,20,2475,AA,LAX,22
48,7,27,5,20,2475,AA,LAX,23
0,7,28,6,20,2475,AA,LAX,24
31,7,29,7,20,2475,AA,LAX,25
32,7,30,1,20,2475,AA,LAX,26
80,7,31,2,20,2475,AA,LAX,27
-7,7,2,1,6,2475,AA,LAX,2
-7,7,3,2,6,2475,AA,LAX,1
-9,7,4,3,6,2475,AA,LAX,0
-5,7,5,4,6,2475,AA,LAX,1
10,7,7,6,6,2475,AA,LAX,3
-7,7,8,7,6,2475,AA,LAX,4
-6,7,9,1,6,2475,AA,LAX,5
18,7,10,2,6,2475,AA,LAX,6
2,7,11,3,6,2475,AA,LAX,7
-7,7,12,4,6,2475,AA,LAX,8
112,7,13,5,6,2475,AA,LAX,9
-1,7,14,6,6,2475,AA,LAX,10
-2,7,15,7,6,2475,AA,LAX,11
-5,7,16,1,6,2475,AA,LAX,12
-2,7,17,2,6,2475,AA,LAX,13
-4,7,18,3,6,2475,AA,LAX,14
-6,7,19,4,6,2475,AA,LAX,15
0,7,20,5,6,2475,AA,LAX,16
35,7,21,6,6,2475,AA,LAX,17
-3,7,22,7,6,2475,AA,LAX,18
-5,7,23,1,6,2475,AA,LAX,19
19,7,24,2,6,2475,AA,LAX,20
-5,7,25,3,6,2475,AA,LAX,21
-4,7,26,4,6,2475,AA,LAX,22
-3,7,27,5,6,2475,AA,LAX,23
0,7,28,6,6,2475,AA,LAX,24
-1,7,29,7,6,2475,AA,LAX,25
4,7,30,1,6,2475,AA,LAX,26
0,7,31,2,6,2475,AA,LAX,27
13,7,1,7,10,2475,AA,LAX,3
5,7,1,7,11,2446,AA,SAN,3
-2,7,2,1,11,2446,AA,SAN,2
2,7,3,2,11,2446,AA,SAN,1
-6,7,4,3,11,2446,AA,SAN,0
1,7,5,4,11,2446,AA,SAN,1
-1,7,6,5,11,2446,AA,SAN,2
-5,7,7,6,11,2446,AA,SAN,3
-5,7,8,7,11,2446,AA,SAN,4
-1,7,9,1,11,2446,AA,SAN,5
-1,7,10,2,11,2446,AA,SAN,6
-4,7,11,3,11,2446,AA,SAN,7
12,7,12,4,11,2446,AA,SAN,8
-1,7,13,5,11,2446,AA,SAN,9
0,7,14,6,11,2446,AA,SAN,10
2,7,15,7,11,2446,AA,SAN,11
3,7,16,1,11,2446,AA,SAN,12
-1,7,17,2,11,2446,AA,SAN,13
37,7,18,3,11,2446,AA,SAN,14
334,7,19,4,11,2446,AA,SAN,15
1,7,20,5,11,2446,AA,SAN,16
9,7,21,6,11,2446,AA,SAN,17
3,7,22,7,11,2446,AA,SAN,18
28,7,23,1,11,2446,AA,SAN,19
6,7,24,2,11,2446,AA,SAN,20
313,7,25,3,11,2446,AA,SAN,21
-2,7,26,4,11,2446,AA,SAN,22
-2,7,27,5,11,2446,AA,SAN,23
-2,7,28,6,11,2446,AA,SAN,24
0,7,29,7,11,2446,AA,SAN,25
5,7,30,1,11,2446,AA,SAN,26
2,7,31,2,11,2446,AA,SAN,27
0,7,1,7,17,2421,AA,SEA,3
151,7,2,1,17,2421,AA,SEA,2
-3,7,3,2,17,2421,AA,SEA,1
0,7,4,3,17,2421,AA,SEA,0
33,7,5,4,17,2421,AA,SEA,1
71,7,6,5,17,2421,AA,SEA,2
10,7,7,6,17,2421,AA,SEA,3
1,7,8,7,17,2421,AA,SEA,4
30,7,9,1,17,2421,AA,SEA,5
94,7,10,2,17,2421,AA,SEA,6
8,7,11,3,17,2421,AA,SEA,7
-4,7,12,4,17,2421,AA,SEA,8
-4,7,13,5,17,2421,AA,SEA,9
20,7,14,6,17,2421,AA,SEA,10
7,7,15,7,17,2421,AA,SEA,11
1,7,16,1,17,2421,AA,SEA,12
183,7,17,2,17,2421,AA,SEA,13
76,7,18,3,17,2421,AA,SEA,14
13,7,19,4,17,2421,AA,SEA,15
5,7,20,5,17,2421,AA,SEA,16
60,7,21,6,17,2421,AA,SEA,17
131,7,22,7,17,2421,AA,SEA,18
0,7,23,1,17,2421,AA,SEA,19
7,7,24,2,17,2421,AA,SEA,20
161,7,25,3,17,2421,AA,SEA,21
9,7,26,4,17,2421,AA,SEA,22
14,7,28,6,17,2421,AA,SEA,24
35,7,29,7,17,2421,AA,SEA,25
109,7,30,1,17,2421,AA,SEA,26
153,7,31,2,17,2421,AA,SEA,27
16,7,1,7,15,1090,AA,MIA,3
3,7,2,1,15,1090,AA,MIA,2
0,7,3,2,15,1090,AA,MIA,1
59,7,4,3,15,1090,AA,MIA,0
44,7,5,4,15,1090,AA,MIA,1
65,7,6,5,15,1090,AA,MIA,2
6,7,7,6,15,1090,AA,MIA,3
18,7,8,7,15,1090,AA,MIA,4
4,7,9,1,15,1090,AA,MIA,5
4,7,10,2,15,1090,AA,MIA,6
33,7,11,3,15,1090,AA,MIA,7
28,7,12,4,15,1090,AA,MIA,8
8,7,13,5,15,1090,AA,MIA,9
35,7,14,6,15,1090,AA,MIA,10
72,7,15,7,15,1090,AA,MIA,11
96,7,16,1,15,1090,AA,MIA,12
15,7,17,2,15,1090,AA,MIA,13
2,7,18,3,15,1090,AA,MIA,14
43,7,19,4,15,1090,AA,MIA,15
0,7,20,5,15,1090,AA,MIA,16
430,7,21,6,15,1090,AA,MIA,17
15,7,22,7,15,1090,AA,MIA,18
17,7,23,1,15,1090,AA,MIA,19
10,7,24,2,15,1090,AA,MIA,20
65,7,25,3,15,1090,AA,MIA,21
111,7,26,4,15,1090,AA,MIA,22
49,7,27,5,15,1090,AA,MIA,23
31,7,28,6,15,1090,AA,MIA,24
68,7,29,7,15,1090,AA,MIA,25
12,7,30,1,15,1090,AA,MIA,26
-6,7,31,2,15,1090,AA,MIA,27
57,7,1,7,19,1090,AA,MIA,3
183,7,2,1,19,1090,AA,MIA,2
0,7,3,2,19,1090,AA,MIA,1
49,7,4,3,19,1090,AA,MIA,0
25,7,5,4,19,1090,AA,MIA,1
19,7,6,5,19,1090,AA,MIA,2
150,7,7,6,19,1090,AA,MIA,3
28,7,8,7,19,1090,AA,MIA,4
-3,7,9,1,19,1090,AA,MIA,5
124,7,11,3,19,1090,AA,MIA,7
24,7,12,4,19,1090,AA,MIA,8
230,7,13,5,19,1090,AA,MIA,9
0,7,14,6,19,1090,AA,MIA,10
34,7,15,7,19,1090,AA,MIA,11
4,7,16,1,19,1090,AA,MIA,12
51,7,17,2,19,1090,AA,MIA,13
118,7,19,4,19,1090,AA,MIA,15
13,7,20,5,19,1090,AA,MIA,16
46,7,21,6,19,1090,AA,MIA,17
54,7,22,7,19,1090,AA,MIA,18
148,7,23,1,19,1090,AA,MIA,19
13,7,24,2,19,1090,AA,MIA,20
10,7,25,3,19,1090,AA,MIA,21
26,7,26,4,19,1090,AA,MIA,22
21,7,27,5,19,1090,AA,MIA,23
11,7,28,6,19,1090,AA,MIA,24
23,7,29,7,19,1090,AA,MIA,25
41,7,30,1,19,1090,AA,MIA,26
14,7,31,2,19,1090,AA,MIA,27
41,7,1,7,13,1597,AA,SJU,3
191,7,2,1,13,1597,AA,SJU,2
-4,7,3,2,13,1597,AA,SJU,1
27,7,4,3,13,1597,AA,SJU,0
-6,7,5,4,13,1597,AA,SJU,1
-4,7,6,5,13,1597,AA,SJU,2
-5,7,7,6,13,1597,AA,SJU,3
-5,7,8,7,13,1597,AA,SJU,4
-2,7,9,1,13,1597,AA,SJU,5
141,7,10,2,13,1597,AA,SJU,6
-12,7,11,3,13,1597,AA,SJU,7
-4,7,12,4,13,1597,AA,SJU,8
378,7,13,5,13,1597,AA,SJU,9
133,7,14,6,13,1597,AA,SJU,10
-3,7,15,7,13,1597,AA,SJU,11
-3,7,16,1,13,1597,AA,SJU,12
10,7,17,2,13,1597,AA,SJU,13
201,7,18,3,13,1597,AA,SJU,14
3,7,19,4,13,1597,AA,SJU,15
50,7,20,5,13,1597,AA,SJU,16
-6,7,21,6,13,1597,AA,SJU,17
-5,7,22,7,13,1597,AA,SJU,18
-3,7,23,1,13,1597,AA,SJU,19
-2,7,24,2,13,1597,AA,SJU,20
35,7,25,3,13,1597,AA,SJU,21
-4,7,26,4,13,1597,AA,SJU,22
-2,7,27,5,13,1597,AA,SJU,23
-4,7,28,6,13,1597,AA,SJU,24
240,7,29,7,13,1597,AA,SJU,25
-2,7,30,1,13,1597,AA,SJU,26
57,7,31,2,13,1597,AA,SJU,27
9,7,1,7,7,1623,AA,STT,3
1,7,2,1,7,1623,AA,STT,2
-2,7,3,2,7,1623,AA,STT,1
13,7,4,3,7,1623,AA,STT,0
-1,7,5,4,7,1623,AA,STT,1
-6,7,6,5,7,1623,AA,STT,2
-5,7,7,6,7,1623,AA,STT,3
-2,7,8,7,7,1623,AA,STT,4
-3,7,9,1,7,1623,AA,STT,5
-2,7,10,2,7,1623,AA,STT,6
-1,7,11,3,7,1623,AA,STT,7
-1,7,12,4,7,1623,AA,STT,8
2,7,13,5,7,1623,AA,STT,9
-7,7,14,6,7,1623,AA,STT,10
-1,7,15,7,7,1623,AA,STT,11
29,7,16,1,7,1623,AA,STT,12
0,7,17,2,7,1623,AA,STT,13
32,7,18,3,7,1623,AA,STT,14
-5,7,19,4,7,1623,AA,STT,15
-2,7,20,5,7,1623,AA,STT,16
-3,7,21,6,7,1623,AA,STT,17
-3,7,22,7,7,1623,AA,STT,18
-3,7,23,1,7,1623,AA,STT,19
-5,7,24,2,7,1623,AA,STT,20
11,7,25,3,7,1623,AA,STT,21
30,7,26,4,7,1623,AA,STT,22
-1,7,27,5,7,1623,AA,STT,23
-3,7,28,6,7,1623,AA,STT,24
-2,7,29,7,7,1623,AA,STT,25
-3,7,30,1,7,1623,AA,STT,26
-7,7,31,2,7,1623,AA,STT,27
-1,7,1,7,9,1597,AA,SJU,3
-4,7,2,1,9,1597,AA,SJU,2
61,7,3,2,9,1597,AA,SJU,1
1,7,4,3,9,1597,AA,SJU,0
1,7,5,4,9,1597,AA,SJU,1
-9,7,6,5,9,1597,AA,SJU,2
-5,7,7,6,9,1597,AA,SJU,3
0,7,8,7,9,1597,AA,SJU,4
-1,7,9,1,9,1597,AA,SJU,5
-1,7,10,2,9,1597,AA,SJU,6
-6,7,11,3,9,1597,AA,SJU,7
-3,7,12,4,9,1597,AA,SJU,8
103,7,13,5,9,1597,AA,SJU,9
-1,7,14,6,9,1597,AA,SJU,10
-2,7,15,7,9,1597,AA,SJU,11
-3,7,16,1,9,1597,AA,SJU,12
-1,7,17,2,9,1597,AA,SJU,13
71,7,18,3,9,1597,AA,SJU,14
-4,7,19,4,9,1597,AA,SJU,15
7,7,20,5,9,1597,AA,SJU,16
16,7,21,6,9,1597,AA,SJU,17
7,7,22,7,9,1597,AA,SJU,18
43,7,23,1,9,1597,AA,SJU,19
41,7,24,2,9,1597,AA,SJU,20
-1,7,25,3,9,1597,AA,SJU,21
40,7,26,4,9,1597,AA,SJU,22
-6,7,27,5,9,1597,AA,SJU,23
0,7,28,6,9,1597,AA,SJU,24
-2,7,29,7,9,1597,AA,SJU,25
-8,7,30,1,9,1597,AA,SJU,26
3,7,31,2,9,1597,AA,SJU,27
0,7,1,7,6,1597,AA,SJU,3
-3,7,2,1,6,1597,AA,SJU,2
9,7,3,2,6,1597,AA,SJU,1
1,7,4,3,6,1597,AA,SJU,0
-2,7,5,4,6,1597,AA,SJU,1
14,7,6,5,6,1597,AA,SJU,2
-7,7,7,6,6,1597,AA,SJU,3
0,7,8,7,6,1597,AA,SJU,4
1,7,9,1,6,1597,AA,SJU,5
-1,7,10,2,6,1597,AA,SJU,6
0,7,11,3,6,1597,AA,SJU,7
20,7,12,4,6,1597,AA,SJU,8
-4,7,13,5,6,1597,AA,SJU,9
0,7,14,6,6,1597,AA,SJU,10
-1,7,15,7,6,1597,AA,SJU,11
-3,7,16,1,6,1597,AA,SJU,12
-3,7,17,2,6,1597,AA,SJU,13
0,7,18,3,6,1597,AA,SJU,14
6,7,19,4,6,1597,AA,SJU,15
-2,7,20,5,6,1597,AA,SJU,16
-2,7,21,6,6,1597,AA,SJU,17
1,7,22,7,6,1597,AA,SJU,18
-3,7,23,1,6,1597,AA,SJU,19
23,7,24,2,6,1597,AA,SJU,20
1,7,25,3,6,1597,AA,SJU,21
33,7,26,4,6,1597,AA,SJU,22
-2,7,27,5,6,1597,AA,SJU,23
-5,7,28,6,6,1597,AA,SJU,24
3,7,29,7,6,1597,AA,SJU,25
-12,7,30,1,6,1597,AA,SJU,26
-3,7,31,2,6,1597,AA,SJU,27
243,7,1,7,11,1090,AA,MIA,3
-4,7,1,7,8,1090,AA,MIA,3
3,7,2,1,8,1090,AA,MIA,2
-2,7,3,2,8,1090,AA,MIA,1
-2,7,4,3,8,1090,AA,MIA,0
-5,7,5,4,8,1090,AA,MIA,1
-11,7,6,5,8,1090,AA,MIA,2
-1,7,7,6,8,1090,AA,MIA,3
-8,7,8,7,8,1090,AA,MIA,4
-4,7,9,1,8,1090,AA,MIA,5
0,7,10,2,8,1090,AA,MIA,6
-5,7,11,3,8,1090,AA,MIA,7
0,7,12,4,8,1090,AA,MIA,8
-4,7,13,5,8,1090,AA,MIA,9
-2,7,14,6,8,1090,AA,MIA,10
-4,7,15,7,8,1090,AA,MIA,11
-3,7,16,1,8,1090,AA,MIA,12
-3,7,17,2,8,1090,AA,MIA,13
45,7,18,3,8,1090,AA,MIA,14
-1,7,19,4,8,1090,AA,MIA,15
0,7,20,5,8,1090,AA,MIA,16
-3,7,21,6,8,1090,AA,MIA,17
-5,7,22,7,8,1090,AA,MIA,18
-4,7,23,1,8,1090,AA,MIA,19
-4,7,24,2,8,1090,AA,MIA,20
18,7,25,3,8,1090,AA,MIA,21
-8,7,26,4,8,1090,AA,MIA,22
-7,7,27,5,8,1090,AA,MIA,23
0,7,28,6,8,1090,AA,MIA,24
-2,7,29,7,8,1090,AA,MIA,25
-10,7,30,1,8,1090,AA,MIA,26
-1,7,31,2,8,1090,AA,MIA,27
13,7,1,7,17,1391,AA,DFW,3
58,7,2,1,17,1391,AA,DFW,2
79,7,3,2,17,1391,AA,DFW,1
35,7,4,3,17,1391,AA,DFW,0
27,7,5,4,17,1391,AA,DFW,1
84,7,6,5,17,1391,AA,DFW,2
51,7,7,6,17,1391,AA,DFW,3
70,7,8,7,17,1391,AA,DFW,4
34,7,9,1,17,1391,AA,DFW,5
39,7,10,2,17,1391,AA,DFW,6
-9,7,11,3,17,1391,AA,DFW,7
36,7,12,4,17,1391,AA,DFW,8
0,7,13,5,17,1391,AA,DFW,9
21,7,14,6,17,1391,AA,DFW,10
33,7,15,7,17,1391,AA,DFW,11
69,7,16,1,17,1391,AA,DFW,12
45,7,17,2,17,1391,AA,DFW,13
19,7,18,3,17,1391,AA,DFW,14
0,7,19,4,17,1391,AA,DFW,15
-3,7,20,5,17,1391,AA,DFW,16
91,7,21,6,17,1391,AA,DFW,17
31,7,22,7,17,1391,AA,DFW,18
33,7,23,1,17,1391,AA,DFW,19
25,7,24,2,17,1391,AA,DFW,20
0,7,25,3,17,1391,AA,DFW,21
33,7,26,4,17,1391,AA,DFW,22
48,7,27,5,17,1391,AA,DFW,23
10,7,28,6,17,1391,AA,DFW,24
42,7,29,7,17,1391,AA,DFW,25
21,7,30,1,17,1391,AA,DFW,26
61,7,31,2,17,1391,AA,DFW,27
45,7,1,7,8,1597,AA,SJU,3
169,7,2,1,8,1597,AA,SJU,2
7,7,3,2,8,1597,AA,SJU,1
-3,7,4,3,8,1597,AA,SJU,0
-6,7,5,4,8,1597,AA,SJU,1
-5,7,6,5,8,1597,AA,SJU,2
6,7,7,6,8,1597,AA,SJU,3
0,7,8,7,8,1597,AA,SJU,4
1,7,9,1,8,1597,AA,SJU,5
0,7,10,2,8,1597,AA,SJU,6
2,7,11,3,8,1597,AA,SJU,7
-3,7,12,4,8,1597,AA,SJU,8
11,7,13,5,8,1597,AA,SJU,9
-6,7,14,6,8,1597,AA,SJU,10
-1,7,15,7,8,1597,AA,SJU,11
-7,7,16,1,8,1597,AA,SJU,12
18,7,17,2,8,1597,AA,SJU,13
37,7,18,3,8,1597,AA,SJU,14
-4,7,19,4,8,1597,AA,SJU,15
3,7,20,5,8,1597,AA,SJU,16
90,7,21,6,8,1597,AA,SJU,17
21,7,22,7,8,1597,AA,SJU,18
25,7,23,1,8,1597,AA,SJU,19
0,7,24,2,8,1597,AA,SJU,20
-5,7,25,3,8,1597,AA,SJU,21
0,7,26,4,8,1597,AA,SJU,22
23,7,27,5,8,1597,AA,SJU,23
9,7,28,6,8,1597,AA,SJU,24
-1,7,29,7,8,1597,AA,SJU,25
100,7,30,1,8,1597,AA,SJU,26
-4,7,31,2,8,1597,AA,SJU,27
34,7,1,7,19,1597,AA,SJU,3
246,7,2,1,19,1597,AA,SJU,2
113,7,3,2,19,1597,AA,SJU,1
93,7,4,3,19,1597,AA,SJU,0
82,7,5,4,19,1597,AA,SJU,1
28,7,6,5,19,1597,AA,SJU,2
28,7,7,6,19,1597,AA,SJU,3
44,7,8,7,19,1597,AA,SJU,4
51,7,9,1,19,1597,AA,SJU,5
246,7,10,2,19,1597,AA,SJU,6
259,7,11,3,19,1597,AA,SJU,7
51,7,12,4,19,1597,AA,SJU,8
121,7,13,5,19,1597,AA,SJU,9
39,7,14,6,19,1597,AA,SJU,10
7,7,15,7,19,1597,AA,SJU,11
81,7,16,1,19,1597,AA,SJU,12
11,7,17,2,19,1597,AA,SJU,13
1,7,18,3,19,1597,AA,SJU,14
177,7,19,4,19,1597,AA,SJU,15
8,7,20,5,19,1597,AA,SJU,16
19,7,21,6,19,1597,AA,SJU,17
138,7,22,7,19,1597,AA,SJU,18
133,7,23,1,19,1597,AA,SJU,19
128,7,24,2,19,1597,AA,SJU,20
15,7,25,3,19,1597,AA,SJU,21
0,7,26,4,19,1597,AA,SJU,22
134,7,27,5,19,1597,AA,SJU,23
9,7,28,6,19,1597,AA,SJU,24
142,7,29,7,19,1597,AA,SJU,25
95,7,30,1,19,1597,AA,SJU,26
228,7,31,2,19,1597,AA,SJU,27
-1,7,2,1,11,1090,AA,MIA,2
19,7,3,2,11,1090,AA,MIA,1
-2,7,4,3,11,1090,AA,MIA,0
2,7,5,4,11,1090,AA,MIA,1
0,7,6,5,11,1090,AA,MIA,2
-5,7,7,6,11,1090,AA,MIA,3
-3,7,8,7,11,1090,AA,MIA,4
-4,7,9,1,11,1090,AA,MIA,5
18,7,10,2,11,1090,AA,MIA,6
-4,7,11,3,11,1090,AA,MIA,7
2,7,12,4,11,1090,AA,MIA,8
-8,7,13,5,11,1090,AA,MIA,9
22,7,14,6,11,1090,AA,MIA,10
216,7,15,7,11,1090,AA,MIA,11
25,7,16,1,11,1090,AA,MIA,12
11,7,17,2,11,1090,AA,MIA,13
170,7,18,3,11,1090,AA,MIA,14
-1,7,19,4,11,1090,AA,MIA,15
6,7,20,5,11,1090,AA,MIA,16
28,7,21,6,11,1090,AA,MIA,17
-3,7,22,7,11,1090,AA,MIA,18
25,7,23,1,11,1090,AA,MIA,19
1,7,24,2,11,1090,AA,MIA,20
-4,7,25,3,11,1090,AA,MIA,21
0,7,26,4,11,1090,AA,MIA,22
5,7,27,5,11,1090,AA,MIA,23
0,7,28,6,11,1090,AA,MIA,24
-3,7,29,7,11,1090,AA,MIA,25
-2,7,30,1,11,1090,AA,MIA,26
3,7,31,2,11,1090,AA,MIA,27
15,7,1,7,5,1090,AA,MIA,3
43,7,2,1,5,1090,AA,MIA,2
20,7,3,2,5,1090,AA,MIA,1
4,7,4,3,5,1090,AA,MIA,0
1,7,5,4,5,1090,AA,MIA,1
-5,7,6,5,5,1090,AA,MIA,2
2,7,7,6,5,1090,AA,MIA,3
0,7,8,7,5,1090,AA,MIA,4
12,7,9,1,5,1090,AA,MIA,5
9,7,10,2,5,1090,AA,MIA,6
3,7,11,3,5,1090,AA,MIA,7
-2,7,12,4,5,1090,AA,MIA,8
-2,7,13,5,5,1090,AA,MIA,9
-2,7,14,6,5,1090,AA,MIA,10
-4,7,15,7,5,1090,AA,MIA,11
0,7,16,1,5,1090,AA,MIA,12
-3,7,17,2,5,1090,AA,MIA,13
-5,7,18,3,5,1090,AA,MIA,14
-3,7,19,4,5,1090,AA,MIA,15
1,7,20,5,5,1090,AA,MIA,16
-1,7,21,6,5,1090,AA,MIA,17
0,7,22,7,5,1090,AA,MIA,18
48,7,23,1,5,1090,AA,MIA,19
0,7,24,2,5,1090,AA,MIA,20
-7,7,25,3,5,1090,AA,MIA,21
-1,7,26,4,5,1090,AA,MIA,22
-6,7,27,5,5,1090,AA,MIA,23
-2,7,28,6,5,1090,AA,MIA,24
-5,7,29,7,5,1090,AA,MIA,25
-2,7,30,1,5,1090,AA,MIA,26
6,7,31,2,5,1090,AA,MIA,27
57,7,1,7,11,1391,AA,DFW,3
48,7,2,1,11,1391,AA,DFW,2
12,7,3,2,11,1391,AA,DFW,1
0,7,4,3,11,1391,AA,DFW,0
0,7,5,4,11,1391,AA,DFW,1
-3,7,6,5,11,1391,AA,DFW,2
-2,7,7,6,11,1391,AA,DFW,3
38,7,8,7,11,1391,AA,DFW,4
-6,7,9,1,11,1391,AA,DFW,5
1,7,10,2,11,1391,AA,DFW,6
-7,7,11,3,11,1391,AA,DFW,7
29,7,12,4,11,1391,AA,DFW,8
12,7,13,5,11,1391,AA,DFW,9
11,7,14,6,11,1391,AA,DFW,10
28,7,15,7,11,1391,AA,DFW,11
-2,7,17,2,11,1391,AA,DFW,13
157,7,18,3,11,1391,AA,DFW,14
9,7,19,4,11,1391,AA,DFW,15
68,7,20,5,11,1391,AA,DFW,16
2,7,21,6,11,1391,AA,DFW,17
16,7,22,7,11,1391,AA,DFW,18
91,7,23,1,11,1391,AA,DFW,19
0,7,24,2,11,1391,AA,DFW,20
-3,7,25,3,11,1391,AA,DFW,21
3,7,26,4,11,1391,AA,DFW,22
13,7,27,5,11,1391,AA,DFW,23
21,7,28,6,11,1391,AA,DFW,24
0,7,29,7,11,1391,AA,DFW,25
166,7,30,1,11,1391,AA,DFW,26
6,7,31,2,11,1391,AA,DFW,27
4,7,1,7,17,199,B6,ACK,3
10,7,1,7,9,1522,B6,AUS,3
-1,7,1,7,13,1522,B6,AUS,3
-3,7,1,7,20,1522,B6,AUS,3
2,7,1,7,9,766,B6,BNA,3
-3,7,1,7,14,766,B6,BNA,3
24,7,1,7,21,766,B6,BNA,3
20,7,1,7,7,187,B6,BOS,3
-1,7,1,7,9,187,B6,BOS,3
6,7,1,7,14,187,B6,BOS,3
-3,7,1,7,15,187,B6,BOS,3
0,7,1,7,17,187,B6,BOS,3
6,7,1,7,18,187,B6,BOS,3
14,7,1,7,22,187,B6,BOS,3
6,7,1,7,23,1576,B6,BQN,3
13,7,1,7,5,1576,B6,BQN,3
45,7,1,7,22,267,B6,BTV,3
-1,7,1,7,18,267,B6,BTV,3
-4,7,1,7,14,267,B6,BTV,3
17,7,1,7,9,267,B6,BTV,3
-5,7,1,7,20,301,B6,BUF,3
0,7,1,7,22,301,B6,BUF,3
-2,7,1,7,12,301,B6,BUF,3
28,7,1,7,9,301,B6,BUF,3
7,7,1,7,17,301,B6,BUF,3
-1,7,1,7,14,301,B6,BUF,3
3,7,1,7,10,301,B6,BUF,3
-4,7,1,7,6,2465,B6,BUR,3
-7,7,1,7,11,2465,B6,BUR,3
-1,7,1,7,16,2465,B6,BUR,3
-3,7,1,7,18,2465,B6,BUR,3
-1,7,1,7,7,541,B6,CLT,3
-3,7,1,7,12,541,B6,CLT,3
-1,7,1,7,16,541,B6,CLT,3
20,7,1,7,21,541,B6,CLT,3
-4,7,1,7,14,541,B6,CLT,3
2,7,1,7,8,483,B6,CMH,3
0,7,1,7,12,483,B6,CMH,3
-5,7,1,7,16,483,B6,CMH,3
17,7,1,7,21,483,B6,CMH,3
19,7,1,7,7,1626,B6,DEN,3
4,7,1,7,12,1626,B6,DEN,3
11,7,1,7,19,1626,B6,DEN,3
2,7,1,7,10,1069,B6,FLL,3
14,7,1,7,21,1069,B6,FLL,3
-2,7,1,7,14,1069,B6,FLL,3
1,7,1,7,6,1069,B6,FLL,3
5,7,1,7,8,1069,B6,FLL,3
5,7,1,7,7,1069,B6,FLL,3
6,7,1,7,9,1069,B6,FLL,3
35,7,1,7,19,1069,B6,FLL,3
17,7,1,7,16,1069,B6,FLL,3
16,7,1,7,8,1428,B6,HOU,3
4,7,1,7,13,1428,B6,HOU,3
-7,7,1,7,20,1428,B6,HOU,3
-8,7,1,7,10,228,B6,IAD,3
-5,7,1,7,15,228,B6,IAD,3
41,7,1,7,17,228,B6,IAD,3
14,7,1,7,22,228,B6,IAD,3
10,7,1,7,8,829,B6,JAX,3
14,7,1,7,13,829,B6,JAX,3
11,7,1,7,19,829,B6,JAX,3
11,7,1,7,6,2248,B6,LAS,3
10,7,1,7,10,2248,B6,LAS,3
-2,7,1,7,18,2248,B6,LAS,3
8,7,1,7,9,2248,B6,LAS,3
0,7,1,7,21,2248,B6,LAS,3
4,7,1,7,6,2465,B6,LGB,3
7,7,1,7,9,2465,B6,LGB,3
-2,7,1,7,11,2465,B6,LGB,3
3,7,1,7,16,2465,B6,LGB,3
-1,7,1,7,18,2465,B6,LGB,3
-4,7,1,7,17,2465,B6,LGB,3
3,7,1,7,18,944,B6,MCO,3
4,7,1,7,16,944,B6,MCO,3
1,7,1,7,6,944,B6,MCO,3
16,7,1,7,14,944,B6,MCO,3
16,7,1,7,9,944,B6,MCO,3
11,7,1,7,19,944,B6,MCO,3
10,7,1,7,8,944,B6,MCO,3
17,7,1,7,10,944,B6,MCO,3
1,7,1,7,21,944,B6,MCO,3
0,7,1,7,14,1182,B6,MSY,3
9,7,1,7,7,1182,B6,MSY,3
12,7,1,7,9,2576,B6,OAK,3
8,7,1,7,16,2576,B6,OAK,3
90,7,1,7,20,2576,B6,OAK,3
1,7,1,7,7,2576,B6,OAK,3
40,7,1,7,19,2430,B6,ONT,3
-1,7,1,7,6,740,B6,ORD,3
10,7,1,7,9,740,B6,ORD,3
36,7,1,7,13,740,B6,ORD,3
-2,7,1,7,16,740,B6,ORD,3
4,7,1,7,20,740,B6,ORD,3
0,7,1,7,7,1028,B6,PBI,3
2,7,1,7,15,1028,B6,PBI,3
-5,7,1,7,20,1028,B6,PBI,3
14,7,1,7,8,1028,B6,PBI,3
-1,7,1,7,13,1028,B6,PBI,3
49,7,1,7,10,1028,B6,PBI,3
12,7,1,7,19,2454,B6,PDX,3
1,7,1,7,8,2153,B6,PHX,3
31,7,1,7,19,2153,B6,PHX,3
15,7,1,7,8,340,B6,PIT,3
-6,7,1,7,12,340,B6,PIT,3
-2,7,1,7,16,340,B6,PIT,3
102,7,1,7,21,340,B6,PIT,3
6,7,1,7,23,1617,B6,PSE,3
1,7,1,7,19,274,B6,PWM,3
24,7,1,7,9,274,B6,PWM,3
5,7,1,7,14,274,B6,PWM,3
35,7,1,7,16,274,B6,PWM,3
5,7,1,7,22,274,B6,PWM,3
1,7,1,7,8,426,B6,RDU,3
-1,7,1,7,13,426,B6,RDU,3
-10,7,1,7,17,426,B6,RDU,3
1,7,1,7,21,426,B6,RDU,3
-5,7,1,7,10,426,B6,RDU,3
110,7,1,7,8,288,B6,RIC,3
-5,7,1,7,12,288,B6,RIC,3
5,7,1,7,17,288,B6,RIC,3
7,7,1,7,22,288,B6,RIC,3
-8,7,1,7,17,264,B6,ROC,3
29,7,1,7,9,264,B6,ROC,3
12,7,1,7,22,264,B6,ROC,3
5,7,1,7,20,264,B6,ROC,3
-11,7,1,7,15,264,B6,ROC,3
1,7,1,7,9,1074,B6,RSW,3
15,7,1,7,6,1074,B6,RSW,3
7,7,1,7,15,1074,B6,RSW,3
3,7,1,7,14,1074,B6,RSW,3
42,7,1,7,8,2446,B6,SAN,3
30,7,1,7,10,2446,B6,SAN,3
-2,7,1,7,18,2446,B6,SAN,3
17,7,1,7,8,2421,B6,SEA,3
16,7,1,7,19,2421,B6,SEA,3
25,7,1,7,8,2586,B6,SFO,3
16,7,1,7,10,2586,B6,SFO,3
0,7,1,7,17,2586,B6,SFO,3
-3,7,1,7,21,2586,B6,SFO,3
18,7,1,7,9,2569,B6,SJC,3
-5,7,1,7,18,2569,B6,SJC,3
16,7,1,7,6,1597,B6,SJU,3
-6,7,1,7,16,1597,B6,SJU,3
8,7,1,7,10,1597,B6,SJU,3
7,7,1,7,20,1597,B6,SJU,3
7,7,1,7,18,1597,B6,SJU,3
11,7,1,7,8,1597,B6,SJU,3
66,7,1,7,20,1989,B6,SLC,3
9,7,1,7,19,2521,B6,SMF,3
0,7,1,7,9,1041,B6,SRQ,3
-3,7,1,7,12,209,B6,SYR,3
17,7,1,7,22,209,B6,SYR,3
38,7,1,7,9,209,B6,SYR,3
0,7,1,7,15,209,B6,SYR,3
-4,7,1,7,16,1005,B6,TPA,3
-1,7,1,7,19,1005,B6,TPA,3
23,7,1,7,13,1005,B6,TPA,3
9,7,1,7,8,1005,B6,TPA,3
3,7,1,7,6,1005,B6,TPA,3
4,7,1,7,10,1005,B6,TPA,3
-3,7,1,7,20,2136,B6,TUS,3
-9,7,2,1,17,199,B6,ACK,2
-4,7,2,1,9,1522,B6,AUS,2
-5,7,2,1,13,1522,B6,AUS,2
68,7,2,1,20,1522,B6,AUS,2
-6,7,2,1,9,766,B6,BNA,2
-5,7,2,1,14,766,B6,BNA,2
69,7,2,1,21,766,B6,BNA,2
-3,7,2,1,7,187,B6,BOS,2
9,7,2,1,9,187,B6,BOS,2
13,7,2,1,14,187,B6,BOS,2
-2,7,2,1,15,187,B6,BOS,2
0,7,2,1,17,187,B6,BOS,2
24,7,2,1,18,187,B6,BOS,2
-6,7,2,1,6,187,B6,BOS,2
37,7,2,1,22,187,B6,BOS,2
4,7,2,1,23,1576,B6,BQN,2
-2,7,2,1,5,1576,B6,BQN,2
47,7,2,1,22,267,B6,BTV,2
-4,7,2,1,18,267,B6,BTV,2
-5,7,2,1,14,267,B6,BTV,2
-1,7,2,1,9,267,B6,BTV,2
-2,7,2,1,20,301,B6,BUF,2
68,7,2,1,22,301,B6,BUF,2
-1,7,2,1,7,301,B6,BUF,2
-1,7,2,1,12,301,B6,BUF,2
-2,7,2,1,6,301,B6,BUF,2
-1,7,2,1,9,301,B6,BUF,2
-3,7,2,1,17,301,B6,BUF,2
0,7,2,1,14,301,B6,BUF,2
4,7,2,1,10,301,B6,BUF,2
-2,7,2,1,6,2465,B6,BUR,2
-1,7,2,1,8,2465,B6,BUR,2
-2,7,2,1,11,2465,B6,BUR,2
0,7,2,1,16,2465,B6,BUR,2
0,7,2,1,18,2465,B6,BUR,2
0,7,2,1,7,541,B6,CLT,2
12,7,2,1,12,541,B6,CLT,2
26,7,2,1,16,541,B6,CLT,2
0,7,2,1,21,541,B6,CLT,2
-3,7,2,1,14,541,B6,CLT,2
-4,7,2,1,8,483,B6,CMH,2
-2,7,2,1,12,483,B6,CMH,2
-7,7,2,1,16,483,B6,CMH,2
36,7,2,1,21,483,B6,CMH,2
-2,7,2,1,7,1626,B6,DEN,2
-4,7,2,1,12,1626,B6,DEN,2
-9,7,2,1,19,1626,B6,DEN,2
-2,7,2,1,10,1069,B6,FLL,2
43,7,2,1,21,1069,B6,FLL,2
-2,7,2,1,14,1069,B6,FLL,2
-3,7,2,1,6,1069,B6,FLL,2
35,7,2,1,8,1069,B6,FLL,2
0,7,2,1,7,1069,B6,FLL,2
-3,7,2,1,9,1069,B6,FLL,2
9,7,2,1,19,1069,B6,FLL,2
10,7,2,1,16,1069,B6,FLL,2
-4,7,2,1,8,1428,B6,HOU,2
30,7,2,1,13,1428,B6,HOU,2
-5,7,2,1,20,1428,B6,HOU,2
-3,7,2,1,6,228,B6,IAD,2
0,7,2,1,10,228,B6,IAD,2
-2,7,2,1,15,228,B6,IAD,2
-6,7,2,1,17,228,B6,IAD,2
44,7,2,1,22,228,B6,IAD,2
-2,7,2,1,8,829,B6,JAX,2
2,7,2,1,13,829,B6,JAX,2
25,7,2,1,19,829,B6,JAX,2
-5,7,2,1,13,2248,B6,LAS,2
0,7,2,1,6,2248,B6,LAS,2
-4,7,2,1,10,2248,B6,LAS,2
-2,7,2,1,18,2248,B6,LAS,2
28,7,2,1,9,2248,B6,LAS,2
1,7,2,1,21,2248,B6,LAS,2
-4,7,2,1,6,2465,B6,LGB,2
0,7,2,1,9,2465,B6,LGB,2
-2,7,2,1,11,2465,B6,LGB,2
1,7,2,1,16,2465,B6,LGB,2
3,7,2,1,18,2465,B6,LGB,2
-2,7,2,1,17,2465,B6,LGB,2
4,7,2,1,18,944,B6,MCO,2
5,7,2,1,16,944,B6,MCO,2
-4,7,2,1,6,944,B6,MCO,2
-1,7,2,1,13,944,B6,MCO,2
-1,7,2,1,14,944,B6,MCO,2
0,7,2,1,9,944,B6,MCO,2
29,7,2,1,19,944,B6,MCO,2
6,7,2,1,8,944,B6,MCO,2
-8,7,2,1,10,944,B6,MCO,2
139,7,2,1,21,944,B6,MCO,2
-5,7,2,1,14,1182,B6,MSY,2
0,7,2,1,7,1182,B6,MSY,2
-3,7,2,1,9,2576,B6,OAK,2
5,7,2,1,16,2576,B6,OAK,2
29,7,2,1,20,2576,B6,OAK,2
1,7,2,1,7,2576,B6,OAK,2
0,7,2,1,19,2430,B6,ONT,2
-5,7,2,1,6,740,B6,ORD,2
10,7,2,1,9,740,B6,ORD,2
-4,7,2,1,13,740,B6,ORD,2
-3,7,2,1,16,740,B6,ORD,2
-2,7,2,1,20,740,B6,ORD,2
-2,7,2,1,7,1028,B6,PBI,2
-2,7,2,1,15,1028,B6,PBI,2
31,7,2,1,20,1028,B6,PBI,2
0,7,2,1,8,1028,B6,PBI,2
-2,7,2,1,13,1028,B6,PBI,2
-6,7,2,1,10,1028,B6,PBI,2
0,7,2,1,19,2454,B6,PDX,2
1,7,2,1,8,2153,B6,PHX,2
0,7,2,1,19,2153,B6,PHX,2
-3,7,2,1,8,340,B6,PIT,2
-3,7,2,1,12,340,B6,PIT,2
-1,7,2,1,16,340,B6,PIT,2
18,7,2,1,21,340,B6,PIT,2
0,7,2,1,23,1617,B6,PSE,2
45,7,2,1,19,274,B6,PWM,2
14,7,2,1,9,274,B6,PWM,2
4,7,2,1,14,274,B6,PWM,2
7,7,2,1,16,274,B6,PWM,2
136,7,2,1,22,274,B6,PWM,2
38,7,2,1,8,426,B6,RDU,2
4,7,2,1,13,426,B6,RDU,2
-5,7,2,1,17,426,B6,RDU,2
19,7,2,1,21,426,B6,RDU,2
-3,7,2,1,10,426,B6,RDU,2
9,7,2,1,8,288,B6,RIC,2
-2,7,2,1,12,288,B6,RIC,2
-10,7,2,1,17,288,B6,RIC,2
0,7,2,1,22,288,B6,RIC,2
5,7,2,1,17,264,B6,ROC,2
-4,7,2,1,9,264,B6,ROC,2
51,7,2,1,22,264,B6,ROC,2
143,7,2,1,20,264,B6,ROC,2
-8,7,2,1,15,264,B6,ROC,2
-5,7,2,1,9,1074,B6,RSW,2
-3,7,2,1,6,1074,B6,RSW,2
-5,7,2,1,15,1074,B6,RSW,2
1,7,2,1,14,1074,B6,RSW,2
0,7,2,1,8,2446,B6,SAN,2
-1,7,2,1,10,2446,B6,SAN,2
-2,7,2,1,18,2446,B6,SAN,2
6,7,2,1,8,2421,B6,SEA,2
-5,7,2,1,19,2421,B6,SEA,2
-1,7,2,1,8,2586,B6,SFO,2
12,7,2,1,10,2586,B6,SFO,2
-2,7,2,1,17,2586,B6,SFO,2
57,7,2,1,21,2586,B6,SFO,2
-3,7,2,1,9,2569,B6,SJC,2
-1,7,2,1,18,2569,B6,SJC,2
-4,7,2,1,6,1597,B6,SJU,2
10,7,2,1,16,1597,B6,SJU,2
11,7,2,1,10,1597,B6,SJU,2
0,7,2,1,20,1597,B6,SJU,2
-1,7,2,1,18,1597,B6,SJU,2
-4,7,2,1,8,1597,B6,SJU,2
6,7,2,1,20,1989,B6,SLC,2
-6,7,2,1,19,2521,B6,SMF,2
78,7,2,1,9,1041,B6,SRQ,2
27,7,2,1,12,209,B6,SYR,2
72,7,2,1,22,209,B6,SYR,2
4,7,2,1,9,209,B6,SYR,2
22,7,2,1,15,209,B6,SYR,2
-4,7,2,1,16,1005,B6,TPA,2
0,7,2,1,19,1005,B6,TPA,2
-5,7,2,1,13,1005,B6,TPA,2
-1,7,2,1,8,1005,B6,TPA,2
-3,7,2,1,6,1005,B6,TPA,2
4,7,2,1,10,1005,B6,TPA,2
-8,7,2,1,20,2136,B6,TUS,2
