-19,1,13,6,14,425,XE,CLE,2
165,1,1,1,17,425,XE,CLE,0
119,1,15,1,17,425,XE,CLE,0
85,1,5,5,17,425,XE,CLE,4
-3,1,3,3,17,425,XE,CLE,2
-2,1,30,2,17,425,XE,CLE,15
0,1,2,2,17,425,XE,CLE,1
60,1,18,4,17,425,XE,CLE,3
0,1,19,5,17,425,XE,CLE,4
-5,1,4,4,17,425,XE,CLE,3
-8,1,24,3,17,425,XE,CLE,9
13,1,9,2,17,425,XE,CLE,6
-14,1,27,6,14,425,XE,CLE,12
-2,1,11,4,17,425,XE,CLE,4
40,1,16,2,17,425,XE,CLE,1
41,1,22,1,17,425,XE,CLE,7
-3,1,20,6,14,425,XE,CLE,5
24,1,14,7,17,425,XE,CLE,1
-3,1,12,5,17,425,XE,CLE,3
-8,1,29,1,17,425,XE,CLE,14
-10,1,23,2,17,425,XE,CLE,8
4,1,28,7,17,425,XE,CLE,13
-8,1,26,5,17,425,XE,CLE,11
-4,1,10,3,17,425,XE,CLE,5
-9,1,17,3,17,425,XE,CLE,2
-5,1,6,6,14,425,XE,CLE,5
-10,1,31,3,17,425,XE,CLE,16
-4,1,7,7,17,425,XE,CLE,6
-6,1,21,7,17,425,XE,CLE,6
-8,1,25,4,17,425,XE,CLE,10
10,1,8,1,17,425,XE,CLE,7
0,1,1,1,8,541,YV,CLT,0
122,1,1,1,16,541,YV,CLT,0
-3,1,1,1,6,228,YV,IAD,0
1,1,1,1,10,228,YV,IAD,0
16,1,1,1,14,228,YV,IAD,0
0,1,1,1,12,228,YV,IAD,0
10,1,2,2,6,541,YV,CLT,1
10,1,2,2,11,541,YV,CLT,1
35,1,2,2,16,541,YV,CLT,1
0,1,2,2,18,228,YV,IAD,1
250,1,2,2,6,228,YV,IAD,1
-16,1,2,2,10,228,YV,IAD,1
3,1,2,2,14,228,YV,IAD,1
6,1,2,2,12,228,YV,IAD,1
5,1,2,2,16,228,YV,IAD,1
4,1,2,2,8,228,YV,IAD,1
5,1,3,3,6,541,YV,CLT,2
0,1,3,3,11,541,YV,CLT,2
60,1,3,3,16,541,YV,CLT,2
35,1,3,3,18,228,YV,IAD,2
90,1,3,3,6,228,YV,IAD,2
3,1,3,3,10,228,YV,IAD,2
0,1,3,3,14,228,YV,IAD,2
-7,1,3,3,12,228,YV,IAD,2
89,1,3,3,16,228,YV,IAD,2
15,1,3,3,8,228,YV,IAD,2
0,1,4,4,6,541,YV,CLT,3
55,1,4,4,11,541,YV,CLT,3
172,1,4,4,16,541,YV,CLT,3
-1,1,4,4,18,228,YV,IAD,3
0,1,4,4,6,228,YV,IAD,3
-4,1,4,4,10,228,YV,IAD,3
113,1,4,4,14,228,YV,IAD,3
0,1,4,4,12,228,YV,IAD,3
48,1,4,4,16,228,YV,IAD,3
-2,1,4,4,8,228,YV,IAD,3
130,1,5,5,6,541,YV,CLT,4
80,1,5,5,18,228,YV,IAD,4
-2,1,5,5,6,228,YV,IAD,4
21,1,5,5,14,228,YV,IAD,4
205,1,5,5,12,228,YV,IAD,4
105,1,5,5,16,228,YV,IAD,4
-4,1,5,5,8,228,YV,IAD,4
3,1,6,6,18,228,YV,IAD,5
54,1,6,6,10,228,YV,IAD,5
0,1,6,6,14,228,YV,IAD,5
0,1,6,6,12,228,YV,IAD,5
0,1,6,6,8,228,YV,IAD,5
15,1,7,7,6,541,YV,CLT,6
15,1,7,7,16,541,YV,CLT,6
39,1,7,7,18,228,YV,IAD,6
0,1,7,7,6,228,YV,IAD,6
-3,1,7,7,10,228,YV,IAD,6
7,1,7,7,14,228,YV,IAD,6
-6,1,7,7,12,228,YV,IAD,6
-10,1,7,7,16,228,YV,IAD,6
18,1,7,7,8,228,YV,IAD,6
5,1,8,1,6,541,YV,CLT,7
75,1,8,1,11,541,YV,CLT,7
130,1,8,1,16,541,YV,CLT,7
-5,1,8,1,18,228,YV,IAD,7
-6,1,8,1,6,228,YV,IAD,7
0,1,8,1,10,228,YV,IAD,7
2,1,8,1,14,228,YV,IAD,7
-5,1,8,1,12,228,YV,IAD,7
0,1,8,1,16,228,YV,IAD,7
2,1,8,1,8,228,YV,IAD,7
0,1,9,2,6,541,YV,CLT,6
0,1,9,2,11,541,YV,CLT,6
15,1,9,2,16,541,YV,CLT,6
63,1,9,2,17,228,YV,IAD,6
6,1,9,2,10,228,YV,IAD,6
-2,1,9,2,14,228,YV,IAD,6
-1,1,9,2,6,228,YV,IAD,6
0,1,9,2,19,228,YV,IAD,6
-5,1,9,2,12,228,YV,IAD,6
-3,1,9,2,8,228,YV,IAD,6
0,1,10,3,6,541,YV,CLT,5
40,1,10,3,11,541,YV,CLT,5
125,1,10,3,16,541,YV,CLT,5
57,1,10,3,17,228,YV,IAD,5
15,1,10,3,10,228,YV,IAD,5
-12,1,10,3,14,228,YV,IAD,5
1,1,10,3,6,228,YV,IAD,5
-10,1,10,3,19,228,YV,IAD,5
65,1,10,3,12,228,YV,IAD,5
0,1,10,3,8,228,YV,IAD,5
0,1,11,4,6,541,YV,CLT,4
3,1,11,4,11,541,YV,CLT,4
15,1,11,4,16,541,YV,CLT,4
64,1,11,4,17,228,YV,IAD,4
-6,1,11,4,10,228,YV,IAD,4
-5,1,11,4,14,228,YV,IAD,4
10,1,11,4,6,228,YV,IAD,4
-10,1,11,4,19,228,YV,IAD,4
4,1,11,4,12,228,YV,IAD,4
9,1,11,4,8,228,YV,IAD,4
0,1,12,5,6,541,YV,CLT,3
6,1,12,5,11,541,YV,CLT,3
35,1,12,5,16,541,YV,CLT,3
59,1,12,5,17,228,YV,IAD,3
0,1,12,5,10,228,YV,IAD,3
-3,1,12,5,14,228,YV,IAD,3
0,1,12,5,6,228,YV,IAD,3
11,1,12,5,19,228,YV,IAD,3
0,1,12,5,12,228,YV,IAD,3
19,1,12,5,8,228,YV,IAD,3
5,1,13,6,6,541,YV,CLT,2
-5,1,13,6,10,228,YV,IAD,2
12,1,13,6,14,228,YV,IAD,2
-5,1,13,6,6,228,YV,IAD,2
87,1,13,6,19,228,YV,IAD,2
0,1,13,6,12,228,YV,IAD,2
-3,1,13,6,8,228,YV,IAD,2
-5,1,14,7,6,541,YV,CLT,1
80,1,14,7,16,541,YV,CLT,1
-5,1,14,7,10,228,YV,IAD,1
0,1,14,7,6,228,YV,IAD,1
0,1,14,7,12,228,YV,IAD,1
24,1,14,7,8,228,YV,IAD,1
-4,1,15,1,6,541,YV,CLT,0
0,1,15,1,11,541,YV,CLT,0
155,1,15,1,16,541,YV,CLT,0
119,1,15,1,17,228,YV,IAD,0
0,1,15,1,10,228,YV,IAD,0
-4,1,15,1,14,228,YV,IAD,0
-5,1,15,1,6,228,YV,IAD,0
217,1,15,1,19,228,YV,IAD,0
121,1,15,1,12,228,YV,IAD,0
10,1,15,1,8,228,YV,IAD,0
0,1,16,2,6,541,YV,CLT,1
-5,1,16,2,11,541,YV,CLT,1
40,1,16,2,16,541,YV,CLT,1
44,1,16,2,17,228,YV,IAD,1
31,1,16,2,10,228,YV,IAD,1
0,1,16,2,14,228,YV,IAD,1
-5,1,16,2,6,228,YV,IAD,1
22,1,16,2,19,228,YV,IAD,1
44,1,16,2,12,228,YV,IAD,1
40,1,17,3,6,541,YV,CLT,2
0,1,17,3,11,541,YV,CLT,2
0,1,17,3,16,541,YV,CLT,2
19,1,17,3,17,228,YV,IAD,2
-2,1,17,3,10,228,YV,IAD,2
10,1,17,3,14,228,YV,IAD,2
15,1,17,3,6,228,YV,IAD,2
-9,1,17,3,19,228,YV,IAD,2
37,1,17,3,12,228,YV,IAD,2
-5,1,17,3,8,228,YV,IAD,2
10,1,18,4,6,541,YV,CLT,3
78,1,18,4,11,541,YV,CLT,3
130,1,18,4,16,541,YV,CLT,3
152,1,18,4,17,228,YV,IAD,3
0,1,18,4,10,228,YV,IAD,3
0,1,18,4,14,228,YV,IAD,3
0,1,18,4,6,228,YV,IAD,3
21,1,18,4,19,228,YV,IAD,3
0,1,18,4,12,228,YV,IAD,3
3,1,18,4,8,228,YV,IAD,3
0,1,19,5,6,541,YV,CLT,4
50,1,19,5,11,541,YV,CLT,4
0,1,19,5,16,541,YV,CLT,4
38,1,19,5,17,228,YV,IAD,4
-10,1,19,5,10,228,YV,IAD,4
10,1,19,5,14,228,YV,IAD,4
-5,1,19,5,6,228,YV,IAD,4
36,1,19,5,19,228,YV,IAD,4
-1,1,19,5,12,228,YV,IAD,4
29,1,19,5,8,228,YV,IAD,4
0,1,20,6,6,541,YV,CLT,5
8,1,20,6,10,228,YV,IAD,5
20,1,20,6,14,228,YV,IAD,5
0,1,20,6,6,228,YV,IAD,5
1,1,20,6,19,228,YV,IAD,5
0,1,20,6,12,228,YV,IAD,5
53,1,20,6,8,228,YV,IAD,5
-10,1,21,7,6,541,YV,CLT,6
5,1,21,7,16,541,YV,CLT,6
20,1,21,7,17,228,YV,IAD,6
-1,1,21,7,10,228,YV,IAD,6
44,1,21,7,14,228,YV,IAD,6
0,1,21,7,6,228,YV,IAD,6
34,1,21,7,19,228,YV,IAD,6
0,1,21,7,12,228,YV,IAD,6
15,1,21,7,8,228,YV,IAD,6
0,1,22,1,6,541,YV,CLT,7
80,1,22,1,11,541,YV,CLT,7
45,1,22,1,16,541,YV,CLT,7
22,1,22,1,17,228,YV,IAD,7
11,1,22,1,10,228,YV,IAD,7
15,1,22,1,14,228,YV,IAD,7
71,1,22,1,19,228,YV,IAD,7
-8,1,22,1,12,228,YV,IAD,7
-13,1,22,1,8,228,YV,IAD,7
57,1,23,2,6,541,YV,CLT,8
35,1,23,2,11,541,YV,CLT,8
0,1,23,2,16,541,YV,CLT,8
7,1,23,2,17,228,YV,IAD,8
10,1,23,2,10,228,YV,IAD,8
-10,1,23,2,14,228,YV,IAD,8
0,1,23,2,6,228,YV,IAD,8
-3,1,23,2,19,228,YV,IAD,8
8,1,23,2,12,228,YV,IAD,8
83,1,23,2,8,228,YV,IAD,8
-2,1,24,3,6,541,YV,CLT,9
-10,1,24,3,11,541,YV,CLT,9
-5,1,24,3,16,541,YV,CLT,9
8,1,24,3,17,228,YV,IAD,9
5,1,24,3,10,228,YV,IAD,9
-4,1,24,3,14,228,YV,IAD,9
-7,1,24,3,6,228,YV,IAD,9
0,1,24,3,19,228,YV,IAD,9
-6,1,24,3,12,228,YV,IAD,9
30,1,24,3,8,228,YV,IAD,9
-10,1,25,4,6,541,YV,CLT,10
-5,1,25,4,11,541,YV,CLT,10
25,1,25,4,16,541,YV,CLT,10
125,1,25,4,17,228,YV,IAD,10
-10,1,25,4,10,228,YV,IAD,10
24,1,25,4,14,228,YV,IAD,10
-2,1,25,4,6,228,YV,IAD,10
24,1,25,4,19,228,YV,IAD,10
0,1,25,4,12,228,YV,IAD,10
0,1,25,4,8,228,YV,IAD,10
-5,1,26,5,6,541,YV,CLT,11
0,1,26,5,11,541,YV,CLT,11
79,1,26,5,16,541,YV,CLT,11
63,1,26,5,17,228,YV,IAD,11
-5,1,26,5,14,228,YV,IAD,11
-5,1,26,5,6,228,YV,IAD,11
31,1,26,5,19,228,YV,IAD,11
62,1,26,5,12,228,YV,IAD,11
-1,1,26,5,8,228,YV,IAD,11
-10,1,27,6,6,541,YV,CLT,12
-3,1,27,6,10,228,YV,IAD,12
-2,1,27,6,14,228,YV,IAD,12
0,1,27,6,6,228,YV,IAD,12
-4,1,27,6,19,228,YV,IAD,12
117,1,27,6,12,228,YV,IAD,12
53,1,27,6,8,228,YV,IAD,12
-10,1,28,7,6,541,YV,CLT,13
45,1,28,7,16,541,YV,CLT,13
24,1,28,7,17,228,YV,IAD,13
-3,1,28,7,10,228,YV,IAD,13
-5,1,28,7,14,228,YV,IAD,13
0,1,28,7,6,228,YV,IAD,13
0,1,28,7,19,228,YV,IAD,13
-2,1,28,7,12,228,YV,IAD,13
0,1,28,7,8,228,YV,IAD,13
-5,1,29,1,6,541,YV,CLT,14
10,1,29,1,11,541,YV,CLT,14
0,1,29,1,16,541,YV,CLT,14
0,1,29,1,17,228,YV,IAD,14
-7,1,29,1,10,228,YV,IAD,14
-5,1,29,1,14,228,YV,IAD,14
7,1,29,1,6,228,YV,IAD,14
-9,1,29,1,19,228,YV,IAD,14
0,1,29,1,12,228,YV,IAD,14
60,1,29,1,8,228,YV,IAD,14
-3,1,30,2,6,541,YV,CLT,15
0,1,30,2,11,541,YV,CLT,15
-15,1,30,2,16,541,YV,CLT,15
28,1,30,2,17,228,YV,IAD,15
-9,1,30,2,10,228,YV,IAD,15
-11,1,30,2,14,228,YV,IAD,15
-5,1,30,2,6,228,YV,IAD,15
-9,1,30,2,19,228,YV,IAD,15
0,1,30,2,12,228,YV,IAD,15
0,1,30,2,8,228,YV,IAD,15
-5,1,31,3,6,541,YV,CLT,16
55,1,31,3,11,541,YV,CLT,16
5,1,31,3,16,541,YV,CLT,16
8,1,31,3,17,228,YV,IAD,16
-6,1,31,3,10,228,YV,IAD,16
52,1,31,3,14,228,YV,IAD,16
-5,1,31,3,6,228,YV,IAD,16
44,1,31,3,19,228,YV,IAD,16
0,1,31,3,12,228,YV,IAD,16
-2,1,31,3,8,228,YV,IAD,16
19,1,1,1,15,213,OH,DCA,0
13,1,1,1,16,301,OH,BUF,0
65,1,1,1,16,187,OH,BOS,0
35,1,1,1,16,340,OH,PIT,0
55,1,1,1,16,288,OH,RIC,0
55,1,1,1,17,483,OH,CMH,0
103,1,1,1,16,589,OH,CVG,0
68,1,1,1,17,508,OH,DTW,0
128,1,1,1,17,425,OH,CLE,0
140,1,1,1,17,187,OH,BOS,0
110,1,1,1,17,589,OH,CVG,0
145,1,1,1,17,301,OH,BUF,0
160,1,1,1,17,426,OH,RDU,0
170,1,1,1,17,740,OH,ORD,0
75,1,1,1,19,760,OH,ATL,0
175,1,1,1,18,187,OH,BOS,0
80,1,1,1,19,664,OH,IND,0
28,1,1,1,20,187,OH,BOS,0
60,1,1,1,20,426,OH,RDU,0
87,1,1,1,19,483,OH,CMH,0
205,1,1,1,18,213,OH,DCA,0
92,1,1,1,19,228,OH,IAD,0
107,1,1,1,20,213,OH,DCA,0
153,1,1,1,20,766,OH,BNA,0
125,1,1,1,21,264,OH,ROC,0
255,1,1,1,19,425,OH,CLE,0
2,1,2,2,7,213,OH,DCA,1
13,1,2,2,7,187,OH,BOS,1
73,1,2,2,6,589,OH,CVG,1
10,1,2,2,8,187,OH,BOS,1
0,1,2,2,8,483,OH,CMH,1
0,1,2,2,8,340,OH,PIT,1
30,1,2,2,8,288,OH,RIC,1
30,1,2,2,8,426,OH,RDU,1
10,1,2,2,9,301,OH,BUF,1
40,1,2,2,9,766,OH,BNA,1
75,1,2,2,8,508,OH,DTW,1
0,1,2,2,9,187,OH,BOS,1
-5,1,2,2,11,829,OH,JAX,1
27,1,2,2,10,589,OH,CVG,1
10,1,2,2,10,187,OH,BOS,1
17,1,2,2,11,760,OH,ATL,1
0,1,2,2,12,288,OH,RIC,1
88,1,2,2,10,664,OH,IND,1
0,1,2,2,12,483,OH,CMH,1
50,1,2,2,12,301,OH,BUF,1
45,1,2,2,12,213,OH,DCA,1
30,1,2,2,13,228,OH,IAD,1
35,1,2,2,12,264,OH,ROC,1
60,1,2,2,12,340,OH,PIT,1
31,1,2,2,13,508,OH,DTW,1
45,1,2,2,14,187,OH,BOS,1
0,1,2,2,14,766,OH,BNA,1
0,1,2,2,15,187,OH,BOS,1
100,1,2,2,13,589,OH,CVG,1
0,1,2,2,15,213,OH,DCA,1
0,1,2,2,16,264,OH,ROC,1
20,1,2,2,16,301,OH,BUF,1
0,1,2,2,16,228,OH,IAD,1
53,1,2,2,16,187,OH,BOS,1
20,1,2,2,16,288,OH,RIC,1
15,1,2,2,17,483,OH,CMH,1
28,1,2,2,17,425,OH,CLE,1
0,1,2,2,17,508,OH,DTW,1
15,1,2,2,17,301,OH,BUF,1
10,1,2,2,17,740,OH,ORD,1
13,1,2,2,17,426,OH,RDU,1
35,1,2,2,17,187,OH,BOS,1
0,1,2,2,18,187,OH,BOS,1
22,1,2,2,17,589,OH,CVG,1
98,1,2,2,16,589,OH,CVG,1
115,1,2,2,16,340,OH,PIT,1
50,1,2,2,18,213,OH,DCA,1
-10,1,2,2,19,187,OH,BOS,1
0,1,2,2,19,760,OH,ATL,1
-5,1,2,2,19,664,OH,IND,1
20,1,2,2,19,425,OH,CLE,1
-2,1,2,2,20,288,OH,RIC,1
0,1,2,2,20,426,OH,RDU,1
0,1,2,2,20,766,OH,BNA,1
17,1,2,2,19,228,OH,IAD,1
24,1,2,2,19,483,OH,CMH,1
22,1,2,2,20,187,OH,BOS,1
35,1,2,2,20,213,OH,DCA,1
0,1,2,2,21,264,OH,ROC,1
80,1,2,2,20,340,OH,PIT,1
10,1,3,3,6,589,OH,CVG,2
-1,1,3,3,6,301,OH,BUF,2
0,1,3,3,7,213,OH,DCA,2
78,1,3,3,7,187,OH,BOS,2
8,1,3,3,8,187,OH,BOS,2
-3,1,3,3,8,508,OH,DTW,2
-1,1,3,3,8,288,OH,RIC,2
-5,1,3,3,8,340,OH,PIT,2
0,1,3,3,8,426,OH,RDU,2
15,1,3,3,8,483,OH,CMH,2
17,1,3,3,8,228,OH,IAD,2
0,1,3,3,9,301,OH,BUF,2
20,1,3,3,9,766,OH,BNA,2
-2,1,3,3,9,187,OH,BOS,2
45,1,3,3,9,264,OH,ROC,2
0,1,3,3,10,187,OH,BOS,2
31,1,3,3,10,589,OH,CVG,2
25,1,3,3,10,664,OH,IND,2
5,1,3,3,11,829,OH,JAX,2
22,1,3,3,11,760,OH,ATL,2
-1,1,3,3,12,288,OH,RIC,2
-2,1,3,3,12,301,OH,BUF,2
10,1,3,3,12,213,OH,DCA,2
0,1,3,3,12,340,OH,PIT,2
0,1,3,3,12,264,OH,ROC,2
13,1,3,3,13,228,OH,IAD,2
-10,1,3,3,13,589,OH,CVG,2
0,1,3,3,14,187,OH,BOS,2
92,1,3,3,12,483,OH,CMH,2
0,1,3,3,14,766,OH,BNA,2
0,1,3,3,15,187,OH,BOS,2
76,1,3,3,13,508,OH,DTW,2
9,1,3,3,15,213,OH,DCA,2
0,1,3,3,16,187,OH,BOS,2
0,1,3,3,16,301,OH,BUF,2
0,1,3,3,16,264,OH,ROC,2
-2,1,3,3,16,340,OH,PIT,2
0,1,3,3,16,288,OH,RIC,2
19,1,3,3,16,228,OH,IAD,2
-7,1,3,3,17,425,OH,CLE,2
18,1,3,3,16,589,OH,CVG,2
18,1,3,3,17,187,OH,BOS,2
5,1,3,3,17,740,OH,ORD,2
-2,1,3,3,17,589,OH,CVG,2
-3,1,3,3,18,187,OH,BOS,2
40,1,3,3,17,426,OH,RDU,2
59,1,3,3,17,301,OH,BUF,2
90,1,3,3,17,483,OH,CMH,2
75,1,3,3,17,508,OH,DTW,2
0,1,3,3,19,425,OH,CLE,2
80,1,3,3,18,213,OH,DCA,2
-10,1,3,3,19,664,OH,IND,2
45,1,3,3,19,187,OH,BOS,2
-3,1,3,3,20,766,OH,BNA,2
70,1,3,3,19,760,OH,ATL,2
30,1,3,3,20,288,OH,RIC,2
0,1,3,3,20,213,OH,DCA,2
40,1,3,3,20,426,OH,RDU,2
92,1,3,3,19,483,OH,CMH,2
30,1,3,3,21,264,OH,ROC,2
135,1,3,3,20,340,OH,PIT,2
143,1,3,3,20,187,OH,BOS,2
197,1,3,3,19,228,OH,IAD,2
10,1,4,4,6,589,OH,CVG,3
-3,1,4,4,6,301,OH,BUF,3
0,1,4,4,7,187,OH,BOS,3
0,1,4,4,7,213,OH,DCA,3
-4,1,4,4,8,187,OH,BOS,3
-7,1,4,4,8,340,OH,PIT,3
0,1,4,4,8,426,OH,RDU,3
13,1,4,4,8,508,OH,DTW,3
11,1,4,4,8,228,OH,IAD,3
20,1,4,4,8,288,OH,RIC,3
31,1,4,4,8,483,OH,CMH,3
3,1,4,4,9,301,OH,BUF,3
16,1,4,4,9,766,OH,BNA,3
8,1,4,4,9,264,OH,ROC,3
10,1,4,4,9,187,OH,BOS,3
0,1,4,4,10,589,OH,CVG,3
0,1,4,4,10,664,OH,IND,3
0,1,4,4,10,187,OH,BOS,3
-5,1,4,4,11,829,OH,JAX,3
27,1,4,4,11,760,OH,ATL,3
-3,1,4,4,12,288,OH,RIC,3
-2,1,4,4,12,213,OH,DCA,3
9,1,4,4,12,301,OH,BUF,3
0,1,4,4,12,483,OH,CMH,3
-5,1,4,4,12,264,OH,ROC,3
20,1,4,4,12,340,OH,PIT,3
-10,1,4,4,13,589,OH,CVG,3
0,1,4,4,13,508,OH,DTW,3
0,1,4,4,14,187,OH,BOS,3
95,1,4,4,13,228,OH,IAD,3
0,1,4,4,15,187,OH,BOS,3
25,1,4,4,14,766,OH,BNA,3
0,1,4,4,15,213,OH,DCA,3
-7,1,4,4,16,301,OH,BUF,3
0,1,4,4,16,264,OH,ROC,3
0,1,4,4,16,340,OH,PIT,3
3,1,4,4,16,589,OH,CVG,3
-4,1,4,4,17,425,OH,CLE,3
28,1,4,4,16,228,OH,IAD,3
0,1,4,4,17,483,OH,CMH,3
20,1,4,4,16,288,OH,RIC,3
66,1,4,4,16,187,OH,BOS,3
-5,1,4,4,17,426,OH,RDU,3
13,1,4,4,17,187,OH,BOS,3
5,1,4,4,17,301,OH,BUF,3
10,1,4,4,17,589,OH,CVG,3
-3,1,4,4,18,187,OH,BOS,3
17,1,4,4,18,213,OH,DCA,3
65,1,4,4,17,508,OH,DTW,3
70,1,4,4,17,740,OH,ORD,3
0,1,4,4,19,760,OH,ATL,3
0,1,4,4,19,425,OH,CLE,3
-10,1,4,4,19,664,OH,IND,3
30,1,4,4,19,187,OH,BOS,3
0,1,4,4,19,483,OH,CMH,3
0,1,4,4,19,228,OH,IAD,3
0,1,4,4,20,288,OH,RIC,3
0,1,4,4,20,426,OH,RDU,3
-5,1,4,4,20,340,OH,PIT,3
15,1,4,4,20,766,OH,BNA,3
0,1,4,4,20,213,OH,DCA,3
68,1,4,4,20,187,OH,BOS,3
55,1,4,4,21,301,OH,BUF,3
46,1,4,4,21,264,OH,ROC,3
0,1,5,5,6,589,OH,CVG,4
-5,1,5,5,7,187,OH,BOS,4
0,1,5,5,6,301,OH,BUF,4
0,1,5,5,7,213,OH,DCA,4
-10,1,5,5,8,340,OH,PIT,4
-10,1,5,5,8,426,OH,RDU,4
25,1,5,5,8,187,OH,BOS,4
0,1,5,5,8,483,OH,CMH,4
20,1,5,5,8,508,OH,DTW,4
13,1,5,5,8,228,OH,IAD,4
0,1,5,5,9,301,OH,BUF,4
-10,1,5,5,9,264,OH,ROC,4
20,1,5,5,9,766,OH,BNA,4
75,1,5,5,8,288,OH,RIC,4
2,1,5,5,9,187,OH,BOS,4
0,1,5,5,10,589,OH,CVG,4
0,1,5,5,10,664,OH,IND,4
0,1,5,5,10,187,OH,BOS,4
0,1,5,5,11,829,OH,JAX,4
35,1,5,5,11,760,OH,ATL,4
0,1,5,5,12,483,OH,CMH,4
0,1,5,5,12,213,OH,DCA,4
19,1,5,5,12,301,OH,BUF,4
0,1,5,5,12,340,OH,PIT,4
25,1,5,5,12,264,OH,ROC,4
0,1,5,5,13,508,OH,DTW,4
30,1,5,5,13,589,OH,CVG,4
15,1,5,5,14,187,OH,BOS,4
80,1,5,5,13,228,OH,IAD,4
6,1,5,5,14,766,OH,BNA,4
0,1,5,5,15,187,OH,BOS,4
9,1,5,5,15,213,OH,DCA,4
-5,1,5,5,16,187,OH,BOS,4
15,1,5,5,16,264,OH,ROC,4
40,1,5,5,16,301,OH,BUF,4
23,1,5,5,16,228,OH,IAD,4
20,1,5,5,16,288,OH,RIC,4
20,1,5,5,17,740,OH,ORD,4
78,1,5,5,16,340,OH,PIT,4
13,1,5,5,17,589,OH,CVG,4
40,1,5,5,17,508,OH,DTW,4
75,1,5,5,17,483,OH,CMH,4
59,1,5,5,17,301,OH,BUF,4
60,1,5,5,18,187,OH,BOS,4
100,1,5,5,17,426,OH,RDU,4
60,1,5,5,19,425,OH,CLE,4
32,1,5,5,19,228,OH,IAD,4
80,1,5,5,19,760,OH,ATL,4
33,1,5,5,20,426,OH,RDU,4
55,1,5,5,20,288,OH,RIC,4
50,1,5,5,20,340,OH,PIT,4
105,1,5,5,19,664,OH,IND,4
79,1,5,5,20,766,OH,BNA,4
117,1,5,5,19,483,OH,CMH,4
98,1,5,5,20,187,OH,BOS,4
80,1,5,5,21,301,OH,BUF,4
95,1,5,5,20,213,OH,DCA,4
0,1,6,6,6,187,OH,BOS,5
0,1,6,6,7,213,OH,DCA,5
0,1,6,6,8,187,OH,BOS,5
0,1,6,6,8,288,OH,RIC,5
0,1,6,6,8,340,OH,PIT,5
22,1,6,6,8,483,OH,CMH,5
36,1,6,6,8,228,OH,IAD,5
40,1,6,6,8,426,OH,RDU,5
28,1,6,6,9,766,OH,BNA,5
65,1,6,6,8,508,OH,DTW,5
11,1,6,6,9,264,OH,ROC,5
85,1,6,6,8,301,OH,BUF,5
0,1,6,6,10,589,OH,CVG,5
0,1,6,6,10,187,OH,BOS,5
0,1,6,6,10,829,OH,JAX,5
100,1,6,6,9,187,OH,BOS,5
0,1,6,6,12,340,OH,PIT,5
0,1,6,6,12,288,OH,RIC,5
-3,1,6,6,12,301,OH,BUF,5
-2,1,6,6,12,483,OH,CMH,5
20,1,6,6,12,213,OH,DCA,5
0,1,6,6,13,264,OH,ROC,5
20,1,6,6,13,589,OH,CVG,5
55,1,6,6,12,228,OH,IAD,5
10,1,6,6,14,187,OH,BOS,5
25,1,6,6,13,508,OH,DTW,5
0,1,6,6,14,213,OH,DCA,5
0,1,6,6,15,187,OH,BOS,5
76,1,6,6,14,766,OH,BNA,5
0,1,6,6,16,264,OH,ROC,5
5,1,6,6,16,301,OH,BUF,5
-5,1,6,6,16,340,OH,PIT,5
18,1,6,6,16,425,OH,CLE,5
36,1,6,6,16,589,OH,CVG,5
25,1,6,6,16,288,OH,RIC,5
50,1,6,6,16,483,OH,CMH,5
0,1,6,6,17,740,OH,ORD,5
40,1,6,6,17,187,OH,BOS,5
2,1,6,6,17,589,OH,CVG,5
0,1,6,6,18,187,OH,BOS,5
60,1,6,6,17,228,OH,IAD,5
65,1,6,6,17,213,OH,DCA,5
10,1,6,6,19,187,OH,BOS,5
80,1,6,6,18,301,OH,BUF,5
115,1,6,6,17,426,OH,RDU,5
118,1,6,6,17,508,OH,DTW,5
0,1,6,6,19,664,OH,IND,5
-5,1,7,7,6,187,OH,BOS,6
-5,1,7,7,8,288,OH,RIC,6
5,1,7,7,8,301,OH,BUF,6
-2,1,7,7,9,187,OH,BOS,6
0,1,7,7,10,187,OH,BOS,6
-5,1,7,7,10,829,OH,JAX,6
28,1,7,7,10,589,OH,CVG,6
0,1,7,7,12,340,OH,PIT,6
0,1,7,7,12,288,OH,RIC,6
0,1,7,7,12,228,OH,IAD,6
20,1,7,7,12,213,OH,DCA,6
15,1,7,7,12,483,OH,CMH,6
50,1,7,7,12,301,OH,BUF,6
0,1,7,7,13,508,OH,DTW,6
25,1,7,7,13,264,OH,ROC,6
-1,1,7,7,14,766,OH,BNA,6
40,1,7,7,14,187,OH,BOS,6
60,1,7,7,15,187,OH,BOS,6
0,1,7,7,16,264,OH,ROC,6
25,1,7,7,15,187,OH,BOS,6
100,1,7,7,14,213,OH,DCA,6
20,1,7,7,16,301,OH,BUF,6
16,1,7,7,16,589,OH,CVG,6
-3,1,7,7,16,340,OH,PIT,6
0,1,7,7,16,288,OH,RIC,6
0,1,7,7,17,228,OH,IAD,6
12,1,7,7,17,187,OH,BOS,6
0,1,7,7,17,740,OH,ORD,6
0,1,7,7,17,426,OH,RDU,6
63,1,7,7,16,425,OH,CLE,6
22,1,7,7,17,508,OH,DTW,6
45,1,7,7,17,213,OH,DCA,6
0,1,7,7,18,187,OH,BOS,6
80,1,7,7,16,483,OH,CMH,6
30,1,7,7,17,589,OH,CVG,6
20,1,7,7,18,301,OH,BUF,6
0,1,7,7,19,664,OH,IND,6
15,1,7,7,19,760,OH,ATL,6
35,1,7,7,19,425,OH,CLE,6
0,1,7,7,19,766,OH,BNA,6
25,1,7,7,20,426,OH,RDU,6
50,1,7,7,19,228,OH,IAD,6
25,1,7,7,20,213,OH,DCA,6
100,1,7,7,20,483,OH,CMH,6
30,1,7,7,21,264,OH,ROC,6
100,1,7,7,20,340,OH,PIT,6
195,1,7,7,19,187,OH,BOS,6
125,1,7,7,20,187,OH,BOS,6
35,1,8,1,6,589,OH,CVG,7
0,1,8,1,7,213,OH,DCA,7
25,1,8,1,6,187,OH,BOS,7
20,1,8,1,6,301,OH,BUF,7
5,1,8,1,8,187,OH,BOS,7
0,1,8,1,8,288,OH,RIC,7
-10,1,8,1,8,483,OH,CMH,7
15,1,8,1,8,508,OH,DTW,7
4,1,8,1,8,426,OH,RDU,7
34,1,8,1,8,340,OH,PIT,7
20,1,8,1,8,301,OH,BUF,7
0,1,8,1,9,264,OH,ROC,7
15,1,8,1,9,187,OH,BOS,7
86,1,8,1,8,228,OH,IAD,7
8,1,8,1,10,589,OH,CVG,7
30,1,8,1,10,829,OH,JAX,7
60,1,8,1,10,187,OH,BOS,7
0,1,8,1,12,288,OH,RIC,7
7,1,8,1,12,340,OH,PIT,7
3,1,8,1,12,483,OH,CMH,7
20,1,8,1,12,213,OH,DCA,7
75,1,8,1,12,301,OH,BUF,7
0,1,8,1,14,187,OH,BOS,7
80,1,8,1,12,228,OH,IAD,7
49,1,8,1,13,264,OH,ROC,7
5,1,8,1,14,213,OH,DCA,7
0,1,8,1,15,187,OH,BOS,7
39,1,8,1,14,766,OH,BNA,7
0,1,8,1,15,187,OH,BOS,7
5,1,8,1,16,301,OH,BUF,7
0,1,8,1,16,589,OH,CVG,7
0,1,8,1,16,483,OH,CMH,7
0,1,8,1,16,340,OH,PIT,7
0,1,8,1,17,187,OH,BOS,7
25,1,8,1,17,228,OH,IAD,7
12,1,8,1,17,589,OH,CVG,7
20,1,8,1,17,740,OH,ORD,7
25,1,8,1,17,508,OH,DTW,7
37,1,8,1,18,187,OH,BOS,7
95,1,8,1,17,213,OH,DCA,7
135,1,8,1,16,288,OH,RIC,7
0,1,8,1,19,425,OH,CLE,7
75,1,8,1,18,301,OH,BUF,7
110,1,8,1,17,426,OH,RDU,7
-7,1,8,1,19,664,OH,IND,7
-8,1,8,1,19,228,OH,IAD,7
45,1,8,1,19,187,OH,BOS,7
45,1,8,1,19,760,OH,ATL,7
20,1,8,1,19,766,OH,BNA,7
45,1,8,1,20,483,OH,CMH,7
30,1,8,1,20,340,OH,PIT,7
20,1,8,1,20,187,OH,BOS,7
63,1,8,1,20,426,OH,RDU,7
20,1,8,1,21,264,OH,ROC,7
60,1,8,1,20,213,OH,DCA,7
0,1,9,2,6,589,OH,CVG,6
0,1,9,2,6,187,OH,BOS,6
-6,1,9,2,6,301,OH,BUF,6
-6,1,9,2,7,213,OH,DCA,6
0,1,9,2,8,187,OH,BOS,6
-6,1,9,2,8,288,OH,RIC,6
-5,1,9,2,8,301,OH,BUF,6
0,1,9,2,8,508,OH,DTW,6
0,1,9,2,8,340,OH,PIT,6
0,1,9,2,8,228,OH,IAD,6
9,1,9,2,8,483,OH,CMH,6
0,1,9,2,8,426,OH,RDU,6
25,1,9,2,9,264,OH,ROC,6
20,1,9,2,9,187,OH,BOS,6
161,1,9,2,7,589,OH,CVG,6
17,1,9,2,10,425,OH,CLE,6
-2,1,9,2,10,187,OH,BOS,6
-1,1,9,2,10,664,OH,IND,6
-3,1,9,2,10,829,OH,JAX,6
0,1,9,2,12,340,OH,PIT,6
-5,1,9,2,12,301,OH,BUF,6
0,1,9,2,12,213,OH,DCA,6
-5,1,9,2,12,483,OH,CMH,6
21,1,9,2,12,288,OH,RIC,6
0,1,9,2,12,228,OH,IAD,6
-4,1,9,2,14,187,OH,BOS,6
35,1,9,2,13,264,OH,ROC,6
14,1,9,2,14,766,OH,BNA,6
-5,1,9,2,14,213,OH,DCA,6
60,1,9,2,13,508,OH,DTW,6
0,1,9,2,15,187,OH,BOS,6
0,1,9,2,15,187,OH,BOS,6
0,1,9,2,16,301,OH,BUF,6
10,1,9,2,16,264,OH,ROC,6
-5,1,9,2,16,425,OH,CLE,6
0,1,9,2,16,483,OH,CMH,6
16,1,9,2,16,589,OH,CVG,6
-4,1,9,2,16,288,OH,RIC,6
-5,1,9,2,17,213,OH,DCA,6
12,1,9,2,17,187,OH,BOS,6
5,1,9,2,17,228,OH,IAD,6
43,1,9,2,16,340,OH,PIT,6
0,1,9,2,17,508,OH,DTW,6
10,1,9,2,17,426,OH,RDU,6
-5,1,9,2,18,301,OH,BUF,6
10,1,9,2,18,187,OH,BOS,6
60,1,9,2,17,740,OH,ORD,6
57,1,9,2,17,589,OH,CVG,6
-3,1,9,2,19,187,OH,BOS,6
-5,1,9,2,19,425,OH,CLE,6
-8,1,9,2,19,664,OH,IND,6
0,1,9,2,19,228,OH,IAD,6
35,1,9,2,19,760,OH,ATL,6
0,1,9,2,19,766,OH,BNA,6
-7,1,9,2,20,426,OH,RDU,6
-8,1,9,2,20,187,OH,BOS,6
-3,1,9,2,20,213,OH,DCA,6
90,1,9,2,20,483,OH,CMH,6
20,1,9,2,21,264,OH,ROC,6
10,1,10,3,6,589,OH,CVG,5
0,1,10,3,6,187,OH,BOS,5
0,1,10,3,6,301,OH,BUF,5
-3,1,10,3,7,213,OH,DCA,5
0,1,10,3,8,187,OH,BOS,5
-4,1,10,3,8,288,OH,RIC,5
-2,1,10,3,8,508,OH,DTW,5
-5,1,10,3,8,228,OH,IAD,5
16,1,10,3,8,483,OH,CMH,5
15,1,10,3,8,340,OH,PIT,5
15,1,10,3,8,301,OH,BUF,5
0,1,10,3,9,264,OH,ROC,5
0,1,10,3,9,187,OH,BOS,5
56,1,10,3,8,426,OH,RDU,5
-10,1,10,3,10,829,OH,JAX,5
0,1,10,3,10,187,OH,BOS,5
0,1,10,3,10,664,OH,IND,5
25,1,10,3,10,589,OH,CVG,5
0,1,10,3,12,340,OH,PIT,5
-5,1,10,3,12,288,OH,RIC,5
-10,1,10,3,12,301,OH,BUF,5
-7,1,10,3,12,483,OH,CMH,5
-5,1,10,3,12,228,OH,IAD,5
15,1,10,3,12,213,OH,DCA,5
10,1,10,3,13,264,OH,ROC,5
5,1,10,3,14,187,OH,BOS,5
40,1,10,3,13,508,OH,DTW,5
16,1,10,3,14,766,OH,BNA,5
0,1,10,3,14,213,OH,DCA,5
0,1,10,3,15,187,OH,BOS,5
-5,1,10,3,16,301,OH,BUF,5
-5,1,10,3,16,589,OH,CVG,5
5,1,10,3,16,264,OH,ROC,5
-7,1,10,3,16,483,OH,CMH,5
-10,1,10,3,16,340,OH,PIT,5
50,1,10,3,15,187,OH,BOS,5
-5,1,10,3,16,288,OH,RIC,5
-2,1,10,3,17,187,OH,BOS,5
5,1,10,3,17,213,OH,DCA,5
15,1,10,3,17,228,OH,IAD,5
0,1,10,3,17,740,OH,ORD,5
5,1,10,3,17,426,OH,RDU,5
63,1,10,3,16,425,OH,CLE,5
-7,1,10,3,18,187,OH,BOS,5
28,1,10,3,17,508,OH,DTW,5
6,1,10,3,18,301,OH,BUF,5
57,1,10,3,17,589,OH,CVG,5
0,1,10,3,19,187,OH,BOS,5
0,1,10,3,19,425,OH,CLE,5
0,1,10,3,19,760,OH,ATL,5
0,1,10,3,19,664,OH,IND,5
-2,1,10,3,19,228,OH,IAD,5
25,1,10,3,19,766,OH,BNA,5
25,1,10,3,20,426,OH,RDU,5
40,1,10,3,20,483,OH,CMH,5
30,1,10,3,20,187,OH,BOS,5
0,1,10,3,21,264,OH,ROC,5
28,1,10,3,20,213,OH,DCA,5
150,1,10,3,20,340,OH,PIT,5
0,1,11,4,6,589,OH,CVG,4
-5,1,11,4,6,187,OH,BOS,4
0,1,11,4,6,301,OH,BUF,4
15,1,11,4,7,213,OH,DCA,4
-1,1,11,4,8,187,OH,BOS,4
0,1,11,4,8,288,OH,RIC,4
-2,1,11,4,8,508,OH,DTW,4
-4,1,11,4,8,228,OH,IAD,4
-5,1,11,4,8,426,OH,RDU,4
-5,1,11,4,8,301,OH,BUF,4
35,1,11,4,8,340,OH,PIT,4
67,1,11,4,8,483,OH,CMH,4
5,1,11,4,9,187,OH,BOS,4
26,1,11,4,9,264,OH,ROC,4
0,1,11,4,10,589,OH,CVG,4
0,1,11,4,10,187,OH,BOS,4
0,1,11,4,10,664,OH,IND,4
0,1,11,4,10,829,OH,JAX,4
0,1,11,4,12,288,OH,RIC,4
0,1,11,4,12,301,OH,BUF,4
0,1,11,4,12,213,OH,DCA,4
20,1,11,4,12,340,OH,PIT,4
-5,1,11,4,12,483,OH,CMH,4
0,1,11,4,12,228,OH,IAD,4
-5,1,11,4,14,187,OH,BOS,4
39,1,11,4,13,264,OH,ROC,4
-5,1,11,4,14,213,OH,DCA,4
29,1,11,4,14,766,OH,BNA,4
5,1,11,4,15,187,OH,BOS,4
-5,1,11,4,15,187,OH,BOS,4
145,1,11,4,13,508,OH,DTW,4
5,1,11,4,16,264,OH,ROC,4
0,1,11,4,16,589,OH,CVG,4
-8,1,11,4,16,483,OH,CMH,4
20,1,11,4,16,301,OH,BUF,4
-5,1,11,4,16,288,OH,RIC,4
5,1,11,4,17,187,OH,BOS,4
20,1,11,4,16,340,OH,PIT,4
0,1,11,4,17,228,OH,IAD,4
10,1,11,4,17,213,OH,DCA,4
0,1,11,4,17,426,OH,RDU,4
10,1,11,4,17,740,OH,ORD,4
75,1,11,4,16,425,OH,CLE,4
0,1,11,4,18,187,OH,BOS,4
22,1,11,4,17,589,OH,CVG,4
0,1,11,4,18,301,OH,BUF,4
44,1,11,4,17,508,OH,DTW,4
-10,1,11,4,19,187,OH,BOS,4
-10,1,11,4,19,760,OH,ATL,4
0,1,11,4,19,664,OH,IND,4
-10,1,11,4,19,228,OH,IAD,4
28,1,11,4,19,425,OH,CLE,4
0,1,11,4,20,483,OH,CMH,4
4,1,11,4,20,340,OH,PIT,4
23,1,11,4,20,426,OH,RDU,4
1,1,11,4,20,187,OH,BOS,4
-10,1,11,4,20,213,OH,DCA,4
55,1,11,4,19,766,OH,BNA,4
0,1,11,4,21,301,OH,BUF,4
-5,1,11,4,21,264,OH,ROC,4
-5,1,12,5,6,589,OH,CVG,3
0,1,12,5,6,187,OH,BOS,3
5,1,12,5,6,301,OH,BUF,3
0,1,12,5,7,213,OH,DCA,3
0,1,12,5,8,187,OH,BOS,3
-8,1,12,5,8,288,OH,RIC,3
-2,1,12,5,8,340,OH,PIT,3
-5,1,12,5,8,301,OH,BUF,3
12,1,12,5,8,483,OH,CMH,3
0,1,12,5,8,426,OH,RDU,3
20,1,12,5,8,508,OH,DTW,3
11,1,12,5,8,228,OH,IAD,3
0,1,12,5,9,264,OH,ROC,3
-10,1,12,5,9,187,OH,BOS,3
0,1,12,5,10,589,OH,CVG,3
-5,1,12,5,10,187,OH,BOS,3
0,1,12,5,10,664,OH,IND,3
-3,1,12,5,10,829,OH,JAX,3
0,1,12,5,12,340,OH,PIT,3
-5,1,12,5,12,288,OH,RIC,3
0,1,12,5,12,301,OH,BUF,3
0,1,12,5,12,213,OH,DCA,3
0,1,12,5,12,228,OH,IAD,3
9,1,12,5,12,483,OH,CMH,3
5,1,12,5,13,264,OH,ROC,3
5,1,12,5,13,508,OH,DTW,3
10,1,12,5,14,187,OH,BOS,3
0,1,12,5,14,766,OH,BNA,3
0,1,12,5,14,213,OH,DCA,3
-5,1,12,5,15,187,OH,BOS,3
0,1,12,5,15,187,OH,BOS,3
8,1,12,5,16,589,OH,CVG,3
0,1,12,5,16,483,OH,CMH,3
-5,1,12,5,16,340,OH,PIT,3
-5,1,12,5,16,288,OH,RIC,3
32,1,12,5,16,301,OH,BUF,3
5,1,12,5,17,187,OH,BOS,3
0,1,12,5,17,228,OH,IAD,3
15,1,12,5,17,213,OH,DCA,3
10,1,12,5,17,426,OH,RDU,3
15,1,12,5,17,740,OH,ORD,3
14,1,12,5,17,589,OH,CVG,3
8,1,12,5,18,187,OH,BOS,3
45,1,12,5,17,508,OH,DTW,3
125,1,12,5,16,264,OH,ROC,3
25,1,12,5,18,301,OH,BUF,3
110,1,12,5,16,425,OH,CLE,3
-5,1,12,5,19,187,OH,BOS,3
0,1,12,5,19,425,OH,CLE,3
5,1,12,5,19,760,OH,ATL,3
-3,1,12,5,19,766,OH,BNA,3
7,1,12,5,19,228,OH,IAD,3
30,1,12,5,19,664,OH,IND,3
15,1,12,5,20,483,OH,CMH,3
10,1,12,5,20,213,OH,DCA,3
0,1,12,5,21,301,OH,BUF,3
27,1,12,5,21,264,OH,ROC,3
85,1,12,5,20,340,OH,PIT,3
85,1,12,5,20,187,OH,BOS,3
148,1,12,5,20,426,OH,RDU,3
0,1,13,6,6,187,OH,BOS,2
0,1,13,6,6,301,OH,BUF,2
0,1,13,6,7,213,OH,DCA,2
0,1,13,6,8,187,OH,BOS,2
0,1,13,6,8,288,OH,RIC,2
0,1,13,6,8,508,OH,DTW,2
0,1,13,6,8,483,OH,CMH,2
0,1,13,6,8,340,OH,PIT,2
0,1,13,6,8,426,OH,RDU,2
10,1,13,6,8,301,OH,BUF,2
-10,1,13,6,9,187,OH,BOS,2
54,1,13,6,8,228,OH,IAD,2
0,1,13,6,10,589,OH,CVG,2
0,1,13,6,10,187,OH,BOS,2
0,1,13,6,10,829,OH,JAX,2
86,1,13,6,9,264,OH,ROC,2
-10,1,13,6,12,288,OH,RIC,2
0,1,13,6,12,340,OH,PIT,2
5,1,13,6,12,213,OH,DCA,2
10,1,13,6,12,301,OH,BUF,2
0,1,13,6,12,483,OH,CMH,2
40,1,13,6,12,228,OH,IAD,2
0,1,13,6,13,508,OH,DTW,2
35,1,13,6,13,589,OH,CVG,2
19,1,13,6,14,766,OH,BNA,2
-3,1,13,6,14,213,OH,DCA,2
48,1,13,6,14,187,OH,BOS,2
60,1,13,6,15,187,OH,BOS,2
-10,1,13,6,16,483,OH,CMH,2
25,1,13,6,16,264,OH,ROC,2
-6,1,13,6,16,288,OH,RIC,2
30,1,13,6,16,301,OH,BUF,2
35,1,13,6,16,425,OH,CLE,2
53,1,13,6,16,589,OH,CVG,2
-5,1,13,6,17,740,OH,ORD,2
25,1,13,6,17,228,OH,IAD,2
28,1,13,6,17,213,OH,DCA,2
70,1,13,6,16,340,OH,PIT,2
60,1,13,6,17,187,OH,BOS,2
35,1,13,6,17,426,OH,RDU,2
25,1,13,6,18,301,OH,BUF,2
65,1,13,6,17,508,OH,DTW,2
-1,1,13,6,19,664,OH,IND,2
117,1,13,6,17,589,OH,CVG,2
70,1,13,6,19,187,OH,BOS,2
0,1,14,7,6,187,OH,BOS,1
0,1,14,7,8,288,OH,RIC,1
15,1,14,7,8,301,OH,BUF,1
0,1,14,7,9,187,OH,BOS,1
-5,1,14,7,10,589,OH,CVG,1
-10,1,14,7,10,187,OH,BOS,1
0,1,14,7,10,829,OH,JAX,1
0,1,14,7,12,340,OH,PIT,1
-5,1,14,7,12,288,OH,RIC,1
-5,1,14,7,12,213,OH,DCA,1
0,1,14,7,12,228,OH,IAD,1
10,1,14,7,12,483,OH,CMH,1
0,1,14,7,13,508,OH,DTW,1
10,1,14,7,13,264,OH,ROC,1
10,1,14,7,14,187,OH,BOS,1
0,1,14,7,14,766,OH,BNA,1
0,1,14,7,15,187,OH,BOS,1
30,1,14,7,14,213,OH,DCA,1
5,1,14,7,16,264,OH,ROC,1
79,1,14,7,15,187,OH,BOS,1
5,1,14,7,17,213,OH,DCA,1
22,1,14,7,17,187,OH,BOS,1
70,1,14,7,16,301,OH,BUF,1
45,1,14,7,16,483,OH,CMH,1
50,1,14,7,16,340,OH,PIT,1
10,1,14,7,17,426,OH,RDU,1
54,1,14,7,16,288,OH,RIC,1
15,1,14,7,17,740,OH,ORD,1
86,1,14,7,16,589,OH,CVG,1
93,1,14,7,16,425,OH,CLE,1
49,1,14,7,17,589,OH,CVG,1
95,1,14,7,17,228,OH,IAD,1
62,1,14,7,18,301,OH,BUF,1
70,1,14,7,18,187,OH,BOS,1
19,1,14,7,19,425,OH,CLE,1
4,1,14,7,19,664,OH,IND,1
35,1,14,7,19,187,OH,BOS,1
5,1,14,7,19,766,OH,BNA,1
13,1,14,7,20,426,OH,RDU,1
120,1,14,7,19,760,OH,ATL,1
30,1,14,7,20,213,OH,DCA,1
90,1,14,7,19,228,OH,IAD,1
75,1,14,7,20,340,OH,PIT,1
65,1,14,7,20,187,OH,BOS,1
115,1,14,7,20,483,OH,CMH,1
55,1,14,7,21,301,OH,BUF,1
5,1,15,1,6,589,OH,CVG,0
0,1,15,1,6,187,OH,BOS,0
0,1,15,1,7,213,OH,DCA,0
30,1,15,1,6,301,OH,BUF,0
9,1,15,1,8,187,OH,BOS,0
0,1,15,1,8,288,OH,RIC,0
0,1,15,1,8,508,OH,DTW,0
-4,1,15,1,8,228,OH,IAD,0
7,1,15,1,8,483,OH,CMH,0
-5,1,15,1,8,426,OH,RDU,0
10,1,15,1,8,340,OH,PIT,0
15,1,15,1,8,301,OH,BUF,0
-9,1,15,1,9,264,OH,ROC,0
25,1,15,1,9,187,OH,BOS,0
0,1,15,1,10,187,OH,BOS,0
10,1,15,1,10,664,OH,IND,0
72,1,15,1,10,829,OH,JAX,0
-3,1,15,1,12,288,OH,RIC,0
5,1,15,1,12,340,OH,PIT,0
0,1,15,1,12,301,OH,BUF,0
0,1,15,1,12,228,OH,IAD,0
45,1,15,1,12,213,OH,DCA,0
65,1,15,1,12,483,OH,CMH,0
25,1,15,1,14,187,OH,BOS,0
50,1,15,1,13,508,OH,DTW,0
24,1,15,1,14,766,OH,BNA,0
0,1,15,1,14,213,OH,DCA,0
270,1,15,1,10,589,OH,CVG,0
10,1,15,1,15,187,OH,BOS,0
0,1,15,1,15,187,OH,BOS,0
0,1,15,1,16,301,OH,BUF,0
75,1,15,1,16,264,OH,ROC,0
60,1,15,1,16,483,OH,CMH,0
60,1,15,1,16,288,OH,RIC,0
91,1,15,1,16,589,OH,CVG,0
90,1,15,1,16,340,OH,PIT,0
98,1,15,1,16,425,OH,CLE,0
90,1,15,1,17,213,OH,DCA,0
47,1,15,1,18,301,OH,BUF,0
82,1,15,1,17,508,OH,DTW,0
15,1,15,1,19,425,OH,CLE,0
150,1,15,1,17,228,OH,IAD,0
131,1,15,1,17,426,OH,RDU,0
134,1,15,1,17,589,OH,CVG,0
25,1,15,1,19,664,OH,IND,0
130,1,15,1,18,187,OH,BOS,0
20,1,15,1,19,228,OH,IAD,0
32,1,15,1,20,483,OH,CMH,0
38,1,15,1,20,426,OH,RDU,0
57,1,15,1,20,340,OH,PIT,0
30,1,15,1,20,213,OH,DCA,0
0,1,16,2,6,589,OH,CVG,1
0,1,16,2,6,187,OH,BOS,1
-3,1,16,2,6,301,OH,BUF,1
25,1,16,2,7,213,OH,DCA,1
0,1,16,2,8,288,OH,RIC,1
0,1,16,2,8,508,OH,DTW,1
0,1,16,2,8,340,OH,PIT,1
11,1,16,2,8,228,OH,IAD,1
43,1,16,2,8,301,OH,BUF,1
48,1,16,2,8,426,OH,RDU,1
125,1,16,2,8,187,OH,BOS,1
0,1,16,2,10,425,OH,CLE,1
-10,1,16,2,10,829,OH,JAX,1
0,1,16,2,10,187,OH,BOS,1
0,1,16,2,10,664,OH,IND,1
101,1,16,2,9,264,OH,ROC,1
150,1,16,2,9,187,OH,BOS,1
-10,1,16,2,12,288,OH,RIC,1
0,1,16,2,12,340,OH,PIT,1
-5,1,16,2,12,213,OH,DCA,1
0,1,16,2,12,228,OH,IAD,1
0,1,16,2,13,508,OH,DTW,1
10,1,16,2,13,264,OH,ROC,1
70,1,16,2,12,483,OH,CMH,1
90,1,16,2,12,301,OH,BUF,1
20,1,16,2,14,187,OH,BOS,1
5,1,16,2,14,213,OH,DCA,1
5,1,16,2,15,187,OH,BOS,1
0,1,16,2,15,187,OH,BOS,1
-10,1,16,2,16,301,OH,BUF,1
104,1,16,2,14,766,OH,BNA,1
0,1,16,2,16,264,OH,ROC,1
-10,1,16,2,16,425,OH,CLE,1
0,1,16,2,16,483,OH,CMH,1
-10,1,16,2,16,288,OH,RIC,1
21,1,16,2,16,589,OH,CVG,1
0,1,16,2,17,187,OH,BOS,1
0,1,16,2,17,508,OH,DTW,1
20,1,16,2,17,228,OH,IAD,1
0,1,16,2,17,740,OH,ORD,1
46,1,16,2,16,340,OH,PIT,1
10,1,16,2,17,426,OH,RDU,1
28,1,16,2,17,589,OH,CVG,1
30,1,16,2,18,187,OH,BOS,1
97,1,16,2,17,213,OH,DCA,1
5,1,16,2,19,187,OH,BOS,1
60,1,16,2,18,301,OH,BUF,1
5,1,16,2,19,760,OH,ATL,1
20,1,16,2,19,425,OH,CLE,1
10,1,16,2,19,664,OH,IND,1
-2,1,16,2,19,228,OH,IAD,1
-5,1,16,2,19,766,OH,BNA,1
0,1,16,2,20,426,OH,RDU,1
20,1,16,2,20,483,OH,CMH,1
12,1,16,2,20,187,OH,BOS,1
55,1,16,2,20,340,OH,PIT,1
38,1,16,2,21,264,OH,ROC,1
60,1,16,2,20,213,OH,DCA,1
10,1,17,3,6,589,OH,CVG,2
0,1,17,3,6,187,OH,BOS,2
0,1,17,3,7,213,OH,DCA,2
35,1,17,3,6,301,OH,BUF,2
0,1,17,3,8,187,OH,BOS,2
0,1,17,3,8,288,OH,RIC,2
-8,1,17,3,8,483,OH,CMH,2
0,1,17,3,8,340,OH,PIT,2
0,1,17,3,8,426,OH,RDU,2
5,1,17,3,8,301,OH,BUF,2
60,1,17,3,8,508,OH,DTW,2
56,1,17,3,8,228,OH,IAD,2
5,1,17,3,9,187,OH,BOS,2
21,1,17,3,9,264,OH,ROC,2
0,1,17,3,10,589,OH,CVG,2
0,1,17,3,10,187,OH,BOS,2
0,1,17,3,10,664,OH,IND,2
-5,1,17,3,10,829,OH,JAX,2
-10,1,17,3,12,340,OH,PIT,2
-10,1,17,3,12,301,OH,BUF,2
0,1,17,3,12,288,OH,RIC,2
0,1,17,3,12,483,OH,CMH,2
5,1,17,3,12,228,OH,IAD,2
25,1,17,3,12,213,OH,DCA,2
5,1,17,3,13,264,OH,ROC,2
15,1,17,3,13,508,OH,DTW,2
10,1,17,3,14,187,OH,BOS,2
-1,1,17,3,14,766,OH,BNA,2
5,1,17,3,14,213,OH,DCA,2
-3,1,17,3,15,187,OH,BOS,2
-10,1,17,3,15,187,OH,BOS,2
-6,1,17,3,16,301,OH,BUF,2
0,1,17,3,16,589,OH,CVG,2
30,1,17,3,16,264,OH,ROC,2
0,1,17,3,17,187,OH,BOS,2
-10,1,17,3,17,228,OH,IAD,2
0,1,17,3,17,213,OH,DCA,2
-10,1,17,3,17,740,OH,ORD,2
-5,1,17,3,17,508,OH,DTW,2
-5,1,17,3,17,426,OH,RDU,2
63,1,17,3,16,425,OH,CLE,2
0,1,17,3,18,187,OH,BOS,2
90,1,17,3,16,288,OH,RIC,2
104,1,17,3,16,483,OH,CMH,2
20,1,17,3,18,301,OH,BUF,2
115,1,17,3,16,340,OH,PIT,2
70,1,17,3,17,589,OH,CVG,2
0,1,17,3,19,187,OH,BOS,2
0,1,17,3,19,425,OH,CLE,2
10,1,17,3,19,760,OH,ATL,2
0,1,17,3,19,228,OH,IAD,2
0,1,17,3,19,766,OH,BNA,2
-10,1,17,3,20,340,OH,PIT,2
8,1,17,3,20,426,OH,RDU,2
20,1,17,3,20,483,OH,CMH,2
70,1,17,3,19,664,OH,IND,2
15,1,17,3,20,187,OH,BOS,2
0,1,17,3,20,213,OH,DCA,2
0,1,17,3,21,264,OH,ROC,2
0,1,18,4,6,589,OH,CVG,3
0,1,18,4,6,187,OH,BOS,3
-10,1,18,4,7,213,OH,DCA,3
0,1,18,4,8,187,OH,BOS,3
80,1,18,4,6,301,OH,BUF,3
0,1,18,4,8,288,OH,RIC,3
-5,1,18,4,8,508,OH,DTW,3
0,1,18,4,8,483,OH,CMH,3
5,1,18,4,8,301,OH,BUF,3
15,1,18,4,8,426,OH,RDU,3
29,1,18,4,8,228,OH,IAD,3
0,1,18,4,9,264,OH,ROC,3
22,1,18,4,9,187,OH,BOS,3
110,1,18,4,8,340,OH,PIT,3
0,1,18,4,10,187,OH,BOS,3
0,1,18,4,10,664,OH,IND,3
50,1,18,4,10,829,OH,JAX,3
-10,1,18,4,12,340,OH,PIT,3
110,1,18,4,10,589,OH,CVG,3
0,1,18,4,12,288,OH,RIC,3
-5,1,18,4,12,213,OH,DCA,3
5,1,18,4,12,301,OH,BUF,3
7,1,18,4,12,483,OH,CMH,3
32,1,18,4,12,228,OH,IAD,3
-5,1,18,4,13,264,OH,ROC,3
0,1,18,4,13,508,OH,DTW,3
0,1,18,4,14,187,OH,BOS,3
-3,1,18,4,14,766,OH,BNA,3
0,1,18,4,15,187,OH,BOS,3
53,1,18,4,14,213,OH,DCA,3
0,1,18,4,15,187,OH,BOS,3
-3,1,18,4,16,301,OH,BUF,3
10,1,18,4,16,264,OH,ROC,3
11,1,18,4,16,589,OH,CVG,3
-10,1,18,4,16,340,OH,PIT,3
25,1,18,4,16,288,OH,RIC,3
-3,1,18,4,17,740,OH,ORD,3
60,1,18,4,16,483,OH,CMH,3
63,1,18,4,16,425,OH,CLE,3
45,1,18,4,17,228,OH,IAD,3
50,1,18,4,17,213,OH,DCA,3
30,1,18,4,17,426,OH,RDU,3
70,1,18,4,17,187,OH,BOS,3
25,1,18,4,18,187,OH,BOS,3
70,1,18,4,17,508,OH,DTW,3
82,1,18,4,17,589,OH,CVG,3
60,1,18,4,18,301,OH,BUF,3
-5,1,18,4,19,425,OH,CLE,3
20,1,18,4,19,187,OH,BOS,3
8,1,18,4,19,760,OH,ATL,3
0,1,18,4,19,228,OH,IAD,3
30,1,18,4,19,664,OH,IND,3
13,1,18,4,20,426,OH,RDU,3
35,1,18,4,19,766,OH,BNA,3
30,1,18,4,20,483,OH,CMH,3
-8,1,18,4,20,213,OH,DCA,3
15,1,18,4,20,187,OH,BOS,3
0,1,18,4,21,301,OH,BUF,3
70,1,18,4,20,340,OH,PIT,3
20,1,18,4,21,264,OH,ROC,3
-10,1,19,5,6,187,OH,BOS,4
45,1,19,5,6,589,OH,CVG,4
5,1,19,5,6,301,OH,BUF,4
0,1,19,5,7,213,OH,DCA,4
2,1,19,5,8,288,OH,RIC,4
13,1,19,5,8,426,OH,RDU,4
68,1,19,5,8,187,OH,BOS,4
48,1,19,5,8,228,OH,IAD,4
62,1,19,5,8,483,OH,CMH,4
12,1,19,5,10,589,OH,CVG,4
60,1,19,5,9,187,OH,BOS,4
50,1,19,5,10,664,OH,IND,4
54,1,19,5,10,829,OH,JAX,4
-5,1,19,5,12,288,OH,RIC,4
5,1,19,5,12,301,OH,BUF,4
0,1,19,5,12,483,OH,CMH,4
165,1,19,5,10,187,OH,BOS,4
0,1,19,5,14,187,OH,BOS,4
95,1,19,5,12,213,OH,DCA,4
65,1,19,5,13,264,OH,ROC,4
0,1,19,5,14,213,OH,DCA,4
0,1,19,5,15,187,OH,BOS,4
54,1,19,5,14,766,OH,BNA,4
95,1,19,5,13,508,OH,DTW,4
0,1,19,5,16,264,OH,ROC,4
0,1,19,5,16,589,OH,CVG,4
50,1,19,5,15,187,OH,BOS,4
15,1,19,5,16,483,OH,CMH,4
0,1,19,5,17,187,OH,BOS,4
45,1,19,5,16,301,OH,BUF,4
10,1,19,5,16,288,OH,RIC,4
25,1,19,5,16,340,OH,PIT,4
5,1,19,5,17,228,OH,IAD,4
0,1,19,5,17,508,OH,DTW,4
0,1,19,5,17,740,OH,ORD,4
78,1,19,5,16,425,OH,CLE,4
22,1,19,5,17,589,OH,CVG,4
0,1,19,5,19,187,OH,BOS,4
81,1,19,5,18,301,OH,BUF,4
15,1,19,5,19,425,OH,CLE,4
25,1,19,5,19,760,OH,ATL,4
140,1,19,5,17,426,OH,RDU,4
30,1,19,5,19,664,OH,IND,4
10,1,19,5,20,483,OH,CMH,4
20,1,19,5,19,228,OH,IAD,4
220,1,19,5,17,213,OH,DCA,4
50,1,19,5,20,426,OH,RDU,4
35,1,19,5,20,187,OH,BOS,4
40,1,19,5,20,213,OH,DCA,4
120,1,19,5,20,340,OH,PIT,4
75,1,19,5,21,301,OH,BUF,4
115,1,19,5,21,264,OH,ROC,4
25,1,20,6,6,187,OH,BOS,5
15,1,20,6,7,213,OH,DCA,5
0,1,20,6,8,288,OH,RIC,5
20,1,20,6,8,187,OH,BOS,5
0,1,20,6,8,508,OH,DTW,5
-7,1,20,6,8,228,OH,IAD,5
0,1,20,6,8,340,OH,PIT,5
15,1,20,6,8,483,OH,CMH,5
35,1,20,6,8,426,OH,RDU,5
160,1,20,6,6,301,OH,BUF,5
0,1,20,6,9,264,OH,ROC,5
-10,1,20,6,9,187,OH,BOS,5
14,1,20,6,10,589,OH,CVG,5
0,1,20,6,10,187,OH,BOS,5
115,1,20,6,8,301,OH,BUF,5
0,1,20,6,12,340,OH,PIT,5
0,1,20,6,12,288,OH,RIC,5
0,1,20,6,12,301,OH,BUF,5
0,1,20,6,12,213,OH,DCA,5
0,1,20,6,12,228,OH,IAD,5
34,1,20,6,12,483,OH,CMH,5
0,1,20,6,13,508,OH,DTW,5
30,1,20,6,13,589,OH,CVG,5
10,1,20,6,14,187,OH,BOS,5
0,1,20,6,14,766,OH,BNA,5
0,1,20,6,14,213,OH,DCA,5
0,1,20,6,15,187,OH,BOS,5
85,1,20,6,13,264,OH,ROC,5
260,1,20,6,10,829,OH,JAX,5
0,1,20,6,16,301,OH,BUF,5
-5,1,20,6,16,483,OH,CMH,5
25,1,20,6,16,264,OH,ROC,5
19,1,20,6,16,589,OH,CVG,5
0,1,20,6,16,340,OH,PIT,5
0,1,20,6,16,288,OH,RIC,5
18,1,20,6,16,425,OH,CLE,5
25,1,20,6,17,187,OH,BOS,5
-5,1,20,6,17,426,OH,RDU,5
0,1,20,6,17,740,OH,ORD,5
30,1,20,6,17,228,OH,IAD,5
-3,1,20,6,18,301,OH,BUF,5
32,1,20,6,17,589,OH,CVG,5
-5,1,20,6,19,187,OH,BOS,5
70,1,20,6,18,187,OH,BOS,5
155,1,20,6,17,213,OH,DCA,5
25,1,20,6,19,664,OH,IND,5
160,1,20,6,17,508,OH,DTW,5
45,1,21,7,6,187,OH,BOS,6
0,1,21,7,8,288,OH,RIC,6
0,1,21,7,8,301,OH,BUF,6
10,1,21,7,9,187,OH,BOS,6
0,1,21,7,10,589,OH,CVG,6
0,1,21,7,10,187,OH,BOS,6
0,1,21,7,10,829,OH,JAX,6
-2,1,21,7,12,213,OH,DCA,6
25,1,21,7,12,340,OH,PIT,6
0,1,21,7,12,483,OH,CMH,6
0,1,21,7,12,228,OH,IAD,6
35,1,21,7,12,301,OH,BUF,6
10,1,21,7,13,264,OH,ROC,6
23,1,21,7,13,508,OH,DTW,6
10,1,21,7,14,187,OH,BOS,6
-10,1,21,7,14,213,OH,DCA,6
0,1,21,7,15,187,OH,BOS,6
170,1,21,7,12,288,OH,RIC,6
74,1,21,7,14,766,OH,BNA,6
13,1,21,7,16,301,OH,BUF,6
40,1,21,7,15,187,OH,BOS,6
16,1,21,7,16,589,OH,CVG,6
0,1,21,7,16,288,OH,RIC,6
20,1,21,7,16,483,OH,CMH,6
-10,1,21,7,17,508,OH,DTW,6
78,1,21,7,16,340,OH,PIT,6
39,1,21,7,17,426,OH,RDU,6
45,1,21,7,17,589,OH,CVG,6
55,1,21,7,17,740,OH,ORD,6
105,1,21,7,17,187,OH,BOS,6
0,1,21,7,19,187,OH,BOS,6
0,1,21,7,19,664,OH,IND,6
120,1,21,7,18,187,OH,BOS,6
20,1,21,7,19,228,OH,IAD,6
65,1,21,7,19,425,OH,CLE,6
35,1,21,7,19,766,OH,BNA,6
30,1,21,7,20,483,OH,CMH,6
25,1,21,7,20,340,OH,PIT,6
145,1,21,7,19,760,OH,ATL,6
65,1,21,7,21,301,OH,BUF,6
-5,1,22,1,6,589,OH,CVG,7
15,1,22,1,6,187,OH,BOS,7
-5,1,22,1,7,213,OH,DCA,7
0,1,22,1,8,288,OH,RIC,7
25,1,22,1,8,187,OH,BOS,7
0,1,22,1,8,426,OH,RDU,7
13,1,22,1,8,228,OH,IAD,7
45,1,22,1,8,340,OH,PIT,7
-4,1,22,1,9,264,OH,ROC,7
87,1,22,1,8,483,OH,CMH,7
33,1,22,1,9,187,OH,BOS,7
0,1,22,1,10,589,OH,CVG,7
25,1,22,1,10,829,OH,JAX,7
85,1,22,1,10,187,OH,BOS,7
85,1,22,1,10,664,OH,IND,7
0,1,22,1,12,301,OH,BUF,7
10,1,22,1,12,288,OH,RIC,7
-2,1,22,1,12,228,OH,IAD,7
10,1,22,1,13,264,OH,ROC,7
-5,1,22,1,14,187,OH,BOS,7
20,1,22,1,13,508,OH,DTW,7
90,1,22,1,12,213,OH,DCA,7
0,1,22,1,14,213,OH,DCA,7
39,1,22,1,14,766,OH,BNA,7
-8,1,22,1,15,187,OH,BOS,7
55,1,22,1,15,187,OH,BOS,7
0,1,22,1,16,301,OH,BUF,7
10,1,22,1,16,264,OH,ROC,7
-6,1,22,1,17,187,OH,BOS,7
56,1,22,1,16,589,OH,CVG,7
0,1,22,1,17,508,OH,DTW,7
20,1,22,1,17,228,OH,IAD,7
0,1,22,1,17,740,OH,ORD,7
45,1,22,1,16,340,OH,PIT,7
40,1,22,1,16,288,OH,RIC,7
69,1,22,1,16,483,OH,CMH,7
20,1,22,1,17,426,OH,RDU,7
50,1,22,1,17,213,OH,DCA,7
37,1,22,1,17,589,OH,CVG,7
27,1,22,1,18,301,OH,BUF,7
0,1,22,1,19,187,OH,BOS,7
-5,1,22,1,19,425,OH,CLE,7
-10,1,22,1,19,664,OH,IND,7
0,1,22,1,19,228,OH,IAD,7
0,1,22,1,19,766,OH,BNA,7
0,1,22,1,20,483,OH,CMH,7
23,1,22,1,20,426,OH,RDU,7
30,1,22,1,20,340,OH,PIT,7
25,1,22,1,20,187,OH,BOS,7
15,1,22,1,20,213,OH,DCA,7
170,1,22,1,19,760,OH,ATL,7
60,1,22,1,21,264,OH,ROC,7
0,1,23,2,6,589,OH,CVG,8
0,1,23,2,6,187,OH,BOS,8
0,1,23,2,6,301,OH,BUF,8
-3,1,23,2,7,213,OH,DCA,8
8,1,23,2,8,187,OH,BOS,8
-10,1,23,2,8,288,OH,RIC,8
0,1,23,2,8,508,OH,DTW,8
0,1,23,2,8,483,OH,CMH,8
0,1,23,2,8,340,OH,PIT,8
11,1,23,2,8,301,OH,BUF,8
5,1,23,2,8,426,OH,RDU,8
34,1,23,2,8,228,OH,IAD,8
-9,1,23,2,9,264,OH,ROC,8
5,1,23,2,9,187,OH,BOS,8
3,1,23,2,10,425,OH,CLE,8
-10,1,23,2,10,829,OH,JAX,8
2,1,23,2,10,187,OH,BOS,8
10,1,23,2,10,664,OH,IND,8
0,1,23,2,12,340,OH,PIT,8
-5,1,23,2,12,288,OH,RIC,8
0,1,23,2,12,213,OH,DCA,8
-3,1,23,2,12,228,OH,IAD,8
25,1,23,2,12,483,OH,CMH,8
0,1,23,2,13,264,OH,ROC,8
65,1,23,2,12,301,OH,BUF,8
0,1,23,2,13,508,OH,DTW,8
10,1,23,2,14,187,OH,BOS,8
0,1,23,2,14,766,OH,BNA,8
10,1,23,2,15,187,OH,BOS,8
30,1,23,2,14,213,OH,DCA,8
-7,1,23,2,16,264,OH,ROC,8
14,1,23,2,15,187,OH,BOS,8
-6,1,23,2,16,301,OH,BUF,8
-4,1,23,2,16,589,OH,CVG,8
-10,1,23,2,16,483,OH,CMH,8
-7,1,23,2,16,425,OH,CLE,8
0,1,23,2,16,340,OH,PIT,8
-7,1,23,2,17,187,OH,BOS,8
5,1,23,2,16,288,OH,RIC,8
-10,1,23,2,17,213,OH,DCA,8
-5,1,23,2,17,740,OH,ORD,8
-4,1,23,2,17,426,OH,RDU,8
-8,1,23,2,17,589,OH,CVG,8
5,1,23,2,18,187,OH,BOS,8
35,1,23,2,17,508,OH,DTW,8
60,1,23,2,17,228,OH,IAD,8
15,1,23,2,18,301,OH,BUF,8
-2,1,23,2,19,187,OH,BOS,8
0,1,23,2,19,425,OH,CLE,8
-2,1,23,2,19,760,OH,ATL,8
-10,1,23,2,19,664,OH,IND,8
-10,1,23,2,19,228,OH,IAD,8
0,1,23,2,19,766,OH,BNA,8
-1,1,23,2,20,483,OH,CMH,8
0,1,23,2,20,426,OH,RDU,8
-5,1,23,2,20,340,OH,PIT,8
-2,1,23,2,20,187,OH,BOS,8
-5,1,23,2,20,213,OH,DCA,8
0,1,24,3,6,589,OH,CVG,9
-4,1,24,3,6,187,OH,BOS,9
0,1,24,3,6,301,OH,BUF,9
0,1,24,3,7,213,OH,DCA,9
7,1,24,3,8,187,OH,BOS,9
-10,1,24,3,8,288,OH,RIC,9
-5,1,24,3,8,508,OH,DTW,9
-5,1,24,3,8,483,OH,CMH,9
-4,1,24,3,8,228,OH,IAD,9
0,1,24,3,8,340,OH,PIT,9
0,1,24,3,8,426,OH,RDU,9
0,1,24,3,9,264,OH,ROC,9
0,1,24,3,9,187,OH,BOS,9
50,1,24,3,8,301,OH,BUF,9
-5,1,24,3,10,664,OH,IND,9
-10,1,24,3,10,829,OH,JAX,9
-4,1,24,3,10,187,OH,BOS,9
35,1,24,3,10,589,OH,CVG,9
0,1,24,3,12,340,OH,PIT,9
-5,1,24,3,12,288,OH,RIC,9
-5,1,24,3,12,301,OH,BUF,9
4,1,24,3,12,213,OH,DCA,9
-10,1,24,3,12,228,OH,IAD,9
0,1,24,3,13,264,OH,ROC,9
0,1,24,3,13,508,OH,DTW,9
-10,1,24,3,14,187,OH,BOS,9
60,1,24,3,12,483,OH,CMH,9
0,1,24,3,14,766,OH,BNA,9
-10,1,24,3,14,213,OH,DCA,9
-10,1,24,3,15,187,OH,BOS,9
-5,1,24,3,15,187,OH,BOS,9
-10,1,24,3,16,264,OH,ROC,9
0,1,24,3,16,589,OH,CVG,9
0,1,24,3,16,483,OH,CMH,9
0,1,24,3,16,340,OH,PIT,9
-5,1,24,3,17,187,OH,BOS,9
13,1,24,3,16,425,OH,CLE,9
0,1,24,3,17,213,OH,DCA,9
-5,1,24,3,17,426,OH,RDU,9
-4,1,24,3,17,508,OH,DTW,9
0,1,24,3,17,740,OH,ORD,9
55,1,24,3,16,288,OH,RIC,9
-3,1,24,3,18,187,OH,BOS,9
-5,1,24,3,18,301,OH,BUF,9
115,1,24,3,16,301,OH,BUF,9
34,1,24,3,17,589,OH,CVG,9
-10,1,24,3,19,187,OH,BOS,9
0,1,24,3,19,425,OH,CLE,9
0,1,24,3,19,760,OH,ATL,9
0,1,24,3,19,664,OH,IND,9
-5,1,24,3,19,766,OH,BNA,9
0,1,24,3,20,483,OH,CMH,9
-2,1,24,3,20,426,OH,RDU,9
20,1,24,3,19,228,OH,IAD,9
5,1,24,3,20,340,OH,PIT,9
-5,1,24,3,20,187,OH,BOS,9
0,1,24,3,20,213,OH,DCA,9
0,1,24,3,21,264,OH,ROC,9
0,1,25,4,6,589,OH,CVG,10
-5,1,25,4,6,187,OH,BOS,10
-3,1,25,4,7,213,OH,DCA,10
67,1,25,4,6,301,OH,BUF,10
-5,1,25,4,8,288,OH,RIC,10
-10,1,25,4,8,508,OH,DTW,10
0,1,25,4,8,228,OH,IAD,10
12,1,25,4,8,483,OH,CMH,10
5,1,25,4,8,426,OH,RDU,10
60,1,25,4,8,187,OH,BOS,10
32,1,25,4,8,340,OH,PIT,10
29,1,25,4,8,301,OH,BUF,10
24,1,25,4,9,264,OH,ROC,10
15,1,25,4,9,187,OH,BOS,10
-21,1,25,4,10,664,OH,IND,10
0,1,25,4,10,187,OH,BOS,10
30,1,25,4,10,589,OH,CVG,10
45,1,25,4,10,829,OH,JAX,10
-8,1,25,4,12,340,OH,PIT,10
0,1,25,4,12,288,OH,RIC,10
-5,1,25,4,12,301,OH,BUF,10
0,1,25,4,12,213,OH,DCA,10
-8,1,25,4,12,228,OH,IAD,10
29,1,25,4,12,483,OH,CMH,10
0,1,25,4,14,187,OH,BOS,10
15,1,25,4,13,508,OH,DTW,10
35,1,25,4,13,264,OH,ROC,10
-3,1,25,4,14,213,OH,DCA,10
0,1,25,4,15,187,OH,BOS,10
65,1,25,4,14,766,OH,BNA,10
-5,1,25,4,16,264,OH,ROC,10
0,1,25,4,16,301,OH,BUF,10
0,1,25,4,16,589,OH,CVG,10
36,1,25,4,15,187,OH,BOS,10
-2,1,25,4,16,425,OH,CLE,10
0,1,25,4,16,483,OH,CMH,10
5,1,25,4,16,340,OH,PIT,10
0,1,25,4,16,288,OH,RIC,10
0,1,25,4,17,213,OH,DCA,10
18,1,25,4,17,187,OH,BOS,10
-7,1,25,4,17,508,OH,DTW,10
-5,1,25,4,17,740,OH,ORD,10
-5,1,25,4,17,426,OH,RDU,10
12,1,25,4,17,589,OH,CVG,10
40,1,25,4,17,228,OH,IAD,10
0,1,25,4,18,301,OH,BUF,10
8,1,25,4,18,187,OH,BOS,10
-3,1,25,4,19,425,OH,CLE,10
20,1,25,4,19,187,OH,BOS,10
-10,1,25,4,19,664,OH,IND,10
-3,1,25,4,19,228,OH,IAD,10
3,1,25,4,19,766,OH,BNA,10
55,1,25,4,19,760,OH,ATL,10
28,1,25,4,20,426,OH,RDU,10
0,1,25,4,20,213,OH,DCA,10
45,1,25,4,20,340,OH,PIT,10
80,1,25,4,20,483,OH,CMH,10
55,1,25,4,20,187,OH,BOS,10
33,1,25,4,21,301,OH,BUF,10
50,1,25,4,21,264,OH,ROC,10
-5,1,26,5,6,589,OH,CVG,11
0,1,26,5,6,301,OH,BUF,11
0,1,26,5,7,213,OH,DCA,11
98,1,26,5,6,187,OH,BOS,11
19,1,26,5,8,340,OH,PIT,11
10,1,26,5,8,301,OH,BUF,11
46,1,26,5,8,228,OH,IAD,11
70,1,26,5,8,508,OH,DTW,11
110,1,26,5,8,187,OH,BOS,11
27,1,26,5,9,187,OH,BOS,11
90,1,26,5,8,426,OH,RDU,11
48,1,26,5,9,264,OH,ROC,11
112,1,26,5,8,483,OH,CMH,11
10,1,26,5,10,589,OH,CVG,11
143,1,26,5,8,11,OH,LGA,11
40,1,26,5,10,829,OH,JAX,11
100,1,26,5,10,187,OH,BOS,11
-10,1,26,5,12,213,OH,DCA,11
0,1,26,5,12,301,OH,BUF,11
10,1,26,5,12,288,OH,RIC,11
-5,1,26,5,12,483,OH,CMH,11
41,1,26,5,12,340,OH,PIT,11
17,1,26,5,12,228,OH,IAD,11
15,1,26,5,14,187,OH,BOS,11
32,1,26,5,13,508,OH,DTW,11
60,1,26,5,13,264,OH,ROC,11
0,1,26,5,14,213,OH,DCA,11
29,1,26,5,14,766,OH,BNA,11
0,1,26,5,15,187,OH,BOS,11
65,1,26,5,15,187,OH,BOS,11
-5,1,26,5,16,264,OH,ROC,11
5,1,26,5,16,589,OH,CVG,11
-12,1,26,5,16,425,OH,CLE,11
-3,1,26,5,16,483,OH,CMH,11
45,1,26,5,16,301,OH,BUF,11
0,1,26,5,17,213,OH,DCA,11
35,1,26,5,16,288,OH,RIC,11
0,1,26,5,17,740,OH,ORD,11
24,1,26,5,17,508,OH,DTW,11
65,1,26,5,17,228,OH,IAD,11
97,1,26,5,16,340,OH,PIT,11
47,1,26,5,17,589,OH,CVG,11
95,1,26,5,17,187,OH,BOS,11
75,1,26,5,17,426,OH,RDU,11
45,1,26,5,18,301,OH,BUF,11
65,1,26,5,18,187,OH,BOS,11
0,1,26,5,19,664,OH,IND,11
30,1,26,5,19,425,OH,CLE,11
50,1,26,5,19,187,OH,BOS,11
0,1,26,5,19,766,OH,BNA,11
10,1,26,5,19,228,OH,IAD,11
15,1,26,5,20,187,OH,BOS,11
20,1,26,5,20,213,OH,DCA,11
17,1,26,5,21,301,OH,BUF,11
125,1,26,5,19,760,OH,ATL,11
85,1,26,5,20,483,OH,CMH,11
103,1,26,5,20,426,OH,RDU,11
0,1,27,6,6,301,OH,BUF,12
25,1,27,6,6,187,OH,BOS,12
5,1,27,6,7,213,OH,DCA,12
0,1,27,6,8,288,OH,RIC,12
20,1,27,6,8,187,OH,BOS,12
0,1,27,6,8,508,OH,DTW,12
-10,1,27,6,8,301,OH,BUF,12
0,1,27,6,8,426,OH,RDU,12
27,1,27,6,8,483,OH,CMH,12
21,1,27,6,8,228,OH,IAD,12
35,1,27,6,8,340,OH,PIT,12
-2,1,27,6,9,187,OH,BOS,12
-2,1,27,6,10,829,OH,JAX,12
79,1,27,6,9,264,OH,ROC,12
25,1,27,6,10,187,OH,BOS,12
65,1,27,6,10,589,OH,CVG,12
0,1,27,6,12,340,OH,PIT,12
0,1,27,6,12,288,OH,RIC,12
-5,1,27,6,12,301,OH,BUF,12
173,1,27,6,10,459,OH,GSO,12
10,1,27,6,12,228,OH,IAD,12
15,1,27,6,12,483,OH,CMH,12
0,1,27,6,13,589,OH,CVG,12
0,1,27,6,13,264,OH,ROC,12
0,1,27,6,13,508,OH,DTW,12
-6,1,27,6,14,766,OH,BNA,12
25,1,27,6,14,187,OH,BOS,12
175,1,27,6,12,213,OH,DCA,12
75,1,27,6,15,187,OH,BOS,12
0,1,27,6,16,301,OH,BUF,12
0,1,27,6,16,589,OH,CVG,12
-3,1,27,6,16,483,OH,CMH,12
5,1,27,6,16,340,OH,PIT,12
0,1,27,6,17,187,OH,BOS,12
-10,1,27,6,17,228,OH,IAD,12
-1,1,27,6,17,740,OH,ORD,12
8,1,27,6,17,508,OH,DTW,12
30,1,27,6,17,213,OH,DCA,12
85,1,27,6,16,264,OH,ROC,12
16,1,27,6,17,426,OH,RDU,12
57,1,27,6,16,288,OH,RIC,12
0,1,27,6,18,187,OH,BOS,12
0,1,27,6,18,301,OH,BUF,12
205,1,27,6,14,213,OH,DCA,12
39,1,27,6,17,589,OH,CVG,12
0,1,27,6,19,187,OH,BOS,12
183,1,27,6,16,425,OH,CLE,12
17,1,27,6,19,664,OH,IND,12
-10,1,28,7,6,187,OH,BOS,13
0,1,28,7,8,288,OH,RIC,13
0,1,28,7,8,301,OH,BUF,13
0,1,28,7,9,187,OH,BOS,13
-5,1,28,7,10,589,OH,CVG,13
0,1,28,7,10,187,OH,BOS,13
10,1,28,7,10,829,OH,JAX,13
0,1,28,7,12,340,OH,PIT,13
0,1,28,7,12,301,OH,BUF,13
10,1,28,7,12,288,OH,RIC,13
0,1,28,7,12,228,OH,IAD,13
20,1,28,7,12,213,OH,DCA,13
10,1,28,7,13,264,OH,ROC,13
10,1,28,7,13,508,OH,DTW,13
65,1,28,7,12,483,OH,CMH,13
-10,1,28,7,14,766,OH,BNA,13
20,1,28,7,14,187,OH,BOS,13
0,1,28,7,14,213,OH,DCA,13
45,1,28,7,15,187,OH,BOS,13
-5,1,28,7,15,187,OH,BOS,13
-10,1,28,7,16,301,OH,BUF,13
5,1,28,7,16,264,OH,ROC,13
-7,1,28,7,16,483,OH,CMH,13
11,1,28,7,16,589,OH,CVG,13
5,1,28,7,16,340,OH,PIT,13
0,1,28,7,16,288,OH,RIC,13
5,1,28,7,17,187,OH,BOS,13
0,1,28,7,17,213,OH,DCA,13
0,1,28,7,17,228,OH,IAD,13
10,1,28,7,17,740,OH,ORD,13
10,1,28,7,17,426,OH,RDU,13
60,1,28,7,16,425,OH,CLE,13
25,1,28,7,17,508,OH,DTW,13
0,1,28,7,18,187,OH,BOS,13
47,1,28,7,17,589,OH,CVG,13
35,1,28,7,18,301,OH,BUF,13
5,1,28,7,19,760,OH,ATL,13
20,1,28,7,19,425,OH,CLE,13
35,1,28,7,19,228,OH,IAD,13
33,1,28,7,19,766,OH,BNA,13
5,1,28,7,20,187,OH,BOS,13
65,1,28,7,20,483,OH,CMH,13
20,1,28,7,21,301,OH,BUF,13
78,1,28,7,20,426,OH,RDU,13
35,1,28,7,21,264,OH,ROC,13
95,1,28,7,20,213,OH,DCA,13
210,1,28,7,19,664,OH,IND,13
200,1,28,7,20,340,OH,PIT,13
10,1,29,1,6,589,OH,CVG,14
0,1,29,1,7,213,OH,DCA,14
35,1,29,1,6,301,OH,BUF,14
72,1,29,1,6,187,OH,BOS,14
0,1,29,1,8,187,OH,BOS,14
-5,1,29,1,8,288,OH,RIC,14
0,1,29,1,8,508,OH,DTW,14
-4,1,29,1,8,228,OH,IAD,14
35,1,29,1,8,340,OH,PIT,14
30,1,29,1,8,301,OH,BUF,14
35,1,29,1,8,426,OH,RDU,14
65,1,29,1,8,483,OH,CMH,14
11,1,29,1,9,264,OH,ROC,14
30,1,29,1,9,187,OH,BOS,14
5,1,29,1,10,589,OH,CVG,14
-2,1,29,1,10,187,OH,BOS,14
0,1,29,1,10,664,OH,IND,14
15,1,29,1,10,829,OH,JAX,14
-8,1,29,1,12,340,OH,PIT,14
-5,1,29,1,12,288,OH,RIC,14
0,1,29,1,12,301,OH,BUF,14
-5,1,29,1,12,228,OH,IAD,14
10,1,29,1,12,483,OH,CMH,14
25,1,29,1,12,213,OH,DCA,14
0,1,29,1,13,264,OH,ROC,14
30,1,29,1,13,508,OH,DTW,14
-1,1,29,1,14,766,OH,BNA,14
-5,1,29,1,14,213,OH,DCA,14
0,1,29,1,15,187,OH,BOS,14
0,1,29,1,15,187,OH,BOS,14
0,1,29,1,16,264,OH,ROC,14
0,1,29,1,16,589,OH,CVG,14
10,1,29,1,16,301,OH,BUF,14
-2,1,29,1,16,340,OH,PIT,14
0,1,29,1,16,288,OH,RIC,14
15,1,29,1,16,483,OH,CMH,14
0,1,29,1,17,213,OH,DCA,14
12,1,29,1,17,187,OH,BOS,14
38,1,29,1,16,425,OH,CLE,14
18,1,29,1,17,228,OH,IAD,14
0,1,29,1,17,508,OH,DTW,14
0,1,29,1,17,426,OH,RDU,14
11,1,29,1,17,589,OH,CVG,14
0,1,29,1,18,187,OH,BOS,14
0,1,29,1,18,301,OH,BUF,14
85,1,29,1,17,740,OH,ORD,14
-5,1,29,1,19,425,OH,CLE,14
-10,1,29,1,19,664,OH,IND,14
8,1,29,1,19,760,OH,ATL,14
0,1,29,1,19,228,OH,IAD,14
-17,1,29,1,20,426,OH,RDU,14
0,1,29,1,19,766,OH,BNA,14
-7,1,29,1,20,340,OH,PIT,14
30,1,29,1,20,187,OH,BOS,14
10,1,29,1,20,213,OH,DCA,14
-5,1,29,1,21,264,OH,ROC,14
105,1,29,1,20,483,OH,CMH,14
180,1,29,1,19,187,OH,BOS,14
-5,1,30,2,6,187,OH,BOS,15
-5,1,30,2,6,301,OH,BUF,15
45,1,30,2,6,589,OH,CVG,15
-5,1,30,2,7,213,OH,DCA,15
5,1,30,2,8,187,OH,BOS,15
-10,1,30,2,8,508,OH,DTW,15
19,1,30,2,8,288,OH,RIC,15
0,1,30,2,8,340,OH,PIT,15
10,1,30,2,8,301,OH,BUF,15
7,1,30,2,8,483,OH,CMH,15
1,1,30,2,8,228,OH,IAD,15
-2,1,30,2,8,426,OH,RDU,15
0,1,30,2,9,264,OH,ROC,15
0,1,30,2,9,187,OH,BOS,15
7,1,30,2,10,425,OH,CLE,15
0,1,30,2,10,664,OH,IND,15
-1,1,30,2,10,829,OH,JAX,15
55,1,30,2,10,187,OH,BOS,15
0,1,30,2,12,288,OH,RIC,15
10,1,30,2,12,340,OH,PIT,15
0,1,30,2,12,301,OH,BUF,15
0,1,30,2,12,213,OH,DCA,15
-8,1,30,2,12,228,OH,IAD,15
-5,1,30,2,12,483,OH,CMH,15
0,1,30,2,13,264,OH,ROC,15
-10,1,30,2,14,187,OH,BOS,15
10,1,30,2,13,508,OH,DTW,15
-5,1,30,2,14,766,OH,BNA,15
-10,1,30,2,15,187,OH,BOS,15
0,1,30,2,14,213,OH,DCA,15
0,1,30,2,15,187,OH,BOS,15
-3,1,30,2,16,264,OH,ROC,15
0,1,30,2,16,301,OH,BUF,15
-6,1,30,2,16,340,OH,PIT,15
-2,1,30,2,16,425,OH,CLE,15
16,1,30,2,16,589,OH,CVG,15
-10,1,30,2,17,187,OH,BOS,15
15,1,30,2,16,483,OH,CMH,15
15,1,30,2,16,288,OH,RIC,15
5,1,30,2,17,213,OH,DCA,15
-8,1,30,2,17,426,OH,RDU,15
0,1,30,2,17,589,OH,CVG,15
10,1,30,2,17,508,OH,DTW,15
30,1,30,2,17,228,OH,IAD,15
0,1,30,2,18,187,OH,BOS,15
0,1,30,2,18,301,OH,BUF,15
60,1,30,2,17,740,OH,ORD,15
0,1,30,2,19,187,OH,BOS,15
-5,1,30,2,19,425,OH,CLE,15
-4,1,30,2,19,760,OH,ATL,15
0,1,30,2,19,664,OH,IND,15
-5,1,30,2,19,766,OH,BNA,15
0,1,30,2,19,228,OH,IAD,15
-3,1,30,2,20,483,OH,CMH,15
0,1,30,2,20,340,OH,PIT,15
-2,1,30,2,20,187,OH,BOS,15
33,1,30,2,20,426,OH,RDU,15
5,1,30,2,20,213,OH,DCA,15
60,1,30,2,21,264,OH,ROC,15
-5,1,31,3,6,589,OH,CVG,16
0,1,31,3,6,187,OH,BOS,16
-10,1,31,3,6,301,OH,BUF,16
7,1,31,3,7,213,OH,DCA,16
5,1,31,3,8,288,OH,RIC,16
-10,1,31,3,8,508,OH,DTW,16
18,1,31,3,8,426,OH,RDU,16
0,1,31,3,8,301,OH,BUF,16
0,1,31,3,8,340,OH,PIT,16
11,1,31,3,8,228,OH,IAD,16
15,1,31,3,9,483,OH,CMH,16
8,1,31,3,9,264,OH,ROC,16
48,1,31,3,9,187,OH,BOS,16
0,1,31,3,10,829,OH,JAX,16
10,1,31,3,10,187,OH,BOS,16
17,1,31,3,10,664,OH,IND,16
40,1,31,3,10,589,OH,CVG,16
243,1,31,3,8,187,OH,BOS,16
0,1,31,3,12,288,OH,RIC,16
-5,1,31,3,12,213,OH,DCA,16
10,1,31,3,12,483,OH,CMH,16
10,1,31,3,13,264,OH,ROC,16
50,1,31,3,13,228,OH,IAD,16
-3,1,31,3,14,187,OH,BOS,16
15,1,31,3,13,508,OH,DTW,16
-7,1,31,3,14,766,OH,BNA,16
-5,1,31,3,15,187,OH,BOS,16
45,1,31,3,15,213,OH,DCA,16
-3,1,31,3,16,187,OH,BOS,16
-9,1,31,3,16,301,OH,BUF,16
-10,1,31,3,16,264,OH,ROC,16
-8,1,31,3,16,425,OH,CLE,16
0,1,31,3,16,340,OH,PIT,16
5,1,31,3,16,288,OH,RIC,16
-5,1,31,3,17,187,OH,BOS,16
-10,1,31,3,17,213,OH,DCA,16
0,1,31,3,17,228,OH,IAD,16
51,1,31,3,16,589,OH,CVG,16
45,1,31,3,16,483,OH,CMH,16
0,1,31,3,17,426,OH,RDU,16
8,1,31,3,17,740,OH,ORD,16
0,1,31,3,17,589,OH,CVG,16
15,1,31,3,17,508,OH,DTW,16
-5,1,31,3,18,187,OH,BOS,16
0,1,31,3,18,301,OH,BUF,16
0,1,31,3,19,187,OH,BOS,16
-5,1,31,3,19,664,OH,IND,16
-4,1,31,3,19,425,OH,CLE,16
-5,1,31,3,19,766,OH,BNA,16
0,1,31,3,19,228,OH,IAD,16
0,1,31,3,20,426,OH,RDU,16
15,1,31,3,20,483,OH,CMH,16
73,1,31,3,19,760,OH,ATL,16
0,1,31,3,20,187,OH,BOS,16
25,1,31,3,20,340,OH,PIT,16
-4,1,31,3,21,264,OH,ROC,16
-3,1,1,1,6,2586,UA,SFO,0
2,1,2,2,6,2586,UA,SFO,1
-3,1,3,3,6,2586,UA,SFO,2
-6,1,4,4,6,2586,UA,SFO,3
-7,1,5,5,6,2586,UA,SFO,4
-3,1,6,6,6,2586,UA,SFO,5
0,1,7,7,6,2586,UA,SFO,6
-1,1,8,1,6,2586,UA,SFO,7
-2,1,10,3,6,2586,UA,SFO,5
-2,1,11,4,6,2586,UA,SFO,4
-2,1,12,5,6,2586,UA,SFO,3
-7,1,13,6,6,2586,UA,SFO,2
-4,1,15,1,6,2586,UA,SFO,0
-2,1,16,2,6,2586,UA,SFO,1
-2,1,17,3,6,2586,UA,SFO,2
-2,1,18,4,6,2586,UA,SFO,3
139,1,19,5,6,2586,UA,SFO,4
9,1,20,6,6,2586,UA,SFO,5
-10,1,22,1,6,2586,UA,SFO,7
-1,1,23,2,6,2586,UA,SFO,8
-8,1,24,3,6,2586,UA,SFO,9
-2,1,25,4,6,2586,UA,SFO,10
0,1,26,5,6,2586,UA,SFO,11
5,1,27,6,6,2586,UA,SFO,12
3,1,29,1,6,2586,UA,SFO,14
-2,1,30,2,6,2586,UA,SFO,15
-4,1,31,3,6,2586,UA,SFO,16
0,1,1,1,9,2586,UA,SFO,0
33,1,2,2,9,2586,UA,SFO,1
0,1,3,3,9,2586,UA,SFO,2
-9,1,4,4,9,2586,UA,SFO,3
-9,1,5,5,9,2586,UA,SFO,4
-7,1,6,6,9,2586,UA,SFO,5
-1,1,7,7,9,2586,UA,SFO,6
-5,1,8,1,9,2586,UA,SFO,7
-1,1,9,2,9,2586,UA,SFO,6
-10,1,10,3,9,2586,UA,SFO,5
62,1,11,4,9,2586,UA,SFO,4
-7,1,12,5,9,2586,UA,SFO,3
-1,1,13,6,9,2586,UA,SFO,2
-8,1,14,7,9,2586,UA,SFO,1
-7,1,15,1,9,2586,UA,SFO,0
-2,1,16,2,9,2586,UA,SFO,1
-5,1,17,3,9,2586,UA,SFO,2
-6,1,18,4,9,2586,UA,SFO,3
3,1,19,5,9,2586,UA,SFO,4
9,1,20,6,9,2586,UA,SFO,5
-3,1,21,7,9,2586,UA,SFO,6
-9,1,22,1,9,2586,UA,SFO,7
-5,1,23,2,9,2586,UA,SFO,8
-5,1,24,3,9,2586,UA,SFO,9
-2,1,25,4,9,2586,UA,SFO,10
-8,1,26,5,9,2586,UA,SFO,11
-6,1,27,6,9,2586,UA,SFO,12
-3,1,28,7,9,2586,UA,SFO,13
-5,1,29,1,9,2586,UA,SFO,14
-7,1,30,2,9,2586,UA,SFO,15
-7,1,31,3,9,2586,UA,SFO,16
3,1,1,1,11,2586,UA,SFO,0
-3,1,2,2,11,2586,UA,SFO,1
-2,1,3,3,11,2586,UA,SFO,2
-2,1,4,4,11,2586,UA,SFO,3
94,1,5,5,11,2586,UA,SFO,4
6,1,6,6,11,2586,UA,SFO,5
-5,1,7,7,11,2586,UA,SFO,6
1,1,8,1,11,2586,UA,SFO,7
14,1,9,2,11,2586,UA,SFO,6
-4,1,10,3,11,2586,UA,SFO,5
-6,1,11,4,11,2586,UA,SFO,4
-4,1,12,5,11,2586,UA,SFO,3
-6,1,13,6,11,2586,UA,SFO,2
-10,1,14,7,11,2586,UA,SFO,1
-3,1,15,1,11,2586,UA,SFO,0
38,1,16,2,11,2586,UA,SFO,1
-1,1,17,3,11,2586,UA,SFO,2
-4,1,18,4,11,2586,UA,SFO,3
-1,1,19,5,11,2586,UA,SFO,4
2,1,20,6,11,2586,UA,SFO,5
0,1,21,7,11,2586,UA,SFO,6
-8,1,22,1,11,2586,UA,SFO,7
-5,1,23,2,11,2586,UA,SFO,8
-5,1,24,3,11,2586,UA,SFO,9
-1,1,25,4,11,2586,UA,SFO,10
-3,1,26,5,11,2586,UA,SFO,11
-7,1,27,6,11,2586,UA,SFO,12
-6,1,28,7,11,2586,UA,SFO,13
-7,1,29,1,11,2586,UA,SFO,14
-5,1,30,2,11,2586,UA,SFO,15
-2,1,31,3,11,2586,UA,SFO,16
49,1,1,1,15,2586,UA,SFO,0
-4,1,2,2,15,2586,UA,SFO,1
-4,1,3,3,15,2586,UA,SFO,2
-4,1,4,4,15,2586,UA,SFO,3
-3,1,5,5,15,2586,UA,SFO,4
-7,1,6,6,15,2586,UA,SFO,5
0,1,7,7,15,2586,UA,SFO,6
4,1,8,1,15,2586,UA,SFO,7
-7,1,9,2,15,2586,UA,SFO,6
-2,1,10,3,15,2586,UA,SFO,5
-6,1,11,4,15,2586,UA,SFO,4
-3,1,12,5,15,2586,UA,SFO,3
-2,1,13,6,15,2586,UA,SFO,2
81,1,14,7,15,2586,UA,SFO,1
-1,1,15,1,15,2586,UA,SFO,0
-2,1,16,2,15,2586,UA,SFO,1
-6,1,17,3,15,2586,UA,SFO,2
-5,1,18,4,15,2586,UA,SFO,3
4,1,19,5,15,2586,UA,SFO,4
-5,1,20,6,15,2586,UA,SFO,5
-4,1,21,7,15,2586,UA,SFO,6
-7,1,22,1,15,2586,UA,SFO,7
-1,1,23,2,15,2586,UA,SFO,8
-1,1,24,3,15,2586,UA,SFO,9
-2,1,25,4,15,2586,UA,SFO,10
36,1,26,5,15,2586,UA,SFO,11
-7,1,27,6,15,2586,UA,SFO,12
0,1,28,7,15,2586,UA,SFO,13
-11,1,29,1,15,2586,UA,SFO,14
-6,1,30,2,15,2586,UA,SFO,15
-5,1,31,3,15,2586,UA,SFO,16
58,1,1,1,20,2586,UA,SFO,0
8,1,2,2,20,2586,UA,SFO,1
18,1,3,3,20,2586,UA,SFO,2
1,1,4,4,20,2586,UA,SFO,3
113,1,5,5,20,2586,UA,SFO,4
24,1,7,7,20,2586,UA,SFO,6
6,1,8,1,20,2586,UA,SFO,7
-4,1,10,3,20,2586,UA,SFO,5
-6,1,11,4,20,2586,UA,SFO,4
29,1,12,5,20,2586,UA,SFO,3
-4,1,14,7,20,2586,UA,SFO,1
108,1,15,1,20,2586,UA,SFO,0
2,1,16,2,20,2586,UA,SFO,1
-1,1,17,3,20,2586,UA,SFO,2
-1,1,18,4,20,2586,UA,SFO,3
-4,1,19,5,20,2586,UA,SFO,4
5,1,21,7,20,2586,UA,SFO,6
-4,1,22,1,20,2586,UA,SFO,7
11,1,23,2,20,2586,UA,SFO,8
11,1,24,3,20,2586,UA,SFO,9
11,1,25,4,20,2586,UA,SFO,10
-6,1,26,5,20,2586,UA,SFO,11
9,1,28,7,20,2586,UA,SFO,13
-5,1,29,1,20,2586,UA,SFO,14
-2,1,30,2,20,2586,UA,SFO,15
-5,1,31,3,20,2586,UA,SFO,16
139,1,1,1,17,2586,UA,SFO,0
25,1,2,2,17,2586,UA,SFO,1
-5,1,3,3,17,2586,UA,SFO,2
-6,1,4,4,17,2586,UA,SFO,3
77,1,5,5,17,2586,UA,SFO,4
-1,1,6,6,17,2586,UA,SFO,5
4,1,7,7,17,2586,UA,SFO,6
-2,1,8,1,17,2586,UA,SFO,7
5,1,1,1,8,2475,UA,LAX,0
14,1,2,2,8,2475,UA,LAX,1
14,1,3,3,8,2475,UA,LAX,2
-2,1,4,4,8,2475,UA,LAX,3
-2,1,5,5,8,2475,UA,LAX,4
0,1,6,6,8,2475,UA,LAX,5
-3,1,7,7,8,2475,UA,LAX,6
-8,1,8,1,8,2475,UA,LAX,7
-7,1,9,2,8,2475,UA,LAX,6
47,1,10,3,8,2475,UA,LAX,5
-8,1,11,4,8,2475,UA,LAX,4
-3,1,12,5,8,2475,UA,LAX,3
-2,1,13,6,8,2475,UA,LAX,2
-7,1,14,7,8,2475,UA,LAX,1
-4,1,15,1,8,2475,UA,LAX,0
6,1,16,2,8,2475,UA,LAX,1
-1,1,17,3,8,2475,UA,LAX,2
-5,1,18,4,8,2475,UA,LAX,3
40,1,19,5,8,2475,UA,LAX,4
-1,1,20,6,8,2475,UA,LAX,5
-10,1,21,7,8,2475,UA,LAX,6
-7,1,22,1,8,2475,UA,LAX,7
-1,1,23,2,8,2475,UA,LAX,8
-7,1,24,3,8,2475,UA,LAX,9
2,1,25,4,8,2475,UA,LAX,10
-3,1,26,5,8,2475,UA,LAX,11
-8,1,27,6,8,2475,UA,LAX,12
-5,1,28,7,8,2475,UA,LAX,13
32,1,29,1,8,2475,UA,LAX,14
-3,1,30,2,8,2475,UA,LAX,15
-2,1,31,3,8,2475,UA,LAX,16
11,1,1,1,11,2475,UA,LAX,0
0,1,2,2,11,2475,UA,LAX,1
-4,1,3,3,11,2475,UA,LAX,2
-7,1,4,4,11,2475,UA,LAX,3
-8,1,5,5,11,2475,UA,LAX,4
-1,1,6,6,11,2475,UA,LAX,5
-3,1,7,7,11,2475,UA,LAX,6
0,1,8,1,11,2475,UA,LAX,7
0,1,9,2,11,2475,UA,LAX,6
20,1,10,3,11,2475,UA,LAX,5
-1,1,11,4,11,2475,UA,LAX,4
-7,1,12,5,11,2475,UA,LAX,3
-9,1,13,6,11,2475,UA,LAX,2
-6,1,14,7,11,2475,UA,LAX,1
0,1,15,1,11,2475,UA,LAX,0
-2,1,16,2,11,2475,UA,LAX,1
-5,1,17,3,11,2475,UA,LAX,2
-1,1,18,4,11,2475,UA,LAX,3
25,1,19,5,11,2475,UA,LAX,4
13,1,20,6,11,2475,UA,LAX,5
-2,1,21,7,11,2475,UA,LAX,6
-2,1,22,1,11,2475,UA,LAX,7
-9,1,23,2,11,2475,UA,LAX,8
-8,1,24,3,11,2475,UA,LAX,9
-6,1,25,4,11,2475,UA,LAX,10
-5,1,26,5,11,2475,UA,LAX,11
-5,1,27,6,11,2475,UA,LAX,12
-8,1,28,7,11,2475,UA,LAX,13
-7,1,29,1,11,2475,UA,LAX,14
-6,1,30,2,11,2475,UA,LAX,15
-6,1,31,3,11,2475,UA,LAX,16
-4,1,1,1,13,2475,UA,LAX,0
-7,1,2,2,13,2475,UA,LAX,1
3,1,3,3,13,2475,UA,LAX,2
-3,1,4,4,13,2475,UA,LAX,3
-5,1,5,5,13,2475,UA,LAX,4
-3,1,6,6,13,2475,UA,LAX,5
6,1,7,7,13,2475,UA,LAX,6
-5,1,8,1,13,2475,UA,LAX,7
0,1,9,2,14,2475,UA,LAX,6
67,1,10,3,14,2475,UA,LAX,5
-9,1,11,4,14,2475,UA,LAX,4
-10,1,12,5,14,2475,UA,LAX,3
-7,1,13,6,14,2475,UA,LAX,2
1,1,14,7,14,2475,UA,LAX,1
-3,1,15,1,14,2475,UA,LAX,0
-3,1,16,2,14,2475,UA,LAX,1
-7,1,17,3,14,2475,UA,LAX,2
-9,1,18,4,14,2475,UA,LAX,3
-7,1,19,5,14,2475,UA,LAX,4
-9,1,20,6,14,2475,UA,LAX,5
-8,1,21,7,14,2475,UA,LAX,6
-8,1,22,1,14,2475,UA,LAX,7
-6,1,23,2,14,2475,UA,LAX,8
-5,1,24,3,14,2475,UA,LAX,9
-6,1,25,4,14,2475,UA,LAX,10
-6,1,26,5,14,2475,UA,LAX,11
-6,1,27,6,14,2475,UA,LAX,12
-10,1,28,7,14,2475,UA,LAX,13
-7,1,29,1,14,2475,UA,LAX,14
26,1,30,2,14,2475,UA,LAX,15
14,1,31,3,14,2475,UA,LAX,16
13,1,1,1,16,2475,UA,LAX,0
25,1,2,2,16,2475,UA,LAX,1
0,1,3,3,16,2475,UA,LAX,2
-4,1,4,4,16,2475,UA,LAX,3
-3,1,5,5,16,2475,UA,LAX,4
-3,1,6,6,16,2475,UA,LAX,5
-8,1,7,7,16,2475,UA,LAX,6
-2,1,8,1,16,2475,UA,LAX,7
-4,1,9,2,16,2475,UA,LAX,6
-8,1,10,3,16,2475,UA,LAX,5
1,1,11,4,16,2475,UA,LAX,4
-4,1,12,5,16,2475,UA,LAX,3
-8,1,13,6,16,2475,UA,LAX,2
-4,1,14,7,16,2475,UA,LAX,1
-6,1,15,1,16,2475,UA,LAX,0
-5,1,16,2,16,2475,UA,LAX,1
-5,1,17,3,16,2475,UA,LAX,2
-3,1,18,4,16,2475,UA,LAX,3
-5,1,19,5,16,2475,UA,LAX,4
-6,1,20,6,16,2475,UA,LAX,5
-12,1,22,1,16,2475,UA,LAX,7
-6,1,23,2,16,2475,UA,LAX,8
-2,1,24,3,16,2475,UA,LAX,9
0,1,25,4,16,2475,UA,LAX,10
-4,1,26,5,16,2475,UA,LAX,11
-9,1,27,6,16,2475,UA,LAX,12
-1,1,28,7,16,2475,UA,LAX,13
-12,1,29,1,16,2475,UA,LAX,14
29,1,30,2,16,2475,UA,LAX,15
-9,1,31,3,16,2475,UA,LAX,16
65,1,1,1,20,2475,UA,LAX,0
17,1,2,2,20,2475,UA,LAX,1
27,1,3,3,20,2475,UA,LAX,2
1,1,4,4,20,2475,UA,LAX,3
136,1,5,5,20,2475,UA,LAX,4
25,1,7,7,20,2475,UA,LAX,6
-3,1,8,1,20,2475,UA,LAX,7
-3,1,10,3,20,2475,UA,LAX,5
50,1,11,4,20,2475,UA,LAX,4
25,1,12,5,20,2475,UA,LAX,3
0,1,14,7,20,2475,UA,LAX,1
115,1,15,1,20,2475,UA,LAX,0
2,1,16,2,20,2475,UA,LAX,1
-1,1,17,3,20,2475,UA,LAX,2
-1,1,18,4,20,2475,UA,LAX,3
75,1,19,5,20,2475,UA,LAX,4
-3,1,21,7,20,2475,UA,LAX,6
-5,1,22,1,20,2475,UA,LAX,7
13,1,23,2,20,2475,UA,LAX,8
11,1,24,3,20,2475,UA,LAX,9
21,1,25,4,20,2475,UA,LAX,10
10,1,26,5,20,2475,UA,LAX,11
11,1,28,7,20,2475,UA,LAX,13
-3,1,29,1,20,2475,UA,LAX,14
-11,1,30,2,20,2475,UA,LAX,15
-3,1,31,3,20,2475,UA,LAX,16
56,1,1,1,17,2475,UA,LAX,0
7,1,2,2,17,2475,UA,LAX,1
-5,1,3,3,17,2475,UA,LAX,2
-2,1,4,4,17,2475,UA,LAX,3
123,1,5,5,17,2475,UA,LAX,4
-2,1,6,6,17,2475,UA,LAX,5
-1,1,7,7,17,2475,UA,LAX,6
-1,1,8,1,17,2475,UA,LAX,7
10,1,9,2,17,2475,UA,LAX,6
7,1,10,3,17,2475,UA,LAX,5
0,1,11,4,17,2475,UA,LAX,4
-6,1,12,5,17,2475,UA,LAX,3
3,1,13,6,17,2475,UA,LAX,2
-3,1,14,7,17,2475,UA,LAX,1
3,1,15,1,17,2475,UA,LAX,0
-11,1,16,2,17,2475,UA,LAX,1
17,1,17,3,17,2475,UA,LAX,2
0,1,18,4,17,2475,UA,LAX,3
-3,1,19,5,17,2475,UA,LAX,4
3,1,20,6,17,2475,UA,LAX,5
-1,1,21,7,17,2475,UA,LAX,6
-4,1,22,1,17,2475,UA,LAX,7
-3,1,23,2,17,2475,UA,LAX,8
26,1,24,3,17,2475,UA,LAX,9
3,1,25,4,17,2475,UA,LAX,10
12,1,26,5,17,2475,UA,LAX,11
-4,1,27,6,17,2475,UA,LAX,12
7,1,28,7,17,2475,UA,LAX,13
37,1,29,1,17,2475,UA,LAX,14
85,1,30,2,17,2475,UA,LAX,15
-8,1,31,3,17,2475,UA,LAX,16
-1,1,1,1,7,2475,UA,LAX,0
-1,1,2,2,7,2475,UA,LAX,1
-3,1,3,3,7,2475,UA,LAX,2
-4,1,4,4,7,2475,UA,LAX,3
-5,1,5,5,7,2475,UA,LAX,4
-3,1,6,6,7,2475,UA,LAX,5
-1,1,7,7,7,2475,UA,LAX,6
-5,1,8,1,7,2475,UA,LAX,7
-3,1,9,2,6,2475,UA,LAX,6
-7,1,10,3,6,2475,UA,LAX,5
-2,1,11,4,6,2475,UA,LAX,4
-3,1,12,5,6,2475,UA,LAX,3
-2,1,13,6,6,2475,UA,LAX,2
-3,1,14,7,6,2475,UA,LAX,1
-4,1,15,1,6,2475,UA,LAX,0
72,1,16,2,6,2475,UA,LAX,1
-4,1,17,3,6,2475,UA,LAX,2
-2,1,18,4,6,2475,UA,LAX,3
-1,1,19,5,6,2475,UA,LAX,4
201,1,20,6,6,2475,UA,LAX,5
-7,1,21,7,6,2475,UA,LAX,6
-11,1,22,1,6,2475,UA,LAX,7
-7,1,23,2,6,2475,UA,LAX,8
-10,1,24,3,6,2475,UA,LAX,9
-4,1,25,4,6,2475,UA,LAX,10
-8,1,26,5,6,2475,UA,LAX,11
4,1,27,6,6,2475,UA,LAX,12
-1,1,28,7,6,2475,UA,LAX,13
6,1,29,1,6,2475,UA,LAX,14
-5,1,30,2,6,2475,UA,LAX,15
-1,1,31,3,6,2475,UA,LAX,16
-5,1,1,1,8,2586,UA,SFO,0
-2,1,2,2,8,2586,UA,SFO,1
25,1,3,3,8,2586,UA,SFO,2
-3,1,4,4,8,2586,UA,SFO,3
-3,1,5,5,8,2586,UA,SFO,4
-1,1,6,6,8,2586,UA,SFO,5
-8,1,7,7,8,2586,UA,SFO,6
-3,1,8,1,8,2586,UA,SFO,7
-5,1,9,2,8,2586,UA,SFO,6
0,1,10,3,8,2586,UA,SFO,5
-5,1,11,4,8,2586,UA,SFO,4
0,1,12,5,8,2586,UA,SFO,3
-3,1,13,6,8,2586,UA,SFO,2
3,1,14,7,8,2586,UA,SFO,1
-10,1,15,1,8,2586,UA,SFO,0
-5,1,16,2,8,2586,UA,SFO,1
0,1,17,3,8,2586,UA,SFO,2
-7,1,18,4,8,2586,UA,SFO,3
-7,1,19,5,8,2586,UA,SFO,4
32,1,20,6,8,2586,UA,SFO,5
-1,1,21,7,8,2586,UA,SFO,6
-4,1,22,1,8,2586,UA,SFO,7
-9,1,23,2,8,2586,UA,SFO,8
0,1,24,3,8,2586,UA,SFO,9
8,1,25,4,8,2586,UA,SFO,10
0,1,26,5,8,2586,UA,SFO,11
-6,1,27,6,8,2586,UA,SFO,12
-9,1,28,7,8,2586,UA,SFO,13
-4,1,29,1,8,2586,UA,SFO,14
-6,1,30,2,8,2586,UA,SFO,15
-2,1,31,3,8,2586,UA,SFO,16
-5,1,9,2,17,2586,UA,SFO,6
-6,1,10,3,17,2586,UA,SFO,5
6,1,11,4,17,2586,UA,SFO,4
-3,1,12,5,17,2586,UA,SFO,3
-5,1,13,6,17,2586,UA,SFO,2
102,1,14,7,17,2586,UA,SFO,1
-5,1,15,1,17,2586,UA,SFO,0
-4,1,16,2,17,2586,UA,SFO,1
-5,1,17,3,17,2586,UA,SFO,2
1,1,18,4,17,2586,UA,SFO,3
-2,1,19,5,17,2586,UA,SFO,4
-13,1,20,6,17,2586,UA,SFO,5
0,1,21,7,17,2586,UA,SFO,6
-2,1,22,1,17,2586,UA,SFO,7
-7,1,23,2,17,2586,UA,SFO,8
4,1,24,3,17,2586,UA,SFO,9
-4,1,25,4,17,2586,UA,SFO,10
5,1,26,5,17,2586,UA,SFO,11
-8,1,27,6,17,2586,UA,SFO,12
-1,1,28,7,17,2586,UA,SFO,13
-7,1,29,1,17,2586,UA,SFO,14
-4,1,30,2,17,2586,UA,SFO,15
-7,1,31,3,17,2586,UA,SFO,16
-2,1,9,2,20,2586,UA,SFO,6
26,1,9,2,20,2475,UA,LAX,6
24,1,1,1,8,2248,US,LAS,0
26,1,1,1,10,2248,US,LAS,0
40,1,1,1,7,2248,US,LAS,0
36,1,1,1,20,2248,US,LAS,0
65,1,1,1,18,2153,US,PHX,0
14,1,1,1,6,2153,US,PHX,0
38,1,1,1,9,2153,US,PHX,0
54,1,2,2,8,2248,US,LAS,1
11,1,2,2,10,2248,US,LAS,1
6,1,2,2,7,2248,US,LAS,1
33,1,2,2,20,2248,US,LAS,1
20,1,2,2,18,2153,US,PHX,1
15,1,2,2,6,2153,US,PHX,1
2,1,2,2,9,2153,US,PHX,1
7,1,3,3,8,2248,US,LAS,2
5,1,3,3,10,2248,US,LAS,2
2,1,3,3,7,2248,US,LAS,2
44,1,3,3,20,2248,US,LAS,2
89,1,3,3,18,2153,US,PHX,2
16,1,3,3,6,2153,US,PHX,2
1,1,3,3,9,2153,US,PHX,2
-1,1,4,4,8,2248,US,LAS,3
11,1,4,4,10,2248,US,LAS,3
25,1,4,4,7,2248,US,LAS,3
66,1,4,4,20,2248,US,LAS,3
30,1,4,4,18,2153,US,PHX,3
41,1,4,4,6,2153,US,PHX,3
34,1,4,4,9,2153,US,PHX,3
29,1,5,5,8,2248,US,LAS,4
4,1,5,5,10,2248,US,LAS,4
34,1,5,5,7,2248,US,LAS,4
66,1,5,5,20,2248,US,LAS,4
36,1,5,5,18,2153,US,PHX,4
13,1,5,5,6,2153,US,PHX,4
7,1,5,5,9,2153,US,PHX,4
-5,1,6,6,8,2248,US,LAS,5
12,1,6,6,10,2248,US,LAS,5
3,1,6,6,7,2248,US,LAS,5
53,1,6,6,20,2248,US,LAS,5
7,1,6,6,18,2153,US,PHX,5
9,1,6,6,6,2153,US,PHX,5
-1,1,6,6,9,2153,US,PHX,5
8,1,7,7,7,2248,US,LAS,6
5,1,7,7,8,2248,US,LAS,6
1,1,7,7,10,2248,US,LAS,6
65,1,7,7,19,2248,US,LAS,6
98,1,7,7,17,2153,US,PHX,6
1,1,7,7,6,2153,US,PHX,6
-1,1,7,7,9,2153,US,PHX,6
41,1,8,1,7,2248,US,LAS,7
26,1,8,1,8,2248,US,LAS,7
32,1,8,1,10,2248,US,LAS,7
13,1,8,1,19,2248,US,LAS,7
17,1,8,1,17,2153,US,PHX,7
34,1,8,1,6,2153,US,PHX,7
12,1,8,1,9,2153,US,PHX,7
2,1,9,2,7,2248,US,LAS,6
-1,1,9,2,8,2248,US,LAS,6
8,1,9,2,10,2248,US,LAS,6
44,1,9,2,19,2248,US,LAS,6
67,1,9,2,17,2153,US,PHX,6
0,1,9,2,6,2153,US,PHX,6
-6,1,9,2,9,2153,US,PHX,6
-3,1,10,3,7,2248,US,LAS,5
-2,1,10,3,8,2248,US,LAS,5
-3,1,10,3,10,2248,US,LAS,5
18,1,10,3,19,2248,US,LAS,5
-4,1,10,3,17,2153,US,PHX,5
2,1,10,3,6,2153,US,PHX,5
3,1,10,3,9,2153,US,PHX,5
-3,1,11,4,7,2248,US,LAS,4
76,1,11,4,8,2248,US,LAS,4
-5,1,11,4,10,2248,US,LAS,4
18,1,11,4,19,2248,US,LAS,4
22,1,11,4,17,2153,US,PHX,4
-2,1,11,4,6,2153,US,PHX,4
1,1,11,4,9,2153,US,PHX,4
1,1,12,5,7,2248,US,LAS,3
0,1,12,5,8,2248,US,LAS,3
-1,1,12,5,10,2248,US,LAS,3
38,1,12,5,19,2248,US,LAS,3
25,1,12,5,17,2153,US,PHX,3
4,1,12,5,6,2153,US,PHX,3
-1,1,12,5,9,2153,US,PHX,3
2,1,13,6,7,2248,US,LAS,2
1,1,13,6,8,2248,US,LAS,2
0,1,13,6,10,2248,US,LAS,2
3,1,13,6,19,2248,US,LAS,2
5,1,13,6,17,2153,US,PHX,2
1,1,13,6,6,2153,US,PHX,2
-9,1,13,6,9,2153,US,PHX,2
-2,1,14,7,7,2248,US,LAS,1
-2,1,14,7,8,2248,US,LAS,1
-4,1,14,7,10,2248,US,LAS,1
51,1,14,7,19,2248,US,LAS,1
404,1,14,7,17,2153,US,PHX,1
1,1,14,7,6,2153,US,PHX,1
-6,1,14,7,9,2153,US,PHX,1
-5,1,15,1,7,2248,US,LAS,0
-7,1,15,1,8,2248,US,LAS,0
1,1,15,1,10,2248,US,LAS,0
85,1,15,1,19,2248,US,LAS,0
48,1,15,1,17,2153,US,PHX,0
-5,1,15,1,6,2153,US,PHX,0
2,1,15,1,9,2153,US,PHX,0
2,1,16,2,7,2248,US,LAS,1
0,1,16,2,8,2248,US,LAS,1
22,1,16,2,10,2248,US,LAS,1
-4,1,16,2,19,2248,US,LAS,1
-3,1,16,2,17,2153,US,PHX,1
-6,1,16,2,6,2153,US,PHX,1
1,1,16,2,9,2153,US,PHX,1
-2,1,17,3,7,2248,US,LAS,2
-1,1,17,3,8,2248,US,LAS,2
-2,1,17,3,10,2248,US,LAS,2
29,1,17,3,19,2248,US,LAS,2
7,1,17,3,17,2153,US,PHX,2
3,1,17,3,6,2153,US,PHX,2
0,1,17,3,9,2153,US,PHX,2
4,1,18,4,7,2248,US,LAS,3
-5,1,18,4,8,2248,US,LAS,3
-4,1,18,4,10,2248,US,LAS,3
17,1,18,4,19,2248,US,LAS,3
-3,1,18,4,17,2153,US,PHX,3
2,1,18,4,6,2153,US,PHX,3
0,1,18,4,9,2153,US,PHX,3
-4,1,19,5,7,2248,US,LAS,4
1,1,19,5,8,2248,US,LAS,4
5,1,19,5,10,2248,US,LAS,4
20,1,19,5,19,2248,US,LAS,4
-9,1,19,5,17,2153,US,PHX,4
-2,1,19,5,6,2153,US,PHX,4
-2,1,19,5,9,2153,US,PHX,4
1,1,20,6,7,2248,US,LAS,5
4,1,20,6,8,2248,US,LAS,5
64,1,20,6,10,2248,US,LAS,5
32,1,20,6,19,2248,US,LAS,5
7,1,20,6,17,2153,US,PHX,5
41,1,20,6,6,2153,US,PHX,5
4,1,20,6,9,2153,US,PHX,5
-2,1,21,7,7,2248,US,LAS,6
0,1,21,7,8,2248,US,LAS,6
-2,1,21,7,10,2248,US,LAS,6
19,1,21,7,19,2248,US,LAS,6
4,1,21,7,17,2153,US,PHX,6
-4,1,21,7,6,2153,US,PHX,6
-8,1,21,7,9,2153,US,PHX,6
-2,1,22,1,7,2248,US,LAS,7
-1,1,22,1,8,2248,US,LAS,7
-1,1,22,1,10,2248,US,LAS,7
27,1,22,1,19,2248,US,LAS,7
1,1,22,1,17,2153,US,PHX,7
3,1,22,1,6,2153,US,PHX,7
-4,1,22,1,9,2153,US,PHX,7
-2,1,23,2,7,2248,US,LAS,8
-2,1,23,2,8,2248,US,LAS,8
3,1,23,2,10,2248,US,LAS,8
56,1,23,2,19,2248,US,LAS,8
-3,1,23,2,17,2153,US,PHX,8
-7,1,23,2,6,2153,US,PHX,8
-3,1,23,2,9,2153,US,PHX,8
-2,1,24,3,7,2248,US,LAS,9
-1,1,24,3,8,2248,US,LAS,9
245,1,24,3,10,2248,US,LAS,9
41,1,24,3,19,2248,US,LAS,9
7,1,24,3,17,2153,US,PHX,9
-1,1,24,3,6,2153,US,PHX,9
19,1,24,3,9,2153,US,PHX,9
2,1,25,4,7,2248,US,LAS,10
4,1,25,4,8,2248,US,LAS,10
-1,1,25,4,10,2248,US,LAS,10
78,1,25,4,19,2248,US,LAS,10
27,1,25,4,17,2153,US,PHX,10
-1,1,25,4,6,2153,US,PHX,10
-5,1,25,4,9,2153,US,PHX,10
32,1,26,5,7,2248,US,LAS,11
21,1,26,5,8,2248,US,LAS,11
-1,1,26,5,10,2248,US,LAS,11
35,1,26,5,19,2248,US,LAS,11
39,1,26,5,17,2153,US,PHX,11
-1,1,26,5,6,2153,US,PHX,11
-2,1,26,5,9,2153,US,PHX,11
59,1,27,6,7,2248,US,LAS,12
-2,1,27,6,8,2248,US,LAS,12
5,1,27,6,10,2248,US,LAS,12
-1,1,27,6,19,2248,US,LAS,12
-2,1,27,6,17,2153,US,PHX,12
-4,1,27,6,6,2153,US,PHX,12
2,1,27,6,9,2153,US,PHX,12
-2,1,28,7,7,2248,US,LAS,13
-2,1,28,7,8,2248,US,LAS,13
44,1,28,7,10,2248,US,LAS,13
90,1,28,7,19,2248,US,LAS,13
4,1,28,7,17,2153,US,PHX,13
-4,1,28,7,6,2153,US,PHX,13
-9,1,28,7,9,2153,US,PHX,13
-4,1,29,1,7,2248,US,LAS,14
-5,1,29,1,8,2248,US,LAS,14
10,1,29,1,10,2248,US,LAS,14
217,1,29,1,19,2248,US,LAS,14
23,1,29,1,17,2153,US,PHX,14
-4,1,29,1,6,2153,US,PHX,14
-8,1,29,1,9,2153,US,PHX,14
-6,1,30,2,7,2248,US,LAS,15
-1,1,30,2,8,2248,US,LAS,15
-2,1,30,2,10,2248,US,LAS,15
15,1,30,2,19,2248,US,LAS,15
-4,1,30,2,17,2153,US,PHX,15
-3,1,30,2,6,2153,US,PHX,15
0,1,30,2,9,2153,US,PHX,15
-5,1,31,3,7,2248,US,LAS,16
-1,1,31,3,8,2248,US,LAS,16
-1,1,31,3,10,2248,US,LAS,16
27,1,31,3,19,2248,US,LAS,16
8,1,31,3,17,2153,US,PHX,16
-7,1,31,3,6,2153,US,PHX,16
-7,1,31,3,9,2153,US,PHX,16
-8,1,17,3,12,944,DL,MCO,2
6,1,17,3,11,2475,DL,LAX,2
-3,1,17,3,16,2475,DL,LAX,2
-5,1,17,3,16,1005,DL,TPA,2
5,1,17,3,8,1069,DL,FLL,2
-11,1,17,3,12,1069,DL,FLL,2
25,1,17,3,16,1069,DL,FLL,2
-3,1,17,3,8,944,DL,MCO,2
11,1,17,3,17,2446,DL,SAN,2
18,1,17,3,18,2475,DL,LAX,2
5,1,17,3,8,1005,DL,TPA,2
-7,1,17,3,8,2586,DL,SFO,2
-6,1,17,3,20,944,DL,MCO,2
247,1,18,4,8,760,DL,ATL,3
42,1,18,4,17,760,DL,ATL,3
3,1,18,4,19,1989,DL,SLC,3
-6,1,18,4,6,760,DL,ATL,3
3,1,18,4,15,2586,DL,SFO,3
-2,1,18,4,8,2248,DL,LAS,3
40,1,18,4,17,2248,DL,LAS,3
0,1,18,4,12,1028,DL,PBI,3
37,1,18,4,20,1028,DL,PBI,3
-1,1,18,4,8,1597,DL,SJU,3
166,1,18,4,16,1597,DL,SJU,3
-2,1,18,4,12,1005,DL,TPA,3
-12,1,18,4,7,2475,DL,LAX,3
0,1,18,4,8,2421,DL,SEA,3
0,1,18,4,17,2586,DL,SFO,3
-3,1,18,4,19,1005,DL,TPA,3
1,1,18,4,16,944,DL,MCO,3
19,1,18,4,8,2475,DL,LAX,3
-3,1,18,4,8,1028,DL,PBI,3
9,1,18,4,7,1989,DL,SLC,3
0,1,18,4,17,1989,DL,SLC,3
-5,1,18,4,17,1090,DL,MIA,3
46,1,18,4,20,1069,DL,FLL,3
4,1,18,4,17,2421,DL,SEA,3
-6,1,18,4,12,944,DL,MCO,3
-4,1,18,4,11,2475,DL,LAX,3
3,1,18,4,16,2475,DL,LAX,3
5,1,18,4,16,1005,DL,TPA,3
-1,1,18,4,8,1069,DL,FLL,3
-4,1,18,4,12,1069,DL,FLL,3
6,1,18,4,16,1069,DL,FLL,3
1,1,18,4,8,944,DL,MCO,3
11,1,18,4,17,2446,DL,SAN,3
1,1,18,4,18,2475,DL,LAX,3
-1,1,18,4,8,1005,DL,TPA,3
4,1,18,4,8,2586,DL,SFO,3
9,1,18,4,20,944,DL,MCO,3
41,1,19,5,8,760,DL,ATL,4
-2,1,19,5,17,760,DL,ATL,4
22,1,19,5,19,1989,DL,SLC,4
21,1,19,5,6,760,DL,ATL,4
27,1,19,5,15,2586,DL,SFO,4
12,1,19,5,8,2248,DL,LAS,4
-2,1,19,5,17,2248,DL,LAS,4
-2,1,19,5,12,1028,DL,PBI,4
73,1,19,5,20,1028,DL,PBI,4
-1,1,19,5,8,1597,DL,SJU,4
26,1,19,5,16,1597,DL,SJU,4
-5,1,19,5,12,1005,DL,TPA,4
-6,1,19,5,7,2475,DL,LAX,4
32,1,19,5,8,2421,DL,SEA,4
0,1,19,5,17,2586,DL,SFO,4
33,1,19,5,19,1005,DL,TPA,4
-4,1,19,5,16,944,DL,MCO,4
44,1,19,5,8,1028,DL,PBI,4
-2,1,19,5,7,1989,DL,SLC,4
-5,1,19,5,17,1989,DL,SLC,4
-2,1,19,5,17,1090,DL,MIA,4
101,1,19,5,20,1069,DL,FLL,4
-11,1,19,5,17,2421,DL,SEA,4
-3,1,19,5,12,944,DL,MCO,4
-5,1,19,5,11,2475,DL,LAX,4
-7,1,19,5,16,2475,DL,LAX,4
27,1,19,5,16,1005,DL,TPA,4
-1,1,19,5,8,1069,DL,FLL,4
-4,1,19,5,12,1069,DL,FLL,4
67,1,19,5,16,1069,DL,FLL,4
0,1,19,5,8,944,DL,MCO,4
4,1,19,5,17,2446,DL,SAN,4
15,1,19,5,18,2475,DL,LAX,4
2,1,19,5,8,1005,DL,TPA,4
17,1,19,5,8,2586,DL,SFO,4
59,1,19,5,20,944,DL,MCO,4
55,1,20,6,8,760,DL,ATL,5
49,1,20,6,17,760,DL,ATL,5
-2,1,20,6,8,2248,DL,LAS,5
6,1,20,6,17,2248,DL,LAS,5
-2,1,20,6,6,760,DL,ATL,5
0,1,20,6,12,1028,DL,PBI,5
-13,1,20,6,20,1028,DL,PBI,5
-2,1,20,6,8,1597,DL,SJU,5
39,1,20,6,16,1597,DL,SJU,5
-2,1,20,6,12,1005,DL,TPA,5
-5,1,20,6,8,2421,DL,SEA,5
39,1,20,6,17,2586,DL,SFO,5
0,1,20,6,19,1005,DL,TPA,5
6,1,20,6,14,944,DL,MCO,5
-1,1,20,6,8,2475,DL,LAX,5
-2,1,20,6,8,1028,DL,PBI,5
-1,1,20,6,7,1989,DL,SLC,5
2,1,20,6,17,1989,DL,SLC,5
0,1,20,6,17,1090,DL,MIA,5
71,1,20,6,17,2421,DL,SEA,5
-1,1,20,6,12,944,DL,MCO,5
214,1,20,6,16,2475,DL,LAX,5
89,1,20,6,16,1005,DL,TPA,5
2,1,20,6,8,1069,DL,FLL,5
-2,1,20,6,12,1069,DL,FLL,5
0,1,20,6,16,1069,DL,FLL,5
0,1,20,6,8,944,DL,MCO,5
-1,1,20,6,17,2446,DL,SAN,5
24,1,20,6,18,2475,DL,LAX,5
7,1,20,6,8,1005,DL,TPA,5
-5,1,20,6,8,2586,DL,SFO,5
71,1,20,6,19,944,DL,MCO,5
47,1,21,7,8,760,DL,ATL,6
-3,1,21,7,17,760,DL,ATL,6
1,1,21,7,19,1989,DL,SLC,6
0,1,21,7,6,760,DL,ATL,6
2,1,21,7,15,2586,DL,SFO,6
24,1,21,7,8,2248,DL,LAS,6
-2,1,21,7,17,2248,DL,LAS,6
-10,1,21,7,12,1028,DL,PBI,6
-11,1,21,7,20,1028,DL,PBI,6
1,1,21,7,8,1597,DL,SJU,6
71,1,21,7,16,1597,DL,SJU,6
-3,1,21,7,12,1005,DL,TPA,6
-3,1,21,7,8,2421,DL,SEA,6
-4,1,21,7,17,2586,DL,SFO,6
-2,1,21,7,19,1005,DL,TPA,6
-6,1,21,7,16,944,DL,MCO,6
-4,1,21,7,8,187,DL,BOS,6
-5,1,21,7,8,2475,DL,LAX,6
6,1,21,7,8,1028,DL,PBI,6
7,1,21,7,7,1989,DL,SLC,6
0,1,21,7,17,1989,DL,SLC,6
50,1,21,7,17,1090,DL,MIA,6
0,1,21,7,20,1069,DL,FLL,6
5,1,21,7,17,2421,DL,SEA,6
-4,1,21,7,12,944,DL,MCO,6
-3,1,21,7,11,2475,DL,LAX,6
-2,1,21,7,16,2475,DL,LAX,6
133,1,21,7,16,1005,DL,TPA,6
76,1,21,7,8,1069,DL,FLL,6
26,1,21,7,12,1069,DL,FLL,6
-6,1,21,7,16,1069,DL,FLL,6
9,1,21,7,8,944,DL,MCO,6
19,1,21,7,17,2446,DL,SAN,6
7,1,21,7,18,2475,DL,LAX,6
-5,1,21,7,8,1005,DL,TPA,6
0,1,21,7,8,2586,DL,SFO,6
8,1,21,7,19,944,DL,MCO,6
63,1,22,1,8,760,DL,ATL,7
-5,1,22,1,17,760,DL,ATL,7
-9,1,22,1,19,1989,DL,SLC,7
-3,1,22,1,6,760,DL,ATL,7
-8,1,22,1,15,2586,DL,SFO,7
0,1,22,1,8,2248,DL,LAS,7
-1,1,22,1,17,2248,DL,LAS,7
-7,1,22,1,12,1028,DL,PBI,7
-5,1,22,1,20,1028,DL,PBI,7
-2,1,22,1,8,1597,DL,SJU,7
-11,1,22,1,12,1005,DL,TPA,7
-3,1,22,1,7,2475,DL,LAX,7
5,1,22,1,8,2421,DL,SEA,7
15,1,22,1,17,2586,DL,SFO,7
-7,1,22,1,19,1005,DL,TPA,7
-4,1,22,1,16,944,DL,MCO,7
0,1,22,1,8,2475,DL,LAX,7
-4,1,22,1,8,1028,DL,PBI,7
-1,1,22,1,7,1989,DL,SLC,7
0,1,22,1,17,1989,DL,SLC,7
-6,1,22,1,20,1069,DL,FLL,7
-5,1,22,1,17,2421,DL,SEA,7
-1,1,22,1,12,944,DL,MCO,7
-6,1,22,1,11,2475,DL,LAX,7
-5,1,22,1,16,2475,DL,LAX,7
75,1,22,1,16,1005,DL,TPA,7
0,1,22,1,12,1069,DL,FLL,7
-10,1,22,1,16,1069,DL,FLL,7
-2,1,22,1,8,944,DL,MCO,7
-4,1,22,1,17,2446,DL,SAN,7
-3,1,22,1,18,2475,DL,LAX,7
-6,1,22,1,8,1005,DL,TPA,7
-2,1,22,1,8,2586,DL,SFO,7
24,1,22,1,20,944,DL,MCO,7
113,1,23,2,8,760,DL,ATL,8
-5,1,23,2,17,760,DL,ATL,8
39,1,23,2,6,760,DL,ATL,8
-5,1,23,2,15,2586,DL,SFO,8
-4,1,23,2,8,2248,DL,LAS,8
-7,1,23,2,17,2248,DL,LAS,8
-7,1,23,2,12,1028,DL,PBI,8
-9,1,23,2,20,1028,DL,PBI,8
-12,1,23,2,8,1597,DL,SJU,8
-2,1,23,2,16,1597,DL,SJU,8
-1,1,23,2,12,1005,DL,TPA,8
1,1,23,2,7,2475,DL,LAX,8
-8,1,23,2,8,2421,DL,SEA,8
-7,1,23,2,17,2586,DL,SFO,8
-4,1,23,2,19,1005,DL,TPA,8
-4,1,23,2,16,944,DL,MCO,8
-9,1,23,2,8,2475,DL,LAX,8
-7,1,23,2,8,1028,DL,PBI,8
-6,1,23,2,7,1989,DL,SLC,8
-5,1,23,2,17,1989,DL,SLC,8
0,1,23,2,17,1090,DL,MIA,8
0,1,23,2,14,760,DL,ATL,8
-4,1,23,2,17,2421,DL,SEA,8
-7,1,23,2,12,944,DL,MCO,8
-1,1,23,2,11,2475,DL,LAX,8
39,1,23,2,16,2475,DL,LAX,8
-7,1,23,2,8,1069,DL,FLL,8
-3,1,23,2,12,1069,DL,FLL,8
10,1,23,2,16,1069,DL,FLL,8
-6,1,23,2,8,944,DL,MCO,8
-4,1,23,2,17,2446,DL,SAN,8
-3,1,23,2,18,2475,DL,LAX,8
-3,1,23,2,8,1005,DL,TPA,8
-7,1,23,2,8,2586,DL,SFO,8
0,1,23,2,20,944,DL,MCO,8
38,1,24,3,8,760,DL,ATL,9
-2,1,24,3,17,760,DL,ATL,9
2,1,24,3,19,1989,DL,SLC,9
-8,1,24,3,6,760,DL,ATL,9
0,1,24,3,15,2586,DL,SFO,9
-2,1,24,3,8,2248,DL,LAS,9
10,1,24,3,17,2248,DL,LAS,9
0,1,24,3,12,1028,DL,PBI,9
-5,1,24,3,20,1028,DL,PBI,9
-6,1,24,3,8,1597,DL,SJU,9
-5,1,24,3,16,1597,DL,SJU,9
-7,1,24,3,12,1005,DL,TPA,9
-1,1,24,3,7,2475,DL,LAX,9
-7,1,24,3,8,2421,DL,SEA,9
6,1,24,3,17,2586,DL,SFO,9
-5,1,24,3,19,1005,DL,TPA,9
-1,1,24,3,16,944,DL,MCO,9
-5,1,24,3,8,2475,DL,LAX,9
-3,1,24,3,8,1028,DL,PBI,9
-2,1,24,3,7,1989,DL,SLC,9
4,1,24,3,17,1989,DL,SLC,9
2,1,24,3,17,1090,DL,MIA,9
-3,1,24,3,20,1069,DL,FLL,9
12,1,24,3,17,2421,DL,SEA,9
-4,1,24,3,12,944,DL,MCO,9
-5,1,24,3,11,2475,DL,LAX,9
84,1,24,3,16,2475,DL,LAX,9
0,1,24,3,16,1005,DL,TPA,9
-4,1,24,3,8,1069,DL,FLL,9
15,1,24,3,12,1069,DL,FLL,9
-4,1,24,3,16,1069,DL,FLL,9
-6,1,24,3,8,944,DL,MCO,9
-5,1,24,3,17,2446,DL,SAN,9
167,1,24,3,18,2475,DL,LAX,9
1,1,24,3,8,1005,DL,TPA,9
0,1,24,3,8,2586,DL,SFO,9
57,1,24,3,20,944,DL,MCO,9
17,1,25,4,8,760,DL,ATL,10
-4,1,25,4,17,760,DL,ATL,10
60,1,25,4,19,1989,DL,SLC,10
-4,1,25,4,6,760,DL,ATL,10
-5,1,25,4,15,2586,DL,SFO,10
10,1,25,4,8,2248,DL,LAS,10
23,1,25,4,17,2248,DL,LAS,10
-2,1,25,4,12,1028,DL,PBI,10
0,1,25,4,20,1028,DL,PBI,10
1,1,25,4,8,1597,DL,SJU,10
-1,1,25,4,16,1597,DL,SJU,10
-1,1,25,4,12,1005,DL,TPA,10
-5,1,25,4,7,2475,DL,LAX,10
-4,1,25,4,8,2421,DL,SEA,10
1,1,25,4,17,2586,DL,SFO,10
41,1,25,4,19,1005,DL,TPA,10
-5,1,25,4,16,944,DL,MCO,10
50,1,25,4,8,2475,DL,LAX,10
-2,1,25,4,8,1028,DL,PBI,10
0,1,25,4,7,1989,DL,SLC,10
8,1,25,4,17,1989,DL,SLC,10
54,1,25,4,17,1090,DL,MIA,10
0,1,25,4,20,1069,DL,FLL,10
-5,1,25,4,17,2421,DL,SEA,10
-6,1,25,4,12,944,DL,MCO,10
-7,1,25,4,11,2475,DL,LAX,10
2,1,25,4,16,2475,DL,LAX,10
43,1,25,4,16,1005,DL,TPA,10
-5,1,25,4,8,1069,DL,FLL,10
3,1,25,4,12,1069,DL,FLL,10
93,1,25,4,16,1069,DL,FLL,10
-4,1,25,4,8,944,DL,MCO,10
-1,1,25,4,17,2446,DL,SAN,10
-1,1,25,4,18,2475,DL,LAX,10
0,1,25,4,8,1005,DL,TPA,10
27,1,25,4,8,2586,DL,SFO,10
72,1,25,4,20,944,DL,MCO,10
21,1,26,5,8,760,DL,ATL,11
-7,1,26,5,17,760,DL,ATL,11
34,1,26,5,19,1989,DL,SLC,11
-3,1,26,5,6,760,DL,ATL,11
0,1,26,5,15,2586,DL,SFO,11
1,1,26,5,8,2248,DL,LAS,11
21,1,26,5,17,2248,DL,LAS,11
-1,1,26,5,12,1028,DL,PBI,11
0,1,26,5,20,1028,DL,PBI,11
-1,1,26,5,8,1597,DL,SJU,11
17,1,26,5,16,1597,DL,SJU,11
-4,1,26,5,12,1005,DL,TPA,11
22,1,26,5,7,2475,DL,LAX,11
5,1,26,5,8,2421,DL,SEA,11
3,1,26,5,17,2586,DL,SFO,11
10,1,26,5,19,1005,DL,TPA,11
-1,1,26,5,16,944,DL,MCO,11
-1,1,26,5,8,2475,DL,LAX,11
15,1,26,5,8,1028,DL,PBI,11
-7,1,26,5,7,1989,DL,SLC,11
10,1,26,5,17,1989,DL,SLC,11
4,1,26,5,17,1090,DL,MIA,11
3,1,26,5,20,1069,DL,FLL,11
170,1,26,5,17,2421,DL,SEA,11
-5,1,26,5,12,944,DL,MCO,11
0,1,26,5,11,2475,DL,LAX,11
7,1,26,5,16,2475,DL,LAX,11
53,1,26,5,16,1005,DL,TPA,11
1,1,26,5,12,1069,DL,FLL,11
18,1,26,5,16,1069,DL,FLL,11
96,1,26,5,8,944,DL,MCO,11
-1,1,26,5,17,2446,DL,SAN,11
53,1,26,5,18,2475,DL,LAX,11
8,1,26,5,8,1005,DL,TPA,11
10,1,26,5,8,2586,DL,SFO,11
8,1,26,5,20,944,DL,MCO,11
21,1,27,6,8,760,DL,ATL,12
0,1,27,6,17,760,DL,ATL,12
-7,1,27,6,15,2586,DL,SFO,12
16,1,27,6,8,2248,DL,LAS,12
9,1,27,6,17,2248,DL,LAS,12
-1,1,27,6,6,760,DL,ATL,12
-9,1,27,6,12,1028,DL,PBI,12
-11,1,27,6,20,1028,DL,PBI,12
-7,1,27,6,8,1597,DL,SJU,12
-1,1,27,6,16,1597,DL,SJU,12
-6,1,27,6,12,1005,DL,TPA,12
-2,1,27,6,8,2421,DL,SEA,12
-4,1,27,6,17,2586,DL,SFO,12
12,1,27,6,19,1005,DL,TPA,12
-2,1,27,6,14,944,DL,MCO,12
0,1,27,6,8,2475,DL,LAX,12
-3,1,27,6,8,1028,DL,PBI,12
0,1,27,6,7,1989,DL,SLC,12
-5,1,27,6,17,1989,DL,SLC,12
40,1,27,6,17,1090,DL,MIA,12
-1,1,27,6,17,2421,DL,SEA,12
0,1,27,6,12,944,DL,MCO,12
0,1,27,6,16,2475,DL,LAX,12
-7,1,27,6,16,1005,DL,TPA,12
-3,1,27,6,8,1069,DL,FLL,12
1,1,27,6,12,1069,DL,FLL,12
-6,1,27,6,16,1069,DL,FLL,12
-1,1,27,6,8,944,DL,MCO,12
-10,1,27,6,17,2446,DL,SAN,12
56,1,27,6,18,2475,DL,LAX,12
-6,1,27,6,8,1005,DL,TPA,12
-4,1,27,6,19,944,DL,MCO,12
75,1,28,7,8,760,DL,ATL,13
-3,1,28,7,17,760,DL,ATL,13
-8,1,28,7,19,1989,DL,SLC,13
-2,1,28,7,6,760,DL,ATL,13
-5,1,28,7,15,2586,DL,SFO,13
0,1,28,7,8,2248,DL,LAS,13
3,1,28,7,17,2248,DL,LAS,13
-5,1,28,7,12,1028,DL,PBI,13
0,1,28,7,20,1028,DL,PBI,13
-7,1,28,7,8,1597,DL,SJU,13
-14,1,28,7,16,1597,DL,SJU,13
-6,1,28,7,12,1005,DL,TPA,13
-10,1,28,7,8,2421,DL,SEA,13
-7,1,28,7,17,2586,DL,SFO,13
-2,1,28,7,19,1005,DL,TPA,13
-2,1,28,7,16,944,DL,MCO,13
-1,1,28,7,8,187,DL,BOS,13
1,1,28,7,8,2475,DL,LAX,13
-7,1,28,7,8,1028,DL,PBI,13
-4,1,28,7,7,1989,DL,SLC,13
-9,1,28,7,12,213,DL,DCA,13
0,1,28,7,17,1989,DL,SLC,13
3,1,28,7,17,1090,DL,MIA,13
14,1,28,7,20,1069,DL,FLL,13
-6,1,28,7,17,2421,DL,SEA,13
-11,1,28,7,12,944,DL,MCO,13
-1,1,28,7,11,2475,DL,LAX,13
-3,1,28,7,16,2475,DL,LAX,13
-10,1,28,7,16,1005,DL,TPA,13
1,1,28,7,8,1069,DL,FLL,13
-1,1,28,7,12,1069,DL,FLL,13
-2,1,28,7,16,1069,DL,FLL,13
-5,1,28,7,8,944,DL,MCO,13
-10,1,28,7,17,2446,DL,SAN,13
-5,1,28,7,18,2475,DL,LAX,13
4,1,28,7,8,1005,DL,TPA,13
-2,1,28,7,8,2586,DL,SFO,13
-4,1,28,7,19,944,DL,MCO,13
48,1,29,1,8,760,DL,ATL,14
-3,1,29,1,17,760,DL,ATL,14
-1,1,29,1,19,1989,DL,SLC,14
-2,1,29,1,6,760,DL,ATL,14
-9,1,29,1,15,2586,DL,SFO,14
10,1,29,1,8,2248,DL,LAS,14
-1,1,29,1,17,2248,DL,LAS,14
-11,1,29,1,12,1028,DL,PBI,14
-4,1,29,1,20,1028,DL,PBI,14
0,1,29,1,8,1597,DL,SJU,14
-9,1,29,1,12,1005,DL,TPA,14
-1,1,29,1,7,2475,DL,LAX,14
2,1,29,1,8,2421,DL,SEA,14
-13,1,29,1,17,2586,DL,SFO,14
-4,1,29,1,19,1005,DL,TPA,14
0,1,29,1,16,944,DL,MCO,14
2,1,29,1,8,2475,DL,LAX,14
-8,1,29,1,8,1028,DL,PBI,14
-1,1,29,1,7,1989,DL,SLC,14
-2,1,29,1,17,1989,DL,SLC,14
5,1,29,1,17,1090,DL,MIA,14
-10,1,29,1,20,1069,DL,FLL,14
-11,1,29,1,17,2421,DL,SEA,14
-2,1,29,1,12,944,DL,MCO,14
-3,1,29,1,11,2475,DL,LAX,14
-11,1,29,1,16,2475,DL,LAX,14
-2,1,29,1,16,1005,DL,TPA,14
-7,1,29,1,8,1069,DL,FLL,14
-9,1,29,1,12,1069,DL,FLL,14
0,1,29,1,16,1069,DL,FLL,14
-1,1,29,1,8,944,DL,MCO,14
6,1,29,1,17,2446,DL,SAN,14
-4,1,29,1,18,2475,DL,LAX,14
-6,1,29,1,8,1005,DL,TPA,14
-4,1,29,1,8,2586,DL,SFO,14
-4,1,29,1,20,944,DL,MCO,14
22,1,30,2,8,760,DL,ATL,15
-6,1,30,2,17,760,DL,ATL,15
-8,1,30,2,6,760,DL,ATL,15
-5,1,30,2,15,2586,DL,SFO,15
9,1,30,2,8,2248,DL,LAS,15
-5,1,30,2,17,2248,DL,LAS,15
-7,1,30,2,12,1028,DL,PBI,15
-4,1,30,2,20,1028,DL,PBI,15
1,1,30,2,8,1597,DL,SJU,15
-1,1,30,2,7,2475,DL,LAX,15
-2,1,30,2,8,2421,DL,SEA,15
-4,1,30,2,17,2586,DL,SFO,15
-3,1,30,2,19,1005,DL,TPA,15
-2,1,30,2,16,944,DL,MCO,15
-1,1,30,2,8,2475,DL,LAX,15
85,1,30,2,8,1028,DL,PBI,15
-4,1,30,2,7,1989,DL,SLC,15
-3,1,30,2,17,1989,DL,SLC,15
41,1,30,2,17,1090,DL,MIA,15
-6,1,30,2,14,760,DL,ATL,15
-11,1,30,2,20,1069,DL,FLL,15
2,1,30,2,17,2421,DL,SEA,15
0,1,30,2,12,944,DL,MCO,15
0,1,30,2,11,2475,DL,LAX,15
-4,1,30,2,16,2475,DL,LAX,15
-6,1,30,2,16,1005,DL,TPA,15
-4,1,30,2,8,1069,DL,FLL,15
6,1,30,2,12,1069,DL,FLL,15
-5,1,30,2,16,1069,DL,FLL,15
3,1,30,2,8,944,DL,MCO,15
-8,1,30,2,17,2446,DL,SAN,15
-10,1,30,2,18,2475,DL,LAX,15
-5,1,30,2,8,1005,DL,TPA,15
10,1,30,2,8,2586,DL,SFO,15
-2,1,30,2,20,944,DL,MCO,15
39,1,31,3,8,760,DL,ATL,16
-6,1,31,3,17,760,DL,ATL,16
79,1,31,3,19,1989,DL,SLC,16
-3,1,31,3,6,760,DL,ATL,16
-2,1,31,3,15,2586,DL,SFO,16
-1,1,31,3,8,2248,DL,LAS,16
0,1,31,3,17,2248,DL,LAS,16
-5,1,31,3,12,1028,DL,PBI,16
4,1,31,3,20,1028,DL,PBI,16
0,1,31,3,8,1597,DL,SJU,16
-1,1,31,3,16,1597,DL,SJU,16
14,1,31,3,12,1005,DL,TPA,16
-2,1,31,3,7,2475,DL,LAX,16
-4,1,31,3,8,2421,DL,SEA,16
2,1,31,3,17,2586,DL,SFO,16
-8,1,31,3,19,1005,DL,TPA,16
-5,1,31,3,16,944,DL,MCO,16
-2,1,31,3,8,2475,DL,LAX,16
-5,1,31,3,8,1028,DL,PBI,16
16,1,31,3,7,1989,DL,SLC,16
1,1,31,3,17,1989,DL,SLC,16
-4,1,31,3,17,1090,DL,MIA,16
10,1,31,3,20,1069,DL,FLL,16
-1,1,31,3,17,2421,DL,SEA,16
-4,1,31,3,12,944,DL,MCO,16
-3,1,31,3,11,2475,DL,LAX,16
20,1,31,3,16,2475,DL,LAX,16
-6,1,31,3,16,1005,DL,TPA,16
-5,1,31,3,8,1069,DL,FLL,16
-4,1,31,3,12,1069,DL,FLL,16
27,1,31,3,16,1069,DL,FLL,16
-1,1,31,3,8,944,DL,MCO,16
-7,1,31,3,17,2446,DL,SAN,16
-4,1,31,3,18,2475,DL,LAX,16
-2,1,31,3,8,1005,DL,TPA,16
-1,1,31,3,8,2586,DL,SFO,16
1,1,31,3,20,944,DL,MCO,16
49,1,6,6,11,760,EV,ATL,5
15,1,7,7,11,760,EV,ATL,6
-5,1,9,2,11,760,EV,ATL,6
0,1,10,3,11,760,EV,ATL,5
8,1,11,4,11,760,EV,ATL,4
30,1,12,5,11,760,EV,ATL,3
5,1,13,6,11,760,EV,ATL,2
0,1,14,7,11,760,EV,ATL,1
30,1,15,1,11,760,EV,ATL,0
2,1,16,2,11,760,EV,ATL,1
30,1,17,3,11,760,EV,ATL,2
6,1,18,4,11,760,EV,ATL,3
10,1,19,5,11,760,EV,ATL,4
124,1,20,6,11,760,EV,ATL,5
3,1,21,7,11,760,EV,ATL,6
7,1,23,2,11,760,EV,ATL,8
9,1,24,3,11,760,EV,ATL,9
12,1,25,4,11,760,EV,ATL,10
30,1,26,5,11,760,EV,ATL,11
15,1,27,6,11,760,EV,ATL,12
0,1,28,7,11,760,EV,ATL,13
0,1,29,1,11,760,EV,ATL,14
0,1,30,2,11,760,EV,ATL,15
149,1,31,3,10,760,EV,ATL,16
