-4,11,1,4,6,2586,UA,SFO,10
-8,11,2,5,6,2586,UA,SFO,9
-1,11,3,6,6,2586,UA,SFO,8
6,11,4,7,6,2586,UA,SFO,7
-3,11,5,1,6,2586,UA,SFO,6
2,11,6,2,6,2586,UA,SFO,5
2,11,7,3,6,2586,UA,SFO,4
5,11,8,4,6,2586,UA,SFO,3
-2,11,9,5,6,2586,UA,SFO,2
-2,11,10,6,6,2586,UA,SFO,1
-3,11,11,7,6,2586,UA,SFO,0
3,11,12,1,6,2586,UA,SFO,1
3,11,13,2,6,2586,UA,SFO,2
-3,11,14,3,6,2586,UA,SFO,3
1,11,15,4,6,2586,UA,SFO,4
-4,11,16,5,6,2586,UA,SFO,5
19,11,17,6,6,2586,UA,SFO,5
4,11,18,7,6,2586,UA,SFO,4
-9,11,19,1,6,2586,UA,SFO,3
1,11,20,2,6,2586,UA,SFO,2
6,11,21,3,6,2586,UA,SFO,1
0,11,22,4,6,2586,UA,SFO,0
14,11,24,6,6,2586,UA,SFO,2
56,11,25,7,6,2586,UA,SFO,3
-5,11,26,1,6,2586,UA,SFO,4
0,11,27,2,6,2586,UA,SFO,5
28,11,28,3,6,2586,UA,SFO,6
94,11,29,4,6,2586,UA,SFO,7
6,11,30,5,6,2586,UA,SFO,8
1,11,1,4,8,2586,UA,SFO,10
-1,11,2,5,8,2586,UA,SFO,9
-6,11,3,6,8,2586,UA,SFO,8
-6,11,4,7,8,2586,UA,SFO,7
-4,11,5,1,8,2586,UA,SFO,6
-5,11,6,2,8,2586,UA,SFO,5
20,11,7,3,8,2586,UA,SFO,4
-5,11,8,4,8,2586,UA,SFO,3
12,11,9,5,8,2586,UA,SFO,2
-4,11,10,6,8,2586,UA,SFO,1
5,11,11,7,8,2586,UA,SFO,0
-4,11,12,1,8,2586,UA,SFO,1
0,11,13,2,8,2586,UA,SFO,2
-1,11,14,3,8,2586,UA,SFO,3
1,11,15,4,8,2586,UA,SFO,4
-3,11,16,5,8,2586,UA,SFO,5
-5,11,17,6,8,2586,UA,SFO,5
-7,11,18,7,8,2586,UA,SFO,4
66,11,19,1,8,2586,UA,SFO,3
-5,11,20,2,8,2586,UA,SFO,2
0,11,21,3,8,2586,UA,SFO,1
-2,11,22,4,8,2586,UA,SFO,0
6,11,23,5,8,2586,UA,SFO,1
0,11,24,6,8,2586,UA,SFO,2
-9,11,25,7,8,2586,UA,SFO,3
2,11,26,1,8,2586,UA,SFO,4
-5,11,27,2,8,2586,UA,SFO,5
0,11,28,3,8,2586,UA,SFO,6
-9,11,29,4,8,2586,UA,SFO,7
-5,11,30,5,8,2586,UA,SFO,8
-2,11,1,4,11,2586,UA,SFO,10
-1,11,2,5,11,2586,UA,SFO,9
-3,11,3,6,11,2586,UA,SFO,8
-9,11,4,7,11,2586,UA,SFO,7
-1,11,5,1,11,2586,UA,SFO,6
1,11,6,2,11,2586,UA,SFO,5
-3,11,7,3,11,2586,UA,SFO,4
-3,11,8,4,11,2586,UA,SFO,3
-2,11,9,5,11,2586,UA,SFO,2
35,11,10,6,11,2586,UA,SFO,1
-4,11,11,7,11,2586,UA,SFO,0
-6,11,12,1,11,2586,UA,SFO,1
-3,11,13,2,11,2586,UA,SFO,2
14,11,14,3,11,2586,UA,SFO,3
5,11,15,4,11,2586,UA,SFO,4
0,11,16,5,11,2586,UA,SFO,5
53,11,17,6,11,2586,UA,SFO,5
16,11,18,7,11,2586,UA,SFO,4
1,11,19,1,11,2586,UA,SFO,3
-5,11,20,2,11,2586,UA,SFO,2
0,11,21,3,11,2586,UA,SFO,1
-2,11,22,4,11,2586,UA,SFO,0
3,11,23,5,11,2586,UA,SFO,1
-4,11,24,6,11,2586,UA,SFO,2
15,11,25,7,11,2586,UA,SFO,3
0,11,26,1,11,2586,UA,SFO,4
-3,11,27,2,11,2586,UA,SFO,5
-1,11,28,3,11,2586,UA,SFO,6
3,11,29,4,11,2586,UA,SFO,7
-5,11,1,4,15,2586,UA,SFO,10
-1,11,2,5,15,2586,UA,SFO,9
8,11,3,6,15,2586,UA,SFO,8
1,11,4,7,15,2586,UA,SFO,7
64,11,5,1,15,2586,UA,SFO,6
-5,11,6,2,15,2586,UA,SFO,5
-4,11,7,3,15,2586,UA,SFO,4
-3,11,8,4,15,2586,UA,SFO,3
-2,11,9,5,15,2586,UA,SFO,2
-1,11,10,6,15,2586,UA,SFO,1
-1,11,11,7,15,2586,UA,SFO,0
-1,11,12,1,15,2586,UA,SFO,1
-4,11,13,2,15,2586,UA,SFO,2
-3,11,14,3,15,2586,UA,SFO,3
2,11,15,4,15,2586,UA,SFO,4
7,11,16,5,15,2586,UA,SFO,5
-5,11,17,6,15,2586,UA,SFO,5
-1,11,18,7,15,2586,UA,SFO,4
1,11,19,1,15,2586,UA,SFO,3
-6,11,20,2,15,2586,UA,SFO,2
3,11,21,3,15,2586,UA,SFO,1
3,11,25,7,15,2586,UA,SFO,3
-1,11,26,1,15,2586,UA,SFO,4
-4,11,27,2,15,2586,UA,SFO,5
-2,11,28,3,15,2586,UA,SFO,6
3,11,29,4,15,2586,UA,SFO,7
-4,11,30,5,15,2586,UA,SFO,8
-3,11,1,4,17,2586,UA,SFO,10
-4,11,2,5,17,2586,UA,SFO,9
-8,11,3,6,17,2586,UA,SFO,8
-3,11,4,7,17,2586,UA,SFO,7
5,11,5,1,17,2586,UA,SFO,6
6,11,6,2,17,2586,UA,SFO,5
0,11,7,3,17,2586,UA,SFO,4
78,11,8,4,17,2586,UA,SFO,3
0,11,9,5,17,2586,UA,SFO,2
2,11,10,6,17,2586,UA,SFO,1
-1,11,11,7,17,2586,UA,SFO,0
2,11,12,1,17,2586,UA,SFO,1
2,11,13,2,17,2586,UA,SFO,2
1,11,14,3,17,2586,UA,SFO,3
170,11,15,4,17,2586,UA,SFO,4
-4,11,16,5,17,2586,UA,SFO,5
1,11,17,6,17,2586,UA,SFO,5
10,11,18,7,17,2586,UA,SFO,4
-3,11,19,1,17,2586,UA,SFO,3
3,11,20,2,17,2586,UA,SFO,2
5,11,21,3,17,2586,UA,SFO,1
0,11,22,4,17,2586,UA,SFO,0
37,11,23,5,17,2586,UA,SFO,1
11,11,24,6,17,2586,UA,SFO,2
1,11,25,7,17,2586,UA,SFO,3
172,11,26,1,17,2586,UA,SFO,4
2,11,27,2,17,2586,UA,SFO,5
5,11,28,3,17,2586,UA,SFO,6
12,11,29,4,17,2586,UA,SFO,7
94,11,30,5,17,2586,UA,SFO,8
-1,11,1,4,20,2586,UA,SFO,10
-2,11,2,5,20,2586,UA,SFO,9
10,11,4,7,20,2586,UA,SFO,7
-8,11,5,1,20,2586,UA,SFO,6
39,11,6,2,20,2586,UA,SFO,5
-7,11,7,3,20,2586,UA,SFO,4
-4,11,8,4,20,2586,UA,SFO,3
119,11,9,5,20,2586,UA,SFO,2
-1,11,11,7,20,2586,UA,SFO,0
129,11,12,1,20,2586,UA,SFO,1
8,11,13,2,20,2586,UA,SFO,2
41,11,14,3,20,2586,UA,SFO,3
102,11,15,4,20,2586,UA,SFO,4
1,11,16,5,20,2586,UA,SFO,5
60,11,18,7,20,2586,UA,SFO,4
4,11,19,1,20,2586,UA,SFO,3
33,11,20,2,20,2586,UA,SFO,2
22,11,21,3,20,2586,UA,SFO,1
16,11,24,6,20,2586,UA,SFO,2
2,11,25,7,20,2586,UA,SFO,3
88,11,26,1,20,2586,UA,SFO,4
-4,11,27,2,20,2586,UA,SFO,5
39,11,28,3,20,2586,UA,SFO,6
5,11,29,4,20,2586,UA,SFO,7
1,11,30,5,20,2586,UA,SFO,8
16,11,1,4,8,2475,UA,LAX,10
15,11,2,5,8,2475,UA,LAX,9
4,11,3,6,8,2475,UA,LAX,8
-3,11,4,7,8,2475,UA,LAX,7
-5,11,5,1,8,2475,UA,LAX,6
1,11,6,2,8,2475,UA,LAX,5
27,11,7,3,8,2475,UA,LAX,4
-2,11,8,4,8,2475,UA,LAX,3
-4,11,9,5,8,2475,UA,LAX,2
-4,11,10,6,8,2475,UA,LAX,1
-1,11,11,7,8,2475,UA,LAX,0
0,11,12,1,8,2475,UA,LAX,1
-1,11,13,2,8,2475,UA,LAX,2
-1,11,14,3,8,2475,UA,LAX,3
23,11,15,4,8,2475,UA,LAX,4
11,11,16,5,8,2475,UA,LAX,5
2,11,17,6,8,2475,UA,LAX,5
19,11,18,7,8,2475,UA,LAX,4
2,11,19,1,8,2475,UA,LAX,3
-1,11,20,2,8,2475,UA,LAX,2
10,11,21,3,8,2475,UA,LAX,1
0,11,22,4,8,2475,UA,LAX,0
-2,11,23,5,8,2475,UA,LAX,1
6,11,24,6,8,2475,UA,LAX,2
2,11,25,7,8,2475,UA,LAX,3
8,11,26,1,8,2475,UA,LAX,4
-1,11,27,2,8,2475,UA,LAX,5
15,11,28,3,8,2475,UA,LAX,6
-2,11,29,4,8,2475,UA,LAX,7
25,11,30,5,8,2475,UA,LAX,8
-4,11,1,4,11,2475,UA,LAX,10
-1,11,2,5,11,2475,UA,LAX,9
-2,11,3,6,11,2475,UA,LAX,8
-5,11,4,7,11,2475,UA,LAX,7
-7,11,5,1,11,2475,UA,LAX,6
-1,11,6,2,11,2475,UA,LAX,5
-4,11,7,3,11,2475,UA,LAX,4
2,11,8,4,11,2475,UA,LAX,3
-2,11,9,5,11,2475,UA,LAX,2
-1,11,10,6,11,2475,UA,LAX,1
-1,11,11,7,11,2475,UA,LAX,0
-7,11,12,1,11,2475,UA,LAX,1
3,11,13,2,11,2475,UA,LAX,2
-1,11,14,3,11,2475,UA,LAX,3
-1,11,15,4,11,2475,UA,LAX,4
-6,11,16,5,11,2475,UA,LAX,5
-4,11,17,6,11,2475,UA,LAX,5
-4,11,18,7,11,2475,UA,LAX,4
-2,11,19,1,11,2475,UA,LAX,3
1,11,20,2,11,2475,UA,LAX,2
2,11,21,3,11,2475,UA,LAX,1
36,11,22,4,11,2475,UA,LAX,0
55,11,23,5,11,2475,UA,LAX,1
3,11,24,6,11,2475,UA,LAX,2
-3,11,25,7,11,2475,UA,LAX,3
0,11,26,1,11,2475,UA,LAX,4
0,11,27,2,11,2475,UA,LAX,5
-2,11,28,3,11,2475,UA,LAX,6
1,11,29,4,11,2475,UA,LAX,7
-2,11,30,5,11,2475,UA,LAX,8
-3,11,1,4,14,2475,UA,LAX,10
-4,11,2,5,14,2475,UA,LAX,9
-4,11,3,6,14,2475,UA,LAX,8
-4,11,4,7,14,2475,UA,LAX,7
0,11,5,1,14,2475,UA,LAX,6
-8,11,6,2,14,2475,UA,LAX,5
1,11,7,3,14,2475,UA,LAX,4
-1,11,8,4,14,2475,UA,LAX,3
0,11,9,5,14,2475,UA,LAX,2
-5,11,10,6,14,2475,UA,LAX,1
40,11,11,7,14,2475,UA,LAX,0
-1,11,12,1,14,2475,UA,LAX,1
-6,11,13,2,14,2475,UA,LAX,2
3,11,14,3,14,2475,UA,LAX,3
10,11,24,6,14,2475,UA,LAX,2
20,11,25,7,14,2475,UA,LAX,3
-3,11,26,1,14,2475,UA,LAX,4
-2,11,27,2,14,2475,UA,LAX,5
-8,11,28,3,14,2475,UA,LAX,6
-2,11,29,4,14,2475,UA,LAX,7
13,11,30,5,14,2475,UA,LAX,8
-4,11,1,4,16,2475,UA,LAX,10
34,11,2,5,16,2475,UA,LAX,9
-5,11,3,6,16,2475,UA,LAX,8
6,11,4,7,16,2475,UA,LAX,7
-3,11,5,1,16,2475,UA,LAX,6
4,11,6,2,16,2475,UA,LAX,5
3,11,7,3,16,2475,UA,LAX,4
4,11,8,4,16,2475,UA,LAX,3
23,11,9,5,16,2475,UA,LAX,2
8,11,10,6,16,2475,UA,LAX,1
-5,11,11,7,16,2475,UA,LAX,0
-1,11,12,1,16,2475,UA,LAX,1
9,11,13,2,16,2475,UA,LAX,2
34,11,14,3,16,2475,UA,LAX,3
28,11,15,4,16,2475,UA,LAX,4
7,11,16,5,16,2475,UA,LAX,5
2,11,17,6,16,2475,UA,LAX,5
-2,11,18,7,16,2475,UA,LAX,4
-1,11,19,1,16,2475,UA,LAX,3
3,11,20,2,16,2475,UA,LAX,2
4,11,21,3,16,2475,UA,LAX,1
-2,11,23,5,16,2475,UA,LAX,1
0,11,24,6,16,2475,UA,LAX,2
-4,11,25,7,16,2475,UA,LAX,3
0,11,26,1,16,2475,UA,LAX,4
12,11,27,2,16,2475,UA,LAX,5
-1,11,28,3,16,2475,UA,LAX,6
-6,11,29,4,16,2475,UA,LAX,7
-3,11,30,5,16,2475,UA,LAX,8
10,11,1,4,20,2475,UA,LAX,10
0,11,2,5,20,2475,UA,LAX,9
13,11,4,7,20,2475,UA,LAX,7
-4,11,5,1,20,2475,UA,LAX,6
4,11,6,2,20,2475,UA,LAX,5
-3,11,7,3,20,2475,UA,LAX,4
-8,11,8,4,20,2475,UA,LAX,3
77,11,9,5,20,2475,UA,LAX,2
104,11,11,7,20,2475,UA,LAX,0
67,11,12,1,20,2475,UA,LAX,1
38,11,13,2,20,2475,UA,LAX,2
62,11,14,3,20,2475,UA,LAX,3
100,11,15,4,20,2475,UA,LAX,4
0,11,16,5,20,2475,UA,LAX,5
32,11,18,7,20,2475,UA,LAX,4
-5,11,19,1,20,2475,UA,LAX,3
46,11,20,2,20,2475,UA,LAX,2
-4,11,21,3,20,2475,UA,LAX,1
-6,11,22,4,20,2475,UA,LAX,0
105,11,24,6,20,2475,UA,LAX,2
112,11,25,7,20,2475,UA,LAX,3
150,11,26,1,20,2475,UA,LAX,4
-1,11,27,2,20,2475,UA,LAX,5
11,11,28,3,20,2475,UA,LAX,6
59,11,29,4,20,2475,UA,LAX,7
-6,11,30,5,20,2475,UA,LAX,8
-8,11,1,4,18,2475,UA,LAX,10
-8,11,2,5,18,2475,UA,LAX,9
-1,11,3,6,18,2475,UA,LAX,8
18,11,4,7,18,2475,UA,LAX,7
-5,11,5,1,18,2475,UA,LAX,6
243,11,6,2,18,2475,UA,LAX,5
-3,11,7,3,18,2475,UA,LAX,4
64,11,8,4,18,2475,UA,LAX,3
-6,11,9,5,18,2475,UA,LAX,2
130,11,10,6,18,2475,UA,LAX,1
0,11,11,7,18,2475,UA,LAX,0
-1,11,12,1,18,2475,UA,LAX,1
39,11,13,2,18,2475,UA,LAX,2
1,11,14,3,18,2475,UA,LAX,3
0,11,15,4,18,2475,UA,LAX,4
0,11,16,5,18,2475,UA,LAX,5
16,11,17,6,18,2475,UA,LAX,5
19,11,18,7,18,2475,UA,LAX,4
-1,11,19,1,18,2475,UA,LAX,3
-2,11,20,2,18,2475,UA,LAX,2
4,11,21,3,18,2475,UA,LAX,1
-6,11,22,4,18,2475,UA,LAX,0
2,11,23,5,18,2475,UA,LAX,1
23,11,24,6,18,2475,UA,LAX,2
-3,11,25,7,18,2475,UA,LAX,3
108,11,26,1,18,2475,UA,LAX,4
145,11,27,2,18,2475,UA,LAX,5
-5,11,28,3,18,2475,UA,LAX,6
-5,11,29,4,18,2475,UA,LAX,7
-4,11,30,5,18,2475,UA,LAX,8
-1,11,1,4,6,2475,UA,LAX,10
-8,11,2,5,6,2475,UA,LAX,9
-1,11,3,6,6,2475,UA,LAX,8
-2,11,4,7,6,2475,UA,LAX,7
-1,11,5,1,6,2475,UA,LAX,6
-8,11,6,2,6,2475,UA,LAX,5
3,11,7,3,6,2475,UA,LAX,4
-5,11,8,4,6,2475,UA,LAX,3
-5,11,9,5,6,2475,UA,LAX,2
-2,11,10,6,6,2475,UA,LAX,1
-3,11,12,1,6,2475,UA,LAX,1
0,11,13,2,6,2475,UA,LAX,2
3,11,14,3,6,2475,UA,LAX,3
1,11,15,4,6,2475,UA,LAX,4
-6,11,16,5,6,2475,UA,LAX,5
74,11,17,6,6,2475,UA,LAX,5
2,11,18,7,6,2475,UA,LAX,4
-8,11,19,1,6,2475,UA,LAX,3
7,11,20,2,6,2475,UA,LAX,2
17,11,21,3,6,2475,UA,LAX,1
0,11,22,4,6,2475,UA,LAX,0
13,11,23,5,6,2475,UA,LAX,1
27,11,24,6,6,2475,UA,LAX,2
30,11,25,7,6,2475,UA,LAX,3
1,11,26,1,6,2475,UA,LAX,4
-5,11,27,2,6,2475,UA,LAX,5
-2,11,28,3,6,2475,UA,LAX,6
-4,11,29,4,6,2475,UA,LAX,7
-4,11,30,5,6,2475,UA,LAX,8
-4,11,1,4,7,2586,UA,SFO,10
-8,11,2,5,7,2586,UA,SFO,9
0,11,3,6,7,2586,UA,SFO,8
-3,11,4,7,7,2586,UA,SFO,7
6,11,5,1,7,2586,UA,SFO,6
-3,11,6,2,7,2586,UA,SFO,5
7,11,7,3,7,2586,UA,SFO,4
1,11,8,4,7,2586,UA,SFO,3
-3,11,9,5,7,2586,UA,SFO,2
-2,11,10,6,7,2586,UA,SFO,1
2,11,11,7,7,2586,UA,SFO,0
1,11,12,1,7,2586,UA,SFO,1
0,11,13,2,7,2586,UA,SFO,2
39,11,14,3,7,2586,UA,SFO,3
250,11,15,4,7,2586,UA,SFO,4
-3,11,16,5,7,2586,UA,SFO,5
0,11,17,6,7,2586,UA,SFO,5
0,11,18,7,7,2586,UA,SFO,4
47,11,19,1,7,2586,UA,SFO,3
1,11,20,2,7,2586,UA,SFO,2
2,11,21,3,7,2586,UA,SFO,1
-3,11,22,4,7,2586,UA,SFO,0
32,11,23,5,6,2586,UA,SFO,1
2,11,24,6,7,2586,UA,SFO,2
14,11,25,7,7,2586,UA,SFO,3
-3,11,26,1,7,2586,UA,SFO,4
13,11,27,2,7,2586,UA,SFO,5
5,11,28,3,7,2586,UA,SFO,6
-3,11,29,4,7,2586,UA,SFO,7
-6,11,30,5,7,2586,UA,SFO,8
9,11,1,4,20,2248,US,LAS,10
-5,11,1,4,8,2248,US,LAS,10
8,11,1,4,9,2248,US,LAS,10
-3,11,1,4,18,2153,US,PHX,10
7,11,1,4,9,2153,US,PHX,10
5,11,1,4,6,2153,US,PHX,10
5,11,2,5,20,2248,US,LAS,9
-6,11,2,5,8,2248,US,LAS,9
0,11,2,5,9,2248,US,LAS,9
-3,11,2,5,18,2153,US,PHX,9
-6,11,2,5,9,2153,US,PHX,9
-4,11,2,5,6,2153,US,PHX,9
-5,11,3,6,8,2248,US,LAS,8
-3,11,3,6,9,2248,US,LAS,8
-5,11,3,6,6,2153,US,PHX,8
-5,11,3,6,18,2153,US,PHX,8
-5,11,3,6,9,2153,US,PHX,8
15,11,4,7,20,2248,US,LAS,7
-1,11,4,7,7,2248,US,LAS,7
-4,11,4,7,9,2248,US,LAS,7
-4,11,4,7,17,2153,US,PHX,7
-6,11,4,7,6,2153,US,PHX,7
-2,11,4,7,9,2153,US,PHX,7
11,11,5,1,20,2248,US,LAS,6
0,11,5,1,7,2248,US,LAS,6
-3,11,5,1,9,2248,US,LAS,6
55,11,5,1,17,2153,US,PHX,6
1,11,5,1,6,2153,US,PHX,6
-3,11,5,1,9,2153,US,PHX,6
0,11,6,2,7,2248,US,LAS,5
-5,11,6,2,9,2248,US,LAS,5
100,11,6,2,17,2153,US,PHX,5
-5,11,6,2,6,2153,US,PHX,5
-9,11,6,2,9,2153,US,PHX,5
29,11,7,3,20,2248,US,LAS,4
-2,11,7,3,7,2248,US,LAS,4
-4,11,7,3,9,2248,US,LAS,4
16,11,7,3,17,2153,US,PHX,4
-4,11,7,3,6,2153,US,PHX,4
-2,11,7,3,9,2153,US,PHX,4
-6,11,8,4,20,2248,US,LAS,3
-4,11,8,4,7,2248,US,LAS,3
0,11,8,4,9,2248,US,LAS,3
-6,11,8,4,17,2153,US,PHX,3
2,11,8,4,6,2153,US,PHX,3
36,11,8,4,9,2153,US,PHX,3
82,11,9,5,20,2248,US,LAS,2
-1,11,9,5,7,2248,US,LAS,2
2,11,9,5,9,2248,US,LAS,2
25,11,9,5,17,2153,US,PHX,2
4,11,9,5,6,2153,US,PHX,2
5,11,9,5,9,2153,US,PHX,2
-1,11,10,6,7,2248,US,LAS,1
-4,11,10,6,9,2248,US,LAS,1
1,11,10,6,6,2153,US,PHX,1
42,11,10,6,17,2153,US,PHX,1
-7,11,10,6,9,2153,US,PHX,1
14,11,11,7,20,2248,US,LAS,0
20,11,11,7,7,2248,US,LAS,0
-3,11,11,7,9,2248,US,LAS,0
9,11,11,7,17,2153,US,PHX,0
-2,11,11,7,6,2153,US,PHX,0
-4,11,11,7,9,2153,US,PHX,0
24,11,12,1,20,2248,US,LAS,1
-1,11,12,1,7,2248,US,LAS,1
5,11,12,1,9,2248,US,LAS,1
25,11,12,1,17,2153,US,PHX,1
-3,11,12,1,6,2153,US,PHX,1
-3,11,12,1,9,2153,US,PHX,1
-6,11,13,2,7,2248,US,LAS,2
-4,11,13,2,9,2248,US,LAS,2
6,11,13,2,17,2153,US,PHX,2
0,11,13,2,6,2153,US,PHX,2
-4,11,13,2,9,2153,US,PHX,2
65,11,14,3,20,2248,US,LAS,3
-9,11,14,3,7,2248,US,LAS,3
-5,11,14,3,9,2248,US,LAS,3
-9,11,14,3,17,2153,US,PHX,3
-5,11,14,3,6,2153,US,PHX,3
-1,11,14,3,9,2153,US,PHX,3
65,11,15,4,20,2248,US,LAS,4
-9,11,15,4,7,2248,US,LAS,4
37,11,15,4,9,2248,US,LAS,4
10,11,15,4,17,2153,US,PHX,4
-1,11,15,4,6,2153,US,PHX,4
-4,11,15,4,9,2153,US,PHX,4
50,11,16,5,20,2248,US,LAS,5
28,11,16,5,7,2248,US,LAS,5
-2,11,16,5,9,2248,US,LAS,5
4,11,16,5,17,2153,US,PHX,5
-5,11,16,5,6,2153,US,PHX,5
-3,11,16,5,9,2153,US,PHX,5
10,11,17,6,7,2248,US,LAS,5
-4,11,17,6,9,2248,US,LAS,5
5,11,17,6,6,2153,US,PHX,5
71,11,17,6,17,2153,US,PHX,5
4,11,17,6,9,2153,US,PHX,5
58,11,18,7,20,2248,US,LAS,4
-7,11,18,7,7,2248,US,LAS,4
-5,11,18,7,9,2248,US,LAS,4
34,11,18,7,17,2153,US,PHX,4
1,11,18,7,6,2153,US,PHX,4
-9,11,18,7,9,2153,US,PHX,4
113,11,19,1,20,2248,US,LAS,3
-9,11,19,1,7,2248,US,LAS,3
-10,11,19,1,9,2248,US,LAS,3
-6,11,19,1,17,2153,US,PHX,3
-9,11,19,1,6,2153,US,PHX,3
-6,11,19,1,9,2153,US,PHX,3
-6,11,20,2,7,2248,US,LAS,2
17,11,20,2,9,2248,US,LAS,2
45,11,20,2,17,2153,US,PHX,2
1,11,20,2,6,2153,US,PHX,2
-5,11,20,2,9,2153,US,PHX,2
16,11,21,3,20,2248,US,LAS,1
-3,11,21,3,7,2248,US,LAS,1
-5,11,21,3,9,2248,US,LAS,1
-1,11,21,3,17,2153,US,PHX,1
-1,11,21,3,6,2153,US,PHX,1
2,11,21,3,9,2153,US,PHX,1
9,11,22,4,7,2248,US,LAS,0
-7,11,22,4,9,2248,US,LAS,0
-7,11,22,4,17,2153,US,PHX,0
1,11,22,4,6,2153,US,PHX,0
-8,11,22,4,9,2153,US,PHX,0
-2,11,23,5,7,2248,US,LAS,1
-7,11,23,5,9,2248,US,LAS,1
40,11,23,5,17,2153,US,PHX,1
-3,11,23,5,9,2153,US,PHX,1
22,11,24,6,20,2248,US,LAS,2
-5,11,24,6,7,2248,US,LAS,2
-5,11,24,6,9,2248,US,LAS,2
0,11,24,6,6,2153,US,PHX,2
6,11,24,6,17,2153,US,PHX,2
0,11,24,6,9,2153,US,PHX,2
18,11,25,7,20,2248,US,LAS,3
-4,11,25,7,7,2248,US,LAS,3
-2,11,25,7,9,2248,US,LAS,3
1,11,25,7,17,2153,US,PHX,3
0,11,25,7,6,2153,US,PHX,3
-7,11,25,7,9,2153,US,PHX,3
196,11,26,1,20,2248,US,LAS,4
1,11,26,1,7,2248,US,LAS,4
-2,11,26,1,9,2248,US,LAS,4
88,11,26,1,17,2153,US,PHX,4
-1,11,26,1,6,2153,US,PHX,4
7,11,26,1,9,2153,US,PHX,4
-5,11,27,2,7,2248,US,LAS,5
55,11,27,2,9,2248,US,LAS,5
-5,11,27,2,17,2153,US,PHX,5
3,11,27,2,6,2153,US,PHX,5
-5,11,27,2,9,2153,US,PHX,5
-6,11,28,3,7,2248,US,LAS,6
-4,11,28,3,9,2248,US,LAS,6
-6,11,28,3,17,2153,US,PHX,6
-6,11,28,3,6,2153,US,PHX,6
-4,11,28,3,9,2153,US,PHX,6
7,11,29,4,20,2248,US,LAS,7
-4,11,29,4,7,2248,US,LAS,7
-6,11,29,4,9,2248,US,LAS,7
7,11,29,4,17,2153,US,PHX,7
-6,11,29,4,6,2153,US,PHX,7
-2,11,29,4,9,2153,US,PHX,7
167,11,30,5,20,2248,US,LAS,8
-6,11,30,5,7,2248,US,LAS,8
-7,11,30,5,9,2248,US,LAS,8
-2,11,30,5,17,2153,US,PHX,8
-5,11,30,5,6,2153,US,PHX,8
-3,11,30,5,9,2153,US,PHX,8
1,11,16,5,6,760,DL,ATL,5
35,11,16,5,19,1005,DL,TPA,5
-7,11,16,5,11,944,DL,MCO,5
13,11,16,5,19,1989,DL,SLC,5
5,11,16,5,15,760,DL,ATL,5
39,11,16,5,21,944,DL,MCO,5
168,11,16,5,19,1069,DL,FLL,5
16,11,16,5,16,1069,DL,FLL,5
-7,11,16,5,8,1069,DL,FLL,5
-4,11,16,5,11,1069,DL,FLL,5
-1,11,16,5,8,944,DL,MCO,5
0,11,16,5,8,1005,DL,TPA,5
8,11,17,6,14,2475,DL,LAX,5
293,11,17,6,8,760,DL,ATL,5
3,11,17,6,16,2475,DL,LAX,5
-3,11,17,6,18,1090,DL,MIA,5
40,11,17,6,16,944,DL,MCO,5
12,11,17,6,16,1989,DL,SLC,5
0,11,17,6,18,2586,DL,SFO,5
0,11,17,6,16,2421,DL,SEA,5
-4,11,17,6,18,2475,DL,LAX,5
-5,11,17,6,19,760,DL,ATL,5
-6,11,17,6,16,760,DL,ATL,5
13,11,17,6,16,1005,DL,TPA,5
-4,11,17,6,16,2586,DL,SFO,5
-4,11,17,6,16,589,DL,CVG,5
0,11,17,6,8,2475,DL,LAX,5
3,11,17,6,8,2586,DL,SFO,5
-3,11,17,6,8,2421,DL,SEA,5
-4,11,17,6,12,2248,DL,LAS,5
3,11,17,6,8,2248,DL,LAS,5
-5,11,17,6,16,2248,DL,LAS,5
-9,11,17,6,20,2248,DL,LAS,5
-11,11,17,6,8,2153,DL,PHX,5
71,11,17,6,19,2153,DL,PHX,5
33,11,17,6,8,1626,DL,DEN,5
-10,11,17,6,17,2446,DL,SAN,5
21,11,17,6,16,187,DL,BOS,5
-5,11,17,6,8,1623,DL,STT,5
-2,11,17,6,8,1597,DL,SJU,5
6,11,17,6,19,1597,DL,SJU,5
0,11,17,6,11,1028,DL,PBI,5
18,11,17,6,6,1989,DL,SLC,5
-12,11,17,6,20,187,DL,BOS,5
3,11,17,6,6,760,DL,ATL,5
-1,11,17,6,19,1005,DL,TPA,5
-6,11,17,6,10,944,DL,MCO,5
28,11,17,6,19,1989,DL,SLC,5
-3,11,17,6,15,760,DL,ATL,5
3,11,17,6,21,944,DL,MCO,5
2,11,17,6,19,1069,DL,FLL,5
-5,11,17,6,16,1069,DL,FLL,5
-1,11,17,6,8,1069,DL,FLL,5
-4,11,17,6,11,1069,DL,FLL,5
-6,11,17,6,8,944,DL,MCO,5
-3,11,17,6,8,1005,DL,TPA,5
4,11,18,7,14,2475,DL,LAX,4
9,11,18,7,8,760,DL,ATL,4
20,11,18,7,16,2475,DL,LAX,4
0,11,18,7,18,1090,DL,MIA,4
0,11,18,7,16,944,DL,MCO,4
-7,11,18,7,16,1989,DL,SLC,4
-4,11,18,7,18,2586,DL,SFO,4
11,11,18,7,16,2421,DL,SEA,4
-2,11,18,7,18,2475,DL,LAX,4
0,11,18,7,18,760,DL,ATL,4
5,11,18,7,16,760,DL,ATL,4
0,11,18,7,16,1005,DL,TPA,4
53,11,18,7,16,2586,DL,SFO,4
33,11,18,7,16,589,DL,CVG,4
-1,11,18,7,8,2475,DL,LAX,4
0,11,18,7,20,2475,DL,LAX,4
-4,11,18,7,8,2586,DL,SFO,4
19,11,18,7,7,2421,DL,SEA,4
-1,11,18,7,12,2248,DL,LAS,4
-6,11,18,7,19,2421,DL,SEA,4
3,11,18,7,8,2248,DL,LAS,4
-9,11,18,7,16,2248,DL,LAS,4
-7,11,18,7,19,2248,DL,LAS,4
-6,11,18,7,8,2153,DL,PHX,4
-3,11,18,7,19,2153,DL,PHX,4
-11,11,18,7,8,1626,DL,DEN,4
-5,11,18,7,16,2446,DL,SAN,4
5,11,18,7,19,2454,DL,PDX,4
44,11,18,7,16,187,DL,BOS,4
-3,11,18,7,8,1597,DL,SJU,4
-4,11,18,7,11,1028,DL,PBI,4
-3,11,18,7,6,1989,DL,SLC,4
5,11,18,7,6,760,DL,ATL,4
-3,11,18,7,19,1005,DL,TPA,4
0,11,18,7,11,944,DL,MCO,4
-1,11,18,7,19,1989,DL,SLC,4
13,11,18,7,15,760,DL,ATL,4
25,11,18,7,19,1069,DL,FLL,4
49,11,18,7,16,1069,DL,FLL,4
-1,11,18,7,8,1069,DL,FLL,4
-1,11,18,7,11,1069,DL,FLL,4
6,11,18,7,8,944,DL,MCO,4
-3,11,18,7,8,1005,DL,TPA,4
-3,11,19,1,14,2475,DL,LAX,3
1,11,19,1,8,760,DL,ATL,3
1,11,19,1,16,2475,DL,LAX,3
15,11,19,1,18,1090,DL,MIA,3
-2,11,19,1,16,944,DL,MCO,3
-8,11,19,1,16,1989,DL,SLC,3
3,11,19,1,18,2586,DL,SFO,3
2,11,19,1,18,2475,DL,LAX,3
-4,11,19,1,18,760,DL,ATL,3
-3,11,19,1,16,760,DL,ATL,3
-6,11,19,1,16,1005,DL,TPA,3
16,11,19,1,16,2586,DL,SFO,3
90,11,19,1,16,589,DL,CVG,3
-5,11,19,1,7,2475,DL,LAX,3
-5,11,19,1,8,2475,DL,LAX,3
-9,11,19,1,20,2475,DL,LAX,3
-5,11,19,1,8,2586,DL,SFO,3
22,11,19,1,8,2421,DL,SEA,3
-2,11,19,1,12,2248,DL,LAS,3
-2,11,19,1,19,2421,DL,SEA,3
-4,11,19,1,8,2248,DL,LAS,3
-5,11,19,1,16,2248,DL,LAS,3
-6,11,19,1,19,2248,DL,LAS,3
-8,11,19,1,8,2153,DL,PHX,3
14,11,19,1,19,2153,DL,PHX,3
-2,11,19,1,8,1626,DL,DEN,3
0,11,19,1,16,2446,DL,SAN,3
-5,11,19,1,19,2454,DL,PDX,3
78,11,19,1,16,187,DL,BOS,3
-5,11,19,1,8,1597,DL,SJU,3
-7,11,19,1,11,1028,DL,PBI,3
-2,11,19,1,6,1989,DL,SLC,3
-4,11,19,1,6,760,DL,ATL,3
-6,11,19,1,19,1005,DL,TPA,3
-11,11,19,1,11,944,DL,MCO,3
-8,11,19,1,19,1989,DL,SLC,3
77,11,19,1,15,760,DL,ATL,3
-7,11,19,1,21,944,DL,MCO,3
-5,11,19,1,19,1069,DL,FLL,3
54,11,19,1,16,1069,DL,FLL,3
-1,11,19,1,8,1069,DL,FLL,3
3,11,19,1,11,1069,DL,FLL,3
-7,11,19,1,8,944,DL,MCO,3
-3,11,19,1,8,1005,DL,TPA,3
3,11,20,2,15,2475,DL,LAX,2
-2,11,20,2,8,760,DL,ATL,2
12,11,20,2,16,2475,DL,LAX,2
17,11,20,2,18,1090,DL,MIA,2
18,11,20,2,16,944,DL,MCO,2
-5,11,20,2,16,1989,DL,SLC,2
6,11,20,2,18,2586,DL,SFO,2
-12,11,20,2,16,2421,DL,SEA,2
-2,11,20,2,18,2475,DL,LAX,2
42,11,20,2,18,760,DL,ATL,2
8,11,20,2,15,1989,DL,SLC,2
-8,11,20,2,16,760,DL,ATL,2
4,11,20,2,16,1005,DL,TPA,2
21,11,20,2,16,2586,DL,SFO,2
11,11,20,2,16,589,DL,CVG,2
29,11,20,2,7,2475,DL,LAX,2
-3,11,20,2,8,2475,DL,LAX,2
34,11,20,2,20,2475,DL,LAX,2
-1,11,20,2,8,2586,DL,SFO,2
-5,11,20,2,8,2421,DL,SEA,2
-3,11,20,2,12,2248,DL,LAS,2
-3,11,20,2,19,2421,DL,SEA,2
-4,11,20,2,16,2248,DL,LAS,2
-4,11,20,2,19,2248,DL,LAS,2
-10,11,20,2,8,2153,DL,PHX,2
-2,11,20,2,19,2153,DL,PHX,2
-8,11,20,2,8,1626,DL,DEN,2
0,11,20,2,16,2446,DL,SAN,2
43,11,20,2,19,2454,DL,PDX,2
14,11,20,2,16,187,DL,BOS,2
-6,11,20,2,8,1597,DL,SJU,2
-11,11,20,2,11,1028,DL,PBI,2
13,11,20,2,12,760,DL,ATL,2
5,11,20,2,6,1989,DL,SLC,2
-3,11,20,2,6,760,DL,ATL,2
49,11,20,2,19,1005,DL,TPA,2
6,11,20,2,11,944,DL,MCO,2
6,11,20,2,20,1989,DL,SLC,2
9,11,20,2,15,760,DL,ATL,2
-4,11,20,2,21,944,DL,MCO,2
60,11,20,2,19,1069,DL,FLL,2
41,11,20,2,16,1069,DL,FLL,2
-4,11,20,2,8,1069,DL,FLL,2
-1,11,20,2,8,944,DL,MCO,2
-2,11,20,2,8,1005,DL,TPA,2
17,11,21,3,14,2475,DL,LAX,1
-6,11,21,3,8,760,DL,ATL,1
32,11,21,3,16,2475,DL,LAX,1
-7,11,21,3,18,1090,DL,MIA,1
-9,11,21,3,16,944,DL,MCO,1
9,11,21,3,16,1989,DL,SLC,1
4,11,21,3,18,2586,DL,SFO,1
-1,11,21,3,16,2421,DL,SEA,1
16,11,21,3,18,2475,DL,LAX,1
-15,11,21,3,15,1989,DL,SLC,1
-6,11,21,3,16,760,DL,ATL,1
36,11,21,3,16,1005,DL,TPA,1
2,11,21,3,16,2586,DL,SFO,1
1,11,21,3,16,589,DL,CVG,1
-6,11,21,3,7,2475,DL,LAX,1
3,11,21,3,8,2475,DL,LAX,1
0,11,21,3,20,2475,DL,LAX,1
-6,11,21,3,8,2586,DL,SFO,1
-7,11,21,3,8,2421,DL,SEA,1
-1,11,21,3,12,2248,DL,LAS,1
-1,11,21,3,19,2421,DL,SEA,1
-1,11,21,3,8,2248,DL,LAS,1
-5,11,21,3,16,2248,DL,LAS,1
1,11,21,3,19,2248,DL,LAS,1
-5,11,21,3,8,2153,DL,PHX,1
-7,11,21,3,19,2153,DL,PHX,1
-3,11,21,3,8,1626,DL,DEN,1
3,11,21,3,16,2446,DL,SAN,1
-8,11,21,3,19,2454,DL,PDX,1
18,11,21,3,16,187,DL,BOS,1
-3,11,21,3,8,1597,DL,SJU,1
-4,11,21,3,11,1028,DL,PBI,1
-6,11,21,3,6,1989,DL,SLC,1
-2,11,21,3,6,760,DL,ATL,1
-6,11,21,3,19,1005,DL,TPA,1
-1,11,21,3,11,944,DL,MCO,1
2,11,21,3,19,1989,DL,SLC,1
12,11,21,3,15,760,DL,ATL,1
25,11,21,3,21,944,DL,MCO,1
12,11,21,3,19,1069,DL,FLL,1
-10,11,21,3,16,1069,DL,FLL,1
-10,11,21,3,8,1069,DL,FLL,1
-2,11,21,3,11,1069,DL,FLL,1
-1,11,21,3,8,944,DL,MCO,1
-4,11,21,3,7,1005,DL,TPA,1
-1,11,22,4,14,2475,DL,LAX,0
7,11,22,4,8,760,DL,ATL,0
-4,11,22,4,16,2475,DL,LAX,0
-8,11,22,4,18,1090,DL,MIA,0
-2,11,22,4,16,944,DL,MCO,0
-9,11,22,4,16,1989,DL,SLC,0
-7,11,22,4,18,2586,DL,SFO,0
-7,11,22,4,16,2421,DL,SEA,0
14,11,22,4,18,2475,DL,LAX,0
-6,11,22,4,18,760,DL,ATL,0
-13,11,22,4,16,760,DL,ATL,0
-6,11,22,4,16,2586,DL,SFO,0
-6,11,22,4,16,589,DL,CVG,0
-3,11,22,4,8,2475,DL,LAX,0
-3,11,22,4,8,2421,DL,SEA,0
0,11,22,4,12,2248,DL,LAS,0
0,11,22,4,19,2421,DL,SEA,0
-7,11,22,4,8,2248,DL,LAS,0
-4,11,22,4,16,2248,DL,LAS,0
-4,11,22,4,8,2153,DL,PHX,0
9,11,22,4,19,2153,DL,PHX,0
-2,11,22,4,8,1626,DL,DEN,0
-6,11,22,4,17,2446,DL,SAN,0
3,11,22,4,19,2454,DL,PDX,0
-1,11,22,4,16,187,DL,BOS,0
-1,11,22,4,8,1597,DL,SJU,0
-8,11,22,4,11,1028,DL,PBI,0
-5,11,22,4,6,1989,DL,SLC,0
-16,11,22,4,20,187,DL,BOS,0
7,11,22,4,6,760,DL,ATL,0
-4,11,22,4,19,1005,DL,TPA,0
-3,11,22,4,10,944,DL,MCO,0
-1,11,22,4,19,1989,DL,SLC,0
16,11,22,4,15,760,DL,ATL,0
-10,11,22,4,19,1069,DL,FLL,0
-14,11,22,4,16,1069,DL,FLL,0
-8,11,22,4,8,1069,DL,FLL,0
-3,11,22,4,8,944,DL,MCO,0
-7,11,22,4,8,1005,DL,TPA,0
90,11,23,5,14,2475,DL,LAX,1
28,11,23,5,8,760,DL,ATL,1
48,11,23,5,16,2475,DL,LAX,1
-1,11,23,5,18,1090,DL,MIA,1
67,11,23,5,16,944,DL,MCO,1
-2,11,23,5,16,1989,DL,SLC,1
6,11,23,5,18,2586,DL,SFO,1
-3,11,23,5,16,2421,DL,SEA,1
3,11,23,5,18,2475,DL,LAX,1
8,11,23,5,18,760,DL,ATL,1
2,11,23,5,16,760,DL,ATL,1
-4,11,23,5,16,2586,DL,SFO,1
-3,11,23,5,16,589,DL,CVG,1
-1,11,23,5,8,2475,DL,LAX,1
10,11,23,5,8,2421,DL,SEA,1
-11,11,23,5,19,2421,DL,SEA,1
42,11,23,5,16,2248,DL,LAS,1
-4,11,23,5,19,2248,DL,LAS,1
-12,11,23,5,8,2153,DL,PHX,1
-9,11,23,5,19,2153,DL,PHX,1
-8,11,23,5,8,1626,DL,DEN,1
-4,11,23,5,16,2446,DL,SAN,1
-6,11,23,5,19,2454,DL,PDX,1
3,11,23,5,16,187,DL,BOS,1
2,11,23,5,8,1597,DL,SJU,1
-5,11,23,5,11,1028,DL,PBI,1
-3,11,23,5,6,1989,DL,SLC,1
-12,11,23,5,20,187,DL,BOS,1
-2,11,23,5,6,760,DL,ATL,1
-10,11,23,5,19,1005,DL,TPA,1
-2,11,23,5,11,944,DL,MCO,1
-6,11,23,5,19,1989,DL,SLC,1
74,11,23,5,15,760,DL,ATL,1
14,11,23,5,21,944,DL,MCO,1
-5,11,23,5,19,1069,DL,FLL,1
-4,11,23,5,16,1069,DL,FLL,1
0,11,23,5,8,1069,DL,FLL,1
-3,11,23,5,8,944,DL,MCO,1
-5,11,23,5,8,1005,DL,TPA,1
-5,11,24,6,14,2475,DL,LAX,2
18,11,24,6,8,760,DL,ATL,2
24,11,24,6,16,2475,DL,LAX,2
-1,11,24,6,18,1090,DL,MIA,2
-3,11,24,6,16,1989,DL,SLC,2
-2,11,24,6,16,2421,DL,SEA,2
15,11,24,6,18,2475,DL,LAX,2
-5,11,24,6,18,760,DL,ATL,2
17,11,24,6,16,760,DL,ATL,2
-1,11,24,6,16,1005,DL,TPA,2
-3,11,24,6,19,2586,DL,SFO,2
21,11,24,6,16,589,DL,CVG,2
0,11,24,6,8,2475,DL,LAX,2
19,11,24,6,20,2586,DL,SFO,2
32,11,24,6,20,2475,DL,LAX,2
-4,11,24,6,8,2586,DL,SFO,2
5,11,24,6,7,2421,DL,SEA,2
-4,11,24,6,12,2248,DL,LAS,2
47,11,24,6,19,2421,DL,SEA,2
-6,11,24,6,16,2248,DL,LAS,2
-3,11,24,6,19,2248,DL,LAS,2
-4,11,24,6,8,2153,DL,PHX,2
40,11,24,6,19,2153,DL,PHX,2
-11,11,24,6,8,1626,DL,DEN,2
-3,11,24,6,17,2446,DL,SAN,2
-8,11,24,6,18,2454,DL,PDX,2
40,11,24,6,16,187,DL,BOS,2
-4,11,24,6,8,1623,DL,STT,2
-7,11,24,6,8,1597,DL,SJU,2
-6,11,24,6,18,1597,DL,SJU,2
-3,11,24,6,11,1028,DL,PBI,2
-4,11,24,6,6,1989,DL,SLC,2
-3,11,24,6,6,760,DL,ATL,2
-2,11,24,6,19,1005,DL,TPA,2
-8,11,24,6,11,944,DL,MCO,2
-9,11,24,6,20,1989,DL,SLC,2
5,11,24,6,15,760,DL,ATL,2
6,11,24,6,21,944,DL,MCO,2
-8,11,24,6,19,1069,DL,FLL,2
-4,11,24,6,16,1069,DL,FLL,2
6,11,24,6,8,1069,DL,FLL,2
-6,11,24,6,11,1069,DL,FLL,2
-4,11,24,6,8,1005,DL,TPA,2
2,11,25,7,14,2475,DL,LAX,3
0,11,25,7,8,760,DL,ATL,3
28,11,25,7,16,2475,DL,LAX,3
-3,11,25,7,18,1090,DL,MIA,3
-8,11,25,7,16,944,DL,MCO,3
-5,11,25,7,16,1989,DL,SLC,3
3,11,25,7,18,2586,DL,SFO,3
-1,11,25,7,16,2421,DL,SEA,3
-1,11,25,7,18,2475,DL,LAX,3
116,11,25,7,19,760,DL,ATL,3
1,11,25,7,15,1989,DL,SLC,3
64,11,25,7,16,760,DL,ATL,3
27,11,25,7,16,1005,DL,TPA,3
-6,11,25,7,16,2586,DL,SFO,3
15,11,25,7,16,589,DL,CVG,3
4,11,25,7,7,2475,DL,LAX,3
0,11,25,7,8,2475,DL,LAX,3
32,11,25,7,23,2586,DL,SFO,3
44,11,25,7,20,2475,DL,LAX,3
-3,11,25,7,8,2586,DL,SFO,3
37,11,25,7,8,2421,DL,SEA,3
-8,11,25,7,12,2248,DL,LAS,3
0,11,25,7,19,2421,DL,SEA,3
-6,11,25,7,8,2248,DL,LAS,3
-7,11,25,7,16,2248,DL,LAS,3
-2,11,25,7,19,2248,DL,LAS,3
-8,11,25,7,8,2153,DL,PHX,3
15,11,25,7,19,2153,DL,PHX,3
-7,11,25,7,8,1626,DL,DEN,3
-1,11,25,7,16,2446,DL,SAN,3
14,11,25,7,20,2454,DL,PDX,3
43,11,25,7,22,2421,DL,SEA,3
-3,11,25,7,23,2475,DL,LAX,3
0,11,25,7,16,187,DL,BOS,3
14,11,25,7,8,1597,DL,SJU,3
-7,11,25,7,11,1028,DL,PBI,3
-5,11,25,7,6,1989,DL,SLC,3
-5,11,25,7,6,760,DL,ATL,3
-1,11,25,7,19,1005,DL,TPA,3
-10,11,25,7,11,944,DL,MCO,3
-12,11,25,7,19,1989,DL,SLC,3
-4,11,25,7,15,760,DL,ATL,3
-11,11,25,7,21,944,DL,MCO,3
-1,11,25,7,19,1069,DL,FLL,3
-4,11,25,7,16,1069,DL,FLL,3
-1,11,25,7,8,1069,DL,FLL,3
-4,11,25,7,11,1069,DL,FLL,3
-1,11,25,7,8,944,DL,MCO,3
-8,11,25,7,8,1005,DL,TPA,3
19,11,26,1,14,2475,DL,LAX,4
14,11,26,1,8,760,DL,ATL,4
31,11,26,1,16,2475,DL,LAX,4
80,11,26,1,18,1090,DL,MIA,4
46,11,26,1,16,944,DL,MCO,4
13,11,26,1,16,1989,DL,SLC,4
42,11,26,1,18,2586,DL,SFO,4
-1,11,26,1,16,2421,DL,SEA,4
63,11,26,1,18,2475,DL,LAX,4
43,11,26,1,18,760,DL,ATL,4
-10,11,26,1,15,1989,DL,SLC,4
5,11,26,1,16,760,DL,ATL,4
-4,11,26,1,16,1005,DL,TPA,4
9,11,26,1,16,2586,DL,SFO,4
35,11,26,1,16,589,DL,CVG,4
0,11,26,1,7,2475,DL,LAX,4
25,11,26,1,8,2475,DL,LAX,4
53,11,26,1,20,2475,DL,LAX,4
-1,11,26,1,8,2586,DL,SFO,4
18,11,26,1,8,2421,DL,SEA,4
-3,11,26,1,12,2248,DL,LAS,4
66,11,26,1,19,2421,DL,SEA,4
49,11,26,1,8,2248,DL,LAS,4
-7,11,26,1,16,2248,DL,LAS,4
0,11,26,1,19,2248,DL,LAS,4
6,11,26,1,8,2153,DL,PHX,4
104,11,26,1,19,2153,DL,PHX,4
-3,11,26,1,8,1626,DL,DEN,4
-3,11,26,1,16,2446,DL,SAN,4
71,11,26,1,19,2454,DL,PDX,4
91,11,26,1,16,187,DL,BOS,4
0,11,26,1,8,1597,DL,SJU,4
-8,11,26,1,11,1028,DL,PBI,4
43,11,26,1,6,1989,DL,SLC,4
1,11,26,1,7,760,DL,ATL,4
-2,11,26,1,6,760,DL,ATL,4
53,11,26,1,19,1005,DL,TPA,4
-7,11,26,1,11,944,DL,MCO,4
-1,11,26,1,19,1989,DL,SLC,4
16,11,26,1,15,760,DL,ATL,4
3,11,26,1,21,944,DL,MCO,4
22,11,26,1,19,1069,DL,FLL,4
40,11,26,1,16,1069,DL,FLL,4
-1,11,26,1,8,1069,DL,FLL,4
0,11,26,1,11,1069,DL,FLL,4
-3,11,26,1,8,944,DL,MCO,4
-8,11,26,1,8,1005,DL,TPA,4
-1,11,27,2,15,2475,DL,LAX,5
0,11,27,2,8,760,DL,ATL,5
-1,11,27,2,16,2475,DL,LAX,5
-6,11,27,2,18,1090,DL,MIA,5
-6,11,27,2,16,944,DL,MCO,5
-4,11,27,2,16,1989,DL,SLC,5
-5,11,27,2,18,2586,DL,SFO,5
-2,11,27,2,16,2421,DL,SEA,5
-6,11,27,2,18,2475,DL,LAX,5
5,11,27,2,18,760,DL,ATL,5
-9,11,27,2,15,1989,DL,SLC,5
6,11,27,2,16,760,DL,ATL,5
-7,11,27,2,16,1005,DL,TPA,5
4,11,27,2,16,2586,DL,SFO,5
2,11,27,2,16,589,DL,CVG,5
29,11,27,2,7,2475,DL,LAX,5
1,11,27,2,8,2475,DL,LAX,5
6,11,27,2,20,2475,DL,LAX,5
15,11,27,2,8,2586,DL,SFO,5
0,11,27,2,8,2421,DL,SEA,5
-6,11,27,2,12,2248,DL,LAS,5
-5,11,27,2,8,2248,DL,LAS,5
-8,11,27,2,16,2248,DL,LAS,5
-6,11,27,2,19,2248,DL,LAS,5
4,11,27,2,8,2153,DL,PHX,5
35,11,27,2,19,2153,DL,PHX,5
27,11,27,2,8,1626,DL,DEN,5
-6,11,27,2,16,2446,DL,SAN,5
-2,11,27,2,19,2454,DL,PDX,5
-7,11,27,2,16,187,DL,BOS,5
-3,11,27,2,8,1597,DL,SJU,5
-4,11,27,2,11,1028,DL,PBI,5
-9,11,27,2,6,1989,DL,SLC,5
-3,11,27,2,6,760,DL,ATL,5
-9,11,27,2,19,1005,DL,TPA,5
-15,11,27,2,11,944,DL,MCO,5
-4,11,27,2,19,1989,DL,SLC,5
-3,11,27,2,15,760,DL,ATL,5
-4,11,27,2,21,944,DL,MCO,5
-8,11,27,2,19,1069,DL,FLL,5
39,11,27,2,16,1069,DL,FLL,5
-4,11,27,2,7,1069,DL,FLL,5
-8,11,27,2,8,944,DL,MCO,5
-8,11,27,2,8,1005,DL,TPA,5
0,11,28,3,15,2475,DL,LAX,6
-10,11,28,3,8,760,DL,ATL,6
-10,11,28,3,16,2475,DL,LAX,6
-2,11,28,3,18,1090,DL,MIA,6
-9,11,28,3,16,944,DL,MCO,6
-8,11,28,3,16,1989,DL,SLC,6
-6,11,28,3,18,2586,DL,SFO,6
-5,11,28,3,16,2421,DL,SEA,6
9,11,28,3,18,2475,DL,LAX,6
-7,11,28,3,18,760,DL,ATL,6
-15,11,28,3,15,1989,DL,SLC,6
-6,11,28,3,16,760,DL,ATL,6
0,11,28,3,16,1005,DL,TPA,6
-3,11,28,3,16,2586,DL,SFO,6
-8,11,28,3,16,589,DL,CVG,6
6,11,28,3,7,2475,DL,LAX,6
-4,11,28,3,8,2475,DL,LAX,6
-6,11,28,3,20,2475,DL,LAX,6
1,11,28,3,8,2421,DL,SEA,6
-2,11,28,3,12,2248,DL,LAS,6
-1,11,28,3,19,2421,DL,SEA,6
0,11,28,3,8,2248,DL,LAS,6
-4,11,28,3,16,2248,DL,LAS,6
-2,11,28,3,19,2248,DL,LAS,6
-7,11,28,3,8,2153,DL,PHX,6
4,11,28,3,19,2153,DL,PHX,6
-2,11,28,3,8,1626,DL,DEN,6
-1,11,28,3,16,2446,DL,SAN,6
0,11,28,3,19,2454,DL,PDX,6
-7,11,28,3,16,187,DL,BOS,6
-4,11,28,3,8,1597,DL,SJU,6
-2,11,28,3,11,1028,DL,PBI,6
7,11,28,3,6,1989,DL,SLC,6
-9,11,28,3,6,760,DL,ATL,6
-4,11,28,3,19,1005,DL,TPA,6
-17,11,28,3,11,944,DL,MCO,6
-3,11,28,3,19,1989,DL,SLC,6
0,11,28,3,15,760,DL,ATL,6
-11,11,28,3,21,944,DL,MCO,6
11,11,28,3,19,1069,DL,FLL,6
3,11,28,3,16,1069,DL,FLL,6
-4,11,28,3,7,1069,DL,FLL,6
3,11,28,3,8,944,DL,MCO,6
-8,11,28,3,8,1005,DL,TPA,6
2,11,29,4,14,2475,DL,LAX,7
-2,11,29,4,8,760,DL,ATL,7
6,11,29,4,16,2475,DL,LAX,7
-3,11,29,4,18,1090,DL,MIA,7
6,11,29,4,16,944,DL,MCO,7
-4,11,29,4,16,1989,DL,SLC,7
-5,11,29,4,18,2586,DL,SFO,7
-8,11,29,4,16,2421,DL,SEA,7
-7,11,29,4,18,2475,DL,LAX,7
-3,11,29,4,18,760,DL,ATL,7
-14,11,29,4,15,1989,DL,SLC,7
0,11,29,4,16,760,DL,ATL,7
-17,11,29,4,16,1005,DL,TPA,7
-3,11,29,4,16,2586,DL,SFO,7
-4,11,29,4,16,589,DL,CVG,7
-6,11,29,4,7,2475,DL,LAX,7
-5,11,29,4,8,2475,DL,LAX,7
45,11,29,4,20,2475,DL,LAX,7
-9,11,29,4,8,2586,DL,SFO,7
-2,11,29,4,8,2421,DL,SEA,7
-1,11,29,4,12,2248,DL,LAS,7
0,11,29,4,19,2421,DL,SEA,7
-1,11,29,4,8,2248,DL,LAS,7
-6,11,29,4,16,2248,DL,LAS,7
-7,11,29,4,19,2248,DL,LAS,7
-11,11,29,4,8,2153,DL,PHX,7
10,11,29,4,19,2153,DL,PHX,7
-6,11,29,4,8,1626,DL,DEN,7
-3,11,29,4,16,2446,DL,SAN,7
-5,11,29,4,19,2454,DL,PDX,7
-6,11,29,4,16,187,DL,BOS,7
-1,11,29,4,8,1597,DL,SJU,7
-3,11,29,4,11,1028,DL,PBI,7
-2,11,29,4,6,1989,DL,SLC,7
-7,11,29,4,6,760,DL,ATL,7
44,11,29,4,19,1005,DL,TPA,7
-8,11,29,4,11,944,DL,MCO,7
3,11,29,4,19,1989,DL,SLC,7
-7,11,29,4,15,760,DL,ATL,7
0,11,29,4,21,944,DL,MCO,7
-2,11,29,4,19,1069,DL,FLL,7
6,11,29,4,16,1069,DL,FLL,7
3,11,29,4,8,1069,DL,FLL,7
12,11,29,4,11,1069,DL,FLL,7
-3,11,29,4,8,944,DL,MCO,7
-9,11,29,4,8,1005,DL,TPA,7
-2,11,30,5,14,2475,DL,LAX,8
5,11,30,5,8,760,DL,ATL,8
-11,11,30,5,16,2475,DL,LAX,8
-1,11,30,5,18,1090,DL,MIA,8
-3,11,30,5,16,944,DL,MCO,8
-3,11,30,5,16,1989,DL,SLC,8
-5,11,30,5,18,2586,DL,SFO,8
5,11,30,5,16,2421,DL,SEA,8
-4,11,30,5,18,2475,DL,LAX,8
-1,11,30,5,18,760,DL,ATL,8
-1,11,30,5,15,1989,DL,SLC,8
0,11,30,5,16,760,DL,ATL,8
-8,11,30,5,16,1005,DL,TPA,8
15,11,30,5,16,2586,DL,SFO,8
-7,11,30,5,16,589,DL,CVG,8
-5,11,30,5,7,2475,DL,LAX,8
-5,11,30,5,8,2475,DL,LAX,8
-2,11,30,5,20,2475,DL,LAX,8
-6,11,30,5,8,2586,DL,SFO,8
-2,11,30,5,8,2421,DL,SEA,8
-6,11,30,5,12,2248,DL,LAS,8
-4,11,30,5,19,2421,DL,SEA,8
-2,11,30,5,8,2248,DL,LAS,8
-4,11,30,5,16,2248,DL,LAS,8
94,11,30,5,19,2248,DL,LAS,8
-8,11,30,5,8,2153,DL,PHX,8
96,11,30,5,19,2153,DL,PHX,8
-1,11,30,5,8,1626,DL,DEN,8
-1,11,30,5,16,2446,DL,SAN,8
-4,11,30,5,19,2454,DL,PDX,8
-5,11,30,5,16,187,DL,BOS,8
-4,11,30,5,8,1597,DL,SJU,8
-7,11,30,5,11,1028,DL,PBI,8
0,11,30,5,6,1989,DL,SLC,8
-4,11,30,5,6,760,DL,ATL,8
0,11,30,5,19,1005,DL,TPA,8
-9,11,30,5,11,944,DL,MCO,8
22,11,30,5,19,1989,DL,SLC,8
0,11,30,5,15,760,DL,ATL,8
42,11,30,5,21,944,DL,MCO,8
-5,11,30,5,19,1069,DL,FLL,8
5,11,30,5,16,1069,DL,FLL,8
-2,11,30,5,8,1069,DL,FLL,8
-6,11,30,5,11,1069,DL,FLL,8
-4,11,30,5,8,944,DL,MCO,8
9,11,30,5,8,1005,DL,TPA,8
-6,11,1,4,15,184,MQ,BWI,10
-9,11,2,5,15,184,MQ,BWI,9
27,11,3,6,15,184,MQ,BWI,8
-4,11,4,7,15,184,MQ,BWI,7
-1,11,5,1,15,184,MQ,BWI,6
-6,11,6,2,15,184,MQ,BWI,5
-3,11,7,3,15,184,MQ,BWI,4
-7,11,8,4,15,184,MQ,BWI,3
14,11,9,5,15,184,MQ,BWI,2
-5,11,10,6,15,184,MQ,BWI,1
-4,11,11,7,15,184,MQ,BWI,0
-4,11,12,1,15,184,MQ,BWI,1
-5,11,13,2,15,184,MQ,BWI,2
118,11,14,3,15,184,MQ,BWI,3
-8,11,15,4,15,184,MQ,BWI,4
-8,11,16,5,15,184,MQ,BWI,5
0,11,17,6,15,184,MQ,BWI,5
-4,11,18,7,15,184,MQ,BWI,4
21,11,19,1,15,184,MQ,BWI,3
73,11,20,2,15,184,MQ,BWI,2
59,11,21,3,15,184,MQ,BWI,1
-7,11,22,4,15,184,MQ,BWI,0
-10,11,23,5,15,184,MQ,BWI,1
5,11,24,6,15,184,MQ,BWI,2
-5,11,25,7,15,184,MQ,BWI,3
11,11,26,1,15,184,MQ,BWI,4
-5,11,27,2,15,184,MQ,BWI,5
2,11,28,3,15,184,MQ,BWI,6
-10,11,29,4,15,184,MQ,BWI,7
-3,11,30,5,15,184,MQ,BWI,8
-10,11,1,4,18,740,MQ,ORD,10
-8,11,2,5,18,740,MQ,ORD,9
23,11,3,6,18,740,MQ,ORD,8
45,11,4,7,18,740,MQ,ORD,7
55,11,5,1,18,740,MQ,ORD,6
84,11,6,2,18,740,MQ,ORD,5
-2,11,7,3,18,740,MQ,ORD,4
-3,11,8,4,18,740,MQ,ORD,3
54,11,9,5,18,740,MQ,ORD,2
0,11,10,6,18,740,MQ,ORD,1
-6,11,11,7,18,740,MQ,ORD,0
0,11,12,1,18,740,MQ,ORD,1
-5,11,13,2,18,740,MQ,ORD,2
-3,11,14,3,18,740,MQ,ORD,3
107,11,15,4,18,740,MQ,ORD,4
3,11,16,5,18,740,MQ,ORD,5
0,11,17,6,18,740,MQ,ORD,5
-11,11,18,7,18,740,MQ,ORD,4
89,11,19,1,18,740,MQ,ORD,3
92,11,20,2,18,740,MQ,ORD,2
42,11,21,3,18,740,MQ,ORD,1
-6,11,23,5,18,740,MQ,ORD,1
-5,11,24,6,18,740,MQ,ORD,2
84,11,25,7,18,740,MQ,ORD,3
83,11,26,1,18,740,MQ,ORD,4
-6,11,27,2,18,740,MQ,ORD,5
-2,11,28,3,18,740,MQ,ORD,6
3,11,29,4,18,740,MQ,ORD,7
-2,11,30,5,18,740,MQ,ORD,8
-3,11,1,4,16,425,MQ,CLE,10
-1,11,2,5,16,425,MQ,CLE,9
12,11,3,6,16,425,MQ,CLE,8
10,11,4,7,16,425,MQ,CLE,7
0,11,5,1,16,425,MQ,CLE,6
-7,11,6,2,16,425,MQ,CLE,5
-8,11,7,3,16,425,MQ,CLE,4
0,11,8,4,16,425,MQ,CLE,3
5,11,9,5,16,425,MQ,CLE,2
-2,11,10,6,16,425,MQ,CLE,1
19,11,11,7,16,425,MQ,CLE,0
-5,11,12,1,16,425,MQ,CLE,1
29,11,13,2,16,425,MQ,CLE,2
49,11,14,3,16,425,MQ,CLE,3
59,11,15,4,16,425,MQ,CLE,4
-5,11,17,6,16,425,MQ,CLE,5
53,11,18,7,16,425,MQ,CLE,4
22,11,19,1,16,425,MQ,CLE,3
48,11,20,2,16,425,MQ,CLE,2
-6,11,21,3,16,425,MQ,CLE,1
-11,11,23,5,16,425,MQ,CLE,1
-5,11,24,6,16,425,MQ,CLE,2
-11,11,25,7,16,425,MQ,CLE,3
-6,11,27,2,16,425,MQ,CLE,5
8,11,28,3,16,425,MQ,CLE,6
-6,11,29,4,16,425,MQ,CLE,7
-2,11,30,5,16,425,MQ,CLE,8
4,11,1,4,22,187,MQ,BOS,10
8,11,2,5,22,187,MQ,BOS,9
-14,11,3,6,22,187,MQ,BOS,8
-9,11,4,7,22,187,MQ,BOS,7
-8,11,5,1,22,187,MQ,BOS,6
-10,11,6,2,22,187,MQ,BOS,5
-4,11,7,3,22,187,MQ,BOS,4
-9,11,8,4,22,187,MQ,BOS,3
45,11,9,5,22,187,MQ,BOS,2
-7,11,10,6,22,187,MQ,BOS,1
-7,11,11,7,22,187,MQ,BOS,0
-10,11,12,1,22,187,MQ,BOS,1
-8,11,13,2,22,187,MQ,BOS,2
58,11,14,3,22,187,MQ,BOS,3
7,11,15,4,22,187,MQ,BOS,4
-7,11,17,6,22,187,MQ,BOS,5
-11,11,18,7,22,187,MQ,BOS,4
40,11,19,1,22,187,MQ,BOS,3
23,11,20,2,22,187,MQ,BOS,2
-5,11,21,3,22,187,MQ,BOS,1
-10,11,22,4,22,187,MQ,BOS,0
-6,11,23,5,22,187,MQ,BOS,1
-2,11,24,6,22,187,MQ,BOS,2
-6,11,25,7,22,187,MQ,BOS,3
-9,11,27,2,22,187,MQ,BOS,5
-8,11,28,3,22,187,MQ,BOS,6
-8,11,29,4,22,187,MQ,BOS,7
-3,11,30,5,22,187,MQ,BOS,8
-5,11,1,4,8,187,MQ,BOS,10
3,11,2,5,8,187,MQ,BOS,9
12,11,3,6,8,187,MQ,BOS,8
-11,11,4,7,8,187,MQ,BOS,7
-4,11,5,1,8,187,MQ,BOS,6
5,11,6,2,8,187,MQ,BOS,5
-5,11,7,3,8,187,MQ,BOS,4
-6,11,8,4,8,187,MQ,BOS,3
16,11,9,5,8,187,MQ,BOS,2
3,11,10,6,8,187,MQ,BOS,1
58,11,11,7,8,187,MQ,BOS,0
-4,11,13,2,8,187,MQ,BOS,2
-5,11,14,3,8,187,MQ,BOS,3
-3,11,15,4,8,187,MQ,BOS,4
8,11,16,5,8,187,MQ,BOS,5
-5,11,17,6,8,187,MQ,BOS,5
-3,11,18,7,8,187,MQ,BOS,4
-7,11,19,1,8,187,MQ,BOS,3
-7,11,20,2,8,187,MQ,BOS,2
20,11,21,3,8,187,MQ,BOS,1
11,11,22,4,8,187,MQ,BOS,0
-4,11,23,5,8,187,MQ,BOS,1
-1,11,24,6,8,187,MQ,BOS,2
21,11,25,7,8,187,MQ,BOS,3
-5,11,26,1,8,187,MQ,BOS,4
-2,11,27,2,8,187,MQ,BOS,5
23,11,28,3,8,187,MQ,BOS,6
-5,11,29,4,8,187,MQ,BOS,7
29,11,30,5,8,187,MQ,BOS,8
-3,11,1,4,19,187,MQ,BOS,10
41,11,2,5,18,187,MQ,BOS,9
-5,11,3,6,18,187,MQ,BOS,8
2,11,4,7,18,187,MQ,BOS,7
-1,11,5,1,18,187,MQ,BOS,6
-11,11,6,2,18,187,MQ,BOS,5
-4,11,7,3,18,187,MQ,BOS,4
-5,11,8,4,18,187,MQ,BOS,3
65,11,9,5,18,187,MQ,BOS,2
-7,11,10,6,18,187,MQ,BOS,1
26,11,11,7,18,187,MQ,BOS,0
10,11,12,1,18,187,MQ,BOS,1
72,11,13,2,18,187,MQ,BOS,2
25,11,14,3,18,187,MQ,BOS,3
-2,11,15,4,18,187,MQ,BOS,4
7,11,16,5,18,187,MQ,BOS,5
-2,11,17,6,18,187,MQ,BOS,5
34,11,18,7,18,187,MQ,BOS,4
-7,11,19,1,18,187,MQ,BOS,3
46,11,20,2,18,187,MQ,BOS,2
45,11,21,3,18,187,MQ,BOS,1
-7,11,22,4,18,187,MQ,BOS,0
-3,11,23,5,18,187,MQ,BOS,1
-5,11,24,6,18,187,MQ,BOS,2
49,11,25,7,18,187,MQ,BOS,3
22,11,27,2,18,187,MQ,BOS,5
-4,11,28,3,18,187,MQ,BOS,6
42,11,29,4,18,187,MQ,BOS,7
20,11,30,5,18,187,MQ,BOS,8
-6,11,1,4,14,187,MQ,BOS,10
-2,11,2,5,14,187,MQ,BOS,9
-4,11,3,6,14,187,MQ,BOS,8
-10,11,4,7,14,187,MQ,BOS,7
-6,11,5,1,14,187,MQ,BOS,6
42,11,6,2,14,187,MQ,BOS,5
-5,11,7,3,14,187,MQ,BOS,4
17,11,8,4,14,187,MQ,BOS,3
-5,11,9,5,14,187,MQ,BOS,2
-5,11,10,6,14,187,MQ,BOS,1
-4,11,11,7,14,187,MQ,BOS,0
-7,11,12,1,14,187,MQ,BOS,1
-3,11,13,2,14,187,MQ,BOS,2
-3,11,14,3,14,187,MQ,BOS,3
41,11,15,4,14,187,MQ,BOS,4
-4,11,16,5,14,187,MQ,BOS,5
8,11,17,6,14,187,MQ,BOS,5
-9,11,18,7,14,187,MQ,BOS,4
23,11,19,1,14,187,MQ,BOS,3
-5,11,20,2,14,187,MQ,BOS,2
-3,11,21,3,14,187,MQ,BOS,1
-4,11,22,4,14,187,MQ,BOS,0
-6,11,23,5,14,187,MQ,BOS,1
28,11,24,6,14,187,MQ,BOS,2
-4,11,25,7,14,187,MQ,BOS,3
36,11,26,1,14,187,MQ,BOS,4
36,11,27,2,14,187,MQ,BOS,5
-5,11,28,3,14,187,MQ,BOS,6
-2,11,29,4,14,187,MQ,BOS,7
-5,11,30,5,14,187,MQ,BOS,8
-4,11,1,4,10,187,MQ,BOS,10
-5,11,2,5,10,187,MQ,BOS,9
-8,11,3,6,10,187,MQ,BOS,8
2,11,4,7,10,187,MQ,BOS,7
-9,11,5,1,10,187,MQ,BOS,6
2,11,6,2,10,187,MQ,BOS,5
-6,11,7,3,10,187,MQ,BOS,4
4,11,8,4,10,187,MQ,BOS,3
-3,11,9,5,10,187,MQ,BOS,2
-4,11,10,6,10,187,MQ,BOS,1
-4,11,11,7,10,187,MQ,BOS,0
-5,11,12,1,10,187,MQ,BOS,1
-1,11,13,2,10,187,MQ,BOS,2
-2,11,14,3,10,187,MQ,BOS,3
-6,11,15,4,10,187,MQ,BOS,4
-7,11,16,5,10,187,MQ,BOS,5
-10,11,17,6,10,187,MQ,BOS,5
-4,11,18,7,10,187,MQ,BOS,4
0,11,19,1,10,187,MQ,BOS,3
1,11,20,2,10,187,MQ,BOS,2
-6,11,21,3,10,187,MQ,BOS,1
-5,11,22,4,10,187,MQ,BOS,0
-4,11,23,5,10,187,MQ,BOS,1
-9,11,24,6,10,187,MQ,BOS,2
-11,11,25,7,10,187,MQ,BOS,3
7,11,26,1,10,187,MQ,BOS,4
69,11,27,2,10,187,MQ,BOS,5
15,11,28,3,10,187,MQ,BOS,6
1,11,29,4,10,187,MQ,BOS,7
-6,11,30,5,10,187,MQ,BOS,8
0,11,3,6,15,187,MQ,BOS,8
64,11,10,6,15,187,MQ,BOS,1
-1,11,17,6,15,187,MQ,BOS,5
10,11,24,6,15,187,MQ,BOS,2
-8,11,1,4,17,426,MQ,RDU,10
5,11,2,5,17,426,MQ,RDU,9
93,11,3,6,17,426,MQ,RDU,8
100,11,4,7,16,426,MQ,RDU,7
95,11,5,1,16,426,MQ,RDU,6
-6,11,6,2,16,426,MQ,RDU,5
-5,11,7,3,16,426,MQ,RDU,4
-9,11,8,4,16,426,MQ,RDU,3
75,11,9,5,16,426,MQ,RDU,2
19,11,10,6,16,426,MQ,RDU,1
-3,11,11,7,16,426,MQ,RDU,0
-5,11,12,1,16,426,MQ,RDU,1
-4,11,13,2,16,426,MQ,RDU,2
97,11,14,3,16,426,MQ,RDU,3
59,11,15,4,16,426,MQ,RDU,4
1,11,17,6,16,426,MQ,RDU,5
65,11,18,7,16,426,MQ,RDU,4
17,11,19,1,16,426,MQ,RDU,3
70,11,20,2,16,426,MQ,RDU,2
7,11,21,3,16,426,MQ,RDU,1
-6,11,22,4,16,426,MQ,RDU,0
-2,11,23,5,16,426,MQ,RDU,1
6,11,24,6,16,426,MQ,RDU,2
-7,11,25,7,16,426,MQ,RDU,3
-3,11,27,2,16,426,MQ,RDU,5
-10,11,28,3,16,426,MQ,RDU,6
-6,11,29,4,16,426,MQ,RDU,7
-8,11,30,5,16,426,MQ,RDU,8
6,11,1,4,13,426,MQ,RDU,10
-1,11,2,5,13,426,MQ,RDU,9
-10,11,3,6,18,426,MQ,RDU,8
155,11,4,7,13,426,MQ,RDU,7
2,11,5,1,13,426,MQ,RDU,6
-3,11,6,2,13,426,MQ,RDU,5
-4,11,7,3,13,426,MQ,RDU,4
-1,11,8,4,13,426,MQ,RDU,3
3,11,9,5,13,426,MQ,RDU,2
2,11,10,6,18,426,MQ,RDU,1
-5,11,11,7,13,426,MQ,RDU,0
-6,11,12,1,13,426,MQ,RDU,1
-9,11,13,2,13,426,MQ,RDU,2
0,11,14,3,13,426,MQ,RDU,3
9,11,15,4,13,426,MQ,RDU,4
13,11,16,5,13,426,MQ,RDU,5
-5,11,17,6,18,426,MQ,RDU,5
-3,11,18,7,13,426,MQ,RDU,4
-5,11,19,1,13,426,MQ,RDU,3
19,11,20,2,13,426,MQ,RDU,2
-8,11,21,3,13,426,MQ,RDU,1
41,11,22,4,13,426,MQ,RDU,0
-5,11,23,5,13,426,MQ,RDU,1
-5,11,24,6,18,426,MQ,RDU,2
-1,11,25,7,13,426,MQ,RDU,3
86,11,26,1,13,426,MQ,RDU,4
5,11,27,2,13,426,MQ,RDU,5
-4,11,28,3,13,426,MQ,RDU,6
-3,11,29,4,13,426,MQ,RDU,7
-4,11,30,5,13,426,MQ,RDU,8
-5,11,1,4,16,187,MQ,BOS,10
166,11,2,5,16,187,MQ,BOS,9
19,11,3,6,16,187,MQ,BOS,8
73,11,4,7,16,187,MQ,BOS,7
12,11,5,1,16,187,MQ,BOS,6
-2,11,6,2,16,187,MQ,BOS,5
-6,11,7,3,16,187,MQ,BOS,4
-1,11,8,4,16,187,MQ,BOS,3
84,11,9,5,16,187,MQ,BOS,2
-9,11,10,6,16,187,MQ,BOS,1
0,11,11,7,16,187,MQ,BOS,0
3,11,12,1,16,187,MQ,BOS,1
24,11,13,2,16,187,MQ,BOS,2
108,11,14,3,16,187,MQ,BOS,3
26,11,15,4,16,187,MQ,BOS,4
8,11,16,5,16,187,MQ,BOS,5
8,11,17,6,16,187,MQ,BOS,5
76,11,18,7,16,187,MQ,BOS,4
40,11,19,1,16,187,MQ,BOS,3
70,11,20,2,16,187,MQ,BOS,2
3,11,21,3,16,187,MQ,BOS,1
-2,11,22,4,16,187,MQ,BOS,0
-13,11,23,5,16,187,MQ,BOS,1
0,11,24,6,16,187,MQ,BOS,2
16,11,25,7,16,187,MQ,BOS,3
274,11,26,1,16,187,MQ,BOS,4
-7,11,27,2,16,187,MQ,BOS,5
15,11,28,3,16,187,MQ,BOS,6
-3,11,29,4,16,187,MQ,BOS,7
27,11,30,5,16,187,MQ,BOS,8
-10,11,1,4,12,426,MQ,RDU,10
12,11,2,5,12,426,MQ,RDU,9
-8,11,3,6,12,426,MQ,RDU,8
-3,11,4,7,12,426,MQ,RDU,7
-4,11,6,2,12,426,MQ,RDU,5
-8,11,7,3,12,426,MQ,RDU,4
6,11,8,4,12,426,MQ,RDU,3
-2,11,9,5,12,426,MQ,RDU,2
50,11,10,6,12,426,MQ,RDU,1
-8,11,11,7,12,426,MQ,RDU,0
-7,11,12,1,12,426,MQ,RDU,1
-3,11,13,2,12,426,MQ,RDU,2
-5,11,14,3,12,426,MQ,RDU,3
-4,11,15,4,12,426,MQ,RDU,4
9,11,16,5,12,426,MQ,RDU,5
-2,11,17,6,12,426,MQ,RDU,5
-10,11,18,7,12,426,MQ,RDU,4
-8,11,19,1,12,426,MQ,RDU,3
-8,11,20,2,12,426,MQ,RDU,2
-10,11,21,3,12,426,MQ,RDU,1
-3,11,22,4,12,426,MQ,RDU,0
-1,11,23,5,12,426,MQ,RDU,1
72,11,24,6,12,426,MQ,RDU,2
-8,11,25,7,12,426,MQ,RDU,3
-5,11,26,1,12,426,MQ,RDU,4
-8,11,27,2,12,426,MQ,RDU,5
-9,11,28,3,12,426,MQ,RDU,6
-5,11,29,4,12,426,MQ,RDU,7
-5,11,30,5,12,426,MQ,RDU,8
-10,11,1,4,8,426,MQ,RDU,10
-7,11,2,5,8,426,MQ,RDU,9
8,11,3,6,8,426,MQ,RDU,8
-3,11,4,7,8,426,MQ,RDU,7
-6,11,5,1,8,426,MQ,RDU,6
-5,11,6,2,8,426,MQ,RDU,5
-9,11,7,3,8,426,MQ,RDU,4
-6,11,8,4,8,426,MQ,RDU,3
2,11,9,5,8,426,MQ,RDU,2
32,11,10,6,8,426,MQ,RDU,1
-1,11,11,7,8,426,MQ,RDU,0
-5,11,12,1,8,426,MQ,RDU,1
-2,11,13,2,8,426,MQ,RDU,2
-6,11,14,3,8,426,MQ,RDU,3
-7,11,15,4,8,426,MQ,RDU,4
0,11,16,5,8,426,MQ,RDU,5
13,11,17,6,8,426,MQ,RDU,5
-2,11,18,7,8,426,MQ,RDU,4
-4,11,19,1,8,426,MQ,RDU,3
-7,11,20,2,8,426,MQ,RDU,2
-5,11,21,3,8,426,MQ,RDU,1
6,11,22,4,8,426,MQ,RDU,0
-2,11,23,5,8,426,MQ,RDU,1
-1,11,24,6,8,426,MQ,RDU,2
-5,11,25,7,8,426,MQ,RDU,3
-5,11,26,1,8,426,MQ,RDU,4
-5,11,27,2,8,426,MQ,RDU,5
-8,11,28,3,8,426,MQ,RDU,6
-7,11,29,4,8,426,MQ,RDU,7
-5,11,30,5,8,426,MQ,RDU,8
-7,11,1,4,22,426,MQ,RDU,10
5,11,2,5,22,426,MQ,RDU,9
-5,11,3,6,22,426,MQ,RDU,8
-9,11,4,7,22,426,MQ,RDU,7
-7,11,5,1,22,426,MQ,RDU,6
0,11,6,2,22,426,MQ,RDU,5
-5,11,7,3,22,426,MQ,RDU,4
-3,11,8,4,22,426,MQ,RDU,3
87,11,9,5,22,426,MQ,RDU,2
-4,11,10,6,22,426,MQ,RDU,1
2,11,11,7,22,426,MQ,RDU,0
-1,11,12,1,22,426,MQ,RDU,1
-1,11,13,2,22,426,MQ,RDU,2
3,11,14,3,22,426,MQ,RDU,3
0,11,15,4,22,426,MQ,RDU,4
-4,11,16,5,22,426,MQ,RDU,5
-7,11,17,6,22,426,MQ,RDU,5
-8,11,18,7,22,426,MQ,RDU,4
2,11,19,1,22,426,MQ,RDU,3
-5,11,20,2,22,426,MQ,RDU,2
102,11,21,3,22,426,MQ,RDU,1
-5,11,22,4,22,426,MQ,RDU,0
-8,11,23,5,22,426,MQ,RDU,1
-6,11,24,6,22,426,MQ,RDU,2
28,11,25,7,22,426,MQ,RDU,3
-4,11,27,2,22,426,MQ,RDU,5
-5,11,28,3,22,426,MQ,RDU,6
9,11,29,4,22,426,MQ,RDU,7
0,11,30,5,22,426,MQ,RDU,8
-8,11,1,4,15,426,MQ,RDU,10
1,11,2,5,15,426,MQ,RDU,9
12,11,3,6,15,426,MQ,RDU,8
-6,11,4,7,15,426,MQ,RDU,7
68,11,5,1,15,426,MQ,RDU,6
-9,11,6,2,15,426,MQ,RDU,5
-6,11,7,3,15,426,MQ,RDU,4
-5,11,8,4,15,426,MQ,RDU,3
-6,11,9,5,15,426,MQ,RDU,2
-5,11,10,6,15,426,MQ,RDU,1
8,11,11,7,15,426,MQ,RDU,0
-5,11,12,1,15,426,MQ,RDU,1
-4,11,13,2,15,426,MQ,RDU,2
-5,11,14,3,15,426,MQ,RDU,3
0,11,15,4,15,426,MQ,RDU,4
-2,11,16,5,15,426,MQ,RDU,5
-5,11,17,6,15,426,MQ,RDU,5
210,11,18,7,15,426,MQ,RDU,4
-1,11,19,1,15,426,MQ,RDU,3
65,11,20,2,15,426,MQ,RDU,2
0,11,21,3,15,426,MQ,RDU,1
-3,11,22,4,15,426,MQ,RDU,0
-1,11,23,5,15,426,MQ,RDU,1
-7,11,24,6,15,426,MQ,RDU,2
34,11,25,7,15,426,MQ,RDU,3
43,11,26,1,15,426,MQ,RDU,4
-5,11,27,2,15,426,MQ,RDU,5
4,11,28,3,15,426,MQ,RDU,6
-5,11,29,4,15,426,MQ,RDU,7
-9,11,30,5,15,426,MQ,RDU,8
-11,11,1,4,16,892,MQ,STL,10
40,11,2,5,16,892,MQ,STL,9
38,11,3,6,16,892,MQ,STL,8
-5,11,4,7,16,892,MQ,STL,7
-7,11,5,1,16,892,MQ,STL,6
-8,11,6,2,16,892,MQ,STL,5
-5,11,7,3,16,892,MQ,STL,4
-10,11,8,4,16,892,MQ,STL,3
-6,11,9,5,16,892,MQ,STL,2
35,11,10,6,16,892,MQ,STL,1
54,11,11,7,16,892,MQ,STL,0
3,11,12,1,16,892,MQ,STL,1
-3,11,13,2,16,892,MQ,STL,2
-6,11,14,3,16,892,MQ,STL,3
-3,11,15,4,16,892,MQ,STL,4
18,11,16,5,16,892,MQ,STL,5
-3,11,17,6,16,892,MQ,STL,5
-3,11,18,7,16,892,MQ,STL,4
-7,11,19,1,16,892,MQ,STL,3
33,11,20,2,16,892,MQ,STL,2
-2,11,21,3,16,892,MQ,STL,1
-11,11,22,4,16,892,MQ,STL,0
-9,11,23,5,16,892,MQ,STL,1
-4,11,24,6,16,892,MQ,STL,2
171,11,25,7,16,892,MQ,STL,3
15,11,26,1,16,892,MQ,STL,4
6,11,27,2,16,892,MQ,STL,5
-2,11,28,3,16,892,MQ,STL,6
-4,11,29,4,16,892,MQ,STL,7
8,11,30,5,16,892,MQ,STL,8
-5,11,3,6,19,426,MQ,RDU,8
18,11,10,6,19,426,MQ,RDU,1
-5,11,17,6,19,426,MQ,RDU,5
-4,11,24,6,19,426,MQ,RDU,2
-4,11,1,4,16,213,MQ,DCA,10
39,11,2,5,16,213,MQ,DCA,9
22,11,3,6,16,213,MQ,DCA,8
-6,11,4,7,16,213,MQ,DCA,7
3,11,5,1,16,213,MQ,DCA,6
23,11,6,2,16,213,MQ,DCA,5
0,11,7,3,16,213,MQ,DCA,4
13,11,8,4,16,213,MQ,DCA,3
-9,11,9,5,16,213,MQ,DCA,2
30,11,10,6,16,213,MQ,DCA,1
-2,11,11,7,16,213,MQ,DCA,0
0,11,12,1,16,213,MQ,DCA,1
53,11,13,2,16,213,MQ,DCA,2
101,11,14,3,16,213,MQ,DCA,3
114,11,15,4,16,213,MQ,DCA,4
11,11,16,5,16,213,MQ,DCA,5
-1,11,17,6,16,213,MQ,DCA,5
40,11,18,7,16,213,MQ,DCA,4
-5,11,19,1,16,213,MQ,DCA,3
76,11,20,2,16,213,MQ,DCA,2
-5,11,21,3,16,213,MQ,DCA,1
-6,11,22,4,16,213,MQ,DCA,0
8,11,23,5,16,213,MQ,DCA,1
0,11,24,6,16,213,MQ,DCA,2
9,11,25,7,16,213,MQ,DCA,3
70,11,26,1,16,213,MQ,DCA,4
51,11,27,2,16,213,MQ,DCA,5
2,11,28,3,16,213,MQ,DCA,6
22,11,29,4,16,213,MQ,DCA,7
-10,11,30,5,16,213,MQ,DCA,8
-7,11,1,4,20,213,MQ,DCA,10
-1,11,2,5,20,213,MQ,DCA,9
-8,11,3,6,20,213,MQ,DCA,8
-3,11,4,7,19,213,MQ,DCA,7
-1,11,5,1,19,213,MQ,DCA,6
-7,11,6,2,19,213,MQ,DCA,5
2,11,7,3,19,213,MQ,DCA,4
-7,11,8,4,19,213,MQ,DCA,3
86,11,9,5,19,213,MQ,DCA,2
34,11,10,6,19,213,MQ,DCA,1
0,11,11,7,19,213,MQ,DCA,0
-2,11,12,1,19,213,MQ,DCA,1
-5,11,13,2,19,213,MQ,DCA,2
43,11,14,3,19,213,MQ,DCA,3
153,11,15,4,19,213,MQ,DCA,4
31,11,16,5,19,213,MQ,DCA,5
-5,11,17,6,19,213,MQ,DCA,5
22,11,18,7,19,213,MQ,DCA,4
-3,11,19,1,19,213,MQ,DCA,3
31,11,20,2,19,213,MQ,DCA,2
0,11,21,3,19,213,MQ,DCA,1
18,11,22,4,19,213,MQ,DCA,0
-9,11,23,5,19,213,MQ,DCA,1
-4,11,24,6,19,213,MQ,DCA,2
94,11,25,7,19,213,MQ,DCA,3
158,11,26,1,19,213,MQ,DCA,4
-2,11,27,2,19,213,MQ,DCA,5
11,11,28,3,19,213,MQ,DCA,6
25,11,29,4,19,213,MQ,DCA,7
-2,11,30,5,19,213,MQ,DCA,8
33,11,1,4,22,213,MQ,DCA,10
18,11,2,5,22,213,MQ,DCA,9
-6,11,3,6,22,213,MQ,DCA,8
-5,11,4,7,22,213,MQ,DCA,7
-10,11,5,1,22,213,MQ,DCA,6
-4,11,6,2,22,213,MQ,DCA,5
-5,11,7,3,22,213,MQ,DCA,4
-6,11,8,4,22,213,MQ,DCA,3
58,11,9,5,22,213,MQ,DCA,2
-10,11,10,6,22,213,MQ,DCA,1
-5,11,11,7,22,213,MQ,DCA,0
-2,11,12,1,22,213,MQ,DCA,1
-2,11,13,2,22,213,MQ,DCA,2
79,11,14,3,22,213,MQ,DCA,3
19,11,15,4,22,213,MQ,DCA,4
10,11,16,5,22,213,MQ,DCA,5
-9,11,17,6,22,213,MQ,DCA,5
-4,11,18,7,22,213,MQ,DCA,4
-5,11,19,1,22,213,MQ,DCA,3
-5,11,20,2,22,213,MQ,DCA,2
-5,11,21,3,22,213,MQ,DCA,1
-12,11,22,4,22,213,MQ,DCA,0
-12,11,23,5,22,213,MQ,DCA,1
-5,11,24,6,22,213,MQ,DCA,2
-6,11,25,7,22,213,MQ,DCA,3
23,11,26,1,22,213,MQ,DCA,4
-4,11,27,2,22,213,MQ,DCA,5
-5,11,28,3,22,213,MQ,DCA,6
-9,11,29,4,22,213,MQ,DCA,7
22,11,30,5,22,213,MQ,DCA,8
-5,11,3,6,13,213,MQ,DCA,8
58,11,10,6,13,213,MQ,DCA,1
-10,11,17,6,13,213,MQ,DCA,5
-3,11,24,6,13,213,MQ,DCA,2
-9,11,4,7,14,213,MQ,DCA,7
-5,11,11,7,14,213,MQ,DCA,0
10,11,18,7,14,213,MQ,DCA,4
-5,11,25,7,14,213,MQ,DCA,3
-3,11,1,4,9,213,MQ,DCA,10
288,11,2,5,9,213,MQ,DCA,9
-5,11,3,6,9,213,MQ,DCA,8
-3,11,4,7,9,213,MQ,DCA,7
118,11,5,1,9,213,MQ,DCA,6
-3,11,6,2,9,213,MQ,DCA,5
-1,11,7,3,9,213,MQ,DCA,4
16,11,8,4,9,213,MQ,DCA,3
15,11,9,5,9,213,MQ,DCA,2
158,11,10,6,9,213,MQ,DCA,1
16,11,11,7,9,213,MQ,DCA,0
-4,11,12,1,9,213,MQ,DCA,1
-3,11,13,2,9,213,MQ,DCA,2
-3,11,14,3,9,213,MQ,DCA,3
-3,11,15,4,9,213,MQ,DCA,4
21,11,16,5,9,213,MQ,DCA,5
-7,11,17,6,9,213,MQ,DCA,5
1,11,18,7,9,213,MQ,DCA,4
-1,11,19,1,9,213,MQ,DCA,3
21,11,20,2,9,213,MQ,DCA,2
-1,11,21,3,9,213,MQ,DCA,1
23,11,22,4,9,213,MQ,DCA,0
-4,11,23,5,9,213,MQ,DCA,1
-4,11,24,6,9,213,MQ,DCA,2
-3,11,25,7,9,213,MQ,DCA,3
-2,11,26,1,9,213,MQ,DCA,4
16,11,27,2,9,213,MQ,DCA,5
-3,11,28,3,9,213,MQ,DCA,6
-6,11,29,4,9,213,MQ,DCA,7
-1,11,30,5,9,213,MQ,DCA,8
-7,11,1,4,8,1028,NW,MSP,10
-7,11,2,5,8,1028,NW,MSP,9
-4,11,3,6,8,1028,NW,MSP,8
-1,11,4,7,11,1028,NW,MSP,7
-5,11,5,1,11,1028,NW,MSP,6
3,11,6,2,11,1028,NW,MSP,5
4,11,7,3,11,1028,NW,MSP,4
-9,11,8,4,11,1028,NW,MSP,3
23,11,9,5,11,1028,NW,MSP,2
-8,11,10,6,11,1028,NW,MSP,1
-6,11,11,7,11,1028,NW,MSP,0
-1,11,12,1,11,1028,NW,MSP,1
-5,11,13,2,11,1028,NW,MSP,2
-2,11,14,3,11,1028,NW,MSP,3
7,11,15,4,11,1028,NW,MSP,4
-8,11,16,5,11,1028,NW,MSP,5
4,11,17,6,11,1028,NW,MSP,5
-9,11,18,7,11,1028,NW,MSP,4
-11,11,19,1,11,1028,NW,MSP,3
-4,11,20,2,11,1028,NW,MSP,2
44,11,21,3,11,1028,NW,MSP,1
11,11,22,4,11,1028,NW,MSP,0
-1,11,24,6,11,1028,NW,MSP,2
-4,11,25,7,11,1028,NW,MSP,3
-3,11,26,1,11,1028,NW,MSP,4
33,11,27,2,11,1028,NW,MSP,5
-9,11,28,3,11,1028,NW,MSP,6
-8,11,29,4,11,1028,NW,MSP,7
-11,11,30,5,11,1028,NW,MSP,8
-5,11,1,4,11,1028,NW,MSP,10
-5,11,2,5,11,1028,NW,MSP,9
-3,11,3,6,11,1028,NW,MSP,8
7,11,1,4,17,1028,NW,MSP,10
-1,11,2,5,17,1028,NW,MSP,9
25,11,3,6,17,1028,NW,MSP,8
2,11,4,7,17,1028,NW,MSP,7
11,11,5,1,17,1028,NW,MSP,6
16,11,6,2,17,1028,NW,MSP,5
18,11,7,3,17,1028,NW,MSP,4
-9,11,8,4,17,1028,NW,MSP,3
124,11,9,5,17,1028,NW,MSP,2
27,11,10,6,17,1028,NW,MSP,1
-3,11,11,7,17,1028,NW,MSP,0
1,11,12,1,17,1028,NW,MSP,1
27,11,13,2,17,1028,NW,MSP,2
73,11,14,3,17,1028,NW,MSP,3
126,11,15,4,17,1028,NW,MSP,4
3,11,16,5,17,1028,NW,MSP,5
-5,11,17,6,17,1028,NW,MSP,5
34,11,18,7,17,1028,NW,MSP,4
54,11,19,1,17,1028,NW,MSP,3
65,11,20,2,17,1028,NW,MSP,2
-5,11,21,3,17,1028,NW,MSP,1
-5,11,23,5,17,1028,NW,MSP,1
-1,11,24,6,17,1028,NW,MSP,2
-1,11,25,7,17,1028,NW,MSP,3
136,11,26,1,17,1028,NW,MSP,4
-2,11,27,2,17,1028,NW,MSP,5
22,11,28,3,17,1028,NW,MSP,6
1,11,29,4,17,1028,NW,MSP,7
-6,11,30,5,17,1028,NW,MSP,8
-4,11,1,4,12,508,NW,DTW,10
-14,11,2,5,12,508,NW,DTW,9
-10,11,3,6,12,508,NW,DTW,8
-7,11,4,7,12,508,NW,DTW,7
-5,11,5,1,12,508,NW,DTW,6
-7,11,6,2,12,508,NW,DTW,5
-8,11,7,3,12,508,NW,DTW,4
-6,11,8,4,12,508,NW,DTW,3
-7,11,9,5,12,508,NW,DTW,2
-6,11,10,6,12,508,NW,DTW,1
12,11,11,7,12,508,NW,DTW,0
68,11,12,1,12,508,NW,DTW,1
-16,11,13,2,12,508,NW,DTW,2
-2,11,15,4,12,508,NW,DTW,4
-11,11,16,5,12,508,NW,DTW,5
-1,11,17,6,12,508,NW,DTW,5
-7,11,18,7,12,508,NW,DTW,4
-11,11,19,1,12,508,NW,DTW,3
-14,11,20,2,12,508,NW,DTW,2
5,11,21,3,12,508,NW,DTW,1
1,11,22,4,12,508,NW,DTW,0
-1,11,24,6,12,508,NW,DTW,2
-1,11,25,7,12,508,NW,DTW,3
-9,11,26,1,12,508,NW,DTW,4
0,11,27,2,12,508,NW,DTW,5
-17,11,28,3,12,508,NW,DTW,6
-7,11,29,4,12,508,NW,DTW,7
-7,11,30,5,12,508,NW,DTW,8
-7,11,1,4,16,508,NW,DTW,10
13,11,2,5,16,508,NW,DTW,9
18,11,4,7,16,508,NW,DTW,7
27,11,5,1,16,508,NW,DTW,6
-4,11,6,2,16,508,NW,DTW,5
5,11,7,3,16,508,NW,DTW,4
-3,11,8,4,16,508,NW,DTW,3
69,11,9,5,16,508,NW,DTW,2
17,11,11,7,16,508,NW,DTW,0
5,11,12,1,16,508,NW,DTW,1
30,11,13,2,16,508,NW,DTW,2
31,11,14,3,16,508,NW,DTW,3
62,11,15,4,16,508,NW,DTW,4
10,11,16,5,16,508,NW,DTW,5
55,11,18,7,16,508,NW,DTW,4
33,11,19,1,16,508,NW,DTW,3
59,11,20,2,16,508,NW,DTW,2
-7,11,21,3,16,508,NW,DTW,1
7,11,25,7,16,508,NW,DTW,3
76,11,26,1,16,508,NW,DTW,4
2,11,27,2,16,508,NW,DTW,5
-9,11,28,3,16,508,NW,DTW,6
-9,11,29,4,16,508,NW,DTW,7
-9,11,30,5,16,508,NW,DTW,8
-6,11,1,4,9,508,NW,DTW,10
-7,11,2,5,9,508,NW,DTW,9
-11,11,3,6,9,508,NW,DTW,8
11,11,4,7,9,508,NW,DTW,7
-5,11,5,1,9,508,NW,DTW,6
-6,11,6,2,9,508,NW,DTW,5
-5,11,7,3,9,508,NW,DTW,4
-3,11,8,4,9,508,NW,DTW,3
-5,11,9,5,9,508,NW,DTW,2
0,11,10,6,9,508,NW,DTW,1
-5,11,11,7,9,508,NW,DTW,0
0,11,12,1,9,508,NW,DTW,1
-7,11,13,2,9,508,NW,DTW,2
-6,11,14,3,9,508,NW,DTW,3
-3,11,15,4,9,508,NW,DTW,4
-5,11,16,5,9,508,NW,DTW,5
8,11,17,6,9,508,NW,DTW,5
-7,11,18,7,9,508,NW,DTW,4
-7,11,19,1,9,508,NW,DTW,3
-6,11,20,2,9,508,NW,DTW,2
-5,11,21,3,9,508,NW,DTW,1
-1,11,22,4,9,508,NW,DTW,0
-12,11,23,5,9,508,NW,DTW,1
-5,11,24,6,9,508,NW,DTW,2
-3,11,25,7,9,508,NW,DTW,3
-5,11,26,1,9,508,NW,DTW,4
-1,11,27,2,9,508,NW,DTW,5
-2,11,28,3,9,508,NW,DTW,6
2,11,29,4,9,508,NW,DTW,7
-7,11,30,5,9,508,NW,DTW,8
-1,11,4,7,8,1028,NW,MSP,7
-4,11,5,1,8,1028,NW,MSP,6
0,11,6,2,8,1028,NW,MSP,5
-2,11,7,3,8,1028,NW,MSP,4
-5,11,8,4,8,1028,NW,MSP,3
-6,11,9,5,8,1028,NW,MSP,2
7,11,10,6,8,1028,NW,MSP,1
-1,11,11,7,8,1028,NW,MSP,0
103,11,12,1,8,1028,NW,MSP,1
-2,11,13,2,8,1028,NW,MSP,2
13,11,14,3,8,1028,NW,MSP,3
7,11,15,4,8,1028,NW,MSP,4
-6,11,16,5,8,1028,NW,MSP,5
0,11,17,6,8,1028,NW,MSP,5
-4,11,18,7,8,1028,NW,MSP,4
3,11,19,1,8,1028,NW,MSP,3
0,11,20,2,8,1028,NW,MSP,2
-4,11,21,3,8,1028,NW,MSP,1
-3,11,22,4,8,1028,NW,MSP,0
-6,11,23,5,8,1028,NW,MSP,1
40,11,24,6,8,1028,NW,MSP,2
-6,11,25,7,8,1028,NW,MSP,3
1,11,26,1,8,1028,NW,MSP,4
-4,11,27,2,8,1028,NW,MSP,5
0,11,28,3,8,1028,NW,MSP,6
1,11,29,4,8,1028,NW,MSP,7
-3,11,30,5,8,1028,NW,MSP,8
-4,11,1,4,8,2475,AA,LAX,10
-3,11,2,5,8,2475,AA,LAX,9
23,11,3,6,8,2475,AA,LAX,8
-5,11,4,7,8,2475,AA,LAX,7
-6,11,5,1,8,2475,AA,LAX,6
-1,11,6,2,8,2475,AA,LAX,5
11,11,7,3,8,2475,AA,LAX,4
-2,11,8,4,8,2475,AA,LAX,3
-9,11,9,5,8,2475,AA,LAX,2
-2,11,10,6,8,2475,AA,LAX,1
5,11,11,7,8,2475,AA,LAX,0
-8,11,12,1,8,2475,AA,LAX,1
-2,11,13,2,8,2475,AA,LAX,2
-4,11,14,3,8,2475,AA,LAX,3
5,11,15,4,8,2475,AA,LAX,4
-3,11,16,5,8,2475,AA,LAX,5
0,11,17,6,8,2475,AA,LAX,5
-1,11,18,7,8,2475,AA,LAX,4
2,11,19,1,8,2475,AA,LAX,3
38,11,20,2,8,2475,AA,LAX,2
48,11,21,3,8,2475,AA,LAX,1
0,11,22,4,8,2475,AA,LAX,0
-7,11,23,5,8,2475,AA,LAX,1
28,11,24,6,8,2475,AA,LAX,2
4,11,25,7,8,2475,AA,LAX,3
5,11,26,1,8,2475,AA,LAX,4
-2,11,27,2,8,2475,AA,LAX,5
0,11,28,3,8,2475,AA,LAX,6
-6,11,29,4,8,2475,AA,LAX,7
-8,11,30,5,8,2475,AA,LAX,8
-8,11,1,4,12,2475,AA,LAX,10
-9,11,2,5,12,2475,AA,LAX,9
-5,11,3,6,12,2475,AA,LAX,8
-7,11,4,7,12,2475,AA,LAX,7
-3,11,5,1,12,2475,AA,LAX,6
-3,11,6,2,12,2475,AA,LAX,5
-4,11,7,3,12,2475,AA,LAX,4
-2,11,8,4,12,2475,AA,LAX,3
-5,11,9,5,12,2475,AA,LAX,2
20,11,10,6,12,2475,AA,LAX,1
-4,11,11,7,12,2475,AA,LAX,0
-8,11,12,1,12,2475,AA,LAX,1
4,11,13,2,12,2475,AA,LAX,2
-5,11,14,3,12,2475,AA,LAX,3
-10,11,15,4,12,2475,AA,LAX,4
238,11,16,5,12,2475,AA,LAX,5
-8,11,17,6,12,2475,AA,LAX,5
-3,11,18,7,12,2475,AA,LAX,4
-7,11,19,1,12,2475,AA,LAX,3
1,11,20,2,12,2475,AA,LAX,2
-8,11,21,3,12,2475,AA,LAX,1
-6,11,22,4,12,2475,AA,LAX,0
-7,11,23,5,12,2475,AA,LAX,1
5,11,24,6,12,2475,AA,LAX,2
-7,11,25,7,12,2475,AA,LAX,3
28,11,26,1,12,2475,AA,LAX,4
-8,11,27,2,12,2475,AA,LAX,5
-1,11,28,3,12,2475,AA,LAX,6
-3,11,29,4,12,2475,AA,LAX,7
-5,11,30,5,12,2475,AA,LAX,8
-7,11,1,4,11,2586,AA,SFO,10
-6,11,2,5,11,2586,AA,SFO,9
-3,11,3,6,11,2586,AA,SFO,8
-8,11,4,7,11,2586,AA,SFO,7
-14,11,5,1,11,2586,AA,SFO,6
-7,11,6,2,11,2586,AA,SFO,5
-1,11,7,3,11,2586,AA,SFO,4
0,11,8,4,11,2586,AA,SFO,3
-5,11,9,5,11,2586,AA,SFO,2
-4,11,10,6,11,2586,AA,SFO,1
-5,11,11,7,11,2586,AA,SFO,0
-7,11,12,1,11,2586,AA,SFO,1
-3,11,13,2,11,2586,AA,SFO,2
-10,11,14,3,11,2586,AA,SFO,3
-5,11,15,4,11,2586,AA,SFO,4
19,11,16,5,11,2586,AA,SFO,5
9,11,17,6,11,2586,AA,SFO,5
-5,11,18,7,11,2586,AA,SFO,4
5,11,19,1,11,2586,AA,SFO,3
10,11,20,2,11,2586,AA,SFO,2
-10,11,21,3,11,2586,AA,SFO,1
-7,11,22,4,11,2586,AA,SFO,0
9,11,24,6,11,2586,AA,SFO,2
-4,11,25,7,11,2586,AA,SFO,3
-10,11,26,1,11,2586,AA,SFO,4
-1,11,27,2,11,2586,AA,SFO,5
1,11,28,3,11,2586,AA,SFO,6
-5,11,29,4,11,2586,AA,SFO,7
-9,11,30,5,11,2586,AA,SFO,8
2,11,1,4,20,2586,AA,SFO,10
-4,11,2,5,20,2586,AA,SFO,9
16,11,4,7,19,2586,AA,SFO,7
81,11,5,1,19,2586,AA,SFO,6
0,11,6,2,19,2586,AA,SFO,5
-9,11,7,3,19,2586,AA,SFO,4
-1,11,8,4,19,2586,AA,SFO,3
7,11,11,7,19,2586,AA,SFO,0
52,11,12,1,19,2586,AA,SFO,1
5,11,13,2,19,2586,AA,SFO,2
-1,11,14,3,19,2586,AA,SFO,3
21,11,15,4,19,2586,AA,SFO,4
15,11,16,5,19,2586,AA,SFO,5
-9,11,18,7,19,2586,AA,SFO,4
0,11,19,1,19,2586,AA,SFO,3
24,11,20,2,19,2586,AA,SFO,2
10,11,21,3,19,2586,AA,SFO,1
-8,11,25,7,19,2586,AA,SFO,3
24,11,26,1,19,2586,AA,SFO,4
0,11,27,2,19,2586,AA,SFO,5
-9,11,28,3,19,2586,AA,SFO,6
5,11,29,4,19,2586,AA,SFO,7
86,11,30,5,19,2586,AA,SFO,8
-6,11,1,4,11,2475,AA,LAX,10
-6,11,2,5,11,2475,AA,LAX,9
-7,11,4,7,11,2475,AA,LAX,7
-7,11,5,1,11,2475,AA,LAX,6
-4,11,6,2,11,2475,AA,LAX,5
-2,11,7,3,11,2475,AA,LAX,4
-3,11,8,4,11,2475,AA,LAX,3
0,11,9,5,11,2475,AA,LAX,2
-5,11,11,7,11,2475,AA,LAX,0
-5,11,12,1,11,2475,AA,LAX,1
-6,11,13,2,11,2475,AA,LAX,2
0,11,14,3,11,2475,AA,LAX,3
-5,11,15,4,11,2475,AA,LAX,4
-3,11,16,5,11,2475,AA,LAX,5
-3,11,18,7,11,2475,AA,LAX,4
2,11,19,1,11,2475,AA,LAX,3
-2,11,20,2,11,2475,AA,LAX,2
-6,11,21,3,11,2475,AA,LAX,1
-4,11,22,4,11,2475,AA,LAX,0
-12,11,25,7,11,2475,AA,LAX,3
58,11,26,1,11,2475,AA,LAX,4
-3,11,27,2,11,2475,AA,LAX,5
-2,11,28,3,11,2475,AA,LAX,6
0,11,29,4,11,2475,AA,LAX,7
3,11,30,5,11,2475,AA,LAX,8
52,11,1,4,19,2475,AA,LAX,10
38,11,2,5,19,2475,AA,LAX,9
53,11,3,6,19,2475,AA,LAX,8
17,11,4,7,19,2475,AA,LAX,7
36,11,5,1,19,2475,AA,LAX,6
159,11,6,2,19,2475,AA,LAX,5
26,11,7,3,19,2475,AA,LAX,4
20,11,8,4,19,2475,AA,LAX,3
8,11,9,5,19,2475,AA,LAX,2
56,11,10,6,19,2475,AA,LAX,1
45,11,11,7,19,2475,AA,LAX,0
114,11,12,1,19,2475,AA,LAX,1
30,11,13,2,19,2475,AA,LAX,2
18,11,14,3,19,2475,AA,LAX,3
72,11,15,4,19,2475,AA,LAX,4
78,11,16,5,19,2475,AA,LAX,5
31,11,17,6,19,2475,AA,LAX,5
3,11,18,7,19,2475,AA,LAX,4
-5,11,19,1,19,2475,AA,LAX,3
19,11,20,2,19,2475,AA,LAX,2
-3,11,21,3,19,2475,AA,LAX,1
-3,11,22,4,19,2475,AA,LAX,0
77,11,23,5,19,2475,AA,LAX,1
7,11,24,6,19,2475,AA,LAX,2
2,11,25,7,19,2475,AA,LAX,3
66,11,26,1,19,2475,AA,LAX,4
-1,11,27,2,19,2475,AA,LAX,5
9,11,28,3,19,2475,AA,LAX,6
3,11,29,4,19,2475,AA,LAX,7
49,11,30,5,19,2475,AA,LAX,8
-5,11,1,4,7,2475,AA,LAX,10
-1,11,2,5,7,2475,AA,LAX,9
7,11,3,6,7,2475,AA,LAX,8
-1,11,4,7,7,2475,AA,LAX,7
-6,11,5,1,7,2475,AA,LAX,6
-7,11,6,2,7,2475,AA,LAX,5
186,11,7,3,7,2475,AA,LAX,4
-5,11,8,4,7,2475,AA,LAX,3
-2,11,9,5,7,2475,AA,LAX,2
-2,11,10,6,7,2475,AA,LAX,1
-7,11,11,7,7,2475,AA,LAX,0
36,11,12,1,7,2475,AA,LAX,1
-4,11,13,2,7,2475,AA,LAX,2
0,11,14,3,7,2475,AA,LAX,3
-6,11,15,4,7,2475,AA,LAX,4
163,11,16,5,7,2475,AA,LAX,5
16,11,17,6,7,2475,AA,LAX,5
-2,11,18,7,7,2475,AA,LAX,4
28,11,19,1,7,2475,AA,LAX,3
1,11,20,2,7,2475,AA,LAX,2
-5,11,21,3,7,2475,AA,LAX,1
-4,11,22,4,7,2475,AA,LAX,0
-6,11,23,5,7,2475,AA,LAX,1
-5,11,24,6,7,2475,AA,LAX,2
-8,11,25,7,7,2475,AA,LAX,3
1,11,26,1,7,2475,AA,LAX,4
91,11,27,2,7,2475,AA,LAX,5
-6,11,28,3,7,2475,AA,LAX,6
-7,11,29,4,7,2475,AA,LAX,7
-5,11,30,5,7,2475,AA,LAX,8
1,11,1,4,7,2586,AA,SFO,10
3,11,2,5,7,2586,AA,SFO,9
-6,11,3,6,7,2586,AA,SFO,8
-5,11,4,7,7,2586,AA,SFO,7
-11,11,5,1,7,2586,AA,SFO,6
-3,11,6,2,7,2586,AA,SFO,5
-3,11,7,3,7,2586,AA,SFO,4
62,11,8,4,7,2586,AA,SFO,3
-4,11,9,5,7,2586,AA,SFO,2
-1,11,10,6,7,2586,AA,SFO,1
-3,11,11,7,7,2586,AA,SFO,0
-1,11,12,1,7,2586,AA,SFO,1
-10,11,13,2,7,2586,AA,SFO,2
-2,11,14,3,7,2586,AA,SFO,3
-2,11,15,4,7,2586,AA,SFO,4
5,11,16,5,7,2586,AA,SFO,5
-9,11,17,6,7,2586,AA,SFO,5
-6,11,18,7,7,2586,AA,SFO,4
-6,11,19,1,7,2586,AA,SFO,3
-3,11,20,2,7,2586,AA,SFO,2
-3,11,21,3,7,2586,AA,SFO,1
-1,11,22,4,7,2586,AA,SFO,0
-4,11,23,5,7,2586,AA,SFO,1
50,11,24,6,7,2586,AA,SFO,2
-5,11,25,7,7,2586,AA,SFO,3
77,11,26,1,7,2586,AA,SFO,4
-3,11,27,2,7,2586,AA,SFO,5
-7,11,28,3,7,2586,AA,SFO,6
-6,11,29,4,7,2586,AA,SFO,7
-7,11,30,5,7,2586,AA,SFO,8
-6,11,1,4,15,2586,AA,SFO,10
1,11,2,5,15,2586,AA,SFO,9
0,11,3,6,15,2586,AA,SFO,8
11,11,4,7,15,2586,AA,SFO,7
0,11,5,1,15,2586,AA,SFO,6
104,11,6,2,15,2586,AA,SFO,5
-3,11,7,3,15,2586,AA,SFO,4
-3,11,8,4,15,2586,AA,SFO,3
5,11,9,5,15,2586,AA,SFO,2
-1,11,10,6,15,2586,AA,SFO,1
4,11,11,7,15,2586,AA,SFO,0
-7,11,12,1,15,2586,AA,SFO,1
-4,11,13,2,15,2586,AA,SFO,2
360,11,14,3,15,2586,AA,SFO,3
20,11,15,4,15,2586,AA,SFO,4
51,11,16,5,15,2586,AA,SFO,5
11,11,17,6,15,2586,AA,SFO,5
101,11,18,7,15,2586,AA,SFO,4
2,11,19,1,15,2586,AA,SFO,3
0,11,20,2,15,2586,AA,SFO,2
-4,11,21,3,15,2586,AA,SFO,1
-7,11,22,4,15,2586,AA,SFO,0
28,11,23,5,15,2586,AA,SFO,1
-2,11,24,6,15,2586,AA,SFO,2
-5,11,25,7,15,2586,AA,SFO,3
-3,11,26,1,15,2586,AA,SFO,4
-5,11,27,2,15,2586,AA,SFO,5
-4,11,28,3,15,2586,AA,SFO,6
-2,11,29,4,15,2586,AA,SFO,7
93,11,30,5,15,2586,AA,SFO,8
1,11,1,4,14,2475,AA,LAX,10
8,11,2,5,14,2475,AA,LAX,9
197,11,3,6,14,2475,AA,LAX,8
-2,11,4,7,14,2475,AA,LAX,7
5,11,5,1,14,2475,AA,LAX,6
-4,11,6,2,14,2475,AA,LAX,5
35,11,7,3,14,2475,AA,LAX,4
1,11,8,4,14,2475,AA,LAX,3
-2,11,9,5,14,2475,AA,LAX,2
2,11,10,6,14,2475,AA,LAX,1
4,11,11,7,14,2475,AA,LAX,0
-6,11,12,1,14,2475,AA,LAX,1
-2,11,13,2,14,2475,AA,LAX,2
-2,11,14,3,14,2475,AA,LAX,3
19,11,15,4,14,2475,AA,LAX,4
71,11,16,5,14,2475,AA,LAX,5
33,11,17,6,14,2475,AA,LAX,5
0,11,18,7,14,2475,AA,LAX,4
-5,11,19,1,14,2475,AA,LAX,3
21,11,20,2,14,2475,AA,LAX,2
-1,11,21,3,14,2475,AA,LAX,1
0,11,23,5,14,2475,AA,LAX,1
4,11,24,6,14,2475,AA,LAX,2
1,11,25,7,14,2475,AA,LAX,3
-1,11,26,1,14,2475,AA,LAX,4
-1,11,27,2,14,2475,AA,LAX,5
-3,11,28,3,14,2475,AA,LAX,6
-2,11,29,4,14,2475,AA,LAX,7
-2,11,30,5,14,2475,AA,LAX,8
178,11,1,4,18,2446,AA,SAN,10
30,11,2,5,18,2446,AA,SAN,9
-7,11,3,6,18,2446,AA,SAN,8
27,11,4,7,18,2446,AA,SAN,7
92,11,5,1,18,2446,AA,SAN,6
-6,11,6,2,18,2446,AA,SAN,5
-2,11,7,3,18,2446,AA,SAN,4
13,11,8,4,18,2446,AA,SAN,3
207,11,9,5,18,2446,AA,SAN,2
23,11,10,6,18,2446,AA,SAN,1
168,11,11,7,18,2446,AA,SAN,0
173,11,12,1,18,2446,AA,SAN,1
-2,11,13,2,18,2446,AA,SAN,2
32,11,14,3,18,2446,AA,SAN,3
6,11,15,4,18,2446,AA,SAN,4
-2,11,16,5,18,2446,AA,SAN,5
-4,11,17,6,18,2446,AA,SAN,5
-5,11,18,7,18,2446,AA,SAN,4
39,11,19,1,18,2446,AA,SAN,3
-3,11,20,2,18,2446,AA,SAN,2
0,11,21,3,18,2446,AA,SAN,1
10,11,22,4,18,2446,AA,SAN,0
4,11,23,5,18,2446,AA,SAN,1
-7,11,24,6,18,2446,AA,SAN,2
28,11,25,7,18,2446,AA,SAN,3
258,11,26,1,18,2446,AA,SAN,4
5,11,27,2,18,2446,AA,SAN,5
0,11,28,3,18,2446,AA,SAN,6
2,11,29,4,18,2446,AA,SAN,7
59,11,30,5,18,2446,AA,SAN,8
-1,11,1,4,16,2475,AA,LAX,10
-3,11,2,5,16,2475,AA,LAX,9
4,11,3,6,16,2475,AA,LAX,8
3,11,4,7,16,2475,AA,LAX,7
-8,11,5,1,16,2475,AA,LAX,6
-4,11,6,2,16,2475,AA,LAX,5
0,11,7,3,16,2475,AA,LAX,4
4,11,8,4,16,2475,AA,LAX,3
9,11,9,5,16,2475,AA,LAX,2
-3,11,10,6,16,2475,AA,LAX,1
-4,11,11,7,16,2475,AA,LAX,0
5,11,12,1,16,2475,AA,LAX,1
9,11,13,2,16,2475,AA,LAX,2
6,11,14,3,16,2475,AA,LAX,3
115,11,15,4,16,2475,AA,LAX,4
193,11,16,5,16,2475,AA,LAX,5
235,11,17,6,16,2475,AA,LAX,5
1,11,18,7,16,2475,AA,LAX,4
3,11,19,1,16,2475,AA,LAX,3
9,11,20,2,16,2475,AA,LAX,2
147,11,21,3,16,2475,AA,LAX,1
-5,11,22,4,16,2475,AA,LAX,0
-7,11,23,5,16,2475,AA,LAX,1
-3,11,24,6,16,2475,AA,LAX,2
0,11,25,7,16,2475,AA,LAX,3
8,11,26,1,16,2475,AA,LAX,4
11,11,27,2,16,2475,AA,LAX,5
-2,11,28,3,16,2475,AA,LAX,6
-4,11,29,4,16,2475,AA,LAX,7
40,11,30,5,16,2475,AA,LAX,8
1,11,1,4,17,2586,AA,SFO,10
9,11,2,5,17,2586,AA,SFO,9
-6,11,3,6,17,2586,AA,SFO,8
18,11,4,7,17,2586,AA,SFO,7
28,11,5,1,17,2586,AA,SFO,6
24,11,6,2,17,2586,AA,SFO,5
8,11,7,3,17,2586,AA,SFO,4
3,11,8,4,17,2586,AA,SFO,3
0,11,9,5,17,2586,AA,SFO,2
2,11,10,6,17,2586,AA,SFO,1
177,11,11,7,17,2586,AA,SFO,0
-4,11,12,1,17,2586,AA,SFO,1
3,11,13,2,17,2586,AA,SFO,2
10,11,14,3,17,2586,AA,SFO,3
26,11,15,4,17,2586,AA,SFO,4
0,11,16,5,17,2586,AA,SFO,5
24,11,17,6,17,2586,AA,SFO,5
0,11,18,7,17,2586,AA,SFO,4
0,11,19,1,17,2586,AA,SFO,3
38,11,20,2,17,2586,AA,SFO,2
180,11,21,3,17,2586,AA,SFO,1
1,11,22,4,17,2586,AA,SFO,0
-2,11,23,5,17,2586,AA,SFO,1
0,11,24,6,17,2586,AA,SFO,2
-5,11,25,7,17,2586,AA,SFO,3
-4,11,26,1,17,2586,AA,SFO,4
27,11,27,2,17,2586,AA,SFO,5
4,11,28,3,17,2586,AA,SFO,6
-5,11,29,4,17,2586,AA,SFO,7
49,11,30,5,17,2586,AA,SFO,8
-5,11,1,4,8,2586,AA,SFO,10
-5,11,2,5,8,2586,AA,SFO,9
81,11,4,7,8,2586,AA,SFO,7
-5,11,5,1,8,2586,AA,SFO,6
-3,11,6,2,8,2586,AA,SFO,5
-7,11,7,3,8,2586,AA,SFO,4
-4,11,8,4,8,2586,AA,SFO,3
-5,11,9,5,8,2586,AA,SFO,2
-1,11,11,7,8,2586,AA,SFO,0
-3,11,12,1,8,2586,AA,SFO,1
-6,11,13,2,8,2586,AA,SFO,2
3,11,14,3,8,2586,AA,SFO,3
-7,11,15,4,8,2586,AA,SFO,4
-2,11,16,5,8,2586,AA,SFO,5
12,11,18,7,8,2586,AA,SFO,4
0,11,19,1,8,2586,AA,SFO,3
-6,11,20,2,8,2586,AA,SFO,2
-9,11,21,3,8,2586,AA,SFO,1
-7,11,22,4,8,2586,AA,SFO,0
91,11,23,5,8,2586,AA,SFO,1
3,11,25,7,8,2586,AA,SFO,3
-3,11,26,1,8,2586,AA,SFO,4
-3,11,27,2,8,2586,AA,SFO,5
19,11,28,3,8,2586,AA,SFO,6
6,11,29,4,8,2586,AA,SFO,7
5,11,30,5,8,2586,AA,SFO,8
0,11,1,4,17,2475,AA,LAX,10
5,11,2,5,17,2475,AA,LAX,9
6,11,3,6,17,2475,AA,LAX,8
5,11,4,7,17,2475,AA,LAX,7
138,11,5,1,17,2475,AA,LAX,6
0,11,6,2,17,2475,AA,LAX,5
17,11,7,3,17,2475,AA,LAX,4
4,11,8,4,17,2475,AA,LAX,3
-2,11,9,5,17,2475,AA,LAX,2
-2,11,10,6,17,2475,AA,LAX,1
-5,11,11,7,17,2475,AA,LAX,0
17,11,12,1,17,2475,AA,LAX,1
-1,11,13,2,17,2475,AA,LAX,2
-1,11,14,3,17,2475,AA,LAX,3
-2,11,15,4,17,2475,AA,LAX,4
215,11,16,5,17,2475,AA,LAX,5
-1,11,17,6,17,2475,AA,LAX,5
5,11,18,7,17,2475,AA,LAX,4
-4,11,19,1,17,2475,AA,LAX,3
-1,11,20,2,17,2475,AA,LAX,2
-8,11,21,3,17,2475,AA,LAX,1
10,11,24,6,17,2475,AA,LAX,2
19,11,25,7,17,2475,AA,LAX,3
49,11,26,1,17,2475,AA,LAX,4
0,11,27,2,17,2475,AA,LAX,5
143,11,28,3,17,2475,AA,LAX,6
0,11,29,4,17,2475,AA,LAX,7
21,11,30,5,17,2475,AA,LAX,8
-5,11,1,4,20,2475,AA,LAX,10
19,11,2,5,20,2475,AA,LAX,9
2,11,4,7,20,2475,AA,LAX,7
13,11,5,1,20,2475,AA,LAX,6
68,11,6,2,20,2475,AA,LAX,5
14,11,7,3,20,2475,AA,LAX,4
8,11,8,4,20,2475,AA,LAX,3
18,11,9,5,20,2475,AA,LAX,2
141,11,11,7,20,2475,AA,LAX,0
28,11,12,1,20,2475,AA,LAX,1
22,11,13,2,20,2475,AA,LAX,2
53,11,14,3,20,2475,AA,LAX,3
55,11,15,4,20,2475,AA,LAX,4
75,11,16,5,20,2475,AA,LAX,5
18,11,18,7,20,2475,AA,LAX,4
64,11,19,1,20,2475,AA,LAX,3
-4,11,20,2,20,2475,AA,LAX,2
21,11,21,3,20,2475,AA,LAX,1
44,11,23,5,20,2475,AA,LAX,1
15,11,25,7,20,2475,AA,LAX,3
38,11,26,1,20,2475,AA,LAX,4
2,11,27,2,20,2475,AA,LAX,5
-3,11,28,3,20,2475,AA,LAX,6
2,11,29,4,20,2475,AA,LAX,7
25,11,30,5,20,2475,AA,LAX,8
-5,11,1,4,6,2475,AA,LAX,10
-10,11,2,5,6,2475,AA,LAX,9
4,11,3,6,6,2475,AA,LAX,8
-5,11,4,7,6,2475,AA,LAX,7
-4,11,5,1,6,2475,AA,LAX,6
-1,11,6,2,6,2475,AA,LAX,5
-2,11,7,3,6,2475,AA,LAX,4
-7,11,8,4,6,2475,AA,LAX,3
0,11,9,5,6,2475,AA,LAX,2
-4,11,10,6,6,2475,AA,LAX,1
95,11,11,7,6,2475,AA,LAX,0
6,11,12,1,6,2475,AA,LAX,1
-1,11,13,2,6,2475,AA,LAX,2
49,11,14,3,6,2475,AA,LAX,3
-5,11,15,4,6,2475,AA,LAX,4
0,11,16,5,6,2475,AA,LAX,5
3,11,17,6,6,2475,AA,LAX,5
-8,11,18,7,6,2475,AA,LAX,4
-4,11,19,1,6,2475,AA,LAX,3
-6,11,20,2,6,2475,AA,LAX,2
0,11,21,3,6,2475,AA,LAX,1
-9,11,22,4,6,2475,AA,LAX,0
-1,11,23,5,6,2475,AA,LAX,1
50,11,24,6,6,2475,AA,LAX,2
0,11,25,7,6,2475,AA,LAX,3
-5,11,26,1,6,2475,AA,LAX,4
-3,11,27,2,6,2475,AA,LAX,5
-3,11,28,3,6,2475,AA,LAX,6
-3,11,29,4,6,2475,AA,LAX,7
-3,11,30,5,6,2475,AA,LAX,8
-8,11,1,4,9,2475,AA,LAX,10
0,11,2,5,9,2475,AA,LAX,9
-4,11,3,6,9,2475,AA,LAX,8
3,11,4,7,9,2475,AA,LAX,7
-4,11,5,1,9,2475,AA,LAX,6
-6,11,6,2,9,2475,AA,LAX,5
4,11,7,3,9,2475,AA,LAX,4
-5,11,8,4,9,2475,AA,LAX,3
-4,11,9,5,9,2475,AA,LAX,2
-5,11,10,6,9,2475,AA,LAX,1
1,11,11,7,9,2475,AA,LAX,0
0,11,12,1,9,2475,AA,LAX,1
11,11,13,2,9,2475,AA,LAX,2
-6,11,14,3,9,2475,AA,LAX,3
-3,11,15,4,9,2475,AA,LAX,4
0,11,16,5,9,2475,AA,LAX,5
-1,11,17,6,9,2475,AA,LAX,5
0,11,18,7,9,2475,AA,LAX,4
15,11,19,1,9,2475,AA,LAX,3
-4,11,20,2,9,2475,AA,LAX,2
-3,11,21,3,9,2475,AA,LAX,1
-8,11,22,4,9,2475,AA,LAX,0
-5,11,23,5,9,2475,AA,LAX,1
0,11,24,6,9,2475,AA,LAX,2
-5,11,25,7,9,2475,AA,LAX,3
0,11,26,1,9,2475,AA,LAX,4
-2,11,27,2,9,2475,AA,LAX,5
-5,11,28,3,9,2475,AA,LAX,6
-4,11,29,4,9,2475,AA,LAX,7
-3,11,30,5,9,2475,AA,LAX,8
70,11,1,4,16,2248,AA,LAS,10
0,11,2,5,16,2248,AA,LAS,9
0,11,3,6,16,2248,AA,LAS,8
-2,11,4,7,16,2248,AA,LAS,7
-5,11,5,1,16,2248,AA,LAS,6
8,11,6,2,16,2248,AA,LAS,5
12,11,7,3,16,2248,AA,LAS,4
14,11,8,4,16,2248,AA,LAS,3
44,11,9,5,16,2248,AA,LAS,2
2,11,10,6,16,2248,AA,LAS,1
31,11,11,7,16,2248,AA,LAS,0
3,11,12,1,16,2248,AA,LAS,1
43,11,13,2,16,2248,AA,LAS,2
12,11,14,3,16,2248,AA,LAS,3
17,11,15,4,16,2248,AA,LAS,4
21,11,16,5,16,2248,AA,LAS,5
32,11,17,6,16,2248,AA,LAS,5
57,11,18,7,16,2248,AA,LAS,4
28,11,19,1,16,2248,AA,LAS,3
2,11,20,2,16,2248,AA,LAS,2
11,11,21,3,16,2248,AA,LAS,1
-2,11,22,4,16,2248,AA,LAS,0
217,11,23,5,16,2248,AA,LAS,1
26,11,24,6,16,2248,AA,LAS,2
-3,11,25,7,16,2248,AA,LAS,3
20,11,26,1,16,2248,AA,LAS,4
6,11,27,2,16,2248,AA,LAS,5
0,11,28,3,16,2248,AA,LAS,6
2,11,29,4,16,2248,AA,LAS,7
31,11,30,5,16,2248,AA,LAS,8
-6,11,1,4,12,2446,AA,SAN,10
-10,11,2,5,12,2446,AA,SAN,9
21,11,3,6,12,2446,AA,SAN,8
-8,11,4,7,12,2446,AA,SAN,7
14,11,5,1,12,2446,AA,SAN,6
-6,11,6,2,12,2446,AA,SAN,5
-6,11,7,3,12,2446,AA,SAN,4
-4,11,8,4,12,2446,AA,SAN,3
-2,11,9,5,12,2446,AA,SAN,2
-5,11,10,6,12,2446,AA,SAN,1
1,11,11,7,12,2446,AA,SAN,0
6,11,12,1,12,2446,AA,SAN,1
-9,11,13,2,12,2446,AA,SAN,2
-7,11,14,3,12,2446,AA,SAN,3
-8,11,15,4,12,2446,AA,SAN,4
0,11,16,5,12,2446,AA,SAN,5
-2,11,17,6,12,2446,AA,SAN,5
63,11,18,7,12,2446,AA,SAN,4
-5,11,19,1,12,2446,AA,SAN,3
-5,11,20,2,12,2446,AA,SAN,2
86,11,21,3,12,2446,AA,SAN,1
-6,11,22,4,12,2446,AA,SAN,0
-4,11,23,5,12,2446,AA,SAN,1
-2,11,24,6,12,2446,AA,SAN,2
-1,11,25,7,12,2446,AA,SAN,3
1,11,26,1,12,2446,AA,SAN,4
-8,11,27,2,12,2446,AA,SAN,5
-5,11,28,3,12,2446,AA,SAN,6
-7,11,29,4,12,2446,AA,SAN,7
-10,11,30,5,12,2446,AA,SAN,8
27,11,1,4,17,2421,AA,SEA,10
-3,11,3,6,17,2421,AA,SEA,8
6,11,4,7,17,2421,AA,SEA,7
1,11,5,1,17,2421,AA,SEA,6
-3,11,6,2,17,2421,AA,SEA,5
-5,11,7,3,17,2421,AA,SEA,4
-1,11,8,4,17,2421,AA,SEA,3
69,11,9,5,17,2421,AA,SEA,2
185,11,10,6,17,2421,AA,SEA,1
30,11,11,7,17,2421,AA,SEA,0
-8,11,12,1,17,2421,AA,SEA,1
130,11,13,2,17,2421,AA,SEA,2
3,11,14,3,17,2421,AA,SEA,3
24,11,15,4,17,2421,AA,SEA,4
3,11,16,5,17,2421,AA,SEA,5
-5,11,17,6,17,2421,AA,SEA,5
-3,11,18,7,17,2421,AA,SEA,4
-4,11,19,1,17,2421,AA,SEA,3
7,11,20,2,17,2421,AA,SEA,2
-2,11,21,3,17,2421,AA,SEA,1
-14,11,22,4,17,2421,AA,SEA,0
-5,11,23,5,17,2421,AA,SEA,1
16,11,24,6,17,2421,AA,SEA,2
106,11,25,7,17,2421,AA,SEA,3
-8,11,26,1,17,2421,AA,SEA,4
2,11,27,2,17,2421,AA,SEA,5
-12,11,28,3,17,2421,AA,SEA,6
-15,11,29,4,17,2421,AA,SEA,7
18,11,30,5,17,2421,AA,SEA,8
29,11,1,4,11,1090,AA,MIA,10
-5,11,2,5,11,1090,AA,MIA,9
-6,11,3,6,11,1090,AA,MIA,8
21,11,4,7,11,1090,AA,MIA,7
1,11,5,1,11,1090,AA,MIA,6
-1,11,6,2,11,1090,AA,MIA,5
1,11,7,3,11,1090,AA,MIA,4
1,11,8,4,11,1090,AA,MIA,3
-2,11,9,5,11,1090,AA,MIA,2
11,11,10,6,11,1090,AA,MIA,1
5,11,11,7,11,1090,AA,MIA,0
2,11,12,1,11,1090,AA,MIA,1
-6,11,13,2,11,1090,AA,MIA,2
-5,11,14,3,11,1090,AA,MIA,3
3,11,15,4,11,1090,AA,MIA,4
-4,11,16,5,11,1090,AA,MIA,5
3,11,17,6,11,1090,AA,MIA,5
-2,11,18,7,11,1090,AA,MIA,4
0,11,19,1,11,1090,AA,MIA,3
43,11,20,2,11,1090,AA,MIA,2
0,11,21,3,11,1090,AA,MIA,1
10,11,22,4,11,1090,AA,MIA,0
-5,11,23,5,11,1090,AA,MIA,1
-4,11,24,6,11,1090,AA,MIA,2
-5,11,25,7,11,1090,AA,MIA,3
-1,11,26,1,11,1090,AA,MIA,4
0,11,27,2,11,1090,AA,MIA,5
-1,11,28,3,11,1090,AA,MIA,6
0,11,30,5,11,1090,AA,MIA,8
-5,11,1,4,15,1090,AA,MIA,10
85,11,2,5,15,1090,AA,MIA,9
0,11,3,6,15,1090,AA,MIA,8
-2,11,1,4,13,1597,AA,SJU,10
1,11,2,5,13,1597,AA,SJU,9
88,11,3,6,13,1597,AA,SJU,8
-4,11,4,7,14,1597,AA,SJU,7
-5,11,5,1,14,1597,AA,SJU,6
-1,11,6,2,14,1597,AA,SJU,5
-5,11,7,3,14,1597,AA,SJU,4
-4,11,8,4,14,1597,AA,SJU,3
-4,11,9,5,14,1597,AA,SJU,2
-2,11,10,6,14,1597,AA,SJU,1
-2,11,11,7,14,1597,AA,SJU,0
-1,11,12,1,14,1597,AA,SJU,1
-3,11,13,2,14,1597,AA,SJU,2
-3,11,14,3,14,1597,AA,SJU,3
-1,11,15,4,14,1597,AA,SJU,4
78,11,16,5,14,1597,AA,SJU,5
0,11,17,6,14,1597,AA,SJU,5
-2,11,18,7,14,1597,AA,SJU,4
7,11,19,1,14,1597,AA,SJU,3
20,11,20,2,14,1597,AA,SJU,2
35,11,21,3,14,1597,AA,SJU,1
14,11,22,4,14,1597,AA,SJU,0
-5,11,23,5,14,1597,AA,SJU,1
-3,11,24,6,14,1597,AA,SJU,2
-5,11,25,7,14,1597,AA,SJU,3
13,11,26,1,14,1597,AA,SJU,4
-6,11,27,2,14,1597,AA,SJU,5
4,11,28,3,14,1597,AA,SJU,6
-3,11,29,4,14,1597,AA,SJU,7
34,11,30,5,14,1597,AA,SJU,8
-6,11,3,6,7,1623,AA,STT,8
1,11,10,6,7,1623,AA,STT,1
8,11,15,4,7,1623,AA,STT,4
-7,11,16,5,7,1623,AA,STT,5
31,11,17,6,7,1623,AA,STT,5
-2,11,18,7,7,1623,AA,STT,4
6,11,19,1,7,1623,AA,STT,3
-9,11,20,2,7,1623,AA,STT,2
-8,11,21,3,7,1623,AA,STT,1
-11,11,22,4,7,1623,AA,STT,0
-4,11,23,5,7,1623,AA,STT,1
-6,11,24,6,7,1623,AA,STT,2
-7,11,25,7,7,1623,AA,STT,3
9,11,26,1,7,1623,AA,STT,4
-5,11,27,2,7,1623,AA,STT,5
-7,11,28,3,7,1623,AA,STT,6
-6,11,29,4,7,1623,AA,STT,7
-5,11,30,5,7,1623,AA,STT,8
0,11,2,5,9,1597,AA,SJU,9
0,11,4,7,9,1597,AA,SJU,7
-6,11,9,5,9,1597,AA,SJU,2
-7,11,11,7,9,1597,AA,SJU,0
0,11,15,4,9,1597,AA,SJU,4
28,11,16,5,9,1597,AA,SJU,5
-1,11,17,6,9,1597,AA,SJU,5
-3,11,18,7,9,1597,AA,SJU,4
10,11,19,1,9,1597,AA,SJU,3
0,11,20,2,9,1597,AA,SJU,2
-5,11,21,3,9,1597,AA,SJU,1
-4,11,22,4,9,1597,AA,SJU,0
-8,11,23,5,9,1597,AA,SJU,1
-5,11,24,6,9,1597,AA,SJU,2
-2,11,25,7,9,1597,AA,SJU,3
-7,11,26,1,9,1597,AA,SJU,4
20,11,27,2,9,1597,AA,SJU,5
0,11,28,3,9,1597,AA,SJU,6
-6,11,29,4,9,1597,AA,SJU,7
-6,11,30,5,9,1597,AA,SJU,8
-3,11,1,4,6,1597,AA,SJU,10
-6,11,2,5,6,1597,AA,SJU,9
1,11,3,6,6,1597,AA,SJU,8
0,11,4,7,6,1597,AA,SJU,7
12,11,5,1,6,1597,AA,SJU,6
-1,11,7,3,6,1597,AA,SJU,4
-1,11,8,4,6,1597,AA,SJU,3
-6,11,9,5,6,1597,AA,SJU,2
0,11,10,6,6,1597,AA,SJU,1
-1,11,11,7,6,1597,AA,SJU,0
0,11,12,1,6,1597,AA,SJU,1
-5,11,13,2,6,1597,AA,SJU,2
-6,11,14,3,6,1597,AA,SJU,3
-5,11,15,4,6,1597,AA,SJU,4
-1,11,16,5,6,1597,AA,SJU,5
18,11,17,6,6,1597,AA,SJU,5
-2,11,18,7,6,1597,AA,SJU,4
-3,11,19,1,6,1597,AA,SJU,3
-4,11,20,2,6,1597,AA,SJU,2
-9,11,21,3,6,1597,AA,SJU,1
-5,11,22,4,6,1597,AA,SJU,0
-2,11,23,5,6,1597,AA,SJU,1
-2,11,24,6,6,1597,AA,SJU,2
-2,11,25,7,6,1597,AA,SJU,3
-4,11,26,1,6,1597,AA,SJU,4
-3,11,27,2,6,1597,AA,SJU,5
-7,11,28,3,6,1597,AA,SJU,6
-4,11,29,4,6,1597,AA,SJU,7
-2,11,30,5,6,1597,AA,SJU,8
-4,11,1,4,5,1090,AA,MIA,10
0,11,2,5,5,1090,AA,MIA,9
4,11,3,6,5,1090,AA,MIA,8
-2,11,4,7,5,1090,AA,MIA,7
-3,11,5,1,5,1090,AA,MIA,6
-4,11,6,2,5,1090,AA,MIA,5
-3,11,7,3,5,1090,AA,MIA,4
-3,11,8,4,5,1090,AA,MIA,3
2,11,9,5,5,1090,AA,MIA,2
-2,11,10,6,5,1090,AA,MIA,1
-3,11,11,7,5,1090,AA,MIA,0
2,11,12,1,5,1090,AA,MIA,1
33,11,13,2,5,1090,AA,MIA,2
-2,11,14,3,5,1090,AA,MIA,3
-1,11,15,4,5,1090,AA,MIA,4
2,11,16,5,5,1090,AA,MIA,5
-3,11,17,6,5,1090,AA,MIA,5
1,11,18,7,5,1090,AA,MIA,4
-9,11,19,1,5,1090,AA,MIA,3
-4,11,20,2,5,1090,AA,MIA,2
-3,11,21,3,5,1090,AA,MIA,1
-6,11,22,4,5,1090,AA,MIA,0
-6,11,23,5,5,1090,AA,MIA,1
13,11,24,6,5,1090,AA,MIA,2
-7,11,25,7,5,1090,AA,MIA,3
-5,11,26,1,5,1090,AA,MIA,4
0,11,27,2,5,1090,AA,MIA,5
-1,11,28,3,5,1090,AA,MIA,6
-5,11,29,4,5,1090,AA,MIA,7
0,11,30,5,5,1090,AA,MIA,8
7,11,1,4,8,1090,AA,MIA,10
-4,11,2,5,8,1090,AA,MIA,9
55,11,3,6,8,1090,AA,MIA,8
0,11,4,7,8,1090,AA,MIA,7
2,11,5,1,8,1090,AA,MIA,6
0,11,6,2,8,1090,AA,MIA,5
-3,11,7,3,8,1090,AA,MIA,4
-2,11,8,4,8,1090,AA,MIA,3
4,11,9,5,8,1090,AA,MIA,2
-2,11,10,6,8,1090,AA,MIA,1
0,11,11,7,8,1090,AA,MIA,0
87,11,12,1,8,1090,AA,MIA,1
-2,11,13,2,8,1090,AA,MIA,2
-1,11,14,3,8,1090,AA,MIA,3
4,11,15,4,8,1090,AA,MIA,4
-3,11,16,5,8,1090,AA,MIA,5
31,11,17,6,8,1090,AA,MIA,5
3,11,18,7,8,1090,AA,MIA,4
43,11,19,1,8,1090,AA,MIA,3
-3,11,20,2,8,1090,AA,MIA,2
-3,11,21,3,8,1090,AA,MIA,1
0,11,22,4,8,1090,AA,MIA,0
-2,11,23,5,8,1090,AA,MIA,1
-3,11,24,6,8,1090,AA,MIA,2
22,11,25,7,8,1090,AA,MIA,3
5,11,26,1,8,1090,AA,MIA,4
-5,11,27,2,8,1090,AA,MIA,5
-3,11,28,3,8,1090,AA,MIA,6
-3,11,29,4,8,1090,AA,MIA,7
-3,11,30,5,8,1090,AA,MIA,8
-4,11,1,4,8,740,AA,ORD,10
-6,11,2,5,8,740,AA,ORD,9
2,11,3,6,8,740,AA,ORD,8
-4,11,4,7,8,740,AA,ORD,7
-4,11,5,1,8,740,AA,ORD,6
-9,11,6,2,8,740,AA,ORD,5
-8,11,7,3,8,740,AA,ORD,4
-11,11,8,4,8,740,AA,ORD,3
-3,11,9,5,8,740,AA,ORD,2
-6,11,10,6,8,740,AA,ORD,1
0,11,11,7,8,740,AA,ORD,0
-4,11,12,1,8,740,AA,ORD,1
-12,11,13,2,8,740,AA,ORD,2
-7,11,14,3,8,740,AA,ORD,3
7,11,15,4,8,740,AA,ORD,4
24,11,16,5,8,740,AA,ORD,5
-1,11,17,6,8,740,AA,ORD,5
-1,11,18,7,8,740,AA,ORD,4
5,11,19,1,8,740,AA,ORD,3
13,11,20,2,8,740,AA,ORD,2
-8,11,21,3,8,740,AA,ORD,1
-4,11,22,4,8,740,AA,ORD,0
-3,11,23,5,8,740,AA,ORD,1
-3,11,24,6,8,740,AA,ORD,2
-2,11,25,7,8,740,AA,ORD,3
-5,11,26,1,8,740,AA,ORD,4
-9,11,27,2,8,740,AA,ORD,5
-13,11,28,3,8,740,AA,ORD,6
-4,11,29,4,8,740,AA,ORD,7
-4,11,30,5,8,740,AA,ORD,8
0,11,1,4,17,1391,AA,DFW,10
50,11,2,5,17,1391,AA,DFW,9
3,11,3,6,17,1391,AA,DFW,8
-3,11,4,7,17,1391,AA,DFW,7
0,11,5,1,17,1391,AA,DFW,6
56,11,6,2,17,1391,AA,DFW,5
3,11,7,3,17,1391,AA,DFW,4
1,11,8,4,17,1391,AA,DFW,3
-3,11,9,5,17,1391,AA,DFW,2
33,11,10,6,17,1391,AA,DFW,1
-3,11,11,7,17,1391,AA,DFW,0
-2,11,12,1,17,1391,AA,DFW,1
12,11,13,2,17,1391,AA,DFW,2
11,11,14,3,17,1391,AA,DFW,3
61,11,15,4,17,1391,AA,DFW,4
22,11,16,5,17,1391,AA,DFW,5
-4,11,17,6,17,1391,AA,DFW,5
22,11,18,7,17,1391,AA,DFW,4
24,11,19,1,17,1391,AA,DFW,3
-1,11,20,2,17,1391,AA,DFW,2
0,11,21,3,17,1391,AA,DFW,1
-2,11,22,4,17,1391,AA,DFW,0
-3,11,23,5,17,1391,AA,DFW,1
-1,11,24,6,17,1391,AA,DFW,2
40,11,25,7,17,1391,AA,DFW,3
66,11,26,1,17,1391,AA,DFW,4
12,11,27,2,17,1391,AA,DFW,5
128,11,28,3,17,1391,AA,DFW,6
51,11,29,4,17,1391,AA,DFW,7
-7,11,30,5,17,1391,AA,DFW,8
21,11,4,7,15,1090,AA,MIA,7
38,11,5,1,15,1090,AA,MIA,6
-1,11,6,2,15,1090,AA,MIA,5
-4,11,7,3,15,1090,AA,MIA,4
-2,11,8,4,15,1090,AA,MIA,3
75,11,9,5,15,1090,AA,MIA,2
14,11,10,6,15,1090,AA,MIA,1
25,11,11,7,15,1090,AA,MIA,0
0,11,12,1,15,1090,AA,MIA,1
-5,11,13,2,15,1090,AA,MIA,2
41,11,14,3,15,1090,AA,MIA,3
12,11,15,4,15,1090,AA,MIA,4
39,11,16,5,15,1090,AA,MIA,5
27,11,17,6,15,1090,AA,MIA,5
15,11,18,7,15,1090,AA,MIA,4
-6,11,19,1,15,1090,AA,MIA,3
112,11,20,2,15,1090,AA,MIA,2
0,11,21,3,15,1090,AA,MIA,1
9,11,22,4,15,1090,AA,MIA,0
198,11,23,5,15,1090,AA,MIA,1
-2,11,24,6,15,1090,AA,MIA,2
19,11,25,7,15,1090,AA,MIA,3
13,11,26,1,15,1090,AA,MIA,4
77,11,27,2,15,1090,AA,MIA,5
34,11,28,3,15,1090,AA,MIA,6
0,11,29,4,15,1090,AA,MIA,7
75,11,30,5,15,1090,AA,MIA,8
-3,11,1,4,8,1597,AA,SJU,10
31,11,2,5,8,1597,AA,SJU,9
7,11,3,6,8,1597,AA,SJU,8
-5,11,4,7,8,1597,AA,SJU,7
2,11,5,1,8,1597,AA,SJU,6
10,11,6,2,8,1597,AA,SJU,5
-7,11,7,3,8,1597,AA,SJU,4
-4,11,8,4,8,1597,AA,SJU,3
-5,11,9,5,8,1597,AA,SJU,2
1,11,10,6,8,1597,AA,SJU,1
9,11,11,7,8,1597,AA,SJU,0
-6,11,12,1,8,1597,AA,SJU,1
-6,11,13,2,8,1597,AA,SJU,2
-5,11,14,3,8,1597,AA,SJU,3
-4,11,15,4,8,1597,AA,SJU,4
-6,11,16,5,8,1597,AA,SJU,5
30,11,17,6,8,1597,AA,SJU,5
-2,11,18,7,8,1597,AA,SJU,4
-4,11,19,1,8,1597,AA,SJU,3
2,11,20,2,8,1597,AA,SJU,2
-5,11,21,3,8,1597,AA,SJU,1
24,11,22,4,8,1597,AA,SJU,0
-5,11,23,5,8,1597,AA,SJU,1
-1,11,24,6,8,1597,AA,SJU,2
-3,11,25,7,8,1597,AA,SJU,3
200,11,26,1,8,1597,AA,SJU,4
-2,11,27,2,8,1597,AA,SJU,5
0,11,28,3,8,1597,AA,SJU,6
-5,11,29,4,8,1597,AA,SJU,7
-1,11,30,5,8,1597,AA,SJU,8
2,11,1,4,16,1597,AA,SJU,10
175,11,2,5,16,1597,AA,SJU,9
0,11,3,6,16,1597,AA,SJU,8
155,11,4,7,16,1597,AA,SJU,7
-5,11,5,1,16,1597,AA,SJU,6
20,11,6,2,16,1597,AA,SJU,5
2,11,7,3,16,1597,AA,SJU,4
42,11,8,4,16,1597,AA,SJU,3
173,11,9,5,16,1597,AA,SJU,2
39,11,10,6,16,1597,AA,SJU,1
80,11,11,7,16,1597,AA,SJU,0
19,11,12,1,16,1597,AA,SJU,1
35,11,13,2,16,1597,AA,SJU,2
14,11,14,3,17,1597,AA,SJU,3
21,11,15,4,17,1597,AA,SJU,4
14,11,16,5,17,1597,AA,SJU,5
12,11,17,6,17,1597,AA,SJU,5
-3,11,18,7,17,1597,AA,SJU,4
40,11,19,1,17,1597,AA,SJU,3
182,11,20,2,17,1597,AA,SJU,2
43,11,21,3,17,1597,AA,SJU,1
2,11,22,4,17,1597,AA,SJU,0
-6,11,23,5,17,1597,AA,SJU,1
97,11,24,6,17,1597,AA,SJU,2
20,11,25,7,17,1597,AA,SJU,3
0,11,26,1,17,1597,AA,SJU,4
-4,11,27,2,17,1597,AA,SJU,5
14,11,28,3,17,1597,AA,SJU,6
47,11,29,4,17,1597,AA,SJU,7
229,11,30,5,17,1597,AA,SJU,8
-3,11,1,4,15,740,AA,ORD,10
5,11,2,5,15,740,AA,ORD,9
2,11,3,6,15,740,AA,ORD,8
12,11,4,7,15,740,AA,ORD,7
63,11,5,1,15,740,AA,ORD,6
54,11,6,2,15,740,AA,ORD,5
43,11,7,3,15,740,AA,ORD,4
3,11,8,4,15,740,AA,ORD,3
0,11,9,5,15,740,AA,ORD,2
23,11,10,6,15,740,AA,ORD,1
-1,11,11,7,15,740,AA,ORD,0
-2,11,12,1,15,740,AA,ORD,1
-4,11,13,2,15,740,AA,ORD,2
31,11,14,3,15,740,AA,ORD,3
81,11,15,4,15,740,AA,ORD,4
2,11,16,5,15,740,AA,ORD,5
0,11,17,6,15,740,AA,ORD,5
-3,11,18,7,15,740,AA,ORD,4
134,11,19,1,15,740,AA,ORD,3
50,11,20,2,15,740,AA,ORD,2
7,11,21,3,15,740,AA,ORD,1
-3,11,22,4,15,740,AA,ORD,0
-5,11,23,5,15,740,AA,ORD,1
-1,11,24,6,15,740,AA,ORD,2
52,11,25,7,15,740,AA,ORD,3
36,11,26,1,15,740,AA,ORD,4
54,11,27,2,15,740,AA,ORD,5
-6,11,28,3,15,740,AA,ORD,6
18,11,29,4,15,740,AA,ORD,7
5,11,30,5,15,740,AA,ORD,8
5,11,1,4,7,1391,AA,DFW,10
49,11,2,5,7,1391,AA,DFW,9
-3,11,3,6,7,1391,AA,DFW,8
8,11,4,7,7,1391,AA,DFW,7
0,11,5,1,7,1391,AA,DFW,6
4,11,6,2,7,1391,AA,DFW,5
-4,11,7,3,7,1391,AA,DFW,4
-3,11,8,4,7,1391,AA,DFW,3
-3,11,9,5,7,1391,AA,DFW,2
27,11,10,6,7,1391,AA,DFW,1
-1,11,11,7,7,1391,AA,DFW,0
-3,11,12,1,7,1391,AA,DFW,1
-5,11,13,2,7,1391,AA,DFW,2
-1,11,14,3,7,1391,AA,DFW,3
-5,11,15,4,7,1391,AA,DFW,4
76,11,16,5,7,1391,AA,DFW,5
34,11,17,6,7,1391,AA,DFW,5
8,11,18,7,7,1391,AA,DFW,4
12,11,19,1,7,1391,AA,DFW,3
83,11,20,2,7,1391,AA,DFW,2
6,11,21,3,7,1391,AA,DFW,1
7,11,22,4,7,1391,AA,DFW,0
-5,11,23,5,7,1391,AA,DFW,1
0,11,24,6,7,1391,AA,DFW,2
19,11,25,7,7,1391,AA,DFW,3
-1,11,26,1,7,1391,AA,DFW,4
-3,11,27,2,7,1391,AA,DFW,5
-5,11,28,3,7,1391,AA,DFW,6
-1,11,29,4,7,1391,AA,DFW,7
88,11,30,5,7,1391,AA,DFW,8
-7,11,1,4,18,1090,AA,MIA,10
96,11,2,5,18,1090,AA,MIA,9
25,11,3,6,18,1090,AA,MIA,8
243,11,4,7,18,1090,AA,MIA,7
14,11,5,1,18,1090,AA,MIA,6
-3,11,6,2,18,1090,AA,MIA,5
38,11,7,3,18,1090,AA,MIA,4
0,11,8,4,18,1090,AA,MIA,3
0,11,9,5,18,1090,AA,MIA,2
0,11,10,6,18,1090,AA,MIA,1
22,11,11,7,18,1090,AA,MIA,0
115,11,12,1,18,1090,AA,MIA,1
38,11,13,2,18,1090,AA,MIA,2
89,11,14,3,18,1090,AA,MIA,3
-2,11,15,4,18,1090,AA,MIA,4
9,11,16,5,18,1090,AA,MIA,5
10,11,17,6,18,1090,AA,MIA,5
-3,11,18,7,18,1090,AA,MIA,4
73,11,19,1,18,1090,AA,MIA,3
10,11,20,2,18,1090,AA,MIA,2
133,11,21,3,18,1090,AA,MIA,1
2,11,22,4,18,1090,AA,MIA,0
18,11,23,5,18,1090,AA,MIA,1
17,11,24,6,18,1090,AA,MIA,2
56,11,25,7,18,1090,AA,MIA,3
123,11,26,1,18,1090,AA,MIA,4
41,11,27,2,18,1090,AA,MIA,5
-6,11,28,3,18,1090,AA,MIA,6
236,11,29,4,18,1090,AA,MIA,7
184,11,30,5,18,1090,AA,MIA,8
