20,5,1,2,6,541,YV,CLT,27
-5,5,1,2,11,541,YV,CLT,27
-10,5,1,2,15,541,YV,CLT,27
-7,5,1,2,10,228,YV,IAD,27
-1,5,1,2,14,228,YV,IAD,27
-3,5,1,2,6,228,YV,IAD,27
0,5,1,2,19,228,YV,IAD,27
0,5,2,3,6,541,YV,CLT,26
-6,5,2,3,11,541,YV,CLT,26
107,5,2,3,15,541,YV,CLT,26
-5,5,2,3,10,228,YV,IAD,26
-6,5,2,3,14,228,YV,IAD,26
1,5,2,3,6,228,YV,IAD,26
-5,5,3,4,6,541,YV,CLT,25
0,5,3,4,11,541,YV,CLT,25
45,5,3,4,15,541,YV,CLT,25
39,5,3,4,10,228,YV,IAD,25
-5,5,3,4,14,228,YV,IAD,25
0,5,3,4,6,228,YV,IAD,25
41,5,3,4,19,228,YV,IAD,25
0,5,4,5,6,541,YV,CLT,24
5,5,4,5,11,541,YV,CLT,24
25,5,4,5,15,541,YV,CLT,24
-10,5,4,5,10,228,YV,IAD,24
-6,5,4,5,14,228,YV,IAD,24
-4,5,4,5,6,228,YV,IAD,24
10,5,4,5,19,228,YV,IAD,24
-5,5,5,6,6,541,YV,CLT,23
-3,5,5,6,10,228,YV,IAD,23
0,5,5,6,14,228,YV,IAD,23
-1,5,5,6,6,228,YV,IAD,23
7,5,5,6,19,228,YV,IAD,23
-4,5,5,6,16,228,YV,IAD,23
-10,5,6,7,6,541,YV,CLT,22
10,5,6,7,15,541,YV,CLT,22
-3,5,6,7,10,228,YV,IAD,22
-4,5,6,7,14,228,YV,IAD,22
-6,5,6,7,6,228,YV,IAD,22
45,5,6,7,19,228,YV,IAD,22
0,5,7,1,6,541,YV,CLT,21
15,5,7,1,11,541,YV,CLT,21
25,5,7,1,15,541,YV,CLT,21
1,5,7,1,10,228,YV,IAD,21
7,5,7,1,14,228,YV,IAD,21
-3,5,7,1,6,228,YV,IAD,21
-5,5,8,2,6,541,YV,CLT,20
35,5,8,2,11,541,YV,CLT,20
30,5,8,2,15,541,YV,CLT,20
7,5,8,2,10,228,YV,IAD,20
-1,5,8,2,14,228,YV,IAD,20
-2,5,8,2,6,228,YV,IAD,20
-3,5,8,2,19,228,YV,IAD,20
-4,5,9,3,6,541,YV,CLT,19
40,5,9,3,11,541,YV,CLT,19
65,5,9,3,15,541,YV,CLT,19
8,5,9,3,10,228,YV,IAD,19
23,5,9,3,14,228,YV,IAD,19
39,5,9,3,6,228,YV,IAD,19
-5,5,10,4,6,541,YV,CLT,18
25,5,10,4,11,541,YV,CLT,18
30,5,10,4,15,541,YV,CLT,18
75,5,10,4,10,228,YV,IAD,18
71,5,10,4,14,228,YV,IAD,18
0,5,10,4,6,228,YV,IAD,18
23,5,11,5,6,541,YV,CLT,17
19,5,11,5,11,541,YV,CLT,17
10,5,11,5,15,541,YV,CLT,17
13,5,11,5,10,228,YV,IAD,17
79,5,11,5,14,228,YV,IAD,17
0,5,11,5,6,228,YV,IAD,17
64,5,11,5,19,228,YV,IAD,17
22,5,12,6,10,228,YV,IAD,16
56,5,12,6,14,228,YV,IAD,16
-2,5,12,6,6,228,YV,IAD,16
20,5,12,6,19,228,YV,IAD,16
82,5,12,6,16,228,YV,IAD,16
50,5,13,7,6,541,YV,CLT,15
0,5,13,7,15,541,YV,CLT,15
-1,5,13,7,10,228,YV,IAD,15
-3,5,13,7,14,228,YV,IAD,15
18,5,13,7,6,228,YV,IAD,15
45,5,13,7,19,228,YV,IAD,15
-5,5,14,1,6,541,YV,CLT,14
0,5,14,1,11,541,YV,CLT,14
15,5,14,1,15,541,YV,CLT,14
1,5,14,1,10,228,YV,IAD,14
-5,5,14,1,14,228,YV,IAD,14
-2,5,14,1,6,228,YV,IAD,14
-5,5,14,1,19,228,YV,IAD,14
-10,5,15,2,6,541,YV,CLT,13
0,5,15,2,11,541,YV,CLT,13
10,5,15,2,15,541,YV,CLT,13
-3,5,15,2,10,228,YV,IAD,13
0,5,15,2,14,228,YV,IAD,13
3,5,15,2,6,228,YV,IAD,13
-10,5,16,3,6,541,YV,CLT,12
10,5,16,3,11,541,YV,CLT,12
0,5,16,3,15,541,YV,CLT,12
-5,5,16,3,10,228,YV,IAD,12
21,5,16,3,14,228,YV,IAD,12
-2,5,16,3,6,228,YV,IAD,12
-5,5,17,4,6,541,YV,CLT,11
-5,5,17,4,11,541,YV,CLT,11
40,5,17,4,15,541,YV,CLT,11
0,5,17,4,10,228,YV,IAD,11
6,5,17,4,14,228,YV,IAD,11
26,5,17,4,19,228,YV,IAD,11
-10,5,18,5,6,541,YV,CLT,10
0,5,18,5,11,541,YV,CLT,10
220,5,18,5,15,541,YV,CLT,10
21,5,18,5,10,228,YV,IAD,10
48,5,18,5,14,228,YV,IAD,10
-2,5,18,5,6,228,YV,IAD,10
-8,5,19,6,6,541,YV,CLT,9
-2,5,19,6,10,228,YV,IAD,9
1,5,19,6,14,228,YV,IAD,9
-2,5,19,6,6,228,YV,IAD,9
30,5,19,6,19,228,YV,IAD,9
11,5,19,6,16,228,YV,IAD,9
-5,5,20,7,6,541,YV,CLT,8
105,5,20,7,15,541,YV,CLT,8
-7,5,20,7,10,228,YV,IAD,8
-8,5,20,7,14,228,YV,IAD,8
-4,5,20,7,6,228,YV,IAD,8
21,5,20,7,19,228,YV,IAD,8
45,5,21,1,6,541,YV,CLT,7
38,5,21,1,11,541,YV,CLT,7
26,5,21,1,15,541,YV,CLT,7
-3,5,21,1,10,228,YV,IAD,7
54,5,21,1,14,228,YV,IAD,7
4,5,21,1,6,228,YV,IAD,7
37,5,21,1,19,228,YV,IAD,7
-3,5,22,2,6,541,YV,CLT,6
15,5,22,2,11,541,YV,CLT,6
60,5,22,2,15,541,YV,CLT,6
15,5,22,2,10,228,YV,IAD,6
-6,5,22,2,14,228,YV,IAD,6
-3,5,22,2,6,228,YV,IAD,6
66,5,22,2,19,228,YV,IAD,6
0,5,23,3,6,541,YV,CLT,5
35,5,23,3,11,541,YV,CLT,5
5,5,23,3,15,541,YV,CLT,5
7,5,23,3,10,228,YV,IAD,5
-4,5,23,3,14,228,YV,IAD,5
-3,5,23,3,6,228,YV,IAD,5
-7,5,23,3,19,228,YV,IAD,5
-5,5,24,4,6,541,YV,CLT,4
15,5,24,4,11,541,YV,CLT,4
60,5,24,4,15,541,YV,CLT,4
-1,5,24,4,10,228,YV,IAD,4
26,5,24,4,14,228,YV,IAD,4
-2,5,24,4,6,228,YV,IAD,4
11,5,24,4,19,228,YV,IAD,4
0,5,25,5,6,541,YV,CLT,3
5,5,25,5,11,541,YV,CLT,3
11,5,25,5,15,541,YV,CLT,3
-1,5,25,5,10,228,YV,IAD,3
-2,5,25,5,14,228,YV,IAD,3
-1,5,25,5,6,228,YV,IAD,3
44,5,25,5,19,228,YV,IAD,3
-5,5,26,6,6,541,YV,CLT,2
-6,5,26,6,10,228,YV,IAD,2
-5,5,26,6,14,228,YV,IAD,2
-5,5,26,6,6,228,YV,IAD,2
-12,5,26,6,19,228,YV,IAD,2
83,5,26,6,16,228,YV,IAD,2
-5,5,27,7,6,541,YV,CLT,1
-5,5,27,7,15,541,YV,CLT,1
-6,5,27,7,10,228,YV,IAD,1
-4,5,27,7,14,228,YV,IAD,1
0,5,27,7,6,228,YV,IAD,1
-5,5,28,1,6,541,YV,CLT,0
-5,5,28,1,11,541,YV,CLT,0
5,5,28,1,15,541,YV,CLT,0
37,5,28,1,10,228,YV,IAD,0
-11,5,28,1,14,228,YV,IAD,0
1,5,28,1,6,228,YV,IAD,0
38,5,28,1,19,228,YV,IAD,0
-10,5,29,2,6,541,YV,CLT,1
34,5,29,2,11,541,YV,CLT,1
65,5,29,2,15,541,YV,CLT,1
15,5,29,2,10,228,YV,IAD,1
-10,5,29,2,14,228,YV,IAD,1
71,5,29,2,6,228,YV,IAD,1
1,5,29,2,19,228,YV,IAD,1
-10,5,30,3,6,541,YV,CLT,2
0,5,30,3,11,541,YV,CLT,2
25,5,30,3,15,541,YV,CLT,2
1,5,30,3,10,228,YV,IAD,2
-6,5,30,3,14,228,YV,IAD,2
4,5,30,3,6,228,YV,IAD,2
5,5,30,3,19,228,YV,IAD,2
-10,5,31,4,6,541,YV,CLT,3
35,5,31,4,11,541,YV,CLT,3
8,5,31,4,15,541,YV,CLT,3
9,5,31,4,10,228,YV,IAD,3
0,5,31,4,14,228,YV,IAD,3
0,5,31,4,6,228,YV,IAD,3
11,5,31,4,19,228,YV,IAD,3
-10,5,1,2,6,589,OH,CVG,27
-5,5,1,2,7,187,OH,BOS,27
0,5,1,2,7,740,OH,ORD,27
15,5,1,2,7,213,OH,DCA,27
10,5,1,2,8,288,OH,RIC,27
-5,5,1,2,8,508,OH,DTW,27
8,5,1,2,8,340,OH,PIT,27
15,5,1,2,8,187,OH,BOS,27
-2,5,1,2,8,228,OH,IAD,27
24,5,1,2,8,426,OH,RDU,27
-5,5,1,2,9,766,OH,BNA,27
-12,5,1,2,9,301,OH,BUF,27
-5,5,1,2,9,264,OH,ROC,27
-10,5,1,2,10,740,OH,ORD,27
54,5,1,2,9,483,OH,CMH,27
-10,5,1,2,11,187,OH,BOS,27
-2,5,1,2,12,213,OH,DCA,27
0,5,1,2,13,187,OH,BOS,27
0,5,1,2,13,301,OH,BUF,27
0,5,1,2,13,589,OH,CVG,27
-5,5,1,2,14,766,OH,BNA,27
0,5,1,2,15,184,OH,BWI,27
5,5,1,2,16,213,OH,DCA,27
-2,5,1,2,16,301,OH,BUF,27
0,5,1,2,16,264,OH,ROC,27
26,5,1,2,15,425,OH,CLE,27
-3,5,1,2,16,426,OH,RDU,27
-5,5,1,2,16,228,OH,IAD,27
0,5,1,2,16,483,OH,CMH,27
19,5,1,2,16,508,OH,DTW,27
0,5,1,2,16,187,OH,BOS,27
7,5,1,2,17,340,OH,PIT,27
45,5,1,2,16,289,OH,ORF,27
-8,5,1,2,18,213,OH,DCA,27
100,5,1,2,16,740,OH,ORD,27
0,5,1,2,19,187,OH,BOS,27
13,5,1,2,18,301,OH,BUF,27
18,5,1,2,19,766,OH,BNA,27
13,5,1,2,19,426,OH,RDU,27
-5,5,1,2,19,508,OH,DTW,27
34,5,1,2,19,740,OH,ORD,27
25,5,1,2,19,589,OH,CVG,27
-6,5,1,2,20,289,OH,ORF,27
-3,5,1,2,20,213,OH,DCA,27
90,5,1,2,19,228,OH,IAD,27
-2,5,1,2,21,264,OH,ROC,27
9,5,1,2,21,267,OH,BTV,27
5,5,2,3,6,589,OH,CVG,26
0,5,2,3,7,213,OH,DCA,26
-5,5,2,3,7,740,OH,ORD,26
45,5,2,3,7,187,OH,BOS,26
-5,5,2,3,8,288,OH,RIC,26
-10,5,2,3,8,508,OH,DTW,26
11,5,2,3,8,426,OH,RDU,26
-10,5,2,3,9,766,OH,BNA,26
0,5,2,3,8,228,OH,IAD,26
27,5,2,3,8,340,OH,PIT,26
55,5,2,3,8,187,OH,BOS,26
25,5,2,3,9,483,OH,CMH,26
25,5,2,3,9,301,OH,BUF,26
10,5,2,3,9,264,OH,ROC,26
-3,5,2,3,10,740,OH,ORD,26
10,5,2,3,11,301,OH,BUF,26
10,5,2,3,11,187,OH,BOS,26
5,5,2,3,11,228,OH,IAD,26
-5,5,2,3,12,213,OH,DCA,26
0,5,2,3,12,740,OH,ORD,26
0,5,2,3,12,264,OH,ROC,26
-10,5,2,3,13,267,OH,BTV,26
0,5,2,3,13,483,OH,CMH,26
27,5,2,3,13,301,OH,BUF,26
28,5,2,3,13,589,OH,CVG,26
65,5,2,3,13,187,OH,BOS,26
20,5,2,3,14,766,OH,BNA,26
-5,5,2,3,15,184,OH,BWI,26
0,5,2,3,15,301,OH,BUF,26
-10,5,2,3,15,425,OH,CLE,26
0,5,2,3,16,213,OH,DCA,26
0,5,2,3,16,508,OH,DTW,26
0,5,2,3,16,426,OH,RDU,26
0,5,2,3,16,483,OH,CMH,26
0,5,2,3,16,228,OH,IAD,26
0,5,2,3,16,740,OH,ORD,26
35,5,2,3,16,264,OH,ROC,26
-5,5,2,3,16,187,OH,BOS,26
12,5,2,3,16,289,OH,ORF,26
0,5,2,3,17,340,OH,PIT,26
15,5,2,3,18,425,OH,CLE,26
0,5,2,3,19,740,OH,ORD,26
30,5,2,3,19,426,OH,RDU,26
50,5,2,3,19,187,OH,BOS,26
55,5,2,3,19,228,OH,IAD,26
65,5,2,3,19,508,OH,DTW,26
115,5,2,3,19,766,OH,BNA,26
190,5,2,3,18,213,OH,DCA,26
20,5,2,3,21,264,OH,ROC,26
54,5,2,3,20,289,OH,ORF,26
12,5,2,3,21,267,OH,BTV,26
150,5,2,3,19,589,OH,CVG,26
175,5,2,3,18,301,OH,BUF,26
78,5,2,3,20,213,OH,DCA,26
110,5,2,3,21,301,OH,BUF,26
5,5,3,4,6,589,OH,CVG,25
-5,5,3,4,7,187,OH,BOS,25
-5,5,3,4,7,740,OH,ORD,25
0,5,3,4,7,213,OH,DCA,25
-3,5,3,4,8,340,OH,PIT,25
-4,5,3,4,8,187,OH,BOS,25
8,5,3,4,8,288,OH,RIC,25
-10,5,3,4,8,508,OH,DTW,25
0,5,3,4,8,228,OH,IAD,25
0,5,3,4,9,483,OH,CMH,25
5,5,3,4,9,766,OH,BNA,25
45,5,3,4,8,426,OH,RDU,25
0,5,3,4,9,301,OH,BUF,25
8,5,3,4,9,264,OH,ROC,25
7,5,3,4,10,740,OH,ORD,25
0,5,3,4,11,187,OH,BOS,25
0,5,3,4,11,301,OH,BUF,25
0,5,3,4,11,228,OH,IAD,25
19,5,3,4,12,213,OH,DCA,25
0,5,3,4,12,740,OH,ORD,25
0,5,3,4,12,264,OH,ROC,25
0,5,3,4,13,187,OH,BOS,25
5,5,3,4,13,267,OH,BTV,25
-5,5,3,4,13,301,OH,BUF,25
0,5,3,4,13,483,OH,CMH,25
13,5,3,4,13,589,OH,CVG,25
-5,5,3,4,14,766,OH,BNA,25
-10,5,3,4,15,184,OH,BWI,25
0,5,3,4,15,301,OH,BUF,25
5,5,3,4,15,425,OH,CLE,25
0,5,3,4,16,213,OH,DCA,25
10,5,3,4,16,264,OH,ROC,25
0,5,3,4,16,508,OH,DTW,25
0,5,3,4,16,483,OH,CMH,25
10,5,3,4,16,228,OH,IAD,25
15,5,3,4,16,426,OH,RDU,25
7,5,3,4,16,740,OH,ORD,25
10,5,3,4,16,289,OH,ORF,25
0,5,3,4,16,187,OH,BOS,25
30,5,3,4,17,340,OH,PIT,25
0,5,3,4,18,213,OH,DCA,25
0,5,3,4,18,425,OH,CLE,25
0,5,3,4,18,301,OH,BUF,25
0,5,3,4,19,766,OH,BNA,25
0,5,3,4,19,426,OH,RDU,25
19,5,3,4,19,740,OH,ORD,25
25,5,3,4,19,187,OH,BOS,25
25,5,3,4,19,589,OH,CVG,25
30,5,3,4,19,228,OH,IAD,25
30,5,3,4,19,508,OH,DTW,25
0,5,3,4,20,213,OH,DCA,25
0,5,3,4,21,264,OH,ROC,25
0,5,3,4,21,267,OH,BTV,25
49,5,3,4,20,289,OH,ORF,25
90,5,3,4,21,301,OH,BUF,25
20,5,4,5,6,589,OH,CVG,24
0,5,4,5,7,187,OH,BOS,24
0,5,4,5,7,740,OH,ORD,24
30,5,4,5,7,213,OH,DCA,24
0,5,4,5,8,426,OH,RDU,24
0,5,4,5,8,340,OH,PIT,24
0,5,4,5,8,187,OH,BOS,24
-3,5,4,5,8,508,OH,DTW,24
0,5,4,5,8,228,OH,IAD,24
0,5,4,5,9,483,OH,CMH,24
8,5,4,5,9,766,OH,BNA,24
35,5,4,5,9,301,OH,BUF,24
109,5,4,5,8,288,OH,RIC,24
15,5,4,5,10,740,OH,ORD,24
40,5,4,5,9,264,OH,ROC,24
-5,5,4,5,11,187,OH,BOS,24
-7,5,4,5,11,228,OH,IAD,24
50,5,4,5,11,301,OH,BUF,24
26,5,4,5,12,213,OH,DCA,24
14,5,4,5,12,264,OH,ROC,24
-5,5,4,5,13,267,OH,BTV,24
0,5,4,5,13,483,OH,CMH,24
80,5,4,5,12,740,OH,ORD,24
23,5,4,5,13,589,OH,CVG,24
70,5,4,5,13,187,OH,BOS,24
60,5,4,5,13,301,OH,BUF,24
30,5,4,5,14,766,OH,BNA,24
-1,5,4,5,15,184,OH,BWI,24
0,5,4,5,15,301,OH,BUF,24
0,5,4,5,15,425,OH,CLE,24
0,5,4,5,16,213,OH,DCA,24
0,5,4,5,16,508,OH,DTW,24
0,5,4,5,16,426,OH,RDU,24
-1,5,4,5,16,483,OH,CMH,24
-5,5,4,5,16,289,OH,ORF,24
-5,5,4,5,16,740,OH,ORD,24
0,5,4,5,16,187,OH,BOS,24
25,5,4,5,16,228,OH,IAD,24
42,5,4,5,17,340,OH,PIT,24
-10,5,4,5,18,213,OH,DCA,24
29,5,4,5,18,425,OH,CLE,24
9,5,4,5,19,740,OH,ORD,24
20,5,4,5,19,187,OH,BOS,24
8,5,4,5,19,426,OH,RDU,24
50,5,4,5,18,301,OH,BUF,24
20,5,4,5,19,228,OH,IAD,24
35,5,4,5,19,589,OH,CVG,24
55,5,4,5,19,766,OH,BNA,24
45,5,4,5,19,508,OH,DTW,24
-10,5,4,5,20,213,OH,DCA,24
0,5,4,5,21,264,OH,ROC,24
0,5,4,5,21,267,OH,BTV,24
55,5,4,5,21,187,OH,BOS,24
60,5,4,5,21,301,OH,BUF,24
-2,5,5,6,7,213,OH,DCA,23
-5,5,5,6,7,740,OH,ORD,23
0,5,5,6,8,288,OH,RIC,23
0,5,5,6,8,426,OH,RDU,23
0,5,5,6,8,508,OH,DTW,23
15,5,5,6,8,187,OH,BOS,23
-3,5,5,6,8,228,OH,IAD,23
21,5,5,6,8,340,OH,PIT,23
0,5,5,6,9,766,OH,BNA,23
0,5,5,6,9,483,OH,CMH,23
0,5,5,6,9,301,OH,BUF,23
22,5,5,6,10,740,OH,ORD,23
63,5,5,6,9,264,OH,ROC,23
-5,5,5,6,11,187,OH,BOS,23
-3,5,5,6,11,228,OH,IAD,23
50,5,5,6,11,301,OH,BUF,23
36,5,5,6,12,213,OH,DCA,23
20,5,5,6,12,740,OH,ORD,23
19,5,5,6,12,264,OH,ROC,23
10,5,5,6,13,187,OH,BOS,23
0,5,5,6,13,589,OH,CVG,23
15,5,5,6,13,301,OH,BUF,23
9,5,5,6,13,483,OH,CMH,23
56,5,5,6,13,267,OH,BTV,23
0,5,5,6,14,766,OH,BNA,23
-5,5,5,6,15,184,OH,BWI,23
0,5,5,6,15,425,OH,CLE,23
-7,5,5,6,16,264,OH,ROC,23
10,5,5,6,16,301,OH,BUF,23
-2,5,5,6,16,426,OH,RDU,23
-10,5,5,6,16,228,OH,IAD,23
35,5,5,6,16,213,OH,DCA,23
15,5,5,6,16,483,OH,CMH,23
12,5,5,6,17,340,OH,PIT,23
0,5,5,6,17,662,OH,SDF,23
15,5,5,6,18,213,OH,DCA,23
0,5,5,6,18,301,OH,BUF,23
30,5,5,6,18,740,OH,ORD,23
45,5,5,6,18,760,OH,ATL,23
0,5,5,6,19,508,OH,DTW,23
35,5,5,6,19,187,OH,BOS,23
25,5,5,6,19,589,OH,CVG,23
0,5,6,7,6,589,OH,CVG,22
-5,5,6,7,8,187,OH,BOS,22
7,5,6,7,8,288,OH,RIC,22
-10,5,6,7,10,740,OH,ORD,22
-10,5,6,7,11,187,OH,BOS,22
0,5,6,7,11,301,OH,BUF,22
0,5,6,7,11,228,OH,IAD,22
0,5,6,7,12,213,OH,DCA,22
0,5,6,7,12,740,OH,ORD,22
19,5,6,7,12,264,OH,ROC,22
-10,5,6,7,13,267,OH,BTV,22
8,5,6,7,13,187,OH,BOS,22
0,5,6,7,13,483,OH,CMH,22
34,5,6,7,13,301,OH,BUF,22
28,5,6,7,13,589,OH,CVG,22
0,5,6,7,14,766,OH,BNA,22
-5,5,6,7,15,184,OH,BWI,22
0,5,6,7,15,425,OH,CLE,22
-7,5,6,7,16,264,OH,ROC,22
10,5,6,7,16,301,OH,BUF,22
0,5,6,7,16,289,OH,ORF,22
15,5,6,7,16,740,OH,ORD,22
53,5,6,7,16,508,OH,DTW,22
53,5,6,7,16,426,OH,RDU,22
25,5,6,7,16,187,OH,BOS,22
50,5,6,7,16,228,OH,IAD,22
50,5,6,7,16,483,OH,CMH,22
32,5,6,7,17,340,OH,PIT,22
100,5,6,7,16,213,OH,DCA,22
10,5,6,7,18,425,OH,CLE,22
68,5,6,7,18,213,OH,DCA,22
10,5,6,7,19,508,OH,DTW,22
40,5,6,7,19,766,OH,BNA,22
68,5,6,7,18,301,OH,BUF,22
68,5,6,7,19,187,OH,BOS,22
68,5,6,7,19,426,OH,RDU,22
84,5,6,7,19,740,OH,ORD,22
85,5,6,7,19,589,OH,CVG,22
25,5,6,7,20,213,OH,DCA,22
115,5,6,7,19,228,OH,IAD,22
49,5,6,7,20,289,OH,ORF,22
45,5,6,7,21,301,OH,BUF,22
30,5,6,7,21,267,OH,BTV,22
65,5,6,7,21,264,OH,ROC,22
-5,5,7,1,6,589,OH,CVG,21
5,5,7,1,7,213,OH,DCA,21
3,5,7,1,7,740,OH,ORD,21
15,5,7,1,7,187,OH,BOS,21
-5,5,7,1,8,288,OH,RIC,21
-5,5,7,1,8,426,OH,RDU,21
-8,5,7,1,8,340,OH,PIT,21
0,5,7,1,8,187,OH,BOS,21
0,5,7,1,8,228,OH,IAD,21
-10,5,7,1,9,483,OH,CMH,21
15,5,7,1,9,766,OH,BNA,21
0,5,7,1,9,301,OH,BUF,21
57,5,7,1,8,508,OH,DTW,21
10,5,7,1,9,264,OH,ROC,21
15,5,7,1,10,740,OH,ORD,21
-8,5,7,1,11,187,OH,BOS,21
0,5,7,1,11,301,OH,BUF,21
7,5,7,1,11,228,OH,IAD,21
0,5,7,1,12,213,OH,DCA,21
0,5,7,1,12,740,OH,ORD,21
14,5,7,1,12,264,OH,ROC,21
-5,5,7,1,13,267,OH,BTV,21
-5,5,7,1,13,187,OH,BOS,21
-5,5,7,1,13,301,OH,BUF,21
-10,5,7,1,13,483,OH,CMH,21
8,5,7,1,13,589,OH,CVG,21
0,5,7,1,14,766,OH,BNA,21
10,5,7,1,15,184,OH,BWI,21
-10,5,7,1,15,425,OH,CLE,21
0,5,7,1,16,213,OH,DCA,21
0,5,7,1,16,301,OH,BUF,21
-10,5,7,1,16,508,OH,DTW,21
8,5,7,1,16,264,OH,ROC,21
0,5,7,1,16,426,OH,RDU,21
0,5,7,1,16,228,OH,IAD,21
0,5,7,1,16,289,OH,ORF,21
0,5,7,1,16,740,OH,ORD,21
0,5,7,1,17,340,OH,PIT,21
15,5,7,1,16,187,OH,BOS,21
45,5,7,1,16,483,OH,CMH,21
-5,5,7,1,18,213,OH,DCA,21
-5,5,7,1,18,301,OH,BUF,21
0,5,7,1,19,187,OH,BOS,21
24,5,7,1,19,740,OH,ORD,21
50,5,7,1,18,425,OH,CLE,21
25,5,7,1,19,766,OH,BNA,21
12,5,7,1,19,508,OH,DTW,21
22,5,7,1,19,228,OH,IAD,21
48,5,7,1,19,426,OH,RDU,21
0,5,7,1,20,289,OH,ORF,21
15,5,7,1,20,213,OH,DCA,21
105,5,7,1,19,589,OH,CVG,21
10,5,7,1,21,264,OH,ROC,21
19,5,7,1,21,267,OH,BTV,21
65,5,7,1,21,301,OH,BUF,21
-5,5,8,2,6,589,OH,CVG,20
-5,5,8,2,7,187,OH,BOS,20
0,5,8,2,7,740,OH,ORD,20
65,5,8,2,7,213,OH,DCA,20
0,5,8,2,8,288,OH,RIC,20
0,5,8,2,8,426,OH,RDU,20
0,5,8,2,8,187,OH,BOS,20
5,5,8,2,8,340,OH,PIT,20
-5,5,8,2,8,508,OH,DTW,20
0,5,8,2,8,228,OH,IAD,20
0,5,8,2,9,766,OH,BNA,20
0,5,8,2,9,483,OH,CMH,20
0,5,8,2,9,301,OH,BUF,20
-5,5,8,2,9,264,OH,ROC,20
-5,5,8,2,10,740,OH,ORD,20
0,5,8,2,11,187,OH,BOS,20
0,5,8,2,12,213,OH,DCA,20
-10,5,8,2,13,301,OH,BUF,20
0,5,8,2,13,187,OH,BOS,20
-5,5,8,2,13,589,OH,CVG,20
-5,5,8,2,14,766,OH,BNA,20
-10,5,8,2,15,184,OH,BWI,20
5,5,8,2,15,425,OH,CLE,20
-3,5,8,2,16,264,OH,ROC,20
0,5,8,2,16,301,OH,BUF,20
0,5,8,2,16,508,OH,DTW,20
-10,5,8,2,16,228,OH,IAD,20
-7,5,8,2,16,483,OH,CMH,20
-8,5,8,2,16,740,OH,ORD,20
35,5,8,2,16,213,OH,DCA,20
11,5,8,2,16,426,OH,RDU,20
6,5,8,2,16,289,OH,ORF,20
6,5,8,2,16,187,OH,BOS,20
27,5,8,2,17,340,OH,PIT,20
0,5,8,2,18,213,OH,DCA,20
0,5,8,2,18,301,OH,BUF,20
19,5,8,2,18,425,OH,CLE,20
-1,5,8,2,19,740,OH,ORD,20
0,5,8,2,19,766,OH,BNA,20
20,5,8,2,19,187,OH,BOS,20
10,5,8,2,19,589,OH,CVG,20
0,5,8,2,19,508,OH,DTW,20
28,5,8,2,19,426,OH,RDU,20
15,5,8,2,19,228,OH,IAD,20
-8,5,8,2,20,213,OH,DCA,20
9,5,8,2,20,289,OH,ORF,20
0,5,8,2,21,264,OH,ROC,20
9,5,8,2,21,301,OH,BUF,20
-10,5,8,2,21,267,OH,BTV,20
0,5,9,3,6,589,OH,CVG,19
-6,5,9,3,7,187,OH,BOS,19
0,5,9,3,7,213,OH,DCA,19
-5,5,9,3,7,740,OH,ORD,19
-5,5,9,3,8,288,OH,RIC,19
-5,5,9,3,8,426,OH,RDU,19
-5,5,9,3,8,340,OH,PIT,19
-5,5,9,3,8,187,OH,BOS,19
-10,5,9,3,8,508,OH,DTW,19
-10,5,9,3,9,766,OH,BNA,19
-5,5,9,3,9,483,OH,CMH,19
5,5,9,3,8,228,OH,IAD,19
0,5,9,3,9,301,OH,BUF,19
10,5,9,3,9,264,OH,ROC,19
-5,5,9,3,10,740,OH,ORD,19
-5,5,9,3,11,187,OH,BOS,19
0,5,9,3,11,301,OH,BUF,19
0,5,9,3,11,228,OH,IAD,19
-4,5,9,3,12,213,OH,DCA,19
-10,5,9,3,12,740,OH,ORD,19
-1,5,9,3,12,264,OH,ROC,19
0,5,9,3,13,267,OH,BTV,19
-10,5,9,3,13,301,OH,BUF,19
-2,5,9,3,13,589,OH,CVG,19
35,5,9,3,13,187,OH,BOS,19
0,5,9,3,14,766,OH,BNA,19
39,5,9,3,13,483,OH,CMH,19
0,5,9,3,15,184,OH,BWI,19
0,5,9,3,15,301,OH,BUF,19
-5,5,9,3,15,425,OH,CLE,19
0,5,9,3,16,213,OH,DCA,19
-5,5,9,3,16,264,OH,ROC,19
0,5,9,3,16,508,OH,DTW,19
0,5,9,3,16,228,OH,IAD,19
0,5,9,3,16,483,OH,CMH,19
0,5,9,3,16,289,OH,ORF,19
0,5,9,3,16,740,OH,ORD,19
0,5,9,3,17,340,OH,PIT,19
145,5,9,3,16,426,OH,RDU,19
50,5,9,3,18,213,OH,DCA,19
0,5,9,3,19,187,OH,BOS,19
0,5,9,3,19,766,OH,BNA,19
135,5,9,3,16,187,OH,BOS,19
9,5,9,3,19,740,OH,ORD,19
43,5,9,3,19,426,OH,RDU,19
54,5,9,3,19,589,OH,CVG,19
60,5,9,3,19,508,OH,DTW,19
111,5,9,3,18,301,OH,BUF,19
100,5,9,3,19,228,OH,IAD,19
39,5,9,3,20,289,OH,ORF,19
70,5,9,3,20,213,OH,DCA,19
58,5,9,3,21,264,OH,ROC,19
48,5,9,3,21,267,OH,BTV,19
122,5,9,3,21,301,OH,BUF,19
315,5,9,3,18,425,OH,CLE,19
-10,5,10,4,6,589,OH,CVG,18
-10,5,10,4,7,187,OH,BOS,18
-5,5,10,4,7,213,OH,DCA,18
0,5,10,4,7,740,OH,ORD,18
-10,5,10,4,8,426,OH,RDU,18
0,5,10,4,8,288,OH,RIC,18
-6,5,10,4,8,340,OH,PIT,18
0,5,10,4,8,187,OH,BOS,18
0,5,10,4,8,508,OH,DTW,18
0,5,10,4,8,228,OH,IAD,18
-10,5,10,4,9,483,OH,CMH,18
0,5,10,4,9,301,OH,BUF,18
35,5,10,4,9,766,OH,BNA,18
6,5,10,4,9,264,OH,ROC,18
-3,5,10,4,10,740,OH,ORD,18
-5,5,10,4,11,228,OH,IAD,18
5,5,10,4,11,187,OH,BOS,18
30,5,10,4,11,301,OH,BUF,18
-2,5,10,4,12,213,OH,DCA,18
39,5,10,4,12,264,OH,ROC,18
30,5,10,4,13,301,OH,BUF,18
24,5,10,4,13,483,OH,CMH,18
100,5,10,4,12,740,OH,ORD,18
60,5,10,4,13,267,OH,BTV,18
50,5,10,4,13,589,OH,CVG,18
25,5,10,4,14,766,OH,BNA,18
97,5,10,4,13,187,OH,BOS,18
12,5,10,4,15,425,OH,CLE,18
0,5,10,4,16,264,OH,ROC,18
33,5,10,4,15,301,OH,BUF,18
0,5,10,4,16,228,OH,IAD,18
91,5,10,4,15,184,OH,BWI,18
27,5,10,4,16,508,OH,DTW,18
85,5,10,4,17,340,OH,PIT,18
110,5,10,4,16,187,OH,BOS,18
40,5,10,4,18,213,OH,DCA,18
48,5,10,4,19,426,OH,RDU,18
105,5,10,4,19,187,OH,BOS,18
40,5,10,4,20,213,OH,DCA,18
114,5,10,4,20,289,OH,ORF,18
15,5,11,5,6,589,OH,CVG,17
0,5,11,5,7,213,OH,DCA,17
-5,5,11,5,7,740,OH,ORD,17
5,5,11,5,7,187,OH,BOS,17
0,5,11,5,8,288,OH,RIC,17
0,5,11,5,8,426,OH,RDU,17
5,5,11,5,8,187,OH,BOS,17
12,5,11,5,8,340,OH,PIT,17
30,5,11,5,8,508,OH,DTW,17
20,5,11,5,8,228,OH,IAD,17
15,5,11,5,9,483,OH,CMH,17
25,5,11,5,9,766,OH,BNA,17
10,5,11,5,9,301,OH,BUF,17
27,5,11,5,9,264,OH,ROC,17
55,5,11,5,10,740,OH,ORD,17
0,5,11,5,11,187,OH,BOS,17
0,5,11,5,11,228,OH,IAD,17
40,5,11,5,11,301,OH,BUF,17
0,5,11,5,12,213,OH,DCA,17
0,5,11,5,12,264,OH,ROC,17
35,5,11,5,12,740,OH,ORD,17
0,5,11,5,13,267,OH,BTV,17
0,5,11,5,13,187,OH,BOS,17
21,5,11,5,13,589,OH,CVG,17
53,5,11,5,13,483,OH,CMH,17
40,5,11,5,14,766,OH,BNA,17
0,5,11,5,15,184,OH,BWI,17
130,5,11,5,13,301,OH,BUF,17
15,5,11,5,16,740,OH,ORD,17
25,5,11,5,16,483,OH,CMH,17
40,5,11,5,16,228,OH,IAD,17
103,5,11,5,15,425,OH,CLE,17
60,5,11,5,16,187,OH,BOS,17
72,5,11,5,17,340,OH,PIT,17
115,5,11,5,16,508,OH,DTW,17
109,5,11,5,16,426,OH,RDU,17
140,5,11,5,16,213,OH,DCA,17
-5,5,11,5,18,425,OH,CLE,17
150,5,11,5,16,264,OH,ROC,17
183,5,11,5,15,301,OH,BUF,17
0,5,11,5,18,301,OH,BUF,17
-5,5,11,5,19,766,OH,BNA,17
0,5,11,5,19,228,OH,IAD,17
165,5,11,5,16,289,OH,ORF,17
0,5,11,5,19,508,OH,DTW,17
40,5,11,5,19,589,OH,CVG,17
59,5,11,5,19,740,OH,ORD,17
53,5,11,5,19,426,OH,RDU,17
80,5,11,5,19,187,OH,BOS,17
150,5,11,5,18,213,OH,DCA,17
-10,5,11,5,21,264,OH,ROC,17
35,5,11,5,20,213,OH,DCA,17
45,5,11,5,21,301,OH,BUF,17
140,5,11,5,21,187,OH,BOS,17
150,5,11,5,21,267,OH,BTV,17
0,5,12,6,7,213,OH,DCA,16
0,5,12,6,7,740,OH,ORD,16
0,5,12,6,8,288,OH,RIC,16
-3,5,12,6,8,340,OH,PIT,16
0,5,12,6,8,187,OH,BOS,16
12,5,12,6,8,508,OH,DTW,16
0,5,12,6,9,766,OH,BNA,16
37,5,12,6,8,426,OH,RDU,16
15,5,12,6,8,228,OH,IAD,16
13,5,12,6,9,483,OH,CMH,16
0,5,12,6,9,301,OH,BUF,16
0,5,12,6,9,264,OH,ROC,16
-5,5,12,6,10,740,OH,ORD,16
-5,5,12,6,11,187,OH,BOS,16
-5,5,12,6,11,301,OH,BUF,16
0,5,12,6,11,228,OH,IAD,16
0,5,12,6,12,264,OH,ROC,16
20,5,12,6,12,740,OH,ORD,16
51,5,12,6,12,213,OH,DCA,16
0,5,12,6,13,267,OH,BTV,16
0,5,12,6,13,301,OH,BUF,16
15,5,12,6,13,187,OH,BOS,16
15,5,12,6,13,483,OH,CMH,16
0,5,12,6,14,766,OH,BNA,16
0,5,12,6,15,184,OH,BWI,16
103,5,12,6,13,589,OH,CVG,16
0,5,12,6,15,425,OH,CLE,16
0,5,12,6,16,213,OH,DCA,16
-5,5,12,6,16,301,OH,BUF,16
0,5,12,6,16,264,OH,ROC,16
-5,5,12,6,16,228,OH,IAD,16
26,5,12,6,16,426,OH,RDU,16
30,5,12,6,16,483,OH,CMH,16
17,5,12,6,17,340,OH,PIT,16
-5,5,12,6,18,213,OH,DCA,16
0,5,12,6,18,740,OH,ORD,16
-10,5,12,6,19,589,OH,CVG,16
20,5,12,6,18,301,OH,BUF,16
30,5,12,6,19,187,OH,BOS,16
0,5,12,6,19,508,OH,DTW,16
80,5,12,6,18,760,OH,ATL,16
180,5,13,7,21,301,OH,BUF,15
0,5,13,7,6,589,OH,CVG,15
-8,5,13,7,8,288,OH,RIC,15
0,5,13,7,8,187,OH,BOS,15
20,5,13,7,10,740,OH,ORD,15
-5,5,13,7,11,187,OH,BOS,15
0,5,13,7,11,301,OH,BUF,15
0,5,13,7,11,228,OH,IAD,15
21,5,13,7,12,213,OH,DCA,15
0,5,13,7,12,740,OH,ORD,15
4,5,13,7,12,264,OH,ROC,15
-5,5,13,7,13,187,OH,BOS,15
10,5,13,7,13,267,OH,BTV,15
25,5,13,7,13,301,OH,BUF,15
18,5,13,7,13,589,OH,CVG,15
18,5,13,7,13,483,OH,CMH,15
0,5,13,7,14,766,OH,BNA,15
-10,5,13,7,15,184,OH,BWI,15
-5,5,13,7,16,301,OH,BUF,15
10,5,13,7,16,213,OH,DCA,15
-2,5,13,7,16,426,OH,RDU,15
12,5,13,7,16,264,OH,ROC,15
0,5,13,7,16,483,OH,CMH,15
-5,5,13,7,16,289,OH,ORF,15
0,5,13,7,16,228,OH,IAD,15
30,5,13,7,16,740,OH,ORD,15
17,5,13,7,17,340,OH,PIT,15
30,5,13,7,16,187,OH,BOS,15
70,5,13,7,16,508,OH,DTW,15
0,5,13,7,18,213,OH,DCA,15
15,5,13,7,19,187,OH,BOS,15
34,5,13,7,19,740,OH,ORD,15
30,5,13,7,19,228,OH,IAD,15
80,5,13,7,18,425,OH,CLE,15
45,5,13,7,19,589,OH,CVG,15
90,5,13,7,18,301,OH,BUF,15
85,5,13,7,19,766,OH,BNA,15
88,5,13,7,19,426,OH,RDU,15
35,5,13,7,20,213,OH,DCA,15
335,5,13,7,15,425,OH,CLE,15
130,5,13,7,19,508,OH,DTW,15
94,5,13,7,20,289,OH,ORF,15
51,5,13,7,21,267,OH,BTV,15
80,5,13,7,21,264,OH,ROC,15
0,5,14,1,6,589,OH,CVG,14
0,5,14,1,7,213,OH,DCA,14
0,5,14,1,7,740,OH,ORD,14
15,5,14,1,7,187,OH,BOS,14
-8,5,14,1,8,187,OH,BOS,14
0,5,14,1,8,426,OH,RDU,14
0,5,14,1,8,340,OH,PIT,14
0,5,14,1,9,766,OH,BNA,14
40,5,14,1,8,288,OH,RIC,14
0,5,14,1,9,301,OH,BUF,14
40,5,14,1,8,508,OH,DTW,14
20,5,14,1,9,483,OH,CMH,14
30,5,14,1,8,228,OH,IAD,14
0,5,14,1,9,264,OH,ROC,14
0,5,14,1,10,740,OH,ORD,14
-10,5,14,1,11,187,OH,BOS,14
-5,5,14,1,11,228,OH,IAD,14
10,5,14,1,11,301,OH,BUF,14
0,5,14,1,12,740,OH,ORD,14
36,5,14,1,12,213,OH,DCA,14
19,5,14,1,12,264,OH,ROC,14
-4,5,14,1,13,267,OH,BTV,14
-5,5,14,1,13,301,OH,BUF,14
0,5,14,1,13,483,OH,CMH,14
30,5,14,1,13,187,OH,BOS,14
25,5,14,1,13,589,OH,CVG,14
-5,5,14,1,14,766,OH,BNA,14
0,5,14,1,15,184,OH,BWI,14
0,5,14,1,15,425,OH,CLE,14
0,5,14,1,16,264,OH,ROC,14
-5,5,14,1,16,508,OH,DTW,14
10,5,14,1,16,301,OH,BUF,14
-5,5,14,1,16,426,OH,RDU,14
35,5,14,1,16,213,OH,DCA,14
0,5,14,1,16,228,OH,IAD,14
0,5,14,1,16,740,OH,ORD,14
7,5,14,1,16,289,OH,ORF,14
-1,5,14,1,16,187,OH,BOS,14
5,5,14,1,17,340,OH,PIT,14
40,5,14,1,16,483,OH,CMH,14
0,5,14,1,18,213,OH,DCA,14
10,5,14,1,18,425,OH,CLE,14
5,5,14,1,18,301,OH,BUF,14
-2,5,14,1,19,187,OH,BOS,14
6,5,14,1,19,766,OH,BNA,14
0,5,14,1,19,426,OH,RDU,14
0,5,14,1,19,228,OH,IAD,14
5,5,14,1,19,508,OH,DTW,14
22,5,14,1,19,589,OH,CVG,14
39,5,14,1,19,740,OH,ORD,14
0,5,14,1,21,301,OH,BUF,14
45,5,14,1,20,213,OH,DCA,14
54,5,14,1,20,289,OH,ORF,14
35,5,14,1,21,264,OH,ROC,14
40,5,14,1,21,267,OH,BTV,14
30,5,15,2,6,589,OH,CVG,13
-10,5,15,2,7,213,OH,DCA,13
0,5,15,2,7,187,OH,BOS,13
0,5,15,2,7,740,OH,ORD,13
0,5,15,2,8,426,OH,RDU,13
0,5,15,2,8,340,OH,PIT,13
-10,5,15,2,8,508,OH,DTW,13
10,5,15,2,8,288,OH,RIC,13
5,5,15,2,8,228,OH,IAD,13
0,5,15,2,9,483,OH,CMH,13
10,5,15,2,9,766,OH,BNA,13
0,5,15,2,9,301,OH,BUF,13
-5,5,15,2,9,264,OH,ROC,13
71,5,15,2,8,187,OH,BOS,13
-6,5,15,2,10,740,OH,ORD,13
-10,5,15,2,11,187,OH,BOS,13
-5,5,15,2,12,213,OH,DCA,13
0,5,15,2,13,187,OH,BOS,13
0,5,15,2,13,301,OH,BUF,13
0,5,15,2,13,589,OH,CVG,13
-5,5,15,2,14,766,OH,BNA,13
-7,5,15,2,15,184,OH,BWI,13
5,5,15,2,16,264,OH,ROC,13
15,5,15,2,16,301,OH,BUF,13
30,5,15,2,16,213,OH,DCA,13
5,5,15,2,16,483,OH,CMH,13
0,5,15,2,16,740,OH,ORD,13
20,5,15,2,16,289,OH,ORF,13
35,5,15,2,16,228,OH,IAD,13
63,5,15,2,16,426,OH,RDU,13
55,5,15,2,16,187,OH,BOS,13
112,5,15,2,15,425,OH,CLE,13
72,5,15,2,17,340,OH,PIT,13
23,5,15,2,18,213,OH,DCA,13
15,5,15,2,18,425,OH,CLE,13
160,5,15,2,16,508,OH,DTW,13
40,5,15,2,18,301,OH,BUF,13
65,5,15,2,19,589,OH,CVG,13
68,5,15,2,19,426,OH,RDU,13
65,5,15,2,19,508,OH,DTW,13
102,5,15,2,19,228,OH,IAD,13
140,5,15,2,19,766,OH,BNA,13
150,5,15,2,19,187,OH,BOS,13
154,5,15,2,19,740,OH,ORD,13
65,5,15,2,20,213,OH,DCA,13
80,5,15,2,21,301,OH,BUF,13
109,5,15,2,20,289,OH,ORF,13
65,5,15,2,21,267,OH,BTV,13
103,5,15,2,21,264,OH,ROC,13
315,5,16,3,19,766,OH,BNA,12
259,5,16,3,20,289,OH,ORF,12
410,5,16,3,18,425,OH,CLE,12
-5,5,16,3,6,589,OH,CVG,12
0,5,16,3,7,213,OH,DCA,12
0,5,16,3,7,187,OH,BOS,12
0,5,16,3,7,740,OH,ORD,12
-5,5,16,3,8,426,OH,RDU,12
0,5,16,3,8,340,OH,PIT,12
15,5,16,3,8,288,OH,RIC,12
8,5,16,3,8,187,OH,BOS,12
0,5,16,3,8,508,OH,DTW,12
-10,5,16,3,9,766,OH,BNA,12
0,5,16,3,8,228,OH,IAD,12
-5,5,16,3,9,483,OH,CMH,12
15,5,16,3,9,301,OH,BUF,12
0,5,16,3,9,264,OH,ROC,12
0,5,16,3,10,740,OH,ORD,12
-5,5,16,3,11,187,OH,BOS,12
5,5,16,3,11,301,OH,BUF,12
-5,5,16,3,11,228,OH,IAD,12
-9,5,16,3,12,213,OH,DCA,12
-10,5,16,3,12,740,OH,ORD,12
-1,5,16,3,12,264,OH,ROC,12
-15,5,16,3,13,187,OH,BOS,12
0,5,16,3,13,267,OH,BTV,12
0,5,16,3,13,301,OH,BUF,12
-5,5,16,3,14,766,OH,BNA,12
50,5,16,3,13,483,OH,CMH,12
-5,5,16,3,15,184,OH,BWI,12
0,5,16,3,15,301,OH,BUF,12
-5,5,16,3,16,483,OH,CMH,12
25,5,16,3,16,264,OH,ROC,12
0,5,16,3,16,740,OH,ORD,12
0,5,16,3,16,289,OH,ORF,12
25,5,16,3,16,508,OH,DTW,12
10,5,16,3,16,228,OH,IAD,12
100,5,16,3,16,213,OH,DCA,12
247,5,16,3,17,340,OH,PIT,12
155,5,16,3,18,301,OH,BUF,12
50,5,16,3,21,264,OH,ROC,12
175,5,16,3,19,187,OH,BOS,12
183,5,16,3,19,426,OH,RDU,12
45,5,16,3,21,267,OH,BTV,12
114,5,16,3,20,213,OH,DCA,12
225,5,16,3,19,740,OH,ORD,12
225,5,16,3,19,589,OH,CVG,12
250,5,16,3,19,228,OH,IAD,12
255,5,16,3,19,508,OH,DTW,12
0,5,17,4,6,589,OH,CVG,11
0,5,17,4,7,187,OH,BOS,11
20,5,17,4,7,213,OH,DCA,11
15,5,17,4,7,740,OH,ORD,11
0,5,17,4,8,288,OH,RIC,11
-8,5,17,4,8,187,OH,BOS,11
-1,5,17,4,8,508,OH,DTW,11
0,5,17,4,8,228,OH,IAD,11
4,5,17,4,9,766,OH,BNA,11
7,5,17,4,9,483,OH,CMH,11
30,5,17,4,9,301,OH,BUF,11
0,5,17,4,10,740,OH,ORD,11
-2,5,17,4,11,228,OH,IAD,11
11,5,17,4,12,213,OH,DCA,11
9,5,17,4,12,264,OH,ROC,11
270,5,17,4,8,426,OH,RDU,11
0,5,17,4,13,301,OH,BUF,11
0,5,17,4,13,589,OH,CVG,11
68,5,17,4,12,740,OH,ORD,11
45,5,17,4,13,267,OH,BTV,11
175,5,17,4,11,187,OH,BOS,11
41,5,17,4,13,187,OH,BOS,11
0,5,17,4,14,766,OH,BNA,11
60,5,17,4,13,483,OH,CMH,11
10,5,17,4,15,184,OH,BWI,11
-2,5,17,4,15,425,OH,CLE,11
18,5,17,4,15,301,OH,BUF,11
10,5,17,4,16,213,OH,DCA,11
0,5,17,4,16,426,OH,RDU,11
-4,5,17,4,16,483,OH,CMH,11
0,5,17,4,16,228,OH,IAD,11
0,5,17,4,16,740,OH,ORD,11
45,5,17,4,16,264,OH,ROC,11
36,5,17,4,16,508,OH,DTW,11
0,5,17,4,17,340,OH,PIT,11
96,5,17,4,16,289,OH,ORF,11
-10,5,17,4,18,301,OH,BUF,11
130,5,17,4,16,187,OH,BOS,11
70,5,17,4,18,213,OH,DCA,11
13,5,17,4,19,426,OH,RDU,11
0,5,17,4,19,508,OH,DTW,11
60,5,17,4,18,425,OH,CLE,11
30,5,17,4,19,766,OH,BNA,11
45,5,17,4,19,740,OH,ORD,11
55,5,17,4,19,187,OH,BOS,11
45,5,17,4,19,589,OH,CVG,11
57,5,17,4,19,228,OH,IAD,11
-5,5,17,4,20,213,OH,DCA,11
0,5,17,4,20,289,OH,ORF,11
0,5,17,4,21,264,OH,ROC,11
0,5,17,4,21,267,OH,BTV,11
110,5,17,4,21,301,OH,BUF,11
0,5,18,5,6,589,OH,CVG,10
0,5,18,5,7,187,OH,BOS,10
0,5,18,5,7,213,OH,DCA,10
25,5,18,5,7,740,OH,ORD,10
0,5,18,5,8,340,OH,PIT,10
8,5,18,5,8,426,OH,RDU,10
5,5,18,5,8,187,OH,BOS,10
-8,5,18,5,9,766,OH,BNA,10
13,5,18,5,8,228,OH,IAD,10
30,5,18,5,8,508,OH,DTW,10
75,5,18,5,8,288,OH,RIC,10
35,5,18,5,9,483,OH,CMH,10
0,5,18,5,9,264,OH,ROC,10
0,5,18,5,10,740,OH,ORD,10
40,5,18,5,9,301,OH,BUF,10
0,5,18,5,11,187,OH,BOS,10
0,5,18,5,11,228,OH,IAD,10
0,5,18,5,12,264,OH,ROC,10
36,5,18,5,12,213,OH,DCA,10
55,5,18,5,12,740,OH,ORD,10
13,5,18,5,13,589,OH,CVG,10
53,5,18,5,13,267,OH,BTV,10
50,5,18,5,13,187,OH,BOS,10
40,5,18,5,13,483,OH,CMH,10
15,5,18,5,14,766,OH,BNA,10
75,5,18,5,13,301,OH,BUF,10
0,5,18,5,15,184,OH,BWI,10
255,5,18,5,11,301,OH,BUF,10
0,5,18,5,15,301,OH,BUF,10
0,5,18,5,15,425,OH,CLE,10
-5,5,18,5,16,289,OH,ORF,10
25,5,18,5,16,740,OH,ORD,10
45,5,18,5,16,426,OH,RDU,10
65,5,18,5,16,264,OH,ROC,10
40,5,18,5,16,187,OH,BOS,10
78,5,18,5,17,340,OH,PIT,10
18,5,18,5,18,425,OH,CLE,10
170,5,18,5,16,508,OH,DTW,10
73,5,18,5,18,213,OH,DCA,10
185,5,18,5,16,483,OH,CMH,10
81,5,18,5,18,301,OH,BUF,10
90,5,18,5,19,187,OH,BOS,10
70,5,18,5,19,508,OH,DTW,10
115,5,18,5,19,766,OH,BNA,10
322,5,18,5,16,213,OH,DCA,10
133,5,18,5,19,426,OH,RDU,10
140,5,18,5,19,228,OH,IAD,10
67,5,18,5,20,213,OH,DCA,10
50,5,18,5,21,187,OH,BOS,10
60,5,18,5,21,264,OH,ROC,10
77,5,18,5,21,267,OH,BTV,10
150,5,18,5,21,301,OH,BUF,10
-5,5,19,6,7,740,OH,ORD,9
5,5,19,6,7,213,OH,DCA,9
0,5,19,6,8,426,OH,RDU,9
0,5,19,6,8,187,OH,BOS,9
25,5,19,6,8,288,OH,RIC,9
0,5,19,6,9,766,OH,BNA,9
27,5,19,6,8,340,OH,PIT,9
-2,5,19,6,9,483,OH,CMH,9
20,5,19,6,8,508,OH,DTW,9
20,5,19,6,8,228,OH,IAD,9
0,5,19,6,9,301,OH,BUF,9
0,5,19,6,10,740,OH,ORD,9
30,5,19,6,9,264,OH,ROC,9
0,5,19,6,11,187,OH,BOS,9
5,5,19,6,11,301,OH,BUF,9
15,5,19,6,11,228,OH,IAD,9
16,5,19,6,12,213,OH,DCA,9
0,5,19,6,12,740,OH,ORD,9
0,5,19,6,12,264,OH,ROC,9
0,5,19,6,13,267,OH,BTV,9
0,5,19,6,13,187,OH,BOS,9
0,5,19,6,13,301,OH,BUF,9
0,5,19,6,13,589,OH,CVG,9
35,5,19,6,13,483,OH,CMH,9
0,5,19,6,14,766,OH,BNA,9
-3,5,19,6,15,184,OH,BWI,9
-4,5,19,6,15,425,OH,CLE,9
-5,5,19,6,16,301,OH,BUF,9
0,5,19,6,16,264,OH,ROC,9
15,5,19,6,16,213,OH,DCA,9
4,5,19,6,16,426,OH,RDU,9
-5,5,19,6,16,228,OH,IAD,9
5,5,19,6,16,483,OH,CMH,9
-3,5,19,6,17,340,OH,PIT,9
0,5,19,6,18,213,OH,DCA,9
0,5,19,6,18,740,OH,ORD,9
0,5,19,6,18,301,OH,BUF,9
3,5,19,6,19,187,OH,BOS,9
40,5,19,6,18,760,OH,ATL,9
5,5,19,6,19,589,OH,CVG,9
0,5,19,6,19,508,OH,DTW,9
0,5,20,7,6,589,OH,CVG,8
-2,5,20,7,8,288,OH,RIC,8
5,5,20,7,8,187,OH,BOS,8
25,5,20,7,10,740,OH,ORD,8
0,5,20,7,11,187,OH,BOS,8
-1,5,20,7,11,228,OH,IAD,8
35,5,20,7,11,301,OH,BUF,8
-5,5,20,7,12,213,OH,DCA,8
0,5,20,7,12,740,OH,ORD,8
-1,5,20,7,12,264,OH,ROC,8
0,5,20,7,13,187,OH,BOS,8
0,5,20,7,13,301,OH,BUF,8
25,5,20,7,13,267,OH,BTV,8
18,5,20,7,13,589,OH,CVG,8
40,5,20,7,13,483,OH,CMH,8
20,5,20,7,14,766,OH,BNA,8
-10,5,20,7,15,184,OH,BWI,8
-5,5,20,7,15,425,OH,CLE,8
-7,5,20,7,16,213,OH,DCA,8
0,5,20,7,16,264,OH,ROC,8
0,5,20,7,16,508,OH,DTW,8
0,5,20,7,16,426,OH,RDU,8
0,5,20,7,16,228,OH,IAD,8
0,5,20,7,16,289,OH,ORF,8
10,5,20,7,16,187,OH,BOS,8
0,5,20,7,17,340,OH,PIT,8
40,5,20,7,16,483,OH,CMH,8
35,5,20,7,16,740,OH,ORD,8
90,5,20,7,16,301,OH,BUF,8
0,5,20,7,18,213,OH,DCA,8
-10,5,20,7,18,425,OH,CLE,8
-10,5,20,7,19,228,OH,IAD,8
24,5,20,7,19,740,OH,ORD,8
48,5,20,7,18,301,OH,BUF,8
41,5,20,7,19,426,OH,RDU,8
55,5,20,7,19,589,OH,CVG,8
82,5,20,7,19,187,OH,BOS,8
120,5,20,7,19,766,OH,BNA,8
54,5,20,7,20,289,OH,ORF,8
60,5,20,7,20,213,OH,DCA,8
140,5,20,7,19,508,OH,DTW,8
55,5,20,7,21,264,OH,ROC,8
80,5,20,7,21,301,OH,BUF,8
70,5,20,7,21,267,OH,BTV,8
-5,5,21,1,6,589,OH,CVG,7
-5,5,21,1,7,213,OH,DCA,7
0,5,21,1,7,187,OH,BOS,7
0,5,21,1,7,740,OH,ORD,7
0,5,21,1,8,288,OH,RIC,7
-5,5,21,1,8,426,OH,RDU,7
-9,5,21,1,8,187,OH,BOS,7
0,5,21,1,8,340,OH,PIT,7
-5,5,21,1,8,508,OH,DTW,7
-5,5,21,1,9,766,OH,BNA,7
0,5,21,1,8,228,OH,IAD,7
0,5,21,1,9,483,OH,CMH,7
18,5,21,1,9,301,OH,BUF,7
0,5,21,1,9,264,OH,ROC,7
60,5,21,1,10,740,OH,ORD,7
0,5,21,1,11,301,OH,BUF,7
0,5,21,1,11,187,OH,BOS,7
5,5,21,1,11,228,OH,IAD,7
10,5,21,1,12,740,OH,ORD,7
24,5,21,1,12,264,OH,ROC,7
61,5,21,1,12,213,OH,DCA,7
-5,5,21,1,13,267,OH,BTV,7
0,5,21,1,13,187,OH,BOS,7
0,5,21,1,13,483,OH,CMH,7
18,5,21,1,13,589,OH,CVG,7
31,5,21,1,13,301,OH,BUF,7
-10,5,21,1,14,766,OH,BNA,7
0,5,21,1,15,184,OH,BWI,7
-10,5,21,1,16,213,OH,DCA,7
-5,5,21,1,15,425,OH,CLE,7
0,5,21,1,16,508,OH,DTW,7
14,5,21,1,16,264,OH,ROC,7
14,5,21,1,16,301,OH,BUF,7
0,5,21,1,16,483,OH,CMH,7
0,5,21,1,16,740,OH,ORD,7
8,5,21,1,16,228,OH,IAD,7
12,5,21,1,17,340,OH,PIT,7
47,5,21,1,16,289,OH,ORF,7
38,5,21,1,16,187,OH,BOS,7
75,5,21,1,16,426,OH,RDU,7
25,5,21,1,18,213,OH,DCA,7
0,5,21,1,18,425,OH,CLE,7
-3,5,21,1,18,301,OH,BUF,7
0,5,21,1,19,740,OH,ORD,7
-7,5,21,1,19,426,OH,RDU,7
10,5,21,1,19,187,OH,BOS,7
0,5,21,1,19,589,OH,CVG,7
15,5,21,1,19,766,OH,BNA,7
0,5,21,1,19,228,OH,IAD,7
0,5,21,1,19,508,OH,DTW,7
0,5,21,1,20,213,OH,DCA,7
0,5,21,1,20,289,OH,ORF,7
-5,5,21,1,21,267,OH,BTV,7
25,5,21,1,21,264,OH,ROC,7
31,5,21,1,21,301,OH,BUF,7
-5,5,22,2,6,589,OH,CVG,6
-5,5,22,2,7,187,OH,BOS,6
0,5,22,2,7,213,OH,DCA,6
-5,5,22,2,7,740,OH,ORD,6
-5,5,22,2,8,288,OH,RIC,6
-5,5,22,2,8,426,OH,RDU,6
-5,5,22,2,8,187,OH,BOS,6
0,5,22,2,8,340,OH,PIT,6
-10,5,22,2,9,766,OH,BNA,6
10,5,22,2,8,508,OH,DTW,6
0,5,22,2,8,228,OH,IAD,6
0,5,22,2,9,483,OH,CMH,6
-5,5,22,2,9,301,OH,BUF,6
0,5,22,2,9,264,OH,ROC,6
0,5,22,2,10,740,OH,ORD,6
-7,5,22,2,11,187,OH,BOS,6
-4,5,22,2,12,213,OH,DCA,6
-10,5,22,2,13,301,OH,BUF,6
0,5,22,2,13,187,OH,BOS,6
-7,5,22,2,13,589,OH,CVG,6
-5,5,22,2,14,766,OH,BNA,6
-5,5,22,2,15,184,OH,BWI,6
-6,5,22,2,15,425,OH,CLE,6
0,5,22,2,16,213,OH,DCA,6
-5,5,22,2,16,264,OH,ROC,6
-4,5,22,2,16,301,OH,BUF,6
-10,5,22,2,16,483,OH,CMH,6
-6,5,22,2,16,228,OH,IAD,6
0,5,22,2,16,426,OH,RDU,6
-5,5,22,2,16,740,OH,ORD,6
0,5,22,2,16,289,OH,ORF,6
28,5,22,2,16,508,OH,DTW,6
0,5,22,2,16,187,OH,BOS,6
27,5,22,2,17,340,OH,PIT,6
0,5,22,2,18,213,OH,DCA,6
0,5,22,2,18,425,OH,CLE,6
0,5,22,2,18,301,OH,BUF,6
-5,5,22,2,19,187,OH,BOS,6
-5,5,22,2,19,766,OH,BNA,6
-4,5,22,2,19,426,OH,RDU,6
0,5,22,2,19,228,OH,IAD,6
0,5,22,2,19,508,OH,DTW,6
15,5,22,2,19,589,OH,CVG,6
84,5,22,2,19,740,OH,ORD,6
0,5,22,2,20,213,OH,DCA,6
9,5,22,2,20,289,OH,ORF,6
13,5,22,2,21,264,OH,ROC,6
-2,5,22,2,21,267,OH,BTV,6
20,5,22,2,21,301,OH,BUF,6
-5,5,23,3,6,589,OH,CVG,5
-4,5,23,3,7,213,OH,DCA,5
-5,5,23,3,7,740,OH,ORD,5
0,5,23,3,7,187,OH,BOS,5
0,5,23,3,8,288,OH,RIC,5
0,5,23,3,8,426,OH,RDU,5
0,5,23,3,8,340,OH,PIT,5
0,5,23,3,8,187,OH,BOS,5
-5,5,23,3,9,483,OH,CMH,5
15,5,23,3,8,508,OH,DTW,5
0,5,23,3,9,766,OH,BNA,5
12,5,23,3,8,228,OH,IAD,5
0,5,23,3,9,301,OH,BUF,5
0,5,23,3,9,264,OH,ROC,5
-5,5,23,3,10,740,OH,ORD,5
-10,5,23,3,11,187,OH,BOS,5
0,5,23,3,11,228,OH,IAD,5
10,5,23,3,11,301,OH,BUF,5
13,5,23,3,12,213,OH,DCA,5
0,5,23,3,12,740,OH,ORD,5
0,5,23,3,13,267,OH,BTV,5
6,5,23,3,13,187,OH,BOS,5
0,5,23,3,13,483,OH,CMH,5
8,5,23,3,13,589,OH,CVG,5
25,5,23,3,13,301,OH,BUF,5
0,5,23,3,14,766,OH,BNA,5
0,5,23,3,15,184,OH,BWI,5
189,5,23,3,12,264,OH,ROC,5
0,5,23,3,15,425,OH,CLE,5
0,5,23,3,16,213,OH,DCA,5
0,5,23,3,16,264,OH,ROC,5
-8,5,23,3,16,228,OH,IAD,5
-10,5,23,3,16,740,OH,ORD,5
60,5,23,3,15,301,OH,BUF,5
13,5,23,3,16,426,OH,RDU,5
30,5,23,3,16,508,OH,DTW,5
0,5,23,3,16,187,OH,BOS,5
11,5,23,3,16,289,OH,ORF,5
67,5,23,3,16,483,OH,CMH,5
-5,5,23,3,18,213,OH,DCA,5
-5,5,23,3,18,425,OH,CLE,5
-5,5,23,3,19,766,OH,BNA,5
0,5,23,3,19,187,OH,BOS,5
0,5,23,3,19,740,OH,ORD,5
0,5,23,3,19,589,OH,CVG,5
0,5,23,3,19,228,OH,IAD,5
-2,5,23,3,19,508,OH,DTW,5
45,5,23,3,18,301,OH,BUF,5
167,5,23,3,17,340,OH,PIT,5
-4,5,23,3,20,213,OH,DCA,5
-3,5,23,3,20,289,OH,ORF,5
93,5,23,3,19,426,OH,RDU,5
0,5,23,3,21,264,OH,ROC,5
10,5,23,3,21,267,OH,BTV,5
80,5,23,3,21,301,OH,BUF,5
0,5,24,4,6,589,OH,CVG,4
0,5,24,4,7,187,OH,BOS,4
-5,5,24,4,7,740,OH,ORD,4
60,5,24,4,7,213,OH,DCA,4
0,5,24,4,8,426,OH,RDU,4
0,5,24,4,8,340,OH,PIT,4
10,5,24,4,8,187,OH,BOS,4
0,5,24,4,8,508,OH,DTW,4
0,5,24,4,8,228,OH,IAD,4
30,5,24,4,8,288,OH,RIC,4
0,5,24,4,9,483,OH,CMH,4
-5,5,24,4,9,301,OH,BUF,4
20,5,24,4,9,766,OH,BNA,4
-5,5,24,4,9,264,OH,ROC,4
0,5,24,4,10,740,OH,ORD,4
0,5,24,4,11,301,OH,BUF,4
-2,5,24,4,11,228,OH,IAD,4
15,5,24,4,11,187,OH,BOS,4
-7,5,24,4,12,740,OH,ORD,4
0,5,24,4,12,264,OH,ROC,4
61,5,24,4,12,213,OH,DCA,4
7,5,24,4,13,187,OH,BOS,4
25,5,24,4,13,267,OH,BTV,4
15,5,24,4,13,301,OH,BUF,4
18,5,24,4,13,589,OH,CVG,4
25,5,24,4,13,483,OH,CMH,4
-5,5,24,4,14,766,OH,BNA,4
0,5,24,4,15,184,OH,BWI,4
-3,5,24,4,16,213,OH,DCA,4
24,5,24,4,15,301,OH,BUF,4
-6,5,24,4,16,508,OH,DTW,4
-5,5,24,4,16,228,OH,IAD,4
0,5,24,4,16,740,OH,ORD,4
35,5,24,4,16,264,OH,ROC,4
10,5,24,4,16,187,OH,BOS,4
25,5,24,4,16,483,OH,CMH,4
0,5,24,4,17,340,OH,PIT,4
70,5,24,4,16,426,OH,RDU,4
-5,5,24,4,18,213,OH,DCA,4
80,5,24,4,16,289,OH,ORF,4
0,5,24,4,18,425,OH,CLE,4
0,5,24,4,18,301,OH,BUF,4
-10,5,24,4,19,426,OH,RDU,4
4,5,24,4,19,187,OH,BOS,4
5,5,24,4,19,766,OH,BNA,4
0,5,24,4,19,508,OH,DTW,4
20,5,24,4,19,589,OH,CVG,4
230,5,24,4,15,425,OH,CLE,4
32,5,24,4,19,228,OH,IAD,4
89,5,24,4,19,740,OH,ORD,4
0,5,24,4,20,213,OH,DCA,4
13,5,24,4,21,264,OH,ROC,4
27,5,24,4,21,301,OH,BUF,4
57,5,24,4,20,289,OH,ORF,4
90,5,24,4,21,267,OH,BTV,4
-5,5,25,5,6,589,OH,CVG,3
0,5,25,5,7,213,OH,DCA,3
5,5,25,5,7,740,OH,ORD,3
23,5,25,5,7,187,OH,BOS,3
0,5,25,5,8,288,OH,RIC,3
-3,5,25,5,8,340,OH,PIT,3
0,5,25,5,8,187,OH,BOS,3
-5,5,25,5,8,508,OH,DTW,3
11,5,25,5,8,426,OH,RDU,3
0,5,25,5,8,228,OH,IAD,3
-5,5,25,5,9,483,OH,CMH,3
20,5,25,5,9,766,OH,BNA,3
10,5,25,5,9,301,OH,BUF,3
-8,5,25,5,9,264,OH,ROC,3
20,5,25,5,10,740,OH,ORD,3
-5,5,25,5,11,187,OH,BOS,3
10,5,25,5,11,301,OH,BUF,3
20,5,25,5,11,228,OH,IAD,3
0,5,25,5,12,213,OH,DCA,3
15,5,25,5,12,740,OH,ORD,3
44,5,25,5,12,264,OH,ROC,3
0,5,25,5,13,187,OH,BOS,3
5,5,25,5,13,267,OH,BTV,3
5,5,25,5,13,301,OH,BUF,3
13,5,25,5,13,483,OH,CMH,3
-5,5,25,5,14,766,OH,BNA,3
48,5,25,5,13,589,OH,CVG,3
-5,5,25,5,15,184,OH,BWI,3
-10,5,25,5,15,425,OH,CLE,3
8,5,25,5,15,301,OH,BUF,3
0,5,25,5,16,213,OH,DCA,3
-7,5,25,5,16,426,OH,RDU,3
15,5,25,5,16,264,OH,ROC,3
-7,5,25,5,16,289,OH,ORF,3
0,5,25,5,16,228,OH,IAD,3
0,5,25,5,16,483,OH,CMH,3
0,5,25,5,16,740,OH,ORD,3
0,5,25,5,16,187,OH,BOS,3
65,5,25,5,16,508,OH,DTW,3
47,5,25,5,17,340,OH,PIT,3
-10,5,25,5,18,213,OH,DCA,3
0,5,25,5,19,740,OH,ORD,3
15,5,25,5,18,301,OH,BUF,3
0,5,25,5,19,766,OH,BNA,3
35,5,25,5,18,425,OH,CLE,3
-5,5,25,5,19,589,OH,CVG,3
0,5,25,5,19,426,OH,RDU,3
15,5,25,5,19,187,OH,BOS,3
-2,5,25,5,19,508,OH,DTW,3
25,5,25,5,19,228,OH,IAD,3
-3,5,25,5,21,264,OH,ROC,3
0,5,25,5,21,187,OH,BOS,3
15,5,25,5,21,301,OH,BUF,3
70,5,25,5,20,213,OH,DCA,3
20,5,25,5,21,267,OH,BTV,3
-5,5,26,6,7,213,OH,DCA,2
0,5,26,6,7,740,OH,ORD,2
0,5,26,6,8,288,OH,RIC,2
0,5,26,6,8,426,OH,RDU,2
0,5,26,6,8,187,OH,BOS,2
0,5,26,6,8,508,OH,DTW,2
17,5,26,6,8,340,OH,PIT,2
5,5,26,6,9,766,OH,BNA,2
0,5,26,6,9,483,OH,CMH,2
10,5,26,6,9,301,OH,BUF,2
0,5,26,6,9,264,OH,ROC,2
0,5,26,6,10,740,OH,ORD,2
120,5,26,6,8,228,OH,IAD,2
-2,5,26,6,11,187,OH,BOS,2
0,5,26,6,11,301,OH,BUF,2
0,5,26,6,11,228,OH,IAD,2
16,5,26,6,12,213,OH,DCA,2
0,5,26,6,12,264,OH,ROC,2
20,5,26,6,12,740,OH,ORD,2
0,5,26,6,13,187,OH,BOS,2
33,5,26,6,13,301,OH,BUF,2
0,5,26,6,14,766,OH,BNA,2
70,5,26,6,13,483,OH,CMH,2
105,5,26,6,13,267,OH,BTV,2
83,5,26,6,13,589,OH,CVG,2
0,5,26,6,15,184,OH,BWI,2
0,5,26,6,16,213,OH,DCA,2
0,5,26,6,16,264,OH,ROC,2
0,5,26,6,16,301,OH,BUF,2
0,5,26,6,16,426,OH,RDU,2
0,5,26,6,16,228,OH,IAD,2
-3,5,26,6,17,340,OH,PIT,2
26,5,26,6,16,483,OH,CMH,2
-4,5,26,6,18,760,OH,ATL,2
0,5,26,6,19,187,OH,BOS,2
40,5,26,6,18,213,OH,DCA,2
0,5,26,6,19,589,OH,CVG,2
60,5,26,6,18,425,OH,CLE,2
85,5,26,6,18,740,OH,ORD,2
30,5,26,6,19,508,OH,DTW,2
205,5,26,6,18,301,OH,BUF,2
0,5,27,7,6,589,OH,CVG,1
0,5,27,7,8,288,OH,RIC,1
0,5,27,7,8,187,OH,BOS,1
0,5,27,7,10,740,OH,ORD,1
-10,5,27,7,11,301,OH,BUF,1
-10,5,27,7,11,187,OH,BOS,1
-5,5,27,7,11,228,OH,IAD,1
-9,5,27,7,12,213,OH,DCA,1
-4,5,27,7,12,740,OH,ORD,1
0,5,27,7,12,264,OH,ROC,1
4,5,27,7,13,187,OH,BOS,1
0,5,27,7,13,301,OH,BUF,1
0,5,27,7,13,589,OH,CVG,1
25,5,27,7,13,267,OH,BTV,1
0,5,27,7,13,483,OH,CMH,1
-10,5,27,7,14,766,OH,BNA,1
-4,5,27,7,15,184,OH,BWI,1
0,5,27,7,16,213,OH,DCA,1
0,5,27,7,16,301,OH,BUF,1
-2,5,27,7,16,426,OH,RDU,1
0,5,27,7,16,508,OH,DTW,1
28,5,27,7,16,264,OH,ROC,1
5,5,27,7,16,483,OH,CMH,1
5,5,27,7,16,228,OH,IAD,1
0,5,27,7,16,289,OH,ORF,1
10,5,27,7,16,187,OH,BOS,1
0,5,27,7,18,213,OH,DCA,1
10,5,27,7,18,301,OH,BUF,1
-10,5,27,7,19,589,OH,CVG,1
15,5,27,7,19,187,OH,BOS,1
25,5,27,7,19,508,OH,DTW,1
0,5,27,7,21,267,OH,BTV,1
40,5,27,7,21,301,OH,BUF,1
0,5,28,1,6,589,OH,CVG,0
-10,5,28,1,7,213,OH,DCA,0
0,5,28,1,7,740,OH,ORD,0
5,5,28,1,7,187,OH,BOS,0
-10,5,28,1,8,426,OH,RDU,0
0,5,28,1,8,288,OH,RIC,0
-3,5,28,1,8,340,OH,PIT,0
0,5,28,1,8,187,OH,BOS,0
0,5,28,1,8,508,OH,DTW,0
0,5,28,1,8,228,OH,IAD,0
5,5,28,1,9,766,OH,BNA,0
0,5,28,1,9,483,OH,CMH,0
-5,5,28,1,9,301,OH,BUF,0
0,5,28,1,9,264,OH,ROC,0
-8,5,28,1,10,740,OH,ORD,0
-5,5,28,1,11,301,OH,BUF,0
0,5,28,1,11,187,OH,BOS,0
18,5,28,1,11,228,OH,IAD,0
0,5,28,1,12,213,OH,DCA,0
0,5,28,1,12,740,OH,ORD,0
-5,5,28,1,12,264,OH,ROC,0
0,5,28,1,13,267,OH,BTV,0
0,5,28,1,13,187,OH,BOS,0
0,5,28,1,13,301,OH,BUF,0
0,5,28,1,13,589,OH,CVG,0
0,5,28,1,13,483,OH,CMH,0
-10,5,28,1,14,766,OH,BNA,0
-5,5,28,1,15,184,OH,BWI,0
0,5,28,1,15,425,OH,CLE,0
0,5,28,1,16,213,OH,DCA,0
0,5,28,1,16,264,OH,ROC,0
0,5,28,1,16,301,OH,BUF,0
-10,5,28,1,16,426,OH,RDU,0
5,5,28,1,16,508,OH,DTW,0
-5,5,28,1,16,483,OH,CMH,0
-2,5,28,1,16,740,OH,ORD,0
0,5,28,1,16,289,OH,ORF,0
10,5,28,1,16,228,OH,IAD,0
10,5,28,1,16,187,OH,BOS,0
12,5,28,1,17,340,OH,PIT,0
0,5,28,1,18,213,OH,DCA,0
5,5,28,1,18,425,OH,CLE,0
-5,5,28,1,18,301,OH,BUF,0
-5,5,28,1,19,187,OH,BOS,0
-4,5,28,1,19,766,OH,BNA,0
0,5,28,1,19,740,OH,ORD,0
-5,5,28,1,19,589,OH,CVG,0
-1,5,28,1,19,426,OH,RDU,0
0,5,28,1,19,228,OH,IAD,0
-3,5,28,1,19,508,OH,DTW,0
-5,5,28,1,20,213,OH,DCA,0
0,5,28,1,20,289,OH,ORF,0
-10,5,28,1,21,267,OH,BTV,0
25,5,28,1,21,264,OH,ROC,0
50,5,28,1,21,301,OH,BUF,0
0,5,29,2,6,589,OH,CVG,1
-10,5,29,2,7,740,OH,ORD,1
0,5,29,2,7,213,OH,DCA,1
0,5,29,2,7,187,OH,BOS,1
0,5,29,2,8,288,OH,RIC,1
0,5,29,2,8,340,OH,PIT,1
0,5,29,2,8,187,OH,BOS,1
-10,5,29,2,8,508,OH,DTW,1
10,5,29,2,8,426,OH,RDU,1
0,5,29,2,8,228,OH,IAD,1
0,5,29,2,9,483,OH,CMH,1
15,5,29,2,9,766,OH,BNA,1
0,5,29,2,9,301,OH,BUF,1
-5,5,29,2,9,264,OH,ROC,1
15,5,29,2,10,740,OH,ORD,1
-10,5,29,2,11,187,OH,BOS,1
-5,5,29,2,12,213,OH,DCA,1
0,5,29,2,13,301,OH,BUF,1
0,5,29,2,13,589,OH,CVG,1
33,5,29,2,13,187,OH,BOS,1
-10,5,29,2,14,766,OH,BNA,1
-5,5,29,2,15,184,OH,BWI,1
-10,5,29,2,15,425,OH,CLE,1
0,5,29,2,16,213,OH,DCA,1
0,5,29,2,16,264,OH,ROC,1
0,5,29,2,16,508,OH,DTW,1
-6,5,29,2,16,289,OH,ORF,1
25,5,29,2,16,301,OH,BUF,1
0,5,29,2,16,228,OH,IAD,1
0,5,29,2,16,740,OH,ORD,1
15,5,29,2,16,483,OH,CMH,1
21,5,29,2,16,426,OH,RDU,1
5,5,29,2,16,187,OH,BOS,1
0,5,29,2,17,340,OH,PIT,1
15,5,29,2,18,213,OH,DCA,1
0,5,29,2,18,425,OH,CLE,1
0,5,29,2,18,301,OH,BUF,1
-5,5,29,2,19,187,OH,BOS,1
0,5,29,2,19,740,OH,ORD,1
-2,5,29,2,19,426,OH,RDU,1
18,5,29,2,19,589,OH,CVG,1
12,5,29,2,19,228,OH,IAD,1
55,5,29,2,19,766,OH,BNA,1
38,5,29,2,19,508,OH,DTW,1
0,5,29,2,20,213,OH,DCA,1
0,5,29,2,21,264,OH,ROC,1
0,5,29,2,21,301,OH,BUF,1
-5,5,29,2,21,267,OH,BTV,1
0,5,30,3,6,589,OH,CVG,2
-4,5,30,3,7,187,OH,BOS,2
-2,5,30,3,7,740,OH,ORD,2
-10,5,30,3,8,288,OH,RIC,2
-5,5,30,3,8,426,OH,RDU,2
0,5,30,3,8,340,OH,PIT,2
0,5,30,3,8,187,OH,BOS,2
-2,5,30,3,8,508,OH,DTW,2
-10,5,30,3,9,483,OH,CMH,2
-5,5,30,3,9,766,OH,BNA,2
0,5,30,3,8,228,OH,IAD,2
120,5,30,3,7,213,OH,DCA,2
-5,5,30,3,9,301,OH,BUF,2
-10,5,30,3,9,264,OH,ROC,2
-5,5,30,3,10,740,OH,ORD,2
-5,5,30,3,11,187,OH,BOS,2
-10,5,30,3,11,228,OH,IAD,2
10,5,30,3,11,301,OH,BUF,2
-11,5,30,3,12,264,OH,ROC,2
0,5,30,3,12,740,OH,ORD,2
31,5,30,3,12,213,OH,DCA,2
-5,5,30,3,13,267,OH,BTV,2
0,5,30,3,13,301,OH,BUF,2
11,5,30,3,13,483,OH,CMH,2
43,5,30,3,13,187,OH,BOS,2
31,5,30,3,13,589,OH,CVG,2
0,5,30,3,14,766,OH,BNA,2
0,5,30,3,15,184,OH,BWI,2
0,5,30,3,15,301,OH,BUF,2
-5,5,30,3,15,425,OH,CLE,2
0,5,30,3,16,213,OH,DCA,2
-5,5,30,3,16,264,OH,ROC,2
0,5,30,3,16,508,OH,DTW,2
-5,5,30,3,16,483,OH,CMH,2
-3,5,30,3,16,228,OH,IAD,2
0,5,30,3,16,289,OH,ORF,2
0,5,30,3,16,740,OH,ORD,2
18,5,30,3,16,426,OH,RDU,2
-2,5,30,3,16,187,OH,BOS,2
-8,5,30,3,17,340,OH,PIT,2
0,5,30,3,18,213,OH,DCA,2
-5,5,30,3,18,425,OH,CLE,2
0,5,30,3,18,301,OH,BUF,2
0,5,30,3,19,187,OH,BOS,2
0,5,30,3,19,740,OH,ORD,2
0,5,30,3,19,766,OH,BNA,2
-7,5,30,3,19,426,OH,RDU,2
0,5,30,3,19,228,OH,IAD,2
40,5,30,3,19,508,OH,DTW,2
65,5,30,3,19,589,OH,CVG,2
0,5,30,3,20,213,OH,DCA,2
-1,5,30,3,20,289,OH,ORF,2
13,5,30,3,21,264,OH,ROC,2
10,5,30,3,21,301,OH,BUF,2
-2,5,30,3,21,267,OH,BTV,2
-5,5,31,4,6,589,OH,CVG,3
-6,5,31,4,7,187,OH,BOS,3
-10,5,31,4,7,740,OH,ORD,3
25,5,31,4,7,213,OH,DCA,3
0,5,31,4,8,288,OH,RIC,3
-8,5,31,4,8,340,OH,PIT,3
0,5,31,4,8,426,OH,RDU,3
-5,5,31,4,8,187,OH,BOS,3
-5,5,31,4,8,508,OH,DTW,3
-10,5,31,4,9,483,OH,CMH,3
0,5,31,4,8,228,OH,IAD,3
0,5,31,4,9,766,OH,BNA,3
-10,5,31,4,9,301,OH,BUF,3
-10,5,31,4,9,264,OH,ROC,3
-5,5,31,4,10,740,OH,ORD,3
-1,5,31,4,11,301,OH,BUF,3
0,5,31,4,11,187,OH,BOS,3
-10,5,31,4,11,228,OH,IAD,3
-9,5,31,4,12,213,OH,DCA,3
0,5,31,4,12,264,OH,ROC,3
10,5,31,4,12,740,OH,ORD,3
-5,5,31,4,13,267,OH,BTV,3
-10,5,31,4,13,301,OH,BUF,3
10,5,31,4,13,187,OH,BOS,3
0,5,31,4,13,589,OH,CVG,3
0,5,31,4,13,483,OH,CMH,3
7,5,31,4,14,766,OH,BNA,3
17,5,31,4,15,184,OH,BWI,3
0,5,31,4,15,301,OH,BUF,3
-5,5,31,4,15,425,OH,CLE,3
-2,5,31,4,16,213,OH,DCA,3
-5,5,31,4,16,508,OH,DTW,3
-10,5,31,4,16,228,OH,IAD,3
-5,5,31,4,16,483,OH,CMH,3
0,5,31,4,16,426,OH,RDU,3
20,5,31,4,16,264,OH,ROC,3
-1,5,31,4,16,289,OH,ORF,3
-8,5,31,4,17,340,OH,PIT,3
70,5,31,4,16,740,OH,ORD,3
-2,5,31,4,18,425,OH,CLE,3
30,5,31,4,18,213,OH,DCA,3
0,5,31,4,18,301,OH,BUF,3
20,5,31,4,19,187,OH,BOS,3
6,5,31,4,19,589,OH,CVG,3
0,5,31,4,19,228,OH,IAD,3
25,5,31,4,19,766,OH,BNA,3
170,5,31,4,16,187,OH,BOS,3
40,5,31,4,19,426,OH,RDU,3
32,5,31,4,19,508,OH,DTW,3
74,5,31,4,19,740,OH,ORD,3
-5,5,31,4,20,289,OH,ORF,3
15,5,31,4,20,213,OH,DCA,3
25,5,31,4,21,264,OH,ROC,3
0,5,31,4,21,267,OH,BTV,3
170,5,31,4,21,301,OH,BUF,3
0,5,1,2,6,2586,UA,SFO,27
-2,5,2,3,6,2586,UA,SFO,26
-2,5,3,4,6,2586,UA,SFO,25
-5,5,4,5,6,2586,UA,SFO,24
122,5,5,6,6,2586,UA,SFO,23
-5,5,6,7,6,2586,UA,SFO,22
23,5,7,1,6,2586,UA,SFO,21
-1,5,8,2,6,2586,UA,SFO,20
-1,5,9,3,6,2586,UA,SFO,19
-2,5,10,4,6,2586,UA,SFO,18
-6,5,11,5,6,2586,UA,SFO,17
-2,5,12,6,6,2586,UA,SFO,16
21,5,13,7,6,2586,UA,SFO,15
0,5,14,1,6,2586,UA,SFO,14
-3,5,15,2,6,2586,UA,SFO,13
0,5,16,3,6,2586,UA,SFO,12
-2,5,17,4,6,2586,UA,SFO,11
0,5,18,5,6,2586,UA,SFO,10
-2,5,19,6,6,2586,UA,SFO,9
-3,5,20,7,6,2586,UA,SFO,8
-3,5,21,1,6,2586,UA,SFO,7
2,5,22,2,6,2586,UA,SFO,6
-2,5,23,3,6,2586,UA,SFO,5
-3,5,24,4,6,2586,UA,SFO,4
-7,5,25,5,6,2586,UA,SFO,3
-4,5,26,6,6,2586,UA,SFO,2
-2,5,27,7,6,2586,UA,SFO,1
-1,5,28,1,6,2586,UA,SFO,0
-3,5,29,2,6,2586,UA,SFO,1
-9,5,30,3,6,2586,UA,SFO,2
1,5,31,4,6,2586,UA,SFO,3
-4,5,1,2,8,2586,UA,SFO,27
-7,5,2,3,8,2586,UA,SFO,26
-6,5,3,4,8,2586,UA,SFO,25
-5,5,4,5,8,2586,UA,SFO,24
0,5,5,6,8,2586,UA,SFO,23
-9,5,6,7,8,2586,UA,SFO,22
-1,5,7,1,8,2586,UA,SFO,21
-6,5,8,2,8,2586,UA,SFO,20
-7,5,9,3,8,2586,UA,SFO,19
-7,5,10,4,8,2586,UA,SFO,18
-6,5,11,5,8,2586,UA,SFO,17
-9,5,12,6,8,2586,UA,SFO,16
-7,5,13,7,8,2586,UA,SFO,15
-3,5,14,1,8,2586,UA,SFO,14
-3,5,15,2,8,2586,UA,SFO,13
-1,5,16,3,8,2586,UA,SFO,12
46,5,17,4,8,2586,UA,SFO,11
-1,5,18,5,8,2586,UA,SFO,10
-3,5,19,6,8,2586,UA,SFO,9
94,5,20,7,8,2586,UA,SFO,8
-8,5,21,1,8,2586,UA,SFO,7
-7,5,22,2,8,2586,UA,SFO,6
0,5,23,3,8,2586,UA,SFO,5
-2,5,24,4,8,2586,UA,SFO,4
1,5,25,5,8,2586,UA,SFO,3
-3,5,26,6,8,2586,UA,SFO,2
35,5,27,7,8,2586,UA,SFO,1
-6,5,28,1,8,2586,UA,SFO,0
-3,5,29,2,8,2586,UA,SFO,1
0,5,30,3,8,2586,UA,SFO,2
-4,5,31,4,8,2586,UA,SFO,3
-2,5,1,2,11,2586,UA,SFO,27
-4,5,2,3,11,2586,UA,SFO,26
-1,5,3,4,11,2586,UA,SFO,25
-4,5,4,5,11,2586,UA,SFO,24
-5,5,5,6,11,2586,UA,SFO,23
-4,5,6,7,11,2586,UA,SFO,22
-5,5,7,1,11,2586,UA,SFO,21
0,5,8,2,11,2586,UA,SFO,20
-2,5,9,3,11,2586,UA,SFO,19
-6,5,10,4,11,2586,UA,SFO,18
-6,5,11,5,11,2586,UA,SFO,17
-2,5,12,6,11,2586,UA,SFO,16
-8,5,13,7,11,2586,UA,SFO,15
-2,5,14,1,11,2586,UA,SFO,14
2,5,15,2,11,2586,UA,SFO,13
-3,5,16,3,11,2586,UA,SFO,12
-2,5,17,4,11,2586,UA,SFO,11
-3,5,18,5,11,2586,UA,SFO,10
-8,5,19,6,11,2586,UA,SFO,9
-8,5,20,7,11,2586,UA,SFO,8
-8,5,21,1,11,2586,UA,SFO,7
-7,5,22,2,11,2586,UA,SFO,6
-2,5,23,3,11,2586,UA,SFO,5
-6,5,24,4,11,2586,UA,SFO,4
-4,5,25,5,11,2586,UA,SFO,3
-3,5,26,6,11,2586,UA,SFO,2
-3,5,27,7,11,2586,UA,SFO,1
-10,5,28,1,11,2586,UA,SFO,0
-6,5,29,2,11,2586,UA,SFO,1
-9,5,30,3,11,2586,UA,SFO,2
21,5,31,4,11,2586,UA,SFO,3
3,5,1,2,15,2586,UA,SFO,27
-4,5,2,3,15,2586,UA,SFO,26
5,5,3,4,15,2586,UA,SFO,25
-1,5,4,5,15,2586,UA,SFO,24
0,5,5,6,15,2586,UA,SFO,23
69,5,6,7,15,2586,UA,SFO,22
14,5,7,1,15,2586,UA,SFO,21
2,5,8,2,15,2586,UA,SFO,20
-5,5,9,3,15,2586,UA,SFO,19
-5,5,10,4,15,2586,UA,SFO,18
-1,5,11,5,15,2586,UA,SFO,17
-8,5,12,6,15,2586,UA,SFO,16
-3,5,13,7,15,2586,UA,SFO,15
1,5,14,1,15,2586,UA,SFO,14
4,5,15,2,15,2586,UA,SFO,13
18,5,16,3,15,2586,UA,SFO,12
1,5,17,4,15,2586,UA,SFO,11
13,5,18,5,15,2586,UA,SFO,10
30,5,19,6,15,2586,UA,SFO,9
-5,5,20,7,15,2586,UA,SFO,8
-7,5,21,1,15,2586,UA,SFO,7
-13,5,22,2,15,2586,UA,SFO,6
-3,5,23,3,15,2586,UA,SFO,5
12,5,24,4,15,2586,UA,SFO,4
0,5,25,5,15,2586,UA,SFO,3
2,5,26,6,15,2586,UA,SFO,2
56,5,28,1,15,2586,UA,SFO,0
-1,5,29,2,15,2586,UA,SFO,1
1,5,30,3,15,2586,UA,SFO,2
-3,5,31,4,15,2586,UA,SFO,3
262,5,2,3,17,2586,UA,SFO,26
-3,5,3,4,17,2586,UA,SFO,25
-3,5,4,5,17,2586,UA,SFO,24
10,5,5,6,17,2586,UA,SFO,23
15,5,6,7,17,2586,UA,SFO,22
-5,5,7,1,17,2586,UA,SFO,21
-11,5,8,2,17,2586,UA,SFO,20
40,5,9,3,17,2586,UA,SFO,19
25,5,10,4,17,2586,UA,SFO,18
-2,5,11,5,17,2586,UA,SFO,17
-8,5,12,6,17,2586,UA,SFO,16
-5,5,13,7,17,2586,UA,SFO,15
12,5,14,1,17,2586,UA,SFO,14
-4,5,15,2,17,2586,UA,SFO,13
86,5,16,3,17,2586,UA,SFO,12
-5,5,17,4,17,2586,UA,SFO,11
21,5,18,5,17,2586,UA,SFO,10
-4,5,19,6,17,2586,UA,SFO,9
1,5,20,7,17,2586,UA,SFO,8
-7,5,21,1,17,2586,UA,SFO,7
-1,5,22,2,17,2586,UA,SFO,6
13,5,23,3,17,2586,UA,SFO,5
26,5,24,4,17,2586,UA,SFO,4
-8,5,25,5,17,2586,UA,SFO,3
-2,5,26,6,17,2586,UA,SFO,2
4,5,27,7,17,2586,UA,SFO,1
-1,5,28,1,17,2586,UA,SFO,0
63,5,29,2,17,2586,UA,SFO,1
5,5,30,3,17,2586,UA,SFO,2
5,5,31,4,17,2586,UA,SFO,3
27,5,1,2,20,2586,UA,SFO,27
22,5,2,3,20,2586,UA,SFO,26
7,5,3,4,20,2586,UA,SFO,25
8,5,4,5,20,2586,UA,SFO,24
25,5,6,7,20,2586,UA,SFO,22
9,5,7,1,20,2586,UA,SFO,21
-3,5,8,2,20,2586,UA,SFO,20
-5,5,9,3,20,2586,UA,SFO,19
174,5,10,4,20,2586,UA,SFO,18
60,5,11,5,20,2586,UA,SFO,17
26,5,13,7,20,2586,UA,SFO,15
39,5,14,1,20,2586,UA,SFO,14
13,5,15,2,20,2586,UA,SFO,13
22,5,16,3,20,2586,UA,SFO,12
0,5,17,4,20,2586,UA,SFO,11
89,5,18,5,20,2586,UA,SFO,10
5,5,20,7,20,2586,UA,SFO,8
6,5,21,1,20,2586,UA,SFO,7
0,5,22,2,20,2586,UA,SFO,6
5,5,23,3,20,2586,UA,SFO,5
83,5,24,4,20,2586,UA,SFO,4
0,5,25,5,20,2586,UA,SFO,3
34,5,27,7,20,2586,UA,SFO,1
-4,5,28,1,20,2586,UA,SFO,0
-2,5,29,2,20,2586,UA,SFO,1
25,5,30,3,20,2586,UA,SFO,2
9,5,31,4,20,2586,UA,SFO,3
0,5,1,2,7,2475,UA,LAX,27
-4,5,2,3,7,2475,UA,LAX,26
-7,5,3,4,7,2475,UA,LAX,25
-5,5,4,5,7,2475,UA,LAX,24
-11,5,5,6,7,2475,UA,LAX,23
-5,5,6,7,7,2475,UA,LAX,22
-4,5,7,1,7,2475,UA,LAX,21
-3,5,8,2,7,2475,UA,LAX,20
-5,5,9,3,7,2475,UA,LAX,19
-7,5,10,4,7,2475,UA,LAX,18
-9,5,11,5,7,2475,UA,LAX,17
-9,5,12,6,7,2475,UA,LAX,16
-14,5,13,7,7,2475,UA,LAX,15
-8,5,14,1,7,2475,UA,LAX,14
-7,5,15,2,7,2475,UA,LAX,13
-10,5,16,3,7,2475,UA,LAX,12
-4,5,17,4,7,2475,UA,LAX,11
-4,5,18,5,7,2475,UA,LAX,10
-5,5,19,6,7,2475,UA,LAX,9
-1,5,20,7,7,2475,UA,LAX,8
-2,5,21,1,7,2475,UA,LAX,7
-5,5,22,2,7,2475,UA,LAX,6
-7,5,23,3,7,2475,UA,LAX,5
0,5,24,4,7,2475,UA,LAX,4
-4,5,25,5,7,2475,UA,LAX,3
-5,5,26,6,7,2475,UA,LAX,2
-8,5,27,7,7,2475,UA,LAX,1
-6,5,28,1,7,2475,UA,LAX,0
-6,5,29,2,7,2475,UA,LAX,1
-2,5,30,3,7,2475,UA,LAX,2
-8,5,31,4,7,2475,UA,LAX,3
23,5,1,2,11,2475,UA,LAX,27
-2,5,2,3,11,2475,UA,LAX,26
0,5,3,4,11,2475,UA,LAX,25
-4,5,4,5,11,2475,UA,LAX,24
-4,5,5,6,11,2475,UA,LAX,23
-1,5,6,7,11,2475,UA,LAX,22
-6,5,7,1,11,2475,UA,LAX,21
-6,5,8,2,11,2475,UA,LAX,20
0,5,9,3,11,2475,UA,LAX,19
43,5,10,4,11,2475,UA,LAX,18
0,5,11,5,11,2475,UA,LAX,17
-8,5,12,6,11,2475,UA,LAX,16
-8,5,13,7,11,2475,UA,LAX,15
-2,5,14,1,11,2475,UA,LAX,14
-2,5,15,2,11,2475,UA,LAX,13
-1,5,16,3,11,2475,UA,LAX,12
0,5,17,4,11,2475,UA,LAX,11
-1,5,18,5,11,2475,UA,LAX,10
-4,5,19,6,11,2475,UA,LAX,9
-9,5,20,7,11,2475,UA,LAX,8
-6,5,21,1,11,2475,UA,LAX,7
65,5,22,2,11,2475,UA,LAX,6
-2,5,23,3,11,2475,UA,LAX,5
2,5,24,4,11,2475,UA,LAX,4
-2,5,25,5,11,2475,UA,LAX,3
-4,5,26,6,11,2475,UA,LAX,2
-2,5,27,7,11,2475,UA,LAX,1
0,5,28,1,11,2475,UA,LAX,0
-6,5,29,2,11,2475,UA,LAX,1
-3,5,30,3,11,2475,UA,LAX,2
-5,5,31,4,11,2475,UA,LAX,3
-2,5,1,2,13,2475,UA,LAX,27
7,5,2,3,13,2475,UA,LAX,26
-4,5,3,4,13,2475,UA,LAX,25
-8,5,4,5,13,2475,UA,LAX,24
6,5,6,7,13,2475,UA,LAX,22
-7,5,7,1,13,2475,UA,LAX,21
-4,5,8,2,13,2475,UA,LAX,20
0,5,9,3,13,2475,UA,LAX,19
-5,5,10,4,13,2475,UA,LAX,18
156,5,11,5,13,2475,UA,LAX,17
-7,5,12,6,13,2475,UA,LAX,16
-6,5,13,7,13,2475,UA,LAX,15
-3,5,14,1,13,2475,UA,LAX,14
25,5,15,2,13,2475,UA,LAX,13
171,5,16,3,13,2475,UA,LAX,12
6,5,17,4,13,2475,UA,LAX,11
0,5,18,5,13,2475,UA,LAX,10
1,5,19,6,13,2475,UA,LAX,9
-5,5,20,7,13,2475,UA,LAX,8
-8,5,21,1,13,2475,UA,LAX,7
-3,5,22,2,13,2475,UA,LAX,6
-3,5,23,3,13,2475,UA,LAX,5
0,5,24,4,13,2475,UA,LAX,4
4,5,25,5,13,2475,UA,LAX,3
-10,5,26,6,13,2475,UA,LAX,2
26,5,27,7,13,2475,UA,LAX,1
-3,5,28,1,13,2475,UA,LAX,0
22,5,29,2,13,2475,UA,LAX,1
-4,5,30,3,13,2475,UA,LAX,2
-5,5,31,4,13,2475,UA,LAX,3
-6,5,1,2,16,2475,UA,LAX,27
-8,5,2,3,16,2475,UA,LAX,26
-3,5,3,4,16,2475,UA,LAX,25
2,5,4,5,16,2475,UA,LAX,24
-5,5,5,6,16,2475,UA,LAX,23
103,5,6,7,16,2475,UA,LAX,22
0,5,7,1,16,2475,UA,LAX,21
-1,5,8,2,16,2475,UA,LAX,20
-4,5,9,3,16,2475,UA,LAX,19
6,5,10,4,16,2475,UA,LAX,18
-2,5,11,5,16,2475,UA,LAX,17
0,5,12,6,16,2475,UA,LAX,16
-4,5,13,7,16,2475,UA,LAX,15
-2,5,14,1,16,2475,UA,LAX,14
-6,5,15,2,16,2475,UA,LAX,13
79,5,16,3,16,2475,UA,LAX,12
-5,5,17,4,16,2475,UA,LAX,11
-1,5,18,5,16,2475,UA,LAX,10
-7,5,19,6,16,2475,UA,LAX,9
0,5,20,7,16,2475,UA,LAX,8
-4,5,21,1,16,2475,UA,LAX,7
-8,5,22,2,16,2475,UA,LAX,6
-1,5,23,3,16,2475,UA,LAX,5
-1,5,24,4,16,2475,UA,LAX,4
9,5,25,5,16,2475,UA,LAX,3
14,5,26,6,16,2475,UA,LAX,2
-11,5,27,7,16,2475,UA,LAX,1
4,5,28,1,16,2475,UA,LAX,0
0,5,29,2,16,2475,UA,LAX,1
-1,5,30,3,16,2475,UA,LAX,2
283,5,31,4,16,2475,UA,LAX,3
-3,5,1,2,20,2475,UA,LAX,27
55,5,2,3,20,2475,UA,LAX,26
0,5,3,4,20,2475,UA,LAX,25
3,5,4,5,20,2475,UA,LAX,24
129,5,6,7,20,2475,UA,LAX,22
46,5,7,1,20,2475,UA,LAX,21
24,5,8,2,20,2475,UA,LAX,20
12,5,9,3,20,2475,UA,LAX,19
126,5,10,4,20,2475,UA,LAX,18
78,5,11,5,20,2475,UA,LAX,17
126,5,13,7,20,2475,UA,LAX,15
-6,5,14,1,20,2475,UA,LAX,14
17,5,15,2,20,2475,UA,LAX,13
17,5,16,3,20,2475,UA,LAX,12
-3,5,17,4,20,2475,UA,LAX,11
99,5,18,5,20,2475,UA,LAX,10
18,5,20,7,20,2475,UA,LAX,8
7,5,21,1,20,2475,UA,LAX,7
0,5,22,2,20,2475,UA,LAX,6
6,5,23,3,20,2475,UA,LAX,5
-10,5,24,4,20,2475,UA,LAX,4
-6,5,25,5,20,2475,UA,LAX,3
20,5,27,7,20,2475,UA,LAX,1
18,5,28,1,20,2475,UA,LAX,0
-1,5,29,2,20,2475,UA,LAX,1
1,5,30,3,20,2475,UA,LAX,2
-2,5,1,2,18,2475,UA,LAX,27
0,5,2,3,18,2475,UA,LAX,26
7,5,3,4,18,2475,UA,LAX,25
-5,5,4,5,18,2475,UA,LAX,24
14,5,5,6,18,2475,UA,LAX,23
216,5,6,7,18,2475,UA,LAX,22
93,5,7,1,18,2475,UA,LAX,21
12,5,8,2,18,2475,UA,LAX,20
-5,5,9,3,18,2475,UA,LAX,19
196,5,10,4,18,2475,UA,LAX,18
4,5,11,5,18,2475,UA,LAX,17
2,5,12,6,18,2475,UA,LAX,16
-6,5,13,7,18,2475,UA,LAX,15
-1,5,14,1,18,2475,UA,LAX,14
2,5,15,2,18,2475,UA,LAX,13
139,5,16,3,18,2475,UA,LAX,12
-3,5,17,4,18,2475,UA,LAX,11
139,5,18,5,18,2475,UA,LAX,10
-2,5,19,6,18,2475,UA,LAX,9
31,5,20,7,18,2475,UA,LAX,8
-5,5,21,1,18,2475,UA,LAX,7
0,5,22,2,18,2475,UA,LAX,6
3,5,23,3,18,2475,UA,LAX,5
-2,5,24,4,18,2475,UA,LAX,4
-5,5,25,5,18,2475,UA,LAX,3
-6,5,26,6,18,2475,UA,LAX,2
0,5,28,1,18,2475,UA,LAX,0
5,5,29,2,18,2475,UA,LAX,1
-5,5,30,3,18,2475,UA,LAX,2
3,5,31,4,18,2475,UA,LAX,3
-4,5,1,2,8,2475,UA,LAX,27
-5,5,2,3,8,2475,UA,LAX,26
-8,5,3,4,8,2475,UA,LAX,25
-1,5,4,5,8,2475,UA,LAX,24
-4,5,5,6,8,2475,UA,LAX,23
-6,5,6,7,8,2475,UA,LAX,22
-7,5,7,1,8,2475,UA,LAX,21
-8,5,8,2,8,2475,UA,LAX,20
-9,5,9,3,8,2475,UA,LAX,19
7,5,10,4,8,2475,UA,LAX,18
-5,5,11,5,8,2475,UA,LAX,17
-7,5,12,6,8,2475,UA,LAX,16
-10,5,13,7,8,2475,UA,LAX,15
-2,5,14,1,8,2475,UA,LAX,14
38,5,15,2,8,2475,UA,LAX,13
-4,5,16,3,8,2475,UA,LAX,12
15,5,17,4,8,2475,UA,LAX,11
17,5,18,5,8,2475,UA,LAX,10
-5,5,19,6,8,2475,UA,LAX,9
-1,5,20,7,8,2475,UA,LAX,8
-4,5,21,1,8,2475,UA,LAX,7
-5,5,22,2,8,2475,UA,LAX,6
-4,5,23,3,8,2475,UA,LAX,5
-3,5,24,4,8,2475,UA,LAX,4
-4,5,25,5,8,2475,UA,LAX,3
12,5,26,6,8,2475,UA,LAX,2
5,5,27,7,8,2475,UA,LAX,1
0,5,28,1,8,2475,UA,LAX,0
-2,5,29,2,8,2475,UA,LAX,1
-2,5,30,3,8,2475,UA,LAX,2
0,5,31,4,8,2475,UA,LAX,3
0,5,1,2,8,2586,UA,SFO,27
-9,5,2,3,8,2586,UA,SFO,26
-2,5,3,4,8,2586,UA,SFO,25
-4,5,4,5,8,2586,UA,SFO,24
187,5,5,6,8,2586,UA,SFO,23
-5,5,6,7,8,2586,UA,SFO,22
-3,5,7,1,8,2586,UA,SFO,21
11,5,8,2,8,2586,UA,SFO,20
-6,5,9,3,8,2586,UA,SFO,19
6,5,10,4,8,2586,UA,SFO,18
-2,5,11,5,8,2586,UA,SFO,17
-4,5,12,6,8,2586,UA,SFO,16
2,5,13,7,8,2586,UA,SFO,15
-7,5,14,1,8,2586,UA,SFO,14
-5,5,15,2,8,2586,UA,SFO,13
-6,5,16,3,8,2586,UA,SFO,12
0,5,17,4,8,2586,UA,SFO,11
-3,5,18,5,8,2586,UA,SFO,10
-6,5,19,6,8,2586,UA,SFO,9
-7,5,20,7,8,2586,UA,SFO,8
-3,5,21,1,8,2586,UA,SFO,7
-3,5,22,2,8,2586,UA,SFO,6
-8,5,23,3,8,2586,UA,SFO,5
-3,5,24,4,8,2586,UA,SFO,4
-5,5,25,5,8,2586,UA,SFO,3
0,5,26,6,8,2586,UA,SFO,2
-4,5,27,7,8,2586,UA,SFO,1
-7,5,28,1,8,2586,UA,SFO,0
4,5,29,2,8,2586,UA,SFO,1
-4,5,30,3,8,2586,UA,SFO,2
13,5,31,4,8,2586,UA,SFO,3
-3,5,1,2,7,2248,US,LAS,27
8,5,1,2,8,2248,US,LAS,27
-6,5,1,2,10,2248,US,LAS,27
-1,5,1,2,20,2248,US,LAS,27
12,5,1,2,17,2153,US,PHX,27
-5,5,1,2,9,2153,US,PHX,27
1,5,1,2,6,2153,US,PHX,27
-3,5,2,3,7,2248,US,LAS,26
34,5,2,3,8,2248,US,LAS,26
-3,5,2,3,10,2248,US,LAS,26
17,5,2,3,20,2248,US,LAS,26
43,5,2,3,17,2153,US,PHX,26
0,5,2,3,9,2153,US,PHX,26
1,5,2,3,6,2153,US,PHX,26
-6,5,3,4,7,2248,US,LAS,25
-1,5,3,4,8,2248,US,LAS,25
-1,5,3,4,10,2248,US,LAS,25
32,5,3,4,20,2248,US,LAS,25
11,5,3,4,17,2153,US,PHX,25
-1,5,3,4,9,2153,US,PHX,25
3,5,3,4,6,2153,US,PHX,25
26,5,4,5,7,2248,US,LAS,24
5,5,4,5,8,2248,US,LAS,24
-6,5,4,5,10,2248,US,LAS,24
17,5,4,5,20,2248,US,LAS,24
-4,5,4,5,17,2153,US,PHX,24
-3,5,4,5,9,2153,US,PHX,24
-4,5,4,5,6,2153,US,PHX,24
1,5,5,6,7,2248,US,LAS,23
-5,5,5,6,8,2248,US,LAS,23
2,5,5,6,10,2248,US,LAS,23
50,5,5,6,20,2248,US,LAS,23
1,5,5,6,17,2153,US,PHX,23
-1,5,5,6,9,2153,US,PHX,23
0,5,5,6,6,2153,US,PHX,23
-2,5,6,7,7,2248,US,LAS,22
0,5,6,7,8,2248,US,LAS,22
5,5,6,7,10,2248,US,LAS,22
41,5,6,7,20,2248,US,LAS,22
47,5,6,7,17,2153,US,PHX,22
11,5,6,7,9,2153,US,PHX,22
-3,5,6,7,6,2153,US,PHX,22
6,5,7,1,7,2248,US,LAS,21
3,5,7,1,8,2248,US,LAS,21
13,5,7,1,10,2248,US,LAS,21
31,5,7,1,20,2248,US,LAS,21
21,5,7,1,17,2153,US,PHX,21
-6,5,7,1,9,2153,US,PHX,21
-3,5,7,1,6,2153,US,PHX,21
-4,5,8,2,7,2248,US,LAS,20
0,5,8,2,8,2248,US,LAS,20
-4,5,8,2,10,2248,US,LAS,20
11,5,8,2,20,2248,US,LAS,20
30,5,8,2,17,2153,US,PHX,20
-2,5,8,2,9,2153,US,PHX,20
-3,5,8,2,6,2153,US,PHX,20
0,5,9,3,7,2248,US,LAS,19
-1,5,9,3,8,2248,US,LAS,19
-2,5,9,3,10,2248,US,LAS,19
40,5,9,3,20,2248,US,LAS,19
21,5,9,3,17,2153,US,PHX,19
-3,5,9,3,9,2153,US,PHX,19
0,5,9,3,6,2153,US,PHX,19
-2,5,10,4,7,2248,US,LAS,18
-1,5,10,4,8,2248,US,LAS,18
-8,5,10,4,10,2248,US,LAS,18
406,5,10,4,17,2153,US,PHX,18
-3,5,10,4,9,2153,US,PHX,18
4,5,10,4,6,2153,US,PHX,18
-5,5,11,5,7,2248,US,LAS,17
39,5,11,5,8,2248,US,LAS,17
14,5,11,5,10,2248,US,LAS,17
81,5,11,5,20,2248,US,LAS,17
4,5,11,5,17,2153,US,PHX,17
-2,5,11,5,9,2153,US,PHX,17
-5,5,11,5,6,2153,US,PHX,17
20,5,12,6,7,2248,US,LAS,16
-2,5,12,6,8,2248,US,LAS,16
-4,5,12,6,10,2248,US,LAS,16
27,5,12,6,20,2248,US,LAS,16
13,5,12,6,17,2153,US,PHX,16
-4,5,12,6,9,2153,US,PHX,16
2,5,12,6,6,2153,US,PHX,16
1,5,13,7,7,2248,US,LAS,15
2,5,13,7,8,2248,US,LAS,15
2,5,13,7,10,2248,US,LAS,15
21,5,13,7,20,2248,US,LAS,15
0,5,13,7,17,2153,US,PHX,15
-3,5,13,7,9,2153,US,PHX,15
-1,5,13,7,6,2153,US,PHX,15
1,5,14,1,7,2248,US,LAS,14
0,5,14,1,8,2248,US,LAS,14
-4,5,14,1,10,2248,US,LAS,14
-3,5,14,1,20,2248,US,LAS,14
5,5,14,1,17,2153,US,PHX,14
-6,5,14,1,9,2153,US,PHX,14
4,5,14,1,6,2153,US,PHX,14
-5,5,15,2,7,2248,US,LAS,13
-8,5,15,2,8,2248,US,LAS,13
58,5,15,2,10,2248,US,LAS,13
38,5,15,2,20,2248,US,LAS,13
48,5,15,2,17,2153,US,PHX,13
-7,5,15,2,9,2153,US,PHX,13
-3,5,15,2,6,2153,US,PHX,13
95,5,16,3,7,2248,US,LAS,12
262,5,16,3,8,2248,US,LAS,12
125,5,16,3,10,2248,US,LAS,12
285,5,16,3,17,2153,US,PHX,12
161,5,16,3,9,2153,US,PHX,12
-3,5,16,3,6,2153,US,PHX,12
1,5,17,4,7,2248,US,LAS,11
0,5,17,4,8,2248,US,LAS,11
6,5,17,4,10,2248,US,LAS,11
22,5,17,4,20,2248,US,LAS,11
7,5,17,4,17,2153,US,PHX,11
-7,5,17,4,9,2153,US,PHX,11
2,5,17,4,6,2153,US,PHX,11
-4,5,18,5,7,2248,US,LAS,10
5,5,18,5,8,2248,US,LAS,10
-4,5,18,5,10,2248,US,LAS,10
82,5,18,5,20,2248,US,LAS,10
26,5,18,5,17,2153,US,PHX,10
-2,5,18,5,9,2153,US,PHX,10
-3,5,18,5,6,2153,US,PHX,10
-1,5,19,6,7,2248,US,LAS,9
2,5,19,6,8,2248,US,LAS,9
-5,5,19,6,10,2248,US,LAS,9
41,5,19,6,20,2248,US,LAS,9
-3,5,19,6,17,2153,US,PHX,9
-4,5,19,6,9,2153,US,PHX,9
16,5,19,6,6,2153,US,PHX,9
1,5,20,7,7,2248,US,LAS,8
-5,5,20,7,8,2248,US,LAS,8
3,5,20,7,10,2248,US,LAS,8
51,5,20,7,20,2248,US,LAS,8
94,5,20,7,17,2153,US,PHX,8
-6,5,20,7,9,2153,US,PHX,8
-5,5,20,7,6,2153,US,PHX,8
-1,5,21,1,7,2248,US,LAS,7
0,5,21,1,8,2248,US,LAS,7
-7,5,21,1,10,2248,US,LAS,7
24,5,21,1,20,2248,US,LAS,7
25,5,21,1,17,2153,US,PHX,7
-1,5,21,1,9,2153,US,PHX,7
-5,5,21,1,6,2153,US,PHX,7
-3,5,22,2,7,2248,US,LAS,6
-3,5,22,2,8,2248,US,LAS,6
-6,5,22,2,10,2248,US,LAS,6
29,5,22,2,20,2248,US,LAS,6
-5,5,22,2,17,2153,US,PHX,6
-6,5,22,2,9,2153,US,PHX,6
0,5,22,2,6,2153,US,PHX,6
2,5,23,3,7,2248,US,LAS,5
6,5,23,3,8,2248,US,LAS,5
0,5,23,3,10,2248,US,LAS,5
22,5,23,3,20,2248,US,LAS,5
3,5,23,3,17,2153,US,PHX,5
-5,5,23,3,9,2153,US,PHX,5
2,5,23,3,6,2153,US,PHX,5
-2,5,24,4,7,2248,US,LAS,4
-8,5,24,4,8,2248,US,LAS,4
9,5,24,4,10,2248,US,LAS,4
42,5,24,4,20,2248,US,LAS,4
24,5,24,4,17,2153,US,PHX,4
-1,5,24,4,9,2153,US,PHX,4
-1,5,24,4,6,2153,US,PHX,4
1,5,25,5,7,2248,US,LAS,3
11,5,25,5,8,2248,US,LAS,3
-3,5,25,5,10,2248,US,LAS,3
-2,5,25,5,20,2248,US,LAS,3
1,5,25,5,17,2153,US,PHX,3
-4,5,25,5,9,2153,US,PHX,3
-9,5,25,5,6,2153,US,PHX,3
-3,5,26,6,7,2248,US,LAS,2
-2,5,26,6,8,2248,US,LAS,2
-4,5,26,6,10,2248,US,LAS,2
16,5,26,6,20,2248,US,LAS,2
-14,5,26,6,17,2153,US,PHX,2
-3,5,26,6,9,2153,US,PHX,2
0,5,26,6,6,2153,US,PHX,2
-5,5,27,7,7,2248,US,LAS,1
-5,5,27,7,8,2248,US,LAS,1
0,5,27,7,10,2248,US,LAS,1
19,5,27,7,20,2248,US,LAS,1
-4,5,27,7,17,2153,US,PHX,1
-6,5,27,7,9,2153,US,PHX,1
0,5,27,7,6,2153,US,PHX,1
-2,5,28,1,7,2248,US,LAS,0
-7,5,28,1,8,2248,US,LAS,0
-12,5,28,1,10,2248,US,LAS,0
12,5,28,1,20,2248,US,LAS,0
11,5,28,1,17,2153,US,PHX,0
-8,5,28,1,9,2153,US,PHX,0
-5,5,28,1,6,2153,US,PHX,0
-3,5,29,2,7,2248,US,LAS,1
-5,5,29,2,8,2248,US,LAS,1
-4,5,29,2,10,2248,US,LAS,1
18,5,29,2,20,2248,US,LAS,1
43,5,29,2,17,2153,US,PHX,1
-8,5,29,2,9,2153,US,PHX,1
-5,5,29,2,6,2153,US,PHX,1
1,5,30,3,7,2248,US,LAS,2
-5,5,30,3,8,2248,US,LAS,2
-4,5,30,3,10,2248,US,LAS,2
51,5,30,3,20,2248,US,LAS,2
32,5,30,3,17,2153,US,PHX,2
-2,5,30,3,9,2153,US,PHX,2
-3,5,30,3,6,2153,US,PHX,2
-5,5,31,4,7,2248,US,LAS,3
0,5,31,4,8,2248,US,LAS,3
3,5,31,4,10,2248,US,LAS,3
40,5,31,4,20,2248,US,LAS,3
1,5,31,4,17,2153,US,PHX,3
-1,5,31,4,9,2153,US,PHX,3
0,5,31,4,6,2153,US,PHX,3
101,5,18,5,19,1069,DL,FLL,10
74,5,18,5,8,760,DL,ATL,10
11,5,18,5,16,2475,DL,LAX,10
55,5,18,5,19,944,DL,MCO,10
255,5,18,5,18,1090,DL,MIA,10
24,5,18,5,16,1989,DL,SLC,10
7,5,18,5,16,1069,DL,FLL,10
48,5,18,5,16,2421,DL,SEA,10
71,5,18,5,18,2475,DL,LAX,10
207,5,18,5,16,944,DL,MCO,10
24,5,18,5,18,2586,DL,SFO,10
53,5,18,5,16,2586,DL,SFO,10
53,5,18,5,16,589,DL,CVG,10
33,5,18,5,16,760,DL,ATL,10
-3,5,18,5,6,760,DL,ATL,10
33,5,18,5,8,2153,DL,PHX,10
14,5,18,5,19,1989,DL,SLC,10
43,5,18,5,19,2454,DL,PDX,10
9,5,18,5,8,2248,DL,LAS,10
117,5,18,5,19,2248,DL,LAS,10
-3,5,18,5,11,1028,DL,PBI,10
-1,5,18,5,8,1597,DL,SJU,10
-5,5,18,5,8,1028,DL,PBI,10
13,5,18,5,7,2475,DL,LAX,10
-2,5,18,5,8,2421,DL,SEA,10
19,5,18,5,15,1005,DL,TPA,10
141,5,18,5,19,1005,DL,TPA,10
-1,5,18,5,8,2475,DL,LAX,10
42,5,18,5,16,1028,DL,PBI,10
1,5,18,5,14,760,DL,ATL,10
-6,5,18,5,7,1989,DL,SLC,10
0,5,18,5,11,944,DL,MCO,10
4,5,18,5,16,2248,DL,LAS,10
-2,5,18,5,14,944,DL,MCO,10
-3,5,18,5,11,2475,DL,LAX,10
-1,5,18,5,8,1069,DL,FLL,10
4,5,18,5,11,1069,DL,FLL,10
8,5,18,5,8,944,DL,MCO,10
42,5,18,5,16,2446,DL,SAN,10
0,5,18,5,8,1005,DL,TPA,10
-2,5,18,5,8,2586,DL,SFO,10
-1,5,18,5,18,2421,DL,SEA,10
18,5,19,6,8,760,DL,ATL,9
23,5,19,6,16,2475,DL,LAX,9
60,5,19,6,18,944,DL,MCO,9
-1,5,19,6,18,1090,DL,MIA,9
0,5,19,6,16,1989,DL,SLC,9
-3,5,19,6,16,1069,DL,FLL,9
24,5,19,6,18,2475,DL,LAX,9
62,5,19,6,16,944,DL,MCO,9
1,5,19,6,18,2586,DL,SFO,9
17,5,19,6,16,589,DL,CVG,9
30,5,19,6,16,760,DL,ATL,9
7,5,19,6,6,760,DL,ATL,9
-1,5,19,6,8,2153,DL,PHX,9
20,5,19,6,19,1989,DL,SLC,9
1,5,19,6,19,2454,DL,PDX,9
-1,5,19,6,8,2248,DL,LAS,9
2,5,19,6,8,1623,DL,STT,9
20,5,19,6,18,2248,DL,LAS,9
4,5,19,6,16,187,DL,BOS,9
12,5,19,6,8,1597,DL,SJU,9
3,5,19,6,8,1028,DL,PBI,9
-2,5,19,6,15,1005,DL,TPA,9
0,5,19,6,8,2475,DL,LAX,9
-2,5,19,6,16,1028,DL,PBI,9
6,5,19,6,14,760,DL,ATL,9
1,5,19,6,7,1989,DL,SLC,9
-8,5,19,6,11,944,DL,MCO,9
119,5,19,6,14,944,DL,MCO,9
5,5,19,6,11,2475,DL,LAX,9
1,5,19,6,8,1069,DL,FLL,9
-5,5,19,6,11,1069,DL,FLL,9
-2,5,19,6,8,944,DL,MCO,9
13,5,19,6,16,2446,DL,SAN,9
49,5,19,6,8,1005,DL,TPA,9
4,5,19,6,8,2586,DL,SFO,9
0,5,19,6,18,2421,DL,SEA,9
42,5,20,7,19,1069,DL,FLL,8
29,5,20,7,8,760,DL,ATL,8
2,5,20,7,16,2475,DL,LAX,8
26,5,20,7,19,944,DL,MCO,8
43,5,20,7,18,1090,DL,MIA,8
32,5,20,7,16,1989,DL,SLC,8
7,5,20,7,16,1069,DL,FLL,8
-3,5,20,7,16,2421,DL,SEA,8
29,5,20,7,18,2475,DL,LAX,8
37,5,20,7,16,944,DL,MCO,8
18,5,20,7,18,2586,DL,SFO,8
43,5,20,7,16,2586,DL,SFO,8
31,5,20,7,16,589,DL,CVG,8
-1,5,20,7,16,760,DL,ATL,8
1,5,20,7,8,2153,DL,PHX,8
3,5,20,7,19,1989,DL,SLC,8
0,5,20,7,19,2454,DL,PDX,8
0,5,20,7,8,2248,DL,LAS,8
20,5,20,7,19,2248,DL,LAS,8
-6,5,20,7,11,1028,DL,PBI,8
5,5,20,7,8,1597,DL,SJU,8
-2,5,20,7,8,1028,DL,PBI,8
14,5,20,7,8,2421,DL,SEA,8
-1,5,20,7,6,760,DL,ATL,8
12,5,20,7,15,1005,DL,TPA,8
5,5,20,7,19,1005,DL,TPA,8
6,5,20,7,8,2475,DL,LAX,8
33,5,20,7,16,1028,DL,PBI,8
2,5,20,7,7,1989,DL,SLC,8
4,5,20,7,11,944,DL,MCO,8
11,5,20,7,18,760,DL,ATL,8
27,5,20,7,16,2248,DL,LAS,8
-1,5,20,7,14,944,DL,MCO,8
129,5,20,7,11,2475,DL,LAX,8
9,5,20,7,8,1069,DL,FLL,8
2,5,20,7,11,1069,DL,FLL,8
-6,5,20,7,8,944,DL,MCO,8
4,5,20,7,16,2446,DL,SAN,8
0,5,20,7,8,1005,DL,TPA,8
1,5,20,7,8,2586,DL,SFO,8
-4,5,20,7,18,2421,DL,SEA,8
5,5,21,1,19,1069,DL,FLL,7
8,5,21,1,8,760,DL,ATL,7
9,5,21,1,16,2475,DL,LAX,7
4,5,21,1,18,944,DL,MCO,7
-3,5,21,1,18,1090,DL,MIA,7
24,5,21,1,16,1989,DL,SLC,7
2,5,21,1,16,1069,DL,FLL,7
32,5,21,1,16,2421,DL,SEA,7
13,5,21,1,18,2475,DL,LAX,7
19,5,21,1,16,944,DL,MCO,7
44,5,21,1,18,2586,DL,SFO,7
40,5,21,1,16,2586,DL,SFO,7
-4,5,21,1,16,589,DL,CVG,7
49,5,21,1,16,760,DL,ATL,7
-6,5,21,1,6,760,DL,ATL,7
-4,5,21,1,8,2153,DL,PHX,7
11,5,21,1,19,1989,DL,SLC,7
3,5,21,1,19,2454,DL,PDX,7
0,5,21,1,8,2248,DL,LAS,7
22,5,21,1,19,2248,DL,LAS,7
-2,5,21,1,11,1028,DL,PBI,7
-1,5,21,1,8,1597,DL,SJU,7
-8,5,21,1,8,1028,DL,PBI,7
-2,5,21,1,7,2475,DL,LAX,7
-5,5,21,1,8,2421,DL,SEA,7
-1,5,21,1,15,1005,DL,TPA,7
48,5,21,1,19,1005,DL,TPA,7
0,5,21,1,8,2475,DL,LAX,7
4,5,21,1,16,1028,DL,PBI,7
-2,5,21,1,7,1989,DL,SLC,7
-4,5,21,1,11,944,DL,MCO,7
0,5,21,1,16,2248,DL,LAS,7
-4,5,21,1,14,944,DL,MCO,7
19,5,21,1,11,2475,DL,LAX,7
-4,5,21,1,8,1069,DL,FLL,7
3,5,21,1,11,1069,DL,FLL,7
48,5,21,1,8,944,DL,MCO,7
61,5,21,1,16,2446,DL,SAN,7
0,5,21,1,8,1005,DL,TPA,7
0,5,21,1,8,2586,DL,SFO,7
-4,5,21,1,18,2421,DL,SEA,7
14,5,22,2,19,1069,DL,FLL,6
7,5,22,2,8,760,DL,ATL,6
13,5,22,2,16,2475,DL,LAX,6
8,5,22,2,19,944,DL,MCO,6
22,5,22,2,18,1090,DL,MIA,6
22,5,22,2,16,1989,DL,SLC,6
2,5,22,2,16,1069,DL,FLL,6
38,5,22,2,18,2475,DL,LAX,6
17,5,22,2,16,944,DL,MCO,6
4,5,22,2,18,2586,DL,SFO,6
65,5,22,2,16,2586,DL,SFO,6
13,5,22,2,16,589,DL,CVG,6
4,5,22,2,16,760,DL,ATL,6
-8,5,22,2,6,760,DL,ATL,6
5,5,22,2,8,2153,DL,PHX,6
7,5,22,2,19,1989,DL,SLC,6
25,5,22,2,19,2454,DL,PDX,6
-1,5,22,2,8,2248,DL,LAS,6
19,5,22,2,19,2248,DL,LAS,6
11,5,22,2,8,1597,DL,SJU,6
-6,5,22,2,8,1028,DL,PBI,6
-1,5,22,2,7,2475,DL,LAX,6
100,5,22,2,8,2421,DL,SEA,6
15,5,22,2,15,1005,DL,TPA,6
-5,5,22,2,19,1005,DL,TPA,6
3,5,22,2,8,2475,DL,LAX,6
8,5,22,2,16,1028,DL,PBI,6
6,5,22,2,7,1989,DL,SLC,6
-3,5,22,2,14,944,DL,MCO,6
5,5,22,2,11,2475,DL,LAX,6
-5,5,22,2,8,1069,DL,FLL,6
-8,5,22,2,8,944,DL,MCO,6
-5,5,22,2,16,2446,DL,SAN,6
0,5,22,2,8,1005,DL,TPA,6
-1,5,22,2,8,2586,DL,SFO,6
-1,5,22,2,18,2421,DL,SEA,6
5,5,23,3,19,1069,DL,FLL,5
6,5,23,3,8,760,DL,ATL,5
53,5,23,3,16,2475,DL,LAX,5
12,5,23,3,19,944,DL,MCO,5
26,5,23,3,18,1090,DL,MIA,5
26,5,23,3,16,1989,DL,SLC,5
1,5,23,3,16,1069,DL,FLL,5
54,5,23,3,16,2421,DL,SEA,5
40,5,23,3,18,2475,DL,LAX,5
22,5,23,3,16,944,DL,MCO,5
5,5,23,3,18,2586,DL,SFO,5
134,5,23,3,16,2586,DL,SFO,5
-1,5,23,3,16,589,DL,CVG,5
29,5,23,3,16,760,DL,ATL,5
-2,5,23,3,6,760,DL,ATL,5
-3,5,23,3,8,2153,DL,PHX,5
13,5,23,3,19,1989,DL,SLC,5
5,5,23,3,19,2454,DL,PDX,5
25,5,23,3,8,2248,DL,LAS,5
6,5,23,3,19,2248,DL,LAS,5
-6,5,23,3,11,1028,DL,PBI,5
-5,5,23,3,8,1597,DL,SJU,5
-3,5,23,3,8,1028,DL,PBI,5
-3,5,23,3,7,2475,DL,LAX,5
-3,5,23,3,8,2421,DL,SEA,5
-1,5,23,3,15,1005,DL,TPA,5
-4,5,23,3,19,1005,DL,TPA,5
-3,5,23,3,8,2475,DL,LAX,5
103,5,23,3,16,1028,DL,PBI,5
-1,5,23,3,7,1989,DL,SLC,5
-7,5,23,3,11,944,DL,MCO,5
0,5,23,3,16,2248,DL,LAS,5
-5,5,23,3,14,944,DL,MCO,5
11,5,23,3,11,2475,DL,LAX,5
14,5,23,3,8,1069,DL,FLL,5
-2,5,23,3,11,1069,DL,FLL,5
-6,5,23,3,8,944,DL,MCO,5
0,5,23,3,16,2446,DL,SAN,5
-3,5,23,3,8,1005,DL,TPA,5
-4,5,23,3,8,2586,DL,SFO,5
1,5,23,3,18,2421,DL,SEA,5
31,5,24,4,19,1069,DL,FLL,4
-1,5,24,4,8,760,DL,ATL,4
65,5,24,4,16,2475,DL,LAX,4
25,5,24,4,19,944,DL,MCO,4
0,5,24,4,18,1090,DL,MIA,4
39,5,24,4,16,1989,DL,SLC,4
-1,5,24,4,16,1069,DL,FLL,4
36,5,24,4,16,2421,DL,SEA,4
9,5,24,4,18,2475,DL,LAX,4
173,5,24,4,16,944,DL,MCO,4
14,5,24,4,18,2586,DL,SFO,4
59,5,24,4,16,2586,DL,SFO,4
3,5,24,4,16,589,DL,CVG,4
33,5,24,4,16,760,DL,ATL,4
-3,5,24,4,6,760,DL,ATL,4
16,5,24,4,8,2153,DL,PHX,4
-1,5,24,4,19,1989,DL,SLC,4
-3,5,24,4,19,2454,DL,PDX,4
4,5,24,4,8,2248,DL,LAS,4
71,5,24,4,19,2248,DL,LAS,4
-7,5,24,4,11,1028,DL,PBI,4
1,5,24,4,8,1597,DL,SJU,4
-3,5,24,4,8,1028,DL,PBI,4
-2,5,24,4,7,2475,DL,LAX,4
-3,5,24,4,8,2421,DL,SEA,4
12,5,24,4,15,1005,DL,TPA,4
8,5,24,4,19,1005,DL,TPA,4
2,5,24,4,8,2475,DL,LAX,4
145,5,24,4,16,1028,DL,PBI,4
1,5,24,4,7,1989,DL,SLC,4
-2,5,24,4,11,944,DL,MCO,4
20,5,24,4,16,2248,DL,LAS,4
-4,5,24,4,14,944,DL,MCO,4
-1,5,24,4,11,2475,DL,LAX,4
1,5,24,4,8,1069,DL,FLL,4
-1,5,24,4,11,1069,DL,FLL,4
62,5,24,4,8,944,DL,MCO,4
16,5,24,4,16,2446,DL,SAN,4
8,5,24,4,8,1005,DL,TPA,4
8,5,24,4,8,2586,DL,SFO,4
2,5,24,4,18,2421,DL,SEA,4
-3,5,25,5,19,1069,DL,FLL,3
33,5,25,5,8,760,DL,ATL,3
2,5,25,5,16,2475,DL,LAX,3
26,5,25,5,19,944,DL,MCO,3
9,5,25,5,18,1090,DL,MIA,3
-6,5,25,5,16,1989,DL,SLC,3
22,5,25,5,16,1069,DL,FLL,3
16,5,25,5,16,2421,DL,SEA,3
21,5,25,5,18,2475,DL,LAX,3
11,5,25,5,16,944,DL,MCO,3
19,5,25,5,18,2586,DL,SFO,3
12,5,25,5,16,2586,DL,SFO,3
-4,5,25,5,16,589,DL,CVG,3
31,5,25,5,16,760,DL,ATL,3
0,5,25,5,6,760,DL,ATL,3
30,5,25,5,8,2153,DL,PHX,3
3,5,25,5,19,1989,DL,SLC,3
21,5,25,5,19,2454,DL,PDX,3
2,5,25,5,8,2248,DL,LAS,3
51,5,25,5,19,2248,DL,LAS,3
3,5,25,5,11,1028,DL,PBI,3
2,5,25,5,8,1597,DL,SJU,3
-2,5,25,5,8,1028,DL,PBI,3
-7,5,25,5,7,2475,DL,LAX,3
-2,5,25,5,8,2421,DL,SEA,3
2,5,25,5,15,1005,DL,TPA,3
9,5,25,5,19,1005,DL,TPA,3
6,5,25,5,8,2475,DL,LAX,3
2,5,25,5,16,1028,DL,PBI,3
-2,5,25,5,14,760,DL,ATL,3
-2,5,25,5,7,1989,DL,SLC,3
-1,5,25,5,11,944,DL,MCO,3
-5,5,25,5,16,2248,DL,LAS,3
-7,5,25,5,14,944,DL,MCO,3
12,5,25,5,11,2475,DL,LAX,3
3,5,25,5,8,1069,DL,FLL,3
2,5,25,5,11,1069,DL,FLL,3
-4,5,25,5,8,944,DL,MCO,3
18,5,25,5,16,2446,DL,SAN,3
-3,5,25,5,8,1005,DL,TPA,3
7,5,25,5,8,2586,DL,SFO,3
10,5,25,5,18,2421,DL,SEA,3
26,5,26,6,8,760,DL,ATL,2
22,5,26,6,16,2475,DL,LAX,2
31,5,26,6,18,944,DL,MCO,2
31,5,26,6,18,1090,DL,MIA,2
6,5,26,6,16,1989,DL,SLC,2
35,5,26,6,16,1069,DL,FLL,2
29,5,26,6,18,2475,DL,LAX,2
29,5,26,6,16,944,DL,MCO,2
-3,5,26,6,18,2586,DL,SFO,2
24,5,26,6,16,589,DL,CVG,2
28,5,26,6,16,760,DL,ATL,2
0,5,26,6,6,760,DL,ATL,2
-5,5,26,6,8,2153,DL,PHX,2
0,5,26,6,19,2454,DL,PDX,2
-5,5,26,6,8,2248,DL,LAS,2
5,5,26,6,8,1623,DL,STT,2
-2,5,26,6,18,2248,DL,LAS,2
51,5,26,6,16,187,DL,BOS,2
8,5,26,6,8,1597,DL,SJU,2
0,5,26,6,8,1028,DL,PBI,2
2,5,26,6,15,1005,DL,TPA,2
0,5,26,6,8,2475,DL,LAX,2
9,5,26,6,16,1028,DL,PBI,2
-7,5,26,6,14,760,DL,ATL,2
-1,5,26,6,7,1989,DL,SLC,2
-5,5,26,6,11,944,DL,MCO,2
-5,5,26,6,14,944,DL,MCO,2
-2,5,26,6,11,2475,DL,LAX,2
-6,5,26,6,8,1069,DL,FLL,2
0,5,26,6,11,1069,DL,FLL,2
0,5,26,6,8,944,DL,MCO,2
19,5,26,6,16,2446,DL,SAN,2
7,5,26,6,8,1005,DL,TPA,2
3,5,26,6,8,2586,DL,SFO,2
-2,5,26,6,18,2421,DL,SEA,2
43,5,27,7,19,1069,DL,FLL,1
11,5,27,7,8,760,DL,ATL,1
44,5,27,7,16,2475,DL,LAX,1
7,5,27,7,19,944,DL,MCO,1
77,5,27,7,18,1090,DL,MIA,1
-5,5,27,7,16,1989,DL,SLC,1
-5,5,27,7,16,1069,DL,FLL,1
82,5,27,7,16,2421,DL,SEA,1
57,5,27,7,18,2475,DL,LAX,1
69,5,27,7,16,944,DL,MCO,1
-5,5,27,7,18,2586,DL,SFO,1
98,5,27,7,16,589,DL,CVG,1
-3,5,27,7,16,760,DL,ATL,1
-10,5,27,7,8,2153,DL,PHX,1
-2,5,27,7,19,1989,DL,SLC,1
26,5,27,7,19,2454,DL,PDX,1
0,5,27,7,8,2248,DL,LAS,1
41,5,27,7,19,2248,DL,LAS,1
0,5,27,7,8,1597,DL,SJU,1
-5,5,27,7,8,1028,DL,PBI,1
-3,5,27,7,8,2421,DL,SEA,1
-4,5,27,7,15,1005,DL,TPA,1
68,5,27,7,19,1005,DL,TPA,1
1,5,27,7,8,2475,DL,LAX,1
29,5,27,7,16,1028,DL,PBI,1
1,5,27,7,7,1989,DL,SLC,1
-4,5,27,7,11,944,DL,MCO,1
5,5,27,7,18,760,DL,ATL,1
-1,5,27,7,14,944,DL,MCO,1
-4,5,27,7,11,2475,DL,LAX,1
-1,5,27,7,8,1069,DL,FLL,1
-9,5,27,7,11,1069,DL,FLL,1
-2,5,27,7,8,944,DL,MCO,1
35,5,27,7,16,2446,DL,SAN,1
-4,5,27,7,8,1005,DL,TPA,1
2,5,27,7,8,2586,DL,SFO,1
65,5,27,7,18,2421,DL,SEA,1
25,5,28,1,19,1069,DL,FLL,0
24,5,28,1,8,760,DL,ATL,0
18,5,28,1,16,2475,DL,LAX,0
-4,5,28,1,18,944,DL,MCO,0
3,5,28,1,18,1090,DL,MIA,0
-1,5,28,1,16,1989,DL,SLC,0
0,5,28,1,16,1069,DL,FLL,0
18,5,28,1,16,2421,DL,SEA,0
47,5,28,1,18,2475,DL,LAX,0
8,5,28,1,16,944,DL,MCO,0
138,5,28,1,18,2586,DL,SFO,0
116,5,28,1,16,2586,DL,SFO,0
25,5,28,1,16,589,DL,CVG,0
9,5,28,1,16,760,DL,ATL,0
-3,5,28,1,6,760,DL,ATL,0
-8,5,28,1,8,2153,DL,PHX,0
0,5,28,1,19,1989,DL,SLC,0
-11,5,28,1,19,2454,DL,PDX,0
6,5,28,1,8,2248,DL,LAS,0
5,5,28,1,19,2248,DL,LAS,0
-8,5,28,1,11,1028,DL,PBI,0
10,5,28,1,8,1597,DL,SJU,0
0,5,28,1,8,1028,DL,PBI,0
3,5,28,1,8,2421,DL,SEA,0
-1,5,28,1,15,1005,DL,TPA,0
13,5,28,1,19,1005,DL,TPA,0
0,5,28,1,8,2475,DL,LAX,0
11,5,28,1,16,1028,DL,PBI,0
-7,5,28,1,7,1989,DL,SLC,0
-7,5,28,1,11,944,DL,MCO,0
5,5,28,1,16,2248,DL,LAS,0
-5,5,28,1,14,944,DL,MCO,0
44,5,28,1,11,2475,DL,LAX,0
-2,5,28,1,8,1069,DL,FLL,0
-3,5,28,1,11,1069,DL,FLL,0
-9,5,28,1,8,944,DL,MCO,0
0,5,28,1,16,2446,DL,SAN,0
-9,5,28,1,8,1005,DL,TPA,0
3,5,28,1,8,2586,DL,SFO,0
-3,5,28,1,18,2421,DL,SEA,0
-2,5,29,2,19,1069,DL,FLL,1
28,5,29,2,8,760,DL,ATL,1
19,5,29,2,16,2475,DL,LAX,1
18,5,29,2,19,944,DL,MCO,1
19,5,29,2,18,1090,DL,MIA,1
4,5,29,2,16,1989,DL,SLC,1
3,5,29,2,16,1069,DL,FLL,1
25,5,29,2,18,2475,DL,LAX,1
-4,5,29,2,16,944,DL,MCO,1
-3,5,29,2,18,2586,DL,SFO,1
8,5,29,2,16,2586,DL,SFO,1
2,5,29,2,16,589,DL,CVG,1
3,5,29,2,16,760,DL,ATL,1
0,5,29,2,6,760,DL,ATL,1
-6,5,29,2,8,2153,DL,PHX,1
21,5,29,2,19,1989,DL,SLC,1
-6,5,29,2,19,2454,DL,PDX,1
-6,5,29,2,8,2248,DL,LAS,1
-3,5,29,2,8,1597,DL,SJU,1
-3,5,29,2,8,1028,DL,PBI,1
-3,5,29,2,7,2475,DL,LAX,1
34,5,29,2,8,2421,DL,SEA,1
-2,5,29,2,15,1005,DL,TPA,1
9,5,29,2,19,1005,DL,TPA,1
-2,5,29,2,8,2475,DL,LAX,1
-10,5,29,2,16,1028,DL,PBI,1
-1,5,29,2,7,1989,DL,SLC,1
-7,5,29,2,14,944,DL,MCO,1
-11,5,29,2,11,2475,DL,LAX,1
-6,5,29,2,8,1069,DL,FLL,1
-1,5,29,2,8,944,DL,MCO,1
2,5,29,2,16,2446,DL,SAN,1
-3,5,29,2,8,1005,DL,TPA,1
0,5,29,2,8,2586,DL,SFO,1
-2,5,29,2,18,2421,DL,SEA,1
-3,5,30,3,19,1069,DL,FLL,2
-3,5,30,3,8,760,DL,ATL,2
-3,5,30,3,19,944,DL,MCO,2
13,5,30,3,18,1090,DL,MIA,2
0,5,30,3,16,1989,DL,SLC,2
0,5,30,3,16,1069,DL,FLL,2
28,5,30,3,16,2421,DL,SEA,2
57,5,30,3,18,2475,DL,LAX,2
-5,5,30,3,16,944,DL,MCO,2
44,5,30,3,18,2586,DL,SFO,2
1,5,30,3,16,2586,DL,SFO,2
5,5,30,3,16,589,DL,CVG,2
0,5,30,3,16,760,DL,ATL,2
-1,5,30,3,6,760,DL,ATL,2
-8,5,30,3,8,2153,DL,PHX,2
-1,5,30,3,19,1989,DL,SLC,2
47,5,30,3,19,2454,DL,PDX,2
5,5,30,3,8,2248,DL,LAS,2
18,5,30,3,19,2248,DL,LAS,2
-9,5,30,3,11,1028,DL,PBI,2
0,5,30,3,8,1597,DL,SJU,2
1,5,30,3,8,1028,DL,PBI,2
-6,5,30,3,7,2475,DL,LAX,2
1,5,30,3,8,2421,DL,SEA,2
-2,5,30,3,15,1005,DL,TPA,2
-7,5,30,3,19,1005,DL,TPA,2
-3,5,30,3,8,2475,DL,LAX,2
-2,5,30,3,16,1028,DL,PBI,2
-1,5,30,3,7,1989,DL,SLC,2
-11,5,30,3,11,944,DL,MCO,2
-7,5,30,3,14,944,DL,MCO,2
-4,5,30,3,11,2475,DL,LAX,2
-3,5,30,3,8,1069,DL,FLL,2
-7,5,30,3,11,1069,DL,FLL,2
6,5,30,3,8,944,DL,MCO,2
-2,5,30,3,16,2446,DL,SAN,2
-4,5,30,3,8,1005,DL,TPA,2
1,5,30,3,8,2586,DL,SFO,2
-5,5,30,3,18,2421,DL,SEA,2
0,5,31,4,19,1069,DL,FLL,3
3,5,31,4,8,760,DL,ATL,3
85,5,31,4,16,2475,DL,LAX,3
166,5,31,4,19,944,DL,MCO,3
-1,5,31,4,18,1090,DL,MIA,3
37,5,31,4,16,1989,DL,SLC,3
-8,5,31,4,16,1069,DL,FLL,3
33,5,31,4,16,2421,DL,SEA,3
23,5,31,4,18,2475,DL,LAX,3
-4,5,31,4,16,944,DL,MCO,3
53,5,31,4,18,2586,DL,SFO,3
-1,5,31,4,16,2586,DL,SFO,3
1,5,31,4,16,589,DL,CVG,3
-2,5,31,4,16,760,DL,ATL,3
8,5,31,4,6,760,DL,ATL,3
5,5,31,4,8,2153,DL,PHX,3
-2,5,31,4,19,1989,DL,SLC,3
4,5,31,4,19,2454,DL,PDX,3
-4,5,31,4,8,2248,DL,LAS,3
24,5,31,4,19,2248,DL,LAS,3
-4,5,31,4,11,1028,DL,PBI,3
4,5,31,4,8,1597,DL,SJU,3
-8,5,31,4,8,1028,DL,PBI,3
-5,5,31,4,7,2475,DL,LAX,3
-5,5,31,4,8,2421,DL,SEA,3
39,5,31,4,15,1005,DL,TPA,3
-2,5,31,4,19,1005,DL,TPA,3
-7,5,31,4,8,2475,DL,LAX,3
7,5,31,4,16,1028,DL,PBI,3
-1,5,31,4,7,1989,DL,SLC,3
-7,5,31,4,11,944,DL,MCO,3
24,5,31,4,16,2248,DL,LAS,3
0,5,31,4,14,944,DL,MCO,3
-6,5,31,4,11,2475,DL,LAX,3
-3,5,31,4,8,1069,DL,FLL,3
-9,5,31,4,11,1069,DL,FLL,3
13,5,31,4,8,944,DL,MCO,3
39,5,31,4,16,2446,DL,SAN,3
-5,5,31,4,8,1005,DL,TPA,3
-4,5,31,4,8,2586,DL,SFO,3
48,5,31,4,18,2421,DL,SEA,3
49,5,1,2,15,184,MQ,BWI,27
-8,5,2,3,15,184,MQ,BWI,26
-4,5,3,4,15,184,MQ,BWI,25
-4,5,4,5,15,184,MQ,BWI,24
6,5,5,6,15,184,MQ,BWI,23
2,5,6,7,15,184,MQ,BWI,22
10,5,7,1,15,184,MQ,BWI,21
-10,5,8,2,15,184,MQ,BWI,20
28,5,9,3,15,184,MQ,BWI,19
7,5,10,4,15,184,MQ,BWI,18
0,5,11,5,15,184,MQ,BWI,17
17,5,12,6,15,184,MQ,BWI,16
60,5,13,7,15,184,MQ,BWI,15
-3,5,14,1,15,184,MQ,BWI,14
12,5,15,2,15,184,MQ,BWI,13
-5,5,16,3,15,184,MQ,BWI,12
-2,5,17,4,15,184,MQ,BWI,11
2,5,18,5,15,184,MQ,BWI,10
-7,5,19,6,15,184,MQ,BWI,9
-4,5,20,7,15,184,MQ,BWI,8
79,5,21,1,15,184,MQ,BWI,7
-12,5,22,2,15,184,MQ,BWI,6
47,5,23,3,15,184,MQ,BWI,5
129,5,24,4,15,184,MQ,BWI,4
7,5,25,5,15,184,MQ,BWI,3
49,5,26,6,15,184,MQ,BWI,2
-10,5,27,7,15,184,MQ,BWI,1
23,5,28,1,15,184,MQ,BWI,0
4,5,29,2,15,184,MQ,BWI,1
27,5,30,3,15,184,MQ,BWI,2
45,5,31,4,15,184,MQ,BWI,3
