0,10,1,1,15,541,YV,CLT,7
0,10,1,1,6,541,YV,CLT,7
-8,10,1,1,12,541,YV,CLT,7
16,10,2,2,15,541,YV,CLT,6
0,10,2,2,6,541,YV,CLT,6
0,10,2,2,12,541,YV,CLT,6
-5,10,3,3,15,541,YV,CLT,5
0,10,3,3,6,541,YV,CLT,5
-8,10,3,3,12,541,YV,CLT,5
21,10,4,4,15,541,YV,CLT,4
0,10,4,4,6,541,YV,CLT,4
-5,10,4,4,12,541,YV,CLT,4
31,10,5,5,15,541,YV,CLT,3
50,10,5,5,6,541,YV,CLT,3
0,10,5,5,12,541,YV,CLT,3
10,10,6,6,6,541,YV,CLT,2
6,10,7,7,15,541,YV,CLT,1
120,10,7,7,6,541,YV,CLT,1
56,10,8,1,15,541,YV,CLT,0
0,10,8,1,6,541,YV,CLT,0
8,10,8,1,12,541,YV,CLT,0
61,10,9,2,15,541,YV,CLT,1
0,10,9,2,6,541,YV,CLT,1
-10,10,9,2,12,541,YV,CLT,1
0,10,10,3,15,541,YV,CLT,2
0,10,10,3,6,541,YV,CLT,2
0,10,10,3,12,541,YV,CLT,2
0,10,11,4,6,541,YV,CLT,3
-5,10,11,4,12,541,YV,CLT,3
11,10,12,5,15,541,YV,CLT,4
0,10,12,5,6,541,YV,CLT,4
0,10,12,5,12,541,YV,CLT,4
-5,10,13,6,6,541,YV,CLT,5
6,10,14,7,15,541,YV,CLT,6
-5,10,14,7,6,541,YV,CLT,6
0,10,15,1,15,541,YV,CLT,7
0,10,15,1,6,541,YV,CLT,7
-10,10,15,1,12,541,YV,CLT,7
-4,10,16,2,15,541,YV,CLT,8
0,10,16,2,6,541,YV,CLT,8
-10,10,16,2,12,541,YV,CLT,8
0,10,17,3,15,541,YV,CLT,9
0,10,17,3,6,541,YV,CLT,9
-5,10,17,3,12,541,YV,CLT,9
-4,10,18,4,15,541,YV,CLT,10
0,10,18,4,6,541,YV,CLT,10
0,10,18,4,12,541,YV,CLT,10
0,10,19,5,6,541,YV,CLT,11
105,10,19,5,12,541,YV,CLT,11
0,10,21,7,15,541,YV,CLT,13
-10,10,21,7,6,541,YV,CLT,13
0,10,22,1,15,541,YV,CLT,14
0,10,22,1,6,541,YV,CLT,14
-10,10,22,1,12,541,YV,CLT,14
-4,10,23,2,15,541,YV,CLT,15
0,10,23,2,6,541,YV,CLT,15
0,10,23,2,12,541,YV,CLT,15
6,10,24,3,15,541,YV,CLT,16
0,10,24,3,6,541,YV,CLT,16
20,10,24,3,12,541,YV,CLT,16
16,10,25,4,15,541,YV,CLT,17
0,10,25,4,6,541,YV,CLT,17
0,10,25,4,12,541,YV,CLT,17
56,10,26,5,15,541,YV,CLT,16
-5,10,26,5,6,541,YV,CLT,16
0,10,26,5,12,541,YV,CLT,16
5,10,27,6,6,541,YV,CLT,15
0,10,28,7,15,541,YV,CLT,14
0,10,28,7,6,541,YV,CLT,14
0,10,29,1,15,541,YV,CLT,13
0,10,29,1,6,541,YV,CLT,13
0,10,29,1,12,541,YV,CLT,13
1,10,30,2,15,541,YV,CLT,12
0,10,30,2,6,541,YV,CLT,12
-5,10,30,2,12,541,YV,CLT,12
16,10,31,3,15,541,YV,CLT,11
0,10,31,3,6,541,YV,CLT,11
0,10,31,3,12,541,YV,CLT,11
-10,10,1,1,11,106,OH,BDL,7
-10,10,1,1,14,184,OH,BWI,7
-10,10,1,1,20,274,OH,PWM,7
-10,10,1,1,19,340,OH,PIT,7
-10,10,1,1,18,892,OH,STL,7
-7,10,1,1,13,144,OH,PVD,7
-6,10,1,1,18,144,OH,PVD,7
-6,10,1,1,18,425,OH,CLE,7
-5,10,1,1,14,94,OH,PHL,7
-5,10,1,1,20,213,OH,DCA,7
-5,10,1,1,13,274,OH,PWM,7
-5,10,1,1,18,213,OH,DCA,7
-5,10,1,1,16,264,OH,ROC,7
-5,10,1,1,8,288,OH,RIC,7
-5,10,1,1,8,425,OH,CLE,7
-5,10,1,1,19,589,OH,CVG,7
-5,10,1,1,19,740,OH,ORD,7
-2,10,1,1,6,213,OH,DCA,7
0,10,1,1,14,187,OH,BOS,7
0,10,1,1,9,144,OH,PVD,7
0,10,1,1,12,184,OH,BWI,7
0,10,1,1,19,199,OH,MHT,7
0,10,1,1,20,209,OH,SYR,7
0,10,1,1,15,267,OH,BTV,7
0,10,1,1,16,213,OH,DCA,7
0,10,1,1,18,184,OH,BWI,7
0,10,1,1,11,340,OH,PIT,7
0,10,1,1,19,187,OH,BOS,7
0,10,1,1,16,340,OH,PIT,7
0,10,1,1,16,483,OH,CMH,7
0,10,1,1,14,766,OH,BNA,7
0,10,1,1,12,740,OH,ORD,7
0,10,1,1,7,740,OH,ORD,7
0,10,1,1,9,740,OH,ORD,7
0,10,1,1,19,766,OH,BNA,7
5,10,1,1,17,106,OH,BDL,7
5,10,1,1,6,589,OH,CVG,7
9,10,1,1,13,589,OH,CVG,7
9,10,1,1,19,508,OH,DTW,7
10,10,1,1,16,740,OH,ORD,7
12,10,1,1,8,508,OH,DTW,7
15,10,1,1,15,209,OH,SYR,7
15,10,1,1,15,425,OH,CLE,7
15,10,1,1,8,340,OH,PIT,7
15,10,1,1,16,426,OH,RDU,7
20,10,1,1,9,483,OH,CMH,7
20,10,1,1,15,508,OH,DTW,7
25,10,1,1,13,106,OH,BDL,7
25,10,1,1,20,264,OH,ROC,7
25,10,1,1,9,892,OH,STL,7
29,10,1,1,12,760,OH,ATL,7
50,10,1,1,8,426,OH,RDU,7
55,10,1,1,11,213,OH,DCA,7
55,10,1,1,11,301,OH,BUF,7
70,10,1,1,9,187,OH,BOS,7
116,10,1,1,10,187,OH,BOS,7
-10,10,2,2,14,94,OH,PHL,6
-10,10,2,2,11,213,OH,DCA,6
-10,10,2,2,9,187,OH,BOS,6
-10,10,2,2,11,301,OH,BUF,6
-10,10,2,2,6,213,OH,DCA,6
-10,10,2,2,8,425,OH,CLE,6
-10,10,2,2,9,892,OH,STL,6
-8,10,2,2,19,589,OH,CVG,6
-6,10,2,2,14,187,OH,BOS,6
-6,10,2,2,13,589,OH,CVG,6
-5,10,2,2,13,106,OH,BDL,6
-5,10,2,2,14,184,OH,BWI,6
-5,10,2,2,15,209,OH,SYR,6
-5,10,2,2,9,144,OH,PVD,6
-5,10,2,2,10,187,OH,BOS,6
-5,10,2,2,12,184,OH,BWI,6
-5,10,2,2,11,340,OH,PIT,6
-5,10,2,2,20,264,OH,ROC,6
-5,10,2,2,8,288,OH,RIC,6
-5,10,2,2,8,340,OH,PIT,6
-5,10,2,2,6,589,OH,CVG,6
-5,10,2,2,8,508,OH,DTW,6
-5,10,2,2,12,760,OH,ATL,6
-5,10,2,2,12,740,OH,ORD,6
-5,10,2,2,18,892,OH,STL,6
-3,10,2,2,19,340,OH,PIT,6
-2,10,2,2,19,766,OH,BNA,6
0,10,2,2,11,106,OH,BDL,6
0,10,2,2,13,144,OH,PVD,6
0,10,2,2,19,199,OH,MHT,6
0,10,2,2,20,209,OH,SYR,6
0,10,2,2,13,274,OH,PWM,6
0,10,2,2,15,267,OH,BTV,6
0,10,2,2,18,144,OH,PVD,6
0,10,2,2,18,184,OH,BWI,6
0,10,2,2,20,274,OH,PWM,6
0,10,2,2,18,213,OH,DCA,6
0,10,2,2,15,425,OH,CLE,6
0,10,2,2,8,426,OH,RDU,6
0,10,2,2,16,340,OH,PIT,6
0,10,2,2,18,425,OH,CLE,6
0,10,2,2,19,508,OH,DTW,6
0,10,2,2,15,508,OH,DTW,6
0,10,2,2,9,740,OH,ORD,6
7,10,2,2,17,106,OH,BDL,6
8,10,2,2,16,483,OH,CMH,6
10,10,2,2,19,187,OH,BOS,6
10,10,2,2,16,426,OH,RDU,6
15,10,2,2,16,740,OH,ORD,6
20,10,2,2,20,213,OH,DCA,6
25,10,2,2,19,740,OH,ORD,6
42,10,2,2,16,213,OH,DCA,6
53,10,2,2,16,264,OH,ROC,6
65,10,2,2,9,483,OH,CMH,6
69,10,2,2,7,740,OH,ORD,6
125,10,2,2,14,766,OH,BNA,6
-10,10,3,3,14,94,OH,PHL,5
-10,10,3,3,13,106,OH,BDL,5
-10,10,3,3,14,184,OH,BWI,5
-10,10,3,3,10,187,OH,BOS,5
-10,10,3,3,11,340,OH,PIT,5
-10,10,3,3,8,340,OH,PIT,5
-10,10,3,3,8,508,OH,DTW,5
-8,10,3,3,9,187,OH,BOS,5
-8,10,3,3,16,340,OH,PIT,5
-7,10,3,3,19,766,OH,BNA,5
-5,10,3,3,15,209,OH,SYR,5
-5,10,3,3,15,267,OH,BTV,5
-5,10,3,3,18,184,OH,BWI,5
-5,10,3,3,18,213,OH,DCA,5
-5,10,3,3,8,426,OH,RDU,5
-5,10,3,3,16,426,OH,RDU,5
-5,10,3,3,7,740,OH,ORD,5
-3,10,3,3,13,274,OH,PWM,5
-3,10,3,3,16,740,OH,ORD,5
-1,10,3,3,13,589,OH,CVG,5
0,10,3,3,14,187,OH,BOS,5
0,10,3,3,17,106,OH,BDL,5
0,10,3,3,6,213,OH,DCA,5
0,10,3,3,8,288,OH,RIC,5
0,10,3,3,15,425,OH,CLE,5
0,10,3,3,8,425,OH,CLE,5
0,10,3,3,9,483,OH,CMH,5
0,10,3,3,6,589,OH,CVG,5
0,10,3,3,16,483,OH,CMH,5
0,10,3,3,19,508,OH,DTW,5
0,10,3,3,14,766,OH,BNA,5
0,10,3,3,9,740,OH,ORD,5
0,10,3,3,9,892,OH,STL,5
0,10,3,3,18,892,OH,STL,5
1,10,3,3,9,144,OH,PVD,5
8,10,3,3,13,144,OH,PVD,5
10,10,3,3,12,184,OH,BWI,5
10,10,3,3,19,740,OH,ORD,5
14,10,3,3,19,589,OH,CVG,5
15,10,3,3,20,209,OH,SYR,5
15,10,3,3,19,187,OH,BOS,5
15,10,3,3,18,425,OH,CLE,5
16,10,3,3,12,760,OH,ATL,5
20,10,3,3,11,106,OH,BDL,5
20,10,3,3,16,213,OH,DCA,5
20,10,3,3,20,264,OH,ROC,5
23,10,3,3,15,508,OH,DTW,5
36,10,3,3,16,264,OH,ROC,5
40,10,3,3,19,340,OH,PIT,5
45,10,3,3,11,301,OH,BUF,5
55,10,3,3,12,740,OH,ORD,5
115,10,3,3,20,274,OH,PWM,5
130,10,3,3,20,213,OH,DCA,5
135,10,3,3,18,144,OH,PVD,5
160,10,3,3,11,213,OH,DCA,5
215,10,3,3,19,199,OH,MHT,5
-10,10,4,4,11,106,OH,BDL,4
-10,10,4,4,14,184,OH,BWI,4
-10,10,4,4,15,267,OH,BTV,4
-10,10,4,4,8,340,OH,PIT,4
-10,10,4,4,8,508,OH,DTW,4
-10,10,4,4,9,740,OH,ORD,4
-10,10,4,4,19,740,OH,ORD,4
-8,10,4,4,8,288,OH,RIC,4
-7,10,4,4,10,187,OH,BOS,4
-7,10,4,4,15,425,OH,CLE,4
-7,10,4,4,16,483,OH,CMH,4
-7,10,4,4,18,892,OH,STL,4
-5,10,4,4,11,301,OH,BUF,4
-5,10,4,4,18,213,OH,DCA,4
-5,10,4,4,11,340,OH,PIT,4
-5,10,4,4,19,589,OH,CVG,4
-4,10,4,4,12,184,OH,BWI,4
-4,10,4,4,6,213,OH,DCA,4
-3,10,4,4,11,213,OH,DCA,4
-3,10,4,4,6,589,OH,CVG,4
-2,10,4,4,9,483,OH,CMH,4
-2,10,4,4,9,892,OH,STL,4
-1,10,4,4,14,94,OH,PHL,4
-1,10,4,4,13,144,OH,PVD,4
0,10,4,4,13,106,OH,BDL,4
0,10,4,4,15,209,OH,SYR,4
0,10,4,4,9,144,OH,PVD,4
0,10,4,4,19,199,OH,MHT,4
0,10,4,4,20,209,OH,SYR,4
0,10,4,4,13,274,OH,PWM,4
0,10,4,4,17,106,OH,BDL,4
0,10,4,4,9,187,OH,BOS,4
0,10,4,4,16,213,OH,DCA,4
0,10,4,4,16,264,OH,ROC,4
0,10,4,4,8,426,OH,RDU,4
0,10,4,4,16,426,OH,RDU,4
0,10,4,4,16,340,OH,PIT,4
0,10,4,4,13,589,OH,CVG,4
5,10,4,4,19,508,OH,DTW,4
5,10,4,4,19,766,OH,BNA,4
9,10,4,4,16,740,OH,ORD,4
10,10,4,4,18,425,OH,CLE,4
15,10,4,4,20,264,OH,ROC,4
15,10,4,4,12,740,OH,ORD,4
16,10,4,4,18,184,OH,BWI,4
18,10,4,4,12,760,OH,ATL,4
20,10,4,4,14,187,OH,BOS,4
25,10,4,4,19,187,OH,BOS,4
28,10,4,4,15,508,OH,DTW,4
36,10,4,4,18,144,OH,PVD,4
36,10,4,4,19,340,OH,PIT,4
40,10,4,4,20,274,OH,PWM,4
55,10,4,4,7,740,OH,ORD,4
100,10,4,4,8,425,OH,CLE,4
105,10,4,4,14,766,OH,BNA,4
135,10,4,4,20,213,OH,DCA,4
-10,10,5,5,12,184,OH,BWI,3
-10,10,5,5,6,213,OH,DCA,3
-10,10,5,5,11,340,OH,PIT,3
-10,10,5,5,7,740,OH,ORD,3
-10,10,5,5,9,892,OH,STL,3
-5,10,5,5,15,209,OH,SYR,3
-5,10,5,5,18,144,OH,PVD,3
-5,10,5,5,15,425,OH,CLE,3
-5,10,5,5,9,483,OH,CMH,3
-5,10,5,5,9,740,OH,ORD,3
-3,10,5,5,11,106,OH,BDL,3
-2,10,5,5,8,508,OH,DTW,3
0,10,5,5,14,94,OH,PHL,3
0,10,5,5,14,184,OH,BWI,3
0,10,5,5,14,187,OH,BOS,3
0,10,5,5,9,144,OH,PVD,3
0,10,5,5,10,187,OH,BOS,3
0,10,5,5,20,209,OH,SYR,3
0,10,5,5,11,213,OH,DCA,3
0,10,5,5,9,187,OH,BOS,3
0,10,5,5,11,301,OH,BUF,3
0,10,5,5,16,213,OH,DCA,3
0,10,5,5,18,213,OH,DCA,3
0,10,5,5,16,264,OH,ROC,3
0,10,5,5,8,288,OH,RIC,3
0,10,5,5,8,426,OH,RDU,3
0,10,5,5,8,340,OH,PIT,3
0,10,5,5,6,589,OH,CVG,3
0,10,5,5,14,766,OH,BNA,3
0,10,5,5,15,508,OH,DTW,3
0,10,5,5,12,740,OH,ORD,3
0,10,5,5,18,892,OH,STL,3
9,10,5,5,8,425,OH,CLE,3
11,10,5,5,15,267,OH,BTV,3
13,10,5,5,13,144,OH,PVD,3
17,10,5,5,17,106,OH,BDL,3
20,10,5,5,13,106,OH,BDL,3
29,10,5,5,13,589,OH,CVG,3
35,10,5,5,16,426,OH,RDU,3
35,10,5,5,16,740,OH,ORD,3
44,10,5,5,16,340,OH,PIT,3
45,10,5,5,13,274,OH,PWM,3
45,10,5,5,19,740,OH,ORD,3
90,10,5,5,20,274,OH,PWM,3
95,10,5,5,19,199,OH,MHT,3
104,10,5,5,18,425,OH,CLE,3
111,10,5,5,12,760,OH,ATL,3
120,10,5,5,16,483,OH,CMH,3
130,10,5,5,19,766,OH,BNA,3
155,10,5,5,20,213,OH,DCA,3
175,10,5,5,20,264,OH,ROC,3
-14,10,6,6,18,892,OH,STL,2
-12,10,6,6,19,340,OH,PIT,2
-6,10,6,6,6,213,OH,DCA,2
-6,10,6,6,8,426,OH,RDU,2
-5,10,6,6,13,106,OH,BDL,2
-5,10,6,6,14,184,OH,BWI,2
-5,10,6,6,18,144,OH,PVD,2
-5,10,6,6,7,740,OH,ORD,2
-3,10,6,6,15,274,OH,PWM,2
-3,10,6,6,20,274,OH,PWM,2
-3,10,6,6,16,740,OH,ORD,2
0,10,6,6,13,187,OH,BOS,2
0,10,6,6,12,184,OH,BWI,2
0,10,6,6,13,274,OH,PWM,2
0,10,6,6,20,267,OH,BTV,2
0,10,6,6,18,184,OH,BWI,2
0,10,6,6,16,264,OH,ROC,2
0,10,6,6,18,213,OH,DCA,2
0,10,6,6,11,340,OH,PIT,2
0,10,6,6,19,187,OH,BOS,2
0,10,6,6,16,301,OH,BUF,2
0,10,6,6,20,264,OH,ROC,2
0,10,6,6,15,425,OH,CLE,2
0,10,6,6,16,426,OH,RDU,2
0,10,6,6,6,589,OH,CVG,2
0,10,6,6,18,425,OH,CLE,2
0,10,6,6,13,589,OH,CVG,2
0,10,6,6,19,508,OH,DTW,2
0,10,6,6,12,740,OH,ORD,2
0,10,6,6,19,766,OH,BNA,2
0,10,6,6,19,740,OH,ORD,2
5,10,6,6,8,508,OH,DTW,2
8,10,6,6,16,289,OH,ORF,2
15,10,6,6,15,209,OH,SYR,2
15,10,6,6,16,213,OH,DCA,2
23,10,6,6,15,508,OH,DTW,2
25,10,6,6,16,106,OH,BDL,2
25,10,6,6,8,425,OH,CLE,2
25,10,6,6,19,589,OH,CVG,2
27,10,6,6,13,144,OH,PVD,2
40,10,6,6,11,301,OH,BUF,2
50,10,6,6,11,213,OH,DCA,2
50,10,6,6,15,267,OH,BTV,2
60,10,6,6,11,106,OH,BDL,2
60,10,6,6,15,199,OH,MHT,2
71,10,6,6,9,144,OH,PVD,2
71,10,6,6,12,760,OH,ATL,2
78,10,6,6,14,94,OH,PHL,2
120,10,6,6,9,740,OH,ORD,2
137,10,6,6,9,187,OH,BOS,2
150,10,6,6,9,483,OH,CMH,2
155,10,6,6,8,288,OH,RIC,2
-10,10,7,7,19,199,OH,MHT,1
-10,10,7,7,16,483,OH,CMH,1
-10,10,7,7,18,425,OH,CLE,1
-10,10,7,7,13,589,OH,CVG,1
-10,10,7,7,9,740,OH,ORD,1
-9,10,7,7,9,144,OH,PVD,1
-8,10,7,7,11,106,OH,BDL,1
-8,10,7,7,17,106,OH,BDL,1
-8,10,7,7,15,508,OH,DTW,1
-6,10,7,7,16,264,OH,ROC,1
-6,10,7,7,9,483,OH,CMH,1
-5,10,7,7,14,94,OH,PHL,1
-5,10,7,7,12,184,OH,BWI,1
-5,10,7,7,13,274,OH,PWM,1
-5,10,7,7,14,766,OH,BNA,1
-4,10,7,7,15,425,OH,CLE,1
-3,10,7,7,16,213,OH,DCA,1
-2,10,7,7,8,288,OH,RIC,1
-2,10,7,7,8,508,OH,DTW,1
-1,10,7,7,18,892,OH,STL,1
0,10,7,7,13,106,OH,BDL,1
0,10,7,7,13,144,OH,PVD,1
0,10,7,7,14,184,OH,BWI,1
0,10,7,7,15,209,OH,SYR,1
0,10,7,7,14,187,OH,BOS,1
0,10,7,7,10,187,OH,BOS,1
0,10,7,7,11,213,OH,DCA,1
0,10,7,7,15,267,OH,BTV,1
0,10,7,7,11,301,OH,BUF,1
0,10,7,7,18,144,OH,PVD,1
0,10,7,7,18,184,OH,BWI,1
0,10,7,7,18,213,OH,DCA,1
0,10,7,7,19,187,OH,BOS,1
0,10,7,7,19,340,OH,PIT,1
0,10,7,7,6,589,OH,CVG,1
0,10,7,7,19,589,OH,CVG,1
0,10,7,7,12,740,OH,ORD,1
0,10,7,7,8,766,OH,BNA,1
0,10,7,7,19,766,OH,BNA,1
8,10,7,7,8,340,OH,PIT,1
9,10,7,7,19,508,OH,DTW,1
10,10,7,7,20,274,OH,PWM,1
10,10,7,7,11,340,OH,PIT,1
20,10,7,7,20,213,OH,DCA,1
20,10,7,7,16,740,OH,ORD,1
23,10,7,7,20,209,OH,SYR,1
27,10,7,7,19,740,OH,ORD,1
30,10,7,7,20,264,OH,ROC,1
30,10,7,7,16,426,OH,RDU,1
51,10,7,7,12,760,OH,ATL,1
100,10,7,7,16,340,OH,PIT,1
-10,10,8,1,11,106,OH,BDL,0
-10,10,8,1,15,209,OH,SYR,0
-10,10,8,1,10,187,OH,BOS,0
-10,10,8,1,17,106,OH,BDL,0
-10,10,8,1,11,301,OH,BUF,0
-10,10,8,1,6,213,OH,DCA,0
-9,10,8,1,14,766,OH,BNA,0
-8,10,8,1,15,267,OH,BTV,0
-5,10,8,1,14,94,OH,PHL,0
-5,10,8,1,13,106,OH,BDL,0
-5,10,8,1,12,184,OH,BWI,0
-5,10,8,1,19,199,OH,MHT,0
-5,10,8,1,18,213,OH,DCA,0
-5,10,8,1,15,425,OH,CLE,0
-5,10,8,1,8,340,OH,PIT,0
-5,10,8,1,16,426,OH,RDU,0
-5,10,8,1,8,508,OH,DTW,0
-5,10,8,1,19,766,OH,BNA,0
-3,10,8,1,14,184,OH,BWI,0
-1,10,8,1,18,892,OH,STL,0
0,10,8,1,13,144,OH,PVD,0
0,10,8,1,13,274,OH,PWM,0
0,10,8,1,18,144,OH,PVD,0
0,10,8,1,16,213,OH,DCA,0
0,10,8,1,18,184,OH,BWI,0
0,10,8,1,11,340,OH,PIT,0
0,10,8,1,20,264,OH,ROC,0
0,10,8,1,16,264,OH,ROC,0
0,10,8,1,8,288,OH,RIC,0
0,10,8,1,8,426,OH,RDU,0
0,10,8,1,8,425,OH,CLE,0
0,10,8,1,9,483,OH,CMH,0
0,10,8,1,6,589,OH,CVG,0
0,10,8,1,16,483,OH,CMH,0
0,10,8,1,13,589,OH,CVG,0
0,10,8,1,7,740,OH,ORD,0
0,10,8,1,9,740,OH,ORD,0
0,10,8,1,9,892,OH,STL,0
6,10,8,1,12,760,OH,ATL,0
8,10,8,1,20,274,OH,PWM,0
10,10,8,1,14,187,OH,BOS,0
12,10,8,1,11,213,OH,DCA,0
13,10,8,1,12,740,OH,ORD,0
15,10,8,1,20,209,OH,SYR,0
16,10,8,1,9,144,OH,PVD,0
20,10,8,1,9,187,OH,BOS,0
20,10,8,1,19,187,OH,BOS,0
20,10,8,1,16,340,OH,PIT,0
23,10,8,1,15,508,OH,DTW,0
23,10,8,1,19,589,OH,CVG,0
30,10,8,1,16,740,OH,ORD,0
35,10,8,1,19,340,OH,PIT,0
45,10,8,1,19,508,OH,DTW,0
104,10,8,1,18,425,OH,CLE,0
106,10,8,1,20,213,OH,DCA,0
110,10,8,1,19,740,OH,ORD,0
-10,10,9,2,13,144,OH,PVD,1
-10,10,9,2,9,144,OH,PVD,1
-10,10,9,2,12,184,OH,BWI,1
-10,10,9,2,15,267,OH,BTV,1
-10,10,9,2,8,340,OH,PIT,1
-10,10,9,2,16,426,OH,RDU,1
-10,10,9,2,9,892,OH,STL,1
-7,10,9,2,14,766,OH,BNA,1
-5,10,9,2,16,213,OH,DCA,1
-5,10,9,2,16,264,OH,ROC,1
-5,10,9,2,9,483,OH,CMH,1
-5,10,9,2,7,740,OH,ORD,1
-4,10,9,2,13,589,OH,CVG,1
0,10,9,2,14,94,OH,PHL,1
0,10,9,2,13,106,OH,BDL,1
0,10,9,2,14,184,OH,BWI,1
0,10,9,2,14,187,OH,BOS,1
0,10,9,2,10,187,OH,BOS,1
0,10,9,2,11,213,OH,DCA,1
0,10,9,2,13,274,OH,PWM,1
0,10,9,2,17,106,OH,BDL,1
0,10,9,2,9,187,OH,BOS,1
0,10,9,2,11,301,OH,BUF,1
0,10,9,2,6,213,OH,DCA,1
0,10,9,2,18,213,OH,DCA,1
0,10,9,2,11,340,OH,PIT,1
0,10,9,2,8,288,OH,RIC,1
0,10,9,2,8,426,OH,RDU,1
0,10,9,2,8,425,OH,CLE,1
0,10,9,2,8,508,OH,DTW,1
0,10,9,2,12,760,OH,ATL,1
0,10,9,2,15,508,OH,DTW,1
0,10,9,2,12,740,OH,ORD,1
0,10,9,2,16,740,OH,ORD,1
2,10,9,2,11,106,OH,BDL,1
12,10,9,2,20,264,OH,ROC,1
28,10,9,2,16,340,OH,PIT,1
28,10,9,2,18,892,OH,STL,1
40,10,9,2,20,209,OH,SYR,1
124,10,9,2,19,740,OH,ORD,1
136,10,9,2,9,740,OH,ORD,1
145,10,9,2,6,589,OH,CVG,1
190,10,9,2,19,766,OH,BNA,1
211,10,9,2,16,483,OH,CMH,1
322,10,9,2,20,274,OH,PWM,1
-10,10,10,3,11,106,OH,BDL,2
-10,10,10,3,14,94,OH,PHL,2
-7,10,10,3,11,301,OH,BUF,2
-5,10,10,3,15,267,OH,BTV,2
-5,10,10,3,20,274,OH,PWM,2
-5,10,10,3,8,426,OH,RDU,2
-5,10,10,3,8,425,OH,CLE,2
-5,10,10,3,12,740,OH,ORD,2
-5,10,10,3,9,740,OH,ORD,2
-2,10,10,3,13,144,OH,PVD,2
-2,10,10,3,16,264,OH,ROC,2
0,10,10,3,9,144,OH,PVD,2
0,10,10,3,10,187,OH,BOS,2
0,10,10,3,12,184,OH,BWI,2
0,10,10,3,19,199,OH,MHT,2
0,10,10,3,20,209,OH,SYR,2
0,10,10,3,6,213,OH,DCA,2
0,10,10,3,9,483,OH,CMH,2
0,10,10,3,16,340,OH,PIT,2
0,10,10,3,16,483,OH,CMH,2
0,10,10,3,18,425,OH,CLE,2
0,10,10,3,13,589,OH,CVG,2
0,10,10,3,15,508,OH,DTW,2
0,10,10,3,7,740,OH,ORD,2
0,10,10,3,19,766,OH,BNA,2
0,10,10,3,18,892,OH,STL,2
4,10,10,3,11,213,OH,DCA,2
5,10,10,3,8,508,OH,DTW,2
7,10,10,3,6,589,OH,CVG,2
8,10,10,3,9,187,OH,BOS,2
10,10,10,3,15,209,OH,SYR,2
10,10,10,3,9,892,OH,STL,2
12,10,10,3,20,264,OH,ROC,2
15,10,10,3,13,274,OH,PWM,2
15,10,10,3,18,184,OH,BWI,2
17,10,10,3,12,760,OH,ATL,2
20,10,10,3,18,213,OH,DCA,2
33,10,10,3,14,187,OH,BOS,2
35,10,10,3,19,740,OH,ORD,2
55,10,10,3,20,213,OH,DCA,2
61,10,10,3,19,508,OH,DTW,2
64,10,10,3,19,340,OH,PIT,2
70,10,10,3,11,340,OH,PIT,2
72,10,10,3,16,213,OH,DCA,2
74,10,10,3,19,187,OH,BOS,2
82,10,10,3,19,589,OH,CVG,2
105,10,10,3,17,106,OH,BDL,2
110,10,10,3,16,426,OH,RDU,2
120,10,10,3,8,288,OH,RIC,2
200,10,10,3,18,144,OH,PVD,2
-10,10,11,4,10,187,OH,BOS,3
-10,10,11,4,11,213,OH,DCA,3
-10,10,11,4,6,589,OH,CVG,3
-10,10,11,4,9,740,OH,ORD,3
-7,10,11,4,8,288,OH,RIC,3
-6,10,11,4,13,589,OH,CVG,3
-5,10,11,4,11,106,OH,BDL,3
-5,10,11,4,13,106,OH,BDL,3
-5,10,11,4,9,144,OH,PVD,3
-5,10,11,4,11,301,OH,BUF,3
-5,10,11,4,11,340,OH,PIT,3
-5,10,11,4,8,426,OH,RDU,3
-5,10,11,4,9,483,OH,CMH,3
-5,10,11,4,8,508,OH,DTW,3
-5,10,11,4,7,740,OH,ORD,3
-5,10,11,4,9,892,OH,STL,3
-3,10,11,4,8,425,OH,CLE,3
-2,10,11,4,6,213,OH,DCA,3
-1,10,11,4,8,340,OH,PIT,3
0,10,11,4,12,184,OH,BWI,3
0,10,11,4,9,187,OH,BOS,3
0,10,11,4,14,766,OH,BNA,3
0,10,11,4,12,740,OH,ORD,3
9,10,11,4,13,144,OH,PVD,3
10,10,11,4,14,187,OH,BOS,3
16,10,11,4,12,760,OH,ATL,3
17,10,11,4,14,184,OH,BWI,3
20,10,11,4,15,267,OH,BTV,3
29,10,11,4,20,264,OH,ROC,3
110,10,11,4,13,274,OH,PWM,3
130,10,11,4,18,144,OH,PVD,3
154,10,11,4,14,94,OH,PHL,3
185,10,11,4,20,209,OH,SYR,3
205,10,11,4,20,274,OH,PWM,3
220,10,11,4,16,426,OH,RDU,3
221,10,11,4,19,766,OH,BNA,3
233,10,11,4,15,508,OH,DTW,3
-10,10,12,5,15,267,OH,BTV,4
-10,10,12,5,20,274,OH,PWM,4
-10,10,12,5,11,340,OH,PIT,4
-7,10,12,5,11,213,OH,DCA,4
-6,10,12,5,14,94,OH,PHL,4
-6,10,12,5,10,187,OH,BOS,4
-6,10,12,5,6,213,OH,DCA,4
-5,10,12,5,11,106,OH,BDL,4
-5,10,12,5,19,199,OH,MHT,4
-5,10,12,5,17,106,OH,BDL,4
-5,10,12,5,16,426,OH,RDU,4
-5,10,12,5,18,425,OH,CLE,4
-5,10,12,5,12,740,OH,ORD,4
-5,10,12,5,16,740,OH,ORD,4
-5,10,12,5,19,740,OH,ORD,4
-3,10,12,5,8,426,OH,RDU,4
-2,10,12,5,15,425,OH,CLE,4
0,10,12,5,13,144,OH,PVD,4
0,10,12,5,15,209,OH,SYR,4
0,10,12,5,9,144,OH,PVD,4
0,10,12,5,12,184,OH,BWI,4
0,10,12,5,13,274,OH,PWM,4
0,10,12,5,9,187,OH,BOS,4
0,10,12,5,11,301,OH,BUF,4
0,10,12,5,18,144,OH,PVD,4
0,10,12,5,8,288,OH,RIC,4
0,10,12,5,9,483,OH,CMH,4
0,10,12,5,19,340,OH,PIT,4
0,10,12,5,6,589,OH,CVG,4
0,10,12,5,16,483,OH,CMH,4
0,10,12,5,13,589,OH,CVG,4
0,10,12,5,8,508,OH,DTW,4
0,10,12,5,15,508,OH,DTW,4
0,10,12,5,7,740,OH,ORD,4
0,10,12,5,9,740,OH,ORD,4
0,10,12,5,18,892,OH,STL,4
1,10,12,5,12,760,OH,ATL,4
5,10,12,5,8,425,OH,CLE,4
5,10,12,5,9,892,OH,STL,4
8,10,12,5,14,184,OH,BWI,4
8,10,12,5,20,209,OH,SYR,4
10,10,12,5,16,264,OH,ROC,4
10,10,12,5,8,340,OH,PIT,4
12,10,12,5,13,106,OH,BDL,4
15,10,12,5,18,213,OH,DCA,4
15,10,12,5,14,766,OH,BNA,4
15,10,12,5,19,589,OH,CVG,4
23,10,12,5,20,264,OH,ROC,4
25,10,12,5,14,187,OH,BOS,4
33,10,12,5,16,213,OH,DCA,4
35,10,12,5,16,340,OH,PIT,4
54,10,12,5,20,213,OH,DCA,4
60,10,12,5,19,187,OH,BOS,4
-15,10,13,6,20,264,OH,ROC,5
-10,10,13,6,15,274,OH,PWM,5
-10,10,13,6,11,213,OH,DCA,5
-10,10,13,6,11,301,OH,BUF,5
-10,10,13,6,20,267,OH,BTV,5
-10,10,13,6,16,213,OH,DCA,5
-10,10,13,6,16,301,OH,BUF,5
-7,10,13,6,13,144,OH,PVD,5
-7,10,13,6,8,426,OH,RDU,5
-6,10,13,6,6,213,OH,DCA,5
-5,10,13,6,9,187,OH,BOS,5
-5,10,13,6,20,274,OH,PWM,5
-5,10,13,6,16,264,OH,ROC,5
-5,10,13,6,18,213,OH,DCA,5
-5,10,13,6,11,340,OH,PIT,5
-5,10,13,6,16,426,OH,RDU,5
-5,10,13,6,9,740,OH,ORD,5
-3,10,13,6,14,94,OH,PHL,5
-3,10,13,6,13,187,OH,BOS,5
-3,10,13,6,9,144,OH,PVD,5
-2,10,13,6,13,274,OH,PWM,5
-2,10,13,6,8,340,OH,PIT,5
0,10,13,6,11,106,OH,BDL,5
0,10,13,6,13,106,OH,BDL,5
0,10,13,6,16,106,OH,BDL,5
0,10,13,6,14,184,OH,BWI,5
0,10,13,6,15,209,OH,SYR,5
0,10,13,6,10,187,OH,BOS,5
0,10,13,6,15,199,OH,MHT,5
0,10,13,6,15,267,OH,BTV,5
0,10,13,6,18,144,OH,PVD,5
0,10,13,6,18,184,OH,BWI,5
0,10,13,6,8,288,OH,RIC,5
0,10,13,6,15,425,OH,CLE,5
0,10,13,6,8,425,OH,CLE,5
0,10,13,6,9,483,OH,CMH,5
0,10,13,6,19,340,OH,PIT,5
0,10,13,6,18,425,OH,CLE,5
0,10,13,6,13,589,OH,CVG,5
0,10,13,6,8,508,OH,DTW,5
0,10,13,6,19,508,OH,DTW,5
0,10,13,6,15,508,OH,DTW,5
0,10,13,6,19,589,OH,CVG,5
0,10,13,6,12,740,OH,ORD,5
0,10,13,6,7,740,OH,ORD,5
0,10,13,6,19,766,OH,BNA,5
0,10,13,6,16,740,OH,ORD,5
0,10,13,6,19,740,OH,ORD,5
0,10,13,6,18,892,OH,STL,5
4,10,13,6,16,289,OH,ORF,5
8,10,13,6,12,184,OH,BWI,5
10,10,13,6,19,187,OH,BOS,5
26,10,13,6,12,760,OH,ATL,5
30,10,13,6,6,589,OH,CVG,5
-14,10,14,7,8,288,OH,RIC,6
-10,10,14,7,11,106,OH,BDL,6
-10,10,14,7,12,184,OH,BWI,6
-10,10,14,7,13,274,OH,PWM,6
-10,10,14,7,15,267,OH,BTV,6
-10,10,14,7,16,213,OH,DCA,6
-10,10,14,7,11,340,OH,PIT,6
-9,10,14,7,9,144,OH,PVD,6
-8,10,14,7,14,94,OH,PHL,6
-5,10,14,7,13,106,OH,BDL,6
-5,10,14,7,15,209,OH,SYR,6
-5,10,14,7,11,213,OH,DCA,6
-5,10,14,7,8,340,OH,PIT,6
-5,10,14,7,16,340,OH,PIT,6
-5,10,14,7,8,508,OH,DTW,6
-2,10,14,7,8,766,OH,BNA,6
-1,10,14,7,13,589,OH,CVG,6
0,10,14,7,13,144,OH,PVD,6
0,10,14,7,14,187,OH,BOS,6
0,10,14,7,10,187,OH,BOS,6
0,10,14,7,19,199,OH,MHT,6
0,10,14,7,11,301,OH,BUF,6
0,10,14,7,18,144,OH,PVD,6
0,10,14,7,16,264,OH,ROC,6
0,10,14,7,15,425,OH,CLE,6
0,10,14,7,16,426,OH,RDU,6
0,10,14,7,6,589,OH,CVG,6
0,10,14,7,14,766,OH,BNA,6
0,10,14,7,12,740,OH,ORD,6
0,10,14,7,9,740,OH,ORD,6
8,10,14,7,16,483,OH,CMH,6
10,10,14,7,16,740,OH,ORD,6
10,10,14,7,19,740,OH,ORD,6
13,10,14,7,18,425,OH,CLE,6
20,10,14,7,14,184,OH,BWI,6
23,10,14,7,15,508,OH,DTW,6
25,10,14,7,9,483,OH,CMH,6
25,10,14,7,19,340,OH,PIT,6
30,10,14,7,19,766,OH,BNA,6
45,10,14,7,18,213,OH,DCA,6
55,10,14,7,19,187,OH,BOS,6
65,10,14,7,20,209,OH,SYR,6
70,10,14,7,17,106,OH,BDL,6
71,10,14,7,12,760,OH,ATL,6
75,10,14,7,20,213,OH,DCA,6
75,10,14,7,20,274,OH,PWM,6
75,10,14,7,19,589,OH,CVG,6
87,10,14,7,18,184,OH,BWI,6
95,10,14,7,20,264,OH,ROC,6
100,10,14,7,19,508,OH,DTW,6
125,10,14,7,18,892,OH,STL,6
-10,10,15,1,11,106,OH,BDL,7
-10,10,15,1,9,483,OH,CMH,7
-7,10,15,1,17,106,OH,BDL,7
-6,10,15,1,9,187,OH,BOS,7
-5,10,15,1,10,187,OH,BOS,7
-5,10,15,1,19,199,OH,MHT,7
-5,10,15,1,15,267,OH,BTV,7
-5,10,15,1,18,213,OH,DCA,7
-5,10,15,1,11,340,OH,PIT,7
-5,10,15,1,8,288,OH,RIC,7
-5,10,15,1,8,426,OH,RDU,7
-5,10,15,1,8,425,OH,CLE,7
-5,10,15,1,6,589,OH,CVG,7
-5,10,15,1,14,766,OH,BNA,7
-5,10,15,1,9,892,OH,STL,7
-4,10,15,1,15,425,OH,CLE,7
-3,10,15,1,11,213,OH,DCA,7
-2,10,15,1,11,301,OH,BUF,7
-2,10,15,1,19,187,OH,BOS,7
-2,10,15,1,9,740,OH,ORD,7
-1,10,15,1,9,144,OH,PVD,7
0,10,15,1,13,106,OH,BDL,7
0,10,15,1,14,187,OH,BOS,7
0,10,15,1,6,213,OH,DCA,7
0,10,15,1,16,213,OH,DCA,7
0,10,15,1,20,264,OH,ROC,7
0,10,15,1,16,264,OH,ROC,7
0,10,15,1,19,340,OH,PIT,7
0,10,15,1,16,340,OH,PIT,7
0,10,15,1,13,589,OH,CVG,7
0,10,15,1,8,508,OH,DTW,7
0,10,15,1,12,760,OH,ATL,7
0,10,15,1,19,508,OH,DTW,7
0,10,15,1,15,508,OH,DTW,7
0,10,15,1,19,589,OH,CVG,7
0,10,15,1,7,740,OH,ORD,7
0,10,15,1,19,740,OH,ORD,7
0,10,15,1,18,892,OH,STL,7
5,10,15,1,14,94,OH,PHL,7
5,10,15,1,12,184,OH,BWI,7
8,10,15,1,12,740,OH,ORD,7
8,10,15,1,16,740,OH,ORD,7
10,10,15,1,13,144,OH,PVD,7
10,10,15,1,20,274,OH,PWM,7
20,10,15,1,15,209,OH,SYR,7
30,10,15,1,18,144,OH,PVD,7
30,10,15,1,18,184,OH,BWI,7
30,10,15,1,16,483,OH,CMH,7
35,10,15,1,14,184,OH,BWI,7
35,10,15,1,20,209,OH,SYR,7
35,10,15,1,20,213,OH,DCA,7
40,10,15,1,19,766,OH,BNA,7
86,10,15,1,16,426,OH,RDU,7
135,10,15,1,18,425,OH,CLE,7
185,10,15,1,13,274,OH,PWM,7
190,10,15,1,8,340,OH,PIT,7
-11,10,16,2,13,589,OH,CVG,8
-10,10,16,2,13,106,OH,BDL,8
-10,10,16,2,14,187,OH,BOS,8
-10,10,16,2,11,213,OH,DCA,8
-10,10,16,2,9,187,OH,BOS,8
-10,10,16,2,15,267,OH,BTV,8
-10,10,16,2,16,340,OH,PIT,8
-9,10,16,2,12,184,OH,BWI,8
-9,10,16,2,9,740,OH,ORD,8
-6,10,16,2,14,184,OH,BWI,8
-5,10,16,2,20,209,OH,SYR,8
-5,10,16,2,20,274,OH,PWM,8
-5,10,16,2,8,288,OH,RIC,8
-5,10,16,2,8,426,OH,RDU,8
-5,10,16,2,8,425,OH,CLE,8
-5,10,16,2,16,483,OH,CMH,8
-5,10,16,2,9,892,OH,STL,8
-5,10,16,2,19,740,OH,ORD,8
-4,10,16,2,9,144,OH,PVD,8
0,10,16,2,11,106,OH,BDL,8
0,10,16,2,14,94,OH,PHL,8
0,10,16,2,15,209,OH,SYR,8
0,10,16,2,20,213,OH,DCA,8
0,10,16,2,13,274,OH,PWM,8
0,10,16,2,17,106,OH,BDL,8
0,10,16,2,6,213,OH,DCA,8
0,10,16,2,18,144,OH,PVD,8
0,10,16,2,16,213,OH,DCA,8
0,10,16,2,18,184,OH,BWI,8
0,10,16,2,18,213,OH,DCA,8
0,10,16,2,11,340,OH,PIT,8
0,10,16,2,19,187,OH,BOS,8
0,10,16,2,20,264,OH,ROC,8
0,10,16,2,8,340,OH,PIT,8
0,10,16,2,16,426,OH,RDU,8
0,10,16,2,6,589,OH,CVG,8
0,10,16,2,18,425,OH,CLE,8
0,10,16,2,8,508,OH,DTW,8
0,10,16,2,14,766,OH,BNA,8
0,10,16,2,15,508,OH,DTW,8
0,10,16,2,19,589,OH,CVG,8
0,10,16,2,12,740,OH,ORD,8
0,10,16,2,7,740,OH,ORD,8
0,10,16,2,19,766,OH,BNA,8
0,10,16,2,16,740,OH,ORD,8
0,10,16,2,18,892,OH,STL,8
8,10,16,2,11,301,OH,BUF,8
10,10,16,2,10,187,OH,BOS,8
12,10,16,2,13,144,OH,PVD,8
12,10,16,2,19,199,OH,MHT,8
15,10,16,2,16,264,OH,ROC,8
15,10,16,2,19,340,OH,PIT,8
15,10,16,2,19,508,OH,DTW,8
31,10,16,2,12,760,OH,ATL,8
45,10,16,2,15,425,OH,CLE,8
80,10,16,2,9,483,OH,CMH,8
-10,10,17,3,11,106,OH,BDL,9
-10,10,17,3,14,94,OH,PHL,9
-10,10,17,3,15,209,OH,SYR,9
-10,10,17,3,9,144,OH,PVD,9
-10,10,17,3,15,267,OH,BTV,9
-10,10,17,3,11,301,OH,BUF,9
-10,10,17,3,18,213,OH,DCA,9
-10,10,17,3,15,425,OH,CLE,9
-10,10,17,3,9,483,OH,CMH,9
-10,10,17,3,16,340,OH,PIT,9
-10,10,17,3,9,892,OH,STL,9
-10,10,17,3,18,892,OH,STL,9
-5,10,17,3,9,187,OH,BOS,9
-5,10,17,3,8,288,OH,RIC,9
-5,10,17,3,8,426,OH,RDU,9
-5,10,17,3,6,589,OH,CVG,9
-5,10,17,3,7,740,OH,ORD,9
-3,10,17,3,11,213,OH,DCA,9
-3,10,17,3,19,766,OH,BNA,9
-1,10,17,3,6,213,OH,DCA,9
0,10,17,3,13,106,OH,BDL,9
0,10,17,3,13,144,OH,PVD,9
0,10,17,3,14,184,OH,BWI,9
0,10,17,3,14,187,OH,BOS,9
0,10,17,3,10,187,OH,BOS,9
0,10,17,3,19,199,OH,MHT,9
0,10,17,3,17,106,OH,BDL,9
0,10,17,3,16,213,OH,DCA,9
0,10,17,3,18,184,OH,BWI,9
0,10,17,3,11,340,OH,PIT,9
0,10,17,3,19,187,OH,BOS,9
0,10,17,3,16,264,OH,ROC,9
0,10,17,3,8,340,OH,PIT,9
0,10,17,3,19,340,OH,PIT,9
0,10,17,3,13,589,OH,CVG,9
0,10,17,3,14,766,OH,BNA,9
0,10,17,3,15,508,OH,DTW,9
0,10,17,3,9,740,OH,ORD,9
0,10,17,3,19,740,OH,ORD,9
10,10,17,3,20,209,OH,SYR,9
10,10,17,3,20,213,OH,DCA,9
10,10,17,3,18,425,OH,CLE,9
10,10,17,3,12,740,OH,ORD,9
10,10,17,3,16,740,OH,ORD,9
15,10,17,3,13,274,OH,PWM,9
15,10,17,3,20,274,OH,PWM,9
15,10,17,3,8,425,OH,CLE,9
15,10,17,3,8,508,OH,DTW,9
19,10,17,3,16,483,OH,CMH,9
20,10,17,3,16,426,OH,RDU,9
21,10,17,3,12,760,OH,ATL,9
27,10,17,3,18,144,OH,PVD,9
32,10,17,3,20,264,OH,ROC,9
40,10,17,3,19,589,OH,CVG,9
45,10,17,3,19,508,OH,DTW,9
59,10,17,3,12,184,OH,BWI,9
-10,10,18,4,11,106,OH,BDL,10
-10,10,18,4,14,94,OH,PHL,10
-10,10,18,4,10,187,OH,BOS,10
-10,10,18,4,19,199,OH,MHT,10
-10,10,18,4,13,274,OH,PWM,10
-10,10,18,4,15,267,OH,BTV,10
-10,10,18,4,9,483,OH,CMH,10
-10,10,18,4,6,589,OH,CVG,10
-10,10,18,4,15,508,OH,DTW,10
-9,10,18,4,9,144,OH,PVD,10
-9,10,18,4,13,589,OH,CVG,10
-8,10,18,4,20,264,OH,ROC,10
-8,10,18,4,8,508,OH,DTW,10
-7,10,18,4,11,213,OH,DCA,10
-5,10,18,4,12,184,OH,BWI,10
-5,10,18,4,18,144,OH,PVD,10
-5,10,18,4,18,213,OH,DCA,10
-5,10,18,4,7,740,OH,ORD,10
-5,10,18,4,9,740,OH,ORD,10
-5,10,18,4,9,892,OH,STL,10
-5,10,18,4,18,892,OH,STL,10
-3,10,18,4,9,187,OH,BOS,10
-3,10,18,4,20,274,OH,PWM,10
-3,10,18,4,14,766,OH,BNA,10
-2,10,18,4,14,187,OH,BOS,10
-2,10,18,4,11,301,OH,BUF,10
-2,10,18,4,6,213,OH,DCA,10
0,10,18,4,13,144,OH,PVD,10
0,10,18,4,14,184,OH,BWI,10
0,10,18,4,20,209,OH,SYR,10
0,10,18,4,16,213,OH,DCA,10
0,10,18,4,18,184,OH,BWI,10
0,10,18,4,16,264,OH,ROC,10
0,10,18,4,8,288,OH,RIC,10
0,10,18,4,8,426,OH,RDU,10
0,10,18,4,8,425,OH,CLE,10
0,10,18,4,16,340,OH,PIT,10
0,10,18,4,16,483,OH,CMH,10
0,10,18,4,12,760,OH,ATL,10
0,10,18,4,19,589,OH,CVG,10
0,10,18,4,12,740,OH,ORD,10
7,10,18,4,17,106,OH,BDL,10
9,10,18,4,15,425,OH,CLE,10
10,10,18,4,8,340,OH,PIT,10
10,10,18,4,16,740,OH,ORD,10
15,10,18,4,16,426,OH,RDU,10
20,10,18,4,13,106,OH,BDL,10
25,10,18,4,19,340,OH,PIT,10
32,10,18,4,18,425,OH,CLE,10
49,10,18,4,20,213,OH,DCA,10
73,10,18,4,11,340,OH,PIT,10
78,10,18,4,15,209,OH,SYR,10
92,10,18,4,19,766,OH,BNA,10
95,10,18,4,19,508,OH,DTW,10
153,10,18,4,19,187,OH,BOS,10
-8,10,19,5,8,426,OH,RDU,11
-5,10,19,5,8,340,OH,PIT,11
-5,10,19,5,9,892,OH,STL,11
0,10,19,5,13,144,OH,PVD,11
0,10,19,5,9,144,OH,PVD,11
0,10,19,5,13,274,OH,PWM,11
0,10,19,5,9,187,OH,BOS,11
0,10,19,5,11,301,OH,BUF,11
0,10,19,5,6,213,OH,DCA,11
0,10,19,5,8,288,OH,RIC,11
0,10,19,5,8,425,OH,CLE,11
0,10,19,5,9,483,OH,CMH,11
0,10,19,5,6,589,OH,CVG,11
0,10,19,5,9,740,OH,ORD,11
7,10,19,5,12,760,OH,ATL,11
10,10,19,5,13,106,OH,BDL,11
10,10,19,5,10,187,OH,BOS,11
10,10,19,5,18,144,OH,PVD,11
10,10,19,5,8,508,OH,DTW,11
10,10,19,5,12,740,OH,ORD,11
15,10,19,5,11,106,OH,BDL,11
15,10,19,5,14,184,OH,BWI,11
15,10,19,5,14,766,OH,BNA,11
15,10,19,5,7,740,OH,ORD,11
20,10,19,5,11,340,OH,PIT,11
20,10,19,5,20,264,OH,ROC,11
25,10,19,5,11,213,OH,DCA,11
30,10,19,5,12,184,OH,BWI,11
35,10,19,5,14,94,OH,PHL,11
45,10,19,5,20,209,OH,SYR,11
67,10,19,5,16,213,OH,DCA,11
80,10,19,5,15,209,OH,SYR,11
85,10,19,5,20,274,OH,PWM,11
93,10,19,5,15,508,OH,DTW,11
100,10,19,5,16,264,OH,ROC,11
113,10,19,5,15,267,OH,BTV,11
120,10,19,5,14,187,OH,BOS,11
133,10,19,5,13,589,OH,CVG,11
135,10,19,5,19,740,OH,ORD,11
-10,10,20,6,16,213,OH,DCA,12
-10,10,20,6,18,184,OH,BWI,12
-10,10,20,6,20,274,OH,PWM,12
-10,10,20,6,19,340,OH,PIT,12
-8,10,20,6,7,740,OH,ORD,12
-6,10,20,6,15,274,OH,PWM,12
-5,10,20,6,11,106,OH,BDL,12
-5,10,20,6,15,209,OH,SYR,12
-5,10,20,6,15,267,OH,BTV,12
-5,10,20,6,18,144,OH,PVD,12
-5,10,20,6,16,264,OH,ROC,12
-5,10,20,6,20,264,OH,ROC,12
-5,10,20,6,8,340,OH,PIT,12
-5,10,20,6,9,483,OH,CMH,12
-4,10,20,6,13,144,OH,PVD,12
-4,10,20,6,10,187,OH,BOS,12
-2,10,20,6,9,144,OH,PVD,12
-2,10,20,6,9,187,OH,BOS,12
0,10,20,6,14,94,OH,PHL,12
0,10,20,6,13,106,OH,BDL,12
0,10,20,6,14,184,OH,BWI,12
0,10,20,6,12,184,OH,BWI,12
0,10,20,6,15,199,OH,MHT,12
0,10,20,6,11,213,OH,DCA,12
0,10,20,6,13,274,OH,PWM,12
0,10,20,6,11,301,OH,BUF,12
0,10,20,6,20,267,OH,BTV,12
0,10,20,6,19,187,OH,BOS,12
0,10,20,6,8,288,OH,RIC,12
0,10,20,6,16,289,OH,ORF,12
0,10,20,6,16,426,OH,RDU,12
0,10,20,6,12,760,OH,ATL,12
0,10,20,6,15,508,OH,DTW,12
0,10,20,6,12,740,OH,ORD,12
0,10,20,6,9,740,OH,ORD,12
0,10,20,6,19,766,OH,BNA,12
0,10,20,6,18,892,OH,STL,12
10,10,20,6,18,213,OH,DCA,12
10,10,20,6,16,301,OH,BUF,12
10,10,20,6,8,425,OH,CLE,12
10,10,20,6,19,508,OH,DTW,12
10,10,20,6,19,589,OH,CVG,12
15,10,20,6,8,426,OH,RDU,12
15,10,20,6,18,425,OH,CLE,12
20,10,20,6,19,740,OH,ORD,12
25,10,20,6,16,106,OH,BDL,12
28,10,20,6,15,425,OH,CLE,12
30,10,20,6,16,740,OH,ORD,12
41,10,20,6,8,508,OH,DTW,12
65,10,20,6,11,340,OH,PIT,12
74,10,20,6,6,213,OH,DCA,12
75,10,20,6,13,187,OH,BOS,12
164,10,20,6,13,589,OH,CVG,12
-7,10,21,7,17,106,OH,BDL,13
-7,10,21,7,15,425,OH,CLE,13
-5,10,21,7,18,213,OH,DCA,13
-5,10,21,7,8,288,OH,RIC,13
-5,10,21,7,9,483,OH,CMH,13
-5,10,21,7,12,740,OH,ORD,13
-4,10,21,7,10,187,OH,BOS,13
-3,10,21,7,11,301,OH,BUF,13
-3,10,21,7,18,184,OH,BWI,13
-2,10,21,7,13,106,OH,BDL,13
-2,10,21,7,12,184,OH,BWI,13
-1,10,21,7,8,340,OH,PIT,13
-1,10,21,7,9,740,OH,ORD,13
0,10,21,7,13,144,OH,PVD,13
0,10,21,7,14,184,OH,BWI,13
0,10,21,7,14,187,OH,BOS,13
0,10,21,7,20,213,OH,DCA,13
0,10,21,7,11,213,OH,DCA,13
0,10,21,7,13,274,OH,PWM,13
0,10,21,7,19,199,OH,MHT,13
0,10,21,7,15,267,OH,BTV,13
0,10,21,7,18,144,OH,PVD,13
0,10,21,7,16,213,OH,DCA,13
0,10,21,7,11,340,OH,PIT,13
0,10,21,7,16,264,OH,ROC,13
0,10,21,7,16,340,OH,PIT,13
0,10,21,7,18,425,OH,CLE,13
0,10,21,7,13,589,OH,CVG,13
0,10,21,7,8,508,OH,DTW,13
0,10,21,7,14,766,OH,BNA,13
0,10,21,7,15,508,OH,DTW,13
0,10,21,7,8,766,OH,BNA,13
0,10,21,7,16,740,OH,ORD,13
0,10,21,7,19,740,OH,ORD,13
10,10,21,7,16,426,OH,RDU,13
10,10,21,7,19,589,OH,CVG,13
10,10,21,7,19,766,OH,BNA,13
15,10,21,7,19,340,OH,PIT,13
20,10,21,7,20,209,OH,SYR,13
24,10,21,7,9,144,OH,PVD,13
25,10,21,7,11,106,OH,BDL,13
30,10,21,7,19,187,OH,BOS,13
35,10,21,7,19,508,OH,DTW,13
37,10,21,7,15,209,OH,SYR,13
50,10,21,7,6,589,OH,CVG,13
60,10,21,7,14,94,OH,PHL,13
60,10,21,7,20,274,OH,PWM,13
85,10,21,7,16,483,OH,CMH,13
105,10,21,7,20,264,OH,ROC,13
110,10,21,7,18,892,OH,STL,13
111,10,21,7,12,760,OH,ATL,13
-15,10,22,1,11,106,OH,BDL,14
-10,10,22,1,15,267,OH,BTV,14
-10,10,22,1,11,301,OH,BUF,14
-10,10,22,1,15,508,OH,DTW,14
-5,10,22,1,14,184,OH,BWI,14
-5,10,22,1,11,213,OH,DCA,14
-5,10,22,1,9,187,OH,BOS,14
-5,10,22,1,20,274,OH,PWM,14
-5,10,22,1,11,340,OH,PIT,14
-5,10,22,1,20,264,OH,ROC,14
-5,10,22,1,6,589,OH,CVG,14
-5,10,22,1,7,740,OH,ORD,14
-5,10,22,1,9,892,OH,STL,14
-4,10,22,1,8,425,OH,CLE,14
-3,10,22,1,18,213,OH,DCA,14
-3,10,22,1,8,508,OH,DTW,14
-2,10,22,1,14,766,OH,BNA,14
-2,10,22,1,19,589,OH,CVG,14
0,10,22,1,14,94,OH,PHL,14
0,10,22,1,13,106,OH,BDL,14
0,10,22,1,14,187,OH,BOS,14
0,10,22,1,9,144,OH,PVD,14
0,10,22,1,10,187,OH,BOS,14
0,10,22,1,20,209,OH,SYR,14
0,10,22,1,20,213,OH,DCA,14
0,10,22,1,13,274,OH,PWM,14
0,10,22,1,19,199,OH,MHT,14
0,10,22,1,16,213,OH,DCA,14
0,10,22,1,19,187,OH,BOS,14
0,10,22,1,16,264,OH,ROC,14
0,10,22,1,8,288,OH,RIC,14
0,10,22,1,15,425,OH,CLE,14
0,10,22,1,8,340,OH,PIT,14
0,10,22,1,16,426,OH,RDU,14
0,10,22,1,16,340,OH,PIT,14
0,10,22,1,18,425,OH,CLE,14
0,10,22,1,13,589,OH,CVG,14
0,10,22,1,12,740,OH,ORD,14
0,10,22,1,9,740,OH,ORD,14
0,10,22,1,19,766,OH,BNA,14
5,10,22,1,8,426,OH,RDU,14
10,10,22,1,18,892,OH,STL,14
12,10,22,1,12,184,OH,BWI,14
13,10,22,1,13,144,OH,PVD,14
20,10,22,1,18,184,OH,BWI,14
20,10,22,1,16,483,OH,CMH,14
22,10,22,1,17,106,OH,BDL,14
25,10,22,1,18,144,OH,PVD,14
35,10,22,1,19,340,OH,PIT,14
37,10,22,1,6,213,OH,DCA,14
39,10,22,1,9,483,OH,CMH,14
40,10,22,1,16,740,OH,ORD,14
56,10,22,1,12,760,OH,ATL,14
75,10,22,1,19,740,OH,ORD,14
115,10,22,1,19,508,OH,DTW,14
130,10,22,1,15,209,OH,SYR,14
-20,10,23,2,20,274,OH,PWM,15
-17,10,23,2,13,144,OH,PVD,15
-15,10,23,2,13,106,OH,BDL,15
-10,10,23,2,15,209,OH,SYR,15
-10,10,23,2,11,213,OH,DCA,15
-10,10,23,2,11,301,OH,BUF,15
-10,10,23,2,11,340,OH,PIT,15
-10,10,23,2,20,264,OH,ROC,15
-10,10,23,2,8,340,OH,PIT,15
-10,10,23,2,19,340,OH,PIT,15
-10,10,23,2,6,589,OH,CVG,15
-10,10,23,2,16,340,OH,PIT,15
-10,10,23,2,13,589,OH,CVG,15
-10,10,23,2,7,740,OH,ORD,15
-7,10,23,2,18,184,OH,BWI,15
-5,10,23,2,11,106,OH,BDL,15
-5,10,23,2,9,892,OH,STL,15
-2,10,23,2,14,184,OH,BWI,15
-1,10,23,2,9,144,OH,PVD,15
0,10,23,2,10,187,OH,BOS,15
0,10,23,2,20,209,OH,SYR,15
0,10,23,2,15,267,OH,BTV,15
0,10,23,2,6,213,OH,DCA,15
0,10,23,2,16,213,OH,DCA,15
0,10,23,2,16,264,OH,ROC,15
0,10,23,2,8,426,OH,RDU,15
0,10,23,2,9,483,OH,CMH,15
0,10,23,2,16,426,OH,RDU,15
0,10,23,2,8,508,OH,DTW,15
0,10,23,2,12,760,OH,ATL,15
0,10,23,2,15,508,OH,DTW,15
0,10,23,2,12,740,OH,ORD,15
0,10,23,2,19,740,OH,ORD,15
10,10,23,2,14,94,OH,PHL,15
10,10,23,2,13,274,OH,PWM,15
10,10,23,2,18,425,OH,CLE,15
15,10,23,2,19,589,OH,CVG,15
15,10,23,2,9,740,OH,ORD,15
20,10,23,2,14,187,OH,BOS,15
20,10,23,2,9,187,OH,BOS,15
23,10,23,2,15,425,OH,CLE,15
30,10,23,2,12,184,OH,BWI,15
30,10,23,2,19,187,OH,BOS,15
40,10,23,2,8,425,OH,CLE,15
45,10,23,2,8,288,OH,RIC,15
55,10,23,2,18,144,OH,PVD,15
77,10,23,2,14,766,OH,BNA,15
-10,10,24,3,9,187,OH,BOS,16
-10,10,24,3,8,288,OH,RIC,16
-10,10,24,3,14,766,OH,BNA,16
-7,10,24,3,16,740,OH,ORD,16
-6,10,24,3,20,274,OH,PWM,16
-6,10,24,3,9,892,OH,STL,16
-5,10,24,3,10,187,OH,BOS,16
-5,10,24,3,19,199,OH,MHT,16
-5,10,24,3,20,264,OH,ROC,16
-5,10,24,3,15,425,OH,CLE,16
-5,10,24,3,8,508,OH,DTW,16
-5,10,24,3,9,740,OH,ORD,16
-4,10,24,3,9,144,OH,PVD,16
-3,10,24,3,8,340,OH,PIT,16
-2,10,24,3,11,106,OH,BDL,16
-2,10,24,3,6,589,OH,CVG,16
-1,10,24,3,13,274,OH,PWM,16
0,10,24,3,14,184,OH,BWI,16
0,10,24,3,14,187,OH,BOS,16
0,10,24,3,12,184,OH,BWI,16
0,10,24,3,20,209,OH,SYR,16
0,10,24,3,20,213,OH,DCA,16
0,10,24,3,15,267,OH,BTV,16
0,10,24,3,6,213,OH,DCA,16
0,10,24,3,16,213,OH,DCA,16
0,10,24,3,16,264,OH,ROC,16
0,10,24,3,8,426,OH,RDU,16
0,10,24,3,8,425,OH,CLE,16
0,10,24,3,9,483,OH,CMH,16
0,10,24,3,19,340,OH,PIT,16
0,10,24,3,18,425,OH,CLE,16
0,10,24,3,7,740,OH,ORD,16
8,10,24,3,19,187,OH,BOS,16
12,10,24,3,18,144,OH,PVD,16
13,10,24,3,12,740,OH,ORD,16
14,10,24,3,19,589,OH,CVG,16
19,10,24,3,13,144,OH,PVD,16
21,10,24,3,11,213,OH,DCA,16
25,10,24,3,17,106,OH,BDL,16
25,10,24,3,18,184,OH,BWI,16
25,10,24,3,19,508,OH,DTW,16
30,10,24,3,15,209,OH,SYR,16
30,10,24,3,15,508,OH,DTW,16
50,10,24,3,11,301,OH,BUF,16
55,10,24,3,11,340,OH,PIT,16
75,10,24,3,19,740,OH,ORD,16
80,10,24,3,13,106,OH,BDL,16
80,10,24,3,19,766,OH,BNA,16
123,10,24,3,12,760,OH,ATL,16
159,10,24,3,13,589,OH,CVG,16
376,10,24,3,16,426,OH,RDU,16
-10,10,25,4,9,187,OH,BOS,17
-10,10,25,4,8,425,OH,CLE,17
-10,10,25,4,6,589,OH,CVG,17
-10,10,25,4,12,740,OH,ORD,17
-6,10,25,4,14,184,OH,BWI,17
-6,10,25,4,15,508,OH,DTW,17
-5,10,25,4,13,106,OH,BDL,17
-5,10,25,4,11,340,OH,PIT,17
-5,10,25,4,18,892,OH,STL,17
-2,10,25,4,8,288,OH,RIC,17
-1,10,25,4,11,106,OH,BDL,17
-1,10,25,4,8,508,OH,DTW,17
0,10,25,4,14,94,OH,PHL,17
0,10,25,4,13,274,OH,PWM,17
0,10,25,4,11,301,OH,BUF,17
0,10,25,4,6,213,OH,DCA,17
0,10,25,4,16,213,OH,DCA,17
0,10,25,4,18,213,OH,DCA,17
0,10,25,4,16,264,OH,ROC,17
0,10,25,4,8,426,OH,RDU,17
0,10,25,4,16,426,OH,RDU,17
0,10,25,4,16,340,OH,PIT,17
0,10,25,4,7,740,OH,ORD,17
3,10,25,4,9,483,OH,CMH,17
5,10,25,4,11,213,OH,DCA,17
5,10,25,4,15,267,OH,BTV,17
5,10,25,4,8,340,OH,PIT,17
8,10,25,4,13,144,OH,PVD,17
10,10,25,4,15,209,OH,SYR,17
10,10,25,4,14,187,OH,BOS,17
10,10,25,4,10,187,OH,BOS,17
10,10,25,4,20,209,OH,SYR,17
10,10,25,4,15,425,OH,CLE,17
13,10,25,4,12,760,OH,ATL,17
16,10,25,4,9,740,OH,ORD,17
20,10,25,4,18,184,OH,BWI,17
20,10,25,4,18,425,OH,CLE,17
28,10,25,4,19,508,OH,DTW,17
28,10,25,4,19,740,OH,ORD,17
30,10,25,4,19,187,OH,BOS,17
30,10,25,4,16,740,OH,ORD,17
35,10,25,4,19,589,OH,CVG,17
35,10,25,4,9,892,OH,STL,17
35,10,25,4,19,766,OH,BNA,17
45,10,25,4,20,213,OH,DCA,17
45,10,25,4,14,766,OH,BNA,17
50,10,25,4,20,274,OH,PWM,17
52,10,25,4,20,264,OH,ROC,17
80,10,25,4,12,184,OH,BWI,17
80,10,25,4,19,340,OH,PIT,17
82,10,25,4,16,483,OH,CMH,17
90,10,25,4,18,144,OH,PVD,17
143,10,25,4,19,199,OH,MHT,17
153,10,25,4,13,589,OH,CVG,17
190,10,25,4,17,106,OH,BDL,17
-10,10,26,5,9,144,OH,PVD,16
-10,10,26,5,12,184,OH,BWI,16
-10,10,26,5,11,213,OH,DCA,16
-10,10,26,5,6,213,OH,DCA,16
-10,10,26,5,8,426,OH,RDU,16
-7,10,26,5,11,340,OH,PIT,16
-7,10,26,5,14,766,OH,BNA,16
-5,10,26,5,10,187,OH,BOS,16
-5,10,26,5,11,301,OH,BUF,16
-5,10,26,5,6,589,OH,CVG,16
-3,10,26,5,14,184,OH,BWI,16
-2,10,26,5,8,425,OH,CLE,16
-2,10,26,5,15,508,OH,DTW,16
0,10,26,5,13,106,OH,BDL,16
0,10,26,5,9,187,OH,BOS,16
0,10,26,5,15,267,OH,BTV,16
0,10,26,5,8,288,OH,RIC,16
0,10,26,5,8,340,OH,PIT,16
0,10,26,5,9,483,OH,CMH,16
0,10,26,5,16,340,OH,PIT,16
0,10,26,5,13,589,OH,CVG,16
0,10,26,5,8,508,OH,DTW,16
0,10,26,5,12,740,OH,ORD,16
0,10,26,5,7,740,OH,ORD,16
8,10,26,5,13,144,OH,PVD,16
10,10,26,5,9,740,OH,ORD,16
10,10,26,5,9,892,OH,STL,16
21,10,26,5,12,760,OH,ATL,16
25,10,26,5,11,106,OH,BDL,16
25,10,26,5,16,264,OH,ROC,16
25,10,26,5,15,425,OH,CLE,16
26,10,26,5,14,187,OH,BOS,16
30,10,26,5,13,274,OH,PWM,16
45,10,26,5,18,213,OH,DCA,16
45,10,26,5,18,425,OH,CLE,16
47,10,26,5,20,274,OH,PWM,16
55,10,26,5,20,209,OH,SYR,16
68,10,26,5,16,426,OH,RDU,16
70,10,26,5,15,209,OH,SYR,16
70,10,26,5,19,187,OH,BOS,16
80,10,26,5,20,264,OH,ROC,16
80,10,26,5,16,740,OH,ORD,16
85,10,26,5,19,766,OH,BNA,16
93,10,26,5,16,213,OH,DCA,16
105,10,26,5,16,483,OH,CMH,16
110,10,26,5,17,106,OH,BDL,16
115,10,26,5,19,740,OH,ORD,16
118,10,26,5,19,589,OH,CVG,16
130,10,26,5,20,213,OH,DCA,16
170,10,26,5,19,508,OH,DTW,16
-11,10,27,6,7,740,OH,ORD,15
-10,10,27,6,15,209,OH,SYR,15
-10,10,27,6,11,301,OH,BUF,15
-7,10,27,6,20,267,OH,BTV,15
-6,10,27,6,20,274,OH,PWM,15
-5,10,27,6,11,106,OH,BDL,15
-5,10,27,6,10,187,OH,BOS,15
-5,10,27,6,11,340,OH,PIT,15
-5,10,27,6,8,425,OH,CLE,15
0,10,27,6,14,94,OH,PHL,15
0,10,27,6,13,144,OH,PVD,15
0,10,27,6,14,184,OH,BWI,15
0,10,27,6,19,187,OH,BOS,15
0,10,27,6,8,288,OH,RIC,15
0,10,27,6,18,425,OH,CLE,15
0,10,27,6,8,508,OH,DTW,15
0,10,27,6,12,740,OH,ORD,15
0,10,27,6,9,740,OH,ORD,15
5,10,27,6,16,264,OH,ROC,15
10,10,27,6,13,106,OH,BDL,15
10,10,27,6,16,106,OH,BDL,15
10,10,27,6,11,213,OH,DCA,15
10,10,27,6,6,589,OH,CVG,15
14,10,27,6,13,589,OH,CVG,15
15,10,27,6,15,274,OH,PWM,15
15,10,27,6,15,267,OH,BTV,15
15,10,27,6,8,426,OH,RDU,15
18,10,27,6,9,483,OH,CMH,15
20,10,27,6,12,184,OH,BWI,15
23,10,27,6,18,144,OH,PVD,15
25,10,27,6,13,187,OH,BOS,15
30,10,27,6,19,766,OH,BNA,15
35,10,27,6,9,187,OH,BOS,15
35,10,27,6,19,508,OH,DTW,15
36,10,27,6,9,144,OH,PVD,15
55,10,27,6,15,425,OH,CLE,15
55,10,27,6,8,340,OH,PIT,15
58,10,27,6,15,508,OH,DTW,15
60,10,27,6,20,264,OH,ROC,15
60,10,27,6,19,340,OH,PIT,15
62,10,27,6,16,426,OH,RDU,15
70,10,27,6,16,213,OH,DCA,15
80,10,27,6,19,740,OH,ORD,15
84,10,27,6,6,213,OH,DCA,15
85,10,27,6,18,892,OH,STL,15
95,10,27,6,13,274,OH,PWM,15
95,10,27,6,19,589,OH,CVG,15
98,10,27,6,16,740,OH,ORD,15
105,10,27,6,16,289,OH,ORF,15
111,10,27,6,12,760,OH,ATL,15
113,10,27,6,15,199,OH,MHT,15
290,10,27,6,16,301,OH,BUF,15
-10,10,28,7,9,483,OH,CMH,14
-8,10,28,7,16,213,OH,DCA,14
-7,10,28,7,13,144,OH,PVD,14
-7,10,28,7,12,184,OH,BWI,14
-6,10,28,7,9,144,OH,PVD,14
-5,10,28,7,13,106,OH,BDL,14
-5,10,28,7,8,288,OH,RIC,14
-5,10,28,7,15,425,OH,CLE,14
0,10,28,7,11,106,OH,BDL,14
0,10,28,7,14,94,OH,PHL,14
0,10,28,7,14,184,OH,BWI,14
0,10,28,7,10,187,OH,BOS,14
0,10,28,7,11,213,OH,DCA,14
0,10,28,7,13,274,OH,PWM,14
0,10,28,7,19,199,OH,MHT,14
0,10,28,7,17,106,OH,BDL,14
0,10,28,7,15,267,OH,BTV,14
0,10,28,7,11,301,OH,BUF,14
0,10,28,7,18,144,OH,PVD,14
0,10,28,7,18,213,OH,DCA,14
0,10,28,7,11,340,OH,PIT,14
0,10,28,7,8,340,OH,PIT,14
0,10,28,7,6,589,OH,CVG,14
0,10,28,7,16,340,OH,PIT,14
0,10,28,7,16,483,OH,CMH,14
0,10,28,7,8,508,OH,DTW,14
0,10,28,7,15,508,OH,DTW,14
0,10,28,7,12,740,OH,ORD,14
0,10,28,7,19,766,OH,BNA,14
0,10,28,7,16,740,OH,ORD,14
0,10,28,7,18,892,OH,STL,14
1,10,28,7,12,760,OH,ATL,14
10,10,28,7,15,209,OH,SYR,14
10,10,28,7,20,213,OH,DCA,14
10,10,28,7,19,508,OH,DTW,14
10,10,28,7,14,766,OH,BNA,14
11,10,28,7,8,766,OH,BNA,14
13,10,28,7,20,264,OH,ROC,14
15,10,28,7,19,340,OH,PIT,14
19,10,28,7,13,589,OH,CVG,14
20,10,28,7,19,740,OH,ORD,14
25,10,28,7,16,264,OH,ROC,14
30,10,28,7,19,589,OH,CVG,14
32,10,28,7,9,740,OH,ORD,14
35,10,28,7,18,425,OH,CLE,14
40,10,28,7,18,184,OH,BWI,14
50,10,28,7,20,209,OH,SYR,14
105,10,28,7,16,426,OH,RDU,14
150,10,28,7,19,187,OH,BOS,14
270,10,28,7,14,187,OH,BOS,14
-10,10,29,1,11,301,OH,BUF,13
-10,10,29,1,18,184,OH,BWI,13
-10,10,29,1,11,340,OH,PIT,13
-10,10,29,1,15,425,OH,CLE,13
-10,10,29,1,16,483,OH,CMH,13
-10,10,29,1,9,740,OH,ORD,13
-9,10,29,1,13,144,OH,PVD,13
-9,10,29,1,11,213,OH,DCA,13
-8,10,29,1,14,184,OH,BWI,13
-7,10,29,1,8,288,OH,RIC,13
-5,10,29,1,11,106,OH,BDL,13
-5,10,29,1,14,94,OH,PHL,13
-5,10,29,1,13,106,OH,BDL,13
-5,10,29,1,10,187,OH,BOS,13
-5,10,29,1,9,187,OH,BOS,13
-5,10,29,1,20,264,OH,ROC,13
-5,10,29,1,16,264,OH,ROC,13
-5,10,29,1,8,340,OH,PIT,13
-5,10,29,1,9,483,OH,CMH,13
-5,10,29,1,6,589,OH,CVG,13
-5,10,29,1,14,766,OH,BNA,13
-5,10,29,1,7,740,OH,ORD,13
-5,10,29,1,16,740,OH,ORD,13
-4,10,29,1,9,144,OH,PVD,13
-3,10,29,1,12,184,OH,BWI,13
-2,10,29,1,19,340,OH,PIT,13
-2,10,29,1,15,508,OH,DTW,13
-2,10,29,1,9,892,OH,STL,13
0,10,29,1,15,209,OH,SYR,13
0,10,29,1,14,187,OH,BOS,13
0,10,29,1,13,274,OH,PWM,13
0,10,29,1,19,199,OH,MHT,13
0,10,29,1,17,106,OH,BDL,13
0,10,29,1,15,267,OH,BTV,13
0,10,29,1,18,144,OH,PVD,13
0,10,29,1,18,213,OH,DCA,13
0,10,29,1,16,426,OH,RDU,13
0,10,29,1,16,340,OH,PIT,13
0,10,29,1,18,425,OH,CLE,13
0,10,29,1,13,589,OH,CVG,13
0,10,29,1,8,508,OH,DTW,13
0,10,29,1,19,508,OH,DTW,13
0,10,29,1,12,740,OH,ORD,13
0,10,29,1,19,766,OH,BNA,13
0,10,29,1,19,740,OH,ORD,13
4,10,29,1,6,213,OH,DCA,13
5,10,29,1,8,425,OH,CLE,13
10,10,29,1,20,209,OH,SYR,13
10,10,29,1,19,589,OH,CVG,13
11,10,29,1,12,760,OH,ATL,13
15,10,29,1,8,426,OH,RDU,13
15,10,29,1,18,892,OH,STL,13
24,10,29,1,19,187,OH,BOS,13
25,10,29,1,16,213,OH,DCA,13
50,10,29,1,20,274,OH,PWM,13
55,10,29,1,20,213,OH,DCA,13
-16,10,30,2,17,106,OH,BDL,12
-10,10,30,2,11,106,OH,BDL,12
-10,10,30,2,11,301,OH,BUF,12
-10,10,30,2,8,288,OH,RIC,12
-10,10,30,2,8,340,OH,PIT,12
-10,10,30,2,16,340,OH,PIT,12
-10,10,30,2,18,425,OH,CLE,12
-10,10,30,2,15,508,OH,DTW,12
-10,10,30,2,9,892,OH,STL,12
-9,10,30,2,9,144,OH,PVD,12
-8,10,30,2,13,144,OH,PVD,12
-7,10,30,2,10,187,OH,BOS,12
-5,10,30,2,14,94,OH,PHL,12
-5,10,30,2,14,184,OH,BWI,12
-5,10,30,2,15,209,OH,SYR,12
-5,10,30,2,11,213,OH,DCA,12
-5,10,30,2,18,213,OH,DCA,12
-5,10,30,2,11,340,OH,PIT,12
-5,10,30,2,6,589,OH,CVG,12
-5,10,30,2,12,740,OH,ORD,12
-4,10,30,2,14,766,OH,BNA,12
-3,10,30,2,13,106,OH,BDL,12
-3,10,30,2,8,425,OH,CLE,12
-1,10,30,2,8,426,OH,RDU,12
0,10,30,2,12,184,OH,BWI,12
0,10,30,2,13,274,OH,PWM,12
0,10,30,2,9,187,OH,BOS,12
0,10,30,2,15,267,OH,BTV,12
0,10,30,2,6,213,OH,DCA,12
0,10,30,2,16,213,OH,DCA,12
0,10,30,2,18,184,OH,BWI,12
0,10,30,2,15,425,OH,CLE,12
0,10,30,2,16,426,OH,RDU,12
0,10,30,2,16,483,OH,CMH,12
0,10,30,2,12,760,OH,ATL,12
0,10,30,2,9,740,OH,ORD,12
0,10,30,2,16,740,OH,ORD,12
0,10,30,2,18,892,OH,STL,12
7,10,30,2,14,187,OH,BOS,12
25,10,30,2,7,740,OH,ORD,12
47,10,30,2,13,589,OH,CVG,12
55,10,30,2,9,483,OH,CMH,12
65,10,30,2,16,264,OH,ROC,12
80,10,30,2,8,508,OH,DTW,12
162,10,30,2,19,199,OH,MHT,12
170,10,30,2,20,213,OH,DCA,12
170,10,30,2,20,274,OH,PWM,12
180,10,30,2,20,264,OH,ROC,12
198,10,30,2,20,209,OH,SYR,12
210,10,30,2,19,187,OH,BOS,12
210,10,30,2,19,740,OH,ORD,12
220,10,30,2,18,144,OH,PVD,12
220,10,30,2,19,589,OH,CVG,12
225,10,30,2,19,766,OH,BNA,12
245,10,30,2,19,508,OH,DTW,12
250,10,30,2,19,340,OH,PIT,12
-20,10,31,3,11,106,OH,BDL,11
-10,10,31,3,13,144,OH,PVD,11
-10,10,31,3,17,106,OH,BDL,11
-10,10,31,3,11,301,OH,BUF,11
-10,10,31,3,6,213,OH,DCA,11
-10,10,31,3,18,144,OH,PVD,11
-10,10,31,3,16,213,OH,DCA,11
-10,10,31,3,18,425,OH,CLE,11
-9,10,31,3,9,187,OH,BOS,11
-9,10,31,3,15,425,OH,CLE,11
-8,10,31,3,19,340,OH,PIT,11
-8,10,31,3,16,340,OH,PIT,11
-8,10,31,3,9,740,OH,ORD,11
-7,10,31,3,9,144,OH,PVD,11
-6,10,31,3,13,589,OH,CVG,11
-6,10,31,3,12,740,OH,ORD,11
-5,10,31,3,15,209,OH,SYR,11
-5,10,31,3,18,213,OH,DCA,11
-5,10,31,3,11,340,OH,PIT,11
-5,10,31,3,14,766,OH,BNA,11
-5,10,31,3,9,892,OH,STL,11
-5,10,31,3,18,892,OH,STL,11
-4,10,31,3,15,267,OH,BTV,11
-2,10,31,3,13,106,OH,BDL,11
-1,10,31,3,8,288,OH,RIC,11
0,10,31,3,14,94,OH,PHL,11
0,10,31,3,10,187,OH,BOS,11
0,10,31,3,12,184,OH,BWI,11
0,10,31,3,13,274,OH,PWM,11
0,10,31,3,18,184,OH,BWI,11
0,10,31,3,20,274,OH,PWM,11
0,10,31,3,20,187,OH,BOS,11
0,10,31,3,20,264,OH,ROC,11
0,10,31,3,19,187,OH,BOS,11
0,10,31,3,16,264,OH,ROC,11
0,10,31,3,8,426,OH,RDU,11
0,10,31,3,8,340,OH,PIT,11
0,10,31,3,8,425,OH,CLE,11
0,10,31,3,9,483,OH,CMH,11
0,10,31,3,16,426,OH,RDU,11
0,10,31,3,16,483,OH,CMH,11
0,10,31,3,12,760,OH,ATL,11
0,10,31,3,15,508,OH,DTW,11
0,10,31,3,7,740,OH,ORD,11
0,10,31,3,16,740,OH,ORD,11
0,10,31,3,19,740,OH,ORD,11
4,10,31,3,8,508,OH,DTW,11
5,10,31,3,20,209,OH,SYR,11
10,10,31,3,14,187,OH,BOS,11
14,10,31,3,14,184,OH,BWI,11
20,10,31,3,19,199,OH,MHT,11
20,10,31,3,19,589,OH,CVG,11
22,10,31,3,19,508,OH,DTW,11
30,10,31,3,6,589,OH,CVG,11
35,10,31,3,20,213,OH,DCA,11
35,10,31,3,11,213,OH,DCA,11
105,10,31,3,19,766,OH,BNA,11
-7,10,1,1,6,2586,UA,SFO,7
10,10,2,2,6,2586,UA,SFO,6
15,10,3,3,6,2586,UA,SFO,5
-9,10,4,4,6,2586,UA,SFO,4
22,10,5,5,6,2586,UA,SFO,3
-3,10,6,6,6,2586,UA,SFO,2
-1,10,7,7,6,2586,UA,SFO,1
-2,10,8,1,6,2586,UA,SFO,0
5,10,9,2,6,2586,UA,SFO,1
-2,10,10,3,6,2586,UA,SFO,2
-1,10,11,4,6,2586,UA,SFO,3
-1,10,12,5,6,2586,UA,SFO,4
5,10,13,6,6,2586,UA,SFO,5
-1,10,14,7,6,2586,UA,SFO,6
-6,10,15,1,6,2586,UA,SFO,7
-2,10,16,2,6,2586,UA,SFO,8
0,10,17,3,6,2586,UA,SFO,9
-5,10,18,4,6,2586,UA,SFO,10
2,10,19,5,6,2586,UA,SFO,11
4,10,20,6,6,2586,UA,SFO,12
-3,10,21,7,6,2586,UA,SFO,13
-1,10,22,1,6,2586,UA,SFO,14
-2,10,23,2,6,2586,UA,SFO,15
1,10,24,3,6,2586,UA,SFO,16
-4,10,25,4,6,2586,UA,SFO,17
-5,10,26,5,6,2586,UA,SFO,16
-7,10,27,6,6,2586,UA,SFO,15
3,10,28,7,6,2586,UA,SFO,14
2,10,29,1,6,2586,UA,SFO,13
-2,10,30,2,6,2586,UA,SFO,12
19,10,31,3,6,2586,UA,SFO,11
-6,10,1,1,8,2586,UA,SFO,7
0,10,2,2,8,2586,UA,SFO,6
-5,10,3,3,8,2586,UA,SFO,5
0,10,4,4,8,2586,UA,SFO,4
1,10,5,5,8,2586,UA,SFO,3
-4,10,6,6,8,2586,UA,SFO,2
5,10,7,7,8,2586,UA,SFO,1
-3,10,8,1,8,2586,UA,SFO,0
18,10,9,2,8,2586,UA,SFO,1
22,10,10,3,8,2586,UA,SFO,2
-2,10,11,4,8,2586,UA,SFO,3
0,10,12,5,8,2586,UA,SFO,4
-9,10,13,6,8,2586,UA,SFO,5
-8,10,14,7,8,2586,UA,SFO,6
7,10,15,1,8,2586,UA,SFO,7
0,10,16,2,8,2586,UA,SFO,8
0,10,17,3,8,2586,UA,SFO,9
-14,10,18,4,8,2586,UA,SFO,10
1,10,19,5,8,2586,UA,SFO,11
-3,10,20,6,8,2586,UA,SFO,12
-2,10,21,7,8,2586,UA,SFO,13
-1,10,22,1,8,2586,UA,SFO,14
8,10,23,2,8,2586,UA,SFO,15
-7,10,24,3,8,2586,UA,SFO,16
-9,10,25,4,8,2586,UA,SFO,17
-1,10,26,5,8,2586,UA,SFO,16
49,10,27,6,8,2586,UA,SFO,15
-7,10,28,7,8,2586,UA,SFO,14
-4,10,29,1,8,2586,UA,SFO,13
-6,10,30,2,8,2586,UA,SFO,12
-4,10,31,3,8,2586,UA,SFO,11
-4,10,1,1,11,2586,UA,SFO,7
0,10,2,2,11,2586,UA,SFO,6
-3,10,3,3,11,2586,UA,SFO,5
24,10,4,4,11,2586,UA,SFO,4
-1,10,5,5,11,2586,UA,SFO,3
320,10,6,6,11,2586,UA,SFO,2
6,10,7,7,11,2586,UA,SFO,1
0,10,8,1,11,2586,UA,SFO,0
-3,10,9,2,11,2586,UA,SFO,1
25,10,10,3,11,2586,UA,SFO,2
-3,10,11,4,11,2586,UA,SFO,3
-2,10,12,5,11,2586,UA,SFO,4
-2,10,13,6,11,2586,UA,SFO,5
4,10,14,7,11,2586,UA,SFO,6
-7,10,15,1,11,2586,UA,SFO,7
-5,10,16,2,11,2586,UA,SFO,8
-5,10,17,3,11,2586,UA,SFO,9
-4,10,18,4,11,2586,UA,SFO,10
-5,10,19,5,11,2586,UA,SFO,11
28,10,20,6,11,2586,UA,SFO,12
-7,10,21,7,11,2586,UA,SFO,13
-4,10,22,1,11,2586,UA,SFO,14
-1,10,23,2,11,2586,UA,SFO,15
-6,10,24,3,11,2586,UA,SFO,16
-3,10,25,4,11,2586,UA,SFO,17
1,10,26,5,11,2586,UA,SFO,16
0,10,27,6,11,2586,UA,SFO,15
2,10,28,7,11,2586,UA,SFO,14
-6,10,29,1,11,2586,UA,SFO,13
1,10,30,2,11,2586,UA,SFO,12
-4,10,31,3,11,2586,UA,SFO,11
22,10,1,1,15,2586,UA,SFO,7
3,10,2,2,15,2586,UA,SFO,6
-4,10,3,3,15,2586,UA,SFO,5
64,10,4,4,15,2586,UA,SFO,4
346,10,5,5,15,2586,UA,SFO,3
-5,10,6,6,15,2586,UA,SFO,2
21,10,7,7,15,2586,UA,SFO,1
-3,10,8,1,15,2586,UA,SFO,0
22,10,9,2,15,2586,UA,SFO,1
-5,10,10,3,15,2586,UA,SFO,2
-3,10,11,4,15,2586,UA,SFO,3
1,10,12,5,15,2586,UA,SFO,4
1,10,13,6,15,2586,UA,SFO,5
-1,10,14,7,15,2586,UA,SFO,6
-4,10,15,1,15,2586,UA,SFO,7
-3,10,16,2,15,2586,UA,SFO,8
-4,10,17,3,15,2586,UA,SFO,9
-1,10,18,4,15,2586,UA,SFO,10
2,10,19,5,15,2586,UA,SFO,11
-4,10,20,6,15,2586,UA,SFO,12
-7,10,21,7,15,2586,UA,SFO,13
-2,10,22,1,15,2586,UA,SFO,14
1,10,23,2,15,2586,UA,SFO,15
2,10,24,3,15,2586,UA,SFO,16
12,10,25,4,15,2586,UA,SFO,17
-2,10,26,5,15,2586,UA,SFO,16
365,10,27,6,15,2586,UA,SFO,15
-6,10,28,7,15,2586,UA,SFO,14
1,10,29,1,15,2586,UA,SFO,13
-4,10,30,2,15,2586,UA,SFO,12
1,10,31,3,15,2586,UA,SFO,11
4,10,1,1,17,2586,UA,SFO,7
0,10,2,2,17,2586,UA,SFO,6
0,10,3,3,17,2586,UA,SFO,5
2,10,4,4,17,2586,UA,SFO,4
0,10,5,5,17,2586,UA,SFO,3
-5,10,6,6,17,2586,UA,SFO,2
15,10,8,1,17,2586,UA,SFO,0
15,10,9,2,17,2586,UA,SFO,1
-5,10,10,3,17,2586,UA,SFO,2
118,10,11,4,17,2586,UA,SFO,3
36,10,12,5,17,2586,UA,SFO,4
-3,10,13,6,17,2586,UA,SFO,5
16,10,14,7,17,2586,UA,SFO,6
1,10,15,1,17,2586,UA,SFO,7
-10,10,16,2,17,2586,UA,SFO,8
9,10,17,3,17,2586,UA,SFO,9
-1,10,18,4,17,2586,UA,SFO,10
-3,10,19,5,17,2586,UA,SFO,11
-5,10,20,6,17,2586,UA,SFO,12
-4,10,21,7,17,2586,UA,SFO,13
2,10,22,1,17,2586,UA,SFO,14
-4,10,23,2,17,2586,UA,SFO,15
68,10,24,3,17,2586,UA,SFO,16
8,10,25,4,17,2586,UA,SFO,17
31,10,26,5,17,2586,UA,SFO,16
1,10,27,6,17,2586,UA,SFO,15
156,10,28,7,17,2586,UA,SFO,14
-4,10,29,1,17,2586,UA,SFO,13
47,10,30,2,17,2586,UA,SFO,12
-11,10,31,3,17,2586,UA,SFO,11
-2,10,1,1,20,2586,UA,SFO,7
31,10,2,2,20,2586,UA,SFO,6
131,10,3,3,20,2586,UA,SFO,5
119,10,4,4,20,2586,UA,SFO,4
89,10,5,5,20,2586,UA,SFO,3
10,10,7,7,20,2586,UA,SFO,1
-3,10,8,1,20,2586,UA,SFO,0
1,10,9,2,20,2586,UA,SFO,1
0,10,10,3,20,2586,UA,SFO,2
114,10,11,4,20,2586,UA,SFO,3
-9,10,12,5,20,2586,UA,SFO,4
84,10,14,7,20,2586,UA,SFO,6
-1,10,15,1,20,2586,UA,SFO,7
6,10,16,2,20,2586,UA,SFO,8
1,10,17,3,20,2586,UA,SFO,9
5,10,18,4,20,2586,UA,SFO,10
91,10,19,5,20,2586,UA,SFO,11
-6,10,21,7,20,2586,UA,SFO,13
3,10,22,1,20,2586,UA,SFO,14
82,10,23,2,20,2586,UA,SFO,15
24,10,24,3,20,2586,UA,SFO,16
-4,10,25,4,20,2586,UA,SFO,17
71,10,26,5,20,2586,UA,SFO,16
12,10,28,7,20,2586,UA,SFO,14
-2,10,29,1,20,2586,UA,SFO,13
31,10,30,2,20,2586,UA,SFO,12
-3,10,31,3,20,2586,UA,SFO,11
-4,10,1,1,6,2475,UA,LAX,7
16,10,2,2,6,2475,UA,LAX,6
3,10,3,3,6,2475,UA,LAX,5
-4,10,4,4,6,2475,UA,LAX,4
220,10,5,5,6,2475,UA,LAX,3
26,10,6,6,6,2475,UA,LAX,2
-8,10,7,7,6,2475,UA,LAX,1
-2,10,8,1,6,2475,UA,LAX,0
-7,10,9,2,6,2475,UA,LAX,1
15,10,10,3,6,2475,UA,LAX,2
-4,10,11,4,6,2475,UA,LAX,3
-3,10,12,5,6,2475,UA,LAX,4
-8,10,13,6,6,2475,UA,LAX,5
-3,10,14,7,6,2475,UA,LAX,6
-3,10,15,1,6,2475,UA,LAX,7
1,10,16,2,6,2475,UA,LAX,8
-1,10,17,3,6,2475,UA,LAX,9
-2,10,18,4,6,2475,UA,LAX,10
-1,10,19,5,6,2475,UA,LAX,11
-2,10,20,6,6,2475,UA,LAX,12
-1,10,21,7,6,2475,UA,LAX,13
14,10,22,1,6,2475,UA,LAX,14
5,10,23,2,6,2475,UA,LAX,15
0,10,24,3,6,2475,UA,LAX,16
-3,10,25,4,6,2475,UA,LAX,17
5,10,26,5,6,2475,UA,LAX,16
-2,10,27,6,6,2475,UA,LAX,15
7,10,28,7,8,2475,UA,LAX,14
4,10,29,1,8,2475,UA,LAX,13
-2,10,30,2,8,2475,UA,LAX,12
-3,10,31,3,8,2475,UA,LAX,11
-4,10,1,1,11,2475,UA,LAX,7
-5,10,2,2,11,2475,UA,LAX,6
-5,10,3,3,11,2475,UA,LAX,5
-4,10,4,4,11,2475,UA,LAX,4
0,10,5,5,11,2475,UA,LAX,3
-1,10,6,6,11,2475,UA,LAX,2
11,10,7,7,11,2475,UA,LAX,1
1,10,8,1,11,2475,UA,LAX,0
-6,10,9,2,11,2475,UA,LAX,1
-8,10,10,3,11,2475,UA,LAX,2
-6,10,11,4,11,2475,UA,LAX,3
-2,10,12,5,11,2475,UA,LAX,4
-7,10,13,6,11,2475,UA,LAX,5
-1,10,14,7,11,2475,UA,LAX,6
-2,10,15,1,11,2475,UA,LAX,7
1,10,16,2,11,2475,UA,LAX,8
1,10,17,3,11,2475,UA,LAX,9
-5,10,18,4,11,2475,UA,LAX,10
-5,10,19,5,11,2475,UA,LAX,11
-6,10,20,6,11,2475,UA,LAX,12
-6,10,21,7,11,2475,UA,LAX,13
-5,10,22,1,11,2475,UA,LAX,14
-1,10,23,2,11,2475,UA,LAX,15
-4,10,24,3,11,2475,UA,LAX,16
-8,10,25,4,11,2475,UA,LAX,17
9,10,26,5,11,2475,UA,LAX,16
-1,10,27,6,11,2475,UA,LAX,15
75,10,28,7,11,2475,UA,LAX,14
-5,10,29,1,11,2475,UA,LAX,13
-7,10,30,2,11,2475,UA,LAX,12
-4,10,31,3,11,2475,UA,LAX,11
-4,10,9,2,14,2475,UA,LAX,1
-5,10,10,3,14,2475,UA,LAX,2
4,10,11,4,14,2475,UA,LAX,3
-5,10,12,5,14,2475,UA,LAX,4
-7,10,13,6,14,2475,UA,LAX,5
-6,10,14,7,14,2475,UA,LAX,6
-1,10,15,1,14,2475,UA,LAX,7
-2,10,16,2,14,2475,UA,LAX,8
-6,10,17,3,14,2475,UA,LAX,9
-1,10,18,4,14,2475,UA,LAX,10
-4,10,19,5,14,2475,UA,LAX,11
-3,10,20,6,14,2475,UA,LAX,12
-7,10,21,7,14,2475,UA,LAX,13
-1,10,22,1,14,2475,UA,LAX,14
39,10,23,2,14,2475,UA,LAX,15
-4,10,24,3,14,2475,UA,LAX,16
-2,10,25,4,14,2475,UA,LAX,17
4,10,26,5,14,2475,UA,LAX,16
-3,10,27,6,14,2475,UA,LAX,15
221,10,28,7,14,2475,UA,LAX,14
1,10,29,1,14,2475,UA,LAX,13
-2,10,30,2,14,2475,UA,LAX,12
-1,10,31,3,14,2475,UA,LAX,11
-5,10,1,1,16,2475,UA,LAX,7
-1,10,2,2,16,2475,UA,LAX,6
9,10,3,3,16,2475,UA,LAX,5
0,10,4,4,16,2475,UA,LAX,4
-3,10,5,5,16,2475,UA,LAX,3
-3,10,6,6,16,2475,UA,LAX,2
9,10,7,7,16,2475,UA,LAX,1
0,10,8,1,16,2475,UA,LAX,0
4,10,9,2,16,2475,UA,LAX,1
-3,10,10,3,16,2475,UA,LAX,2
2,10,12,5,16,2475,UA,LAX,4
-4,10,13,6,16,2475,UA,LAX,5
254,10,14,7,16,2475,UA,LAX,6
0,10,15,1,16,2475,UA,LAX,7
82,10,16,2,16,2475,UA,LAX,8
-6,10,17,3,16,2475,UA,LAX,9
4,10,18,4,16,2475,UA,LAX,10
5,10,19,5,16,2475,UA,LAX,11
-8,10,20,6,16,2475,UA,LAX,12
7,10,21,7,16,2475,UA,LAX,13
1,10,22,1,16,2475,UA,LAX,14
17,10,23,2,16,2475,UA,LAX,15
66,10,24,3,16,2475,UA,LAX,16
13,10,25,4,16,2475,UA,LAX,17
-2,10,26,5,16,2475,UA,LAX,16
0,10,27,6,16,2475,UA,LAX,15
3,10,28,7,16,2475,UA,LAX,14
-4,10,29,1,16,2475,UA,LAX,13
-6,10,31,3,16,2475,UA,LAX,11
-11,10,1,1,20,2475,UA,LAX,7
-3,10,2,2,20,2475,UA,LAX,6
20,10,3,3,20,2475,UA,LAX,5
29,10,4,4,20,2475,UA,LAX,4
41,10,5,5,20,2475,UA,LAX,3
34,10,7,7,20,2475,UA,LAX,1
-7,10,8,1,20,2475,UA,LAX,0
27,10,9,2,20,2475,UA,LAX,1
14,10,10,3,20,2475,UA,LAX,2
50,10,11,4,20,2475,UA,LAX,3
-6,10,12,5,20,2475,UA,LAX,4
9,10,14,7,20,2475,UA,LAX,6
-3,10,15,1,20,2475,UA,LAX,7
20,10,16,2,20,2475,UA,LAX,8
-12,10,17,3,20,2475,UA,LAX,9
42,10,18,4,20,2475,UA,LAX,10
155,10,19,5,20,2475,UA,LAX,11
18,10,21,7,20,2475,UA,LAX,13
7,10,22,1,20,2475,UA,LAX,14
85,10,23,2,20,2475,UA,LAX,15
28,10,24,3,20,2475,UA,LAX,16
23,10,25,4,20,2475,UA,LAX,17
78,10,26,5,20,2475,UA,LAX,16
9,10,28,7,20,2475,UA,LAX,14
-4,10,29,1,20,2475,UA,LAX,13
-2,10,30,2,20,2475,UA,LAX,12
-7,10,31,3,20,2475,UA,LAX,11
2,10,1,1,18,2475,UA,LAX,7
-3,10,2,2,18,2475,UA,LAX,6
12,10,3,3,18,2475,UA,LAX,5
-4,10,4,4,18,2475,UA,LAX,4
11,10,5,5,18,2475,UA,LAX,3
1,10,6,6,18,2475,UA,LAX,2
4,10,7,7,18,2475,UA,LAX,1
4,10,8,1,18,2475,UA,LAX,0
-4,10,9,2,18,2475,UA,LAX,1
-6,10,10,3,18,2475,UA,LAX,2
52,10,11,4,18,2475,UA,LAX,3
18,10,12,5,18,2475,UA,LAX,4
-1,10,13,6,18,2475,UA,LAX,5
1,10,14,7,18,2475,UA,LAX,6
-1,10,15,1,18,2475,UA,LAX,7
-8,10,16,2,18,2475,UA,LAX,8
-7,10,17,3,18,2475,UA,LAX,9
-4,10,18,4,18,2475,UA,LAX,10
-1,10,19,5,18,2475,UA,LAX,11
-9,10,20,6,18,2475,UA,LAX,12
-3,10,21,7,18,2475,UA,LAX,13
6,10,22,1,18,2475,UA,LAX,14
-1,10,23,2,18,2475,UA,LAX,15
22,10,24,3,18,2475,UA,LAX,16
-3,10,25,4,18,2475,UA,LAX,17
-4,10,26,5,18,2475,UA,LAX,16
76,10,27,6,18,2475,UA,LAX,15
-8,10,28,7,18,2475,UA,LAX,14
-4,10,29,1,18,2475,UA,LAX,13
1,10,30,2,18,2475,UA,LAX,12
-1,10,31,3,18,2475,UA,LAX,11
-2,10,1,1,8,2475,UA,LAX,7
-4,10,2,2,8,2475,UA,LAX,6
-4,10,3,3,8,2475,UA,LAX,5
51,10,4,4,8,2475,UA,LAX,4
-2,10,5,5,8,2475,UA,LAX,3
0,10,6,6,8,2475,UA,LAX,2
0,10,7,7,8,2475,UA,LAX,1
-3,10,8,1,8,2475,UA,LAX,0
-2,10,9,2,8,2475,UA,LAX,1
4,10,10,3,8,2475,UA,LAX,2
5,10,11,4,8,2475,UA,LAX,3
-4,10,12,5,8,2475,UA,LAX,4
-4,10,13,6,8,2475,UA,LAX,5
1,10,14,7,8,2475,UA,LAX,6
0,10,15,1,8,2475,UA,LAX,7
-3,10,16,2,8,2475,UA,LAX,8
0,10,17,3,8,2475,UA,LAX,9
7,10,18,4,8,2475,UA,LAX,10
41,10,19,5,8,2475,UA,LAX,11
-4,10,20,6,8,2475,UA,LAX,12
13,10,21,7,8,2475,UA,LAX,13
-4,10,22,1,8,2475,UA,LAX,14
-5,10,23,2,8,2475,UA,LAX,15
-5,10,24,3,8,2475,UA,LAX,16
2,10,25,4,8,2475,UA,LAX,17
-2,10,26,5,8,2475,UA,LAX,16
-3,10,27,6,8,2475,UA,LAX,15
-8,10,28,7,6,2475,UA,LAX,14
0,10,29,1,6,2475,UA,LAX,13
-11,10,30,2,6,2475,UA,LAX,12
-2,10,31,3,6,2475,UA,LAX,11
-11,10,1,1,7,2586,UA,SFO,7
3,10,2,2,7,2586,UA,SFO,6
-3,10,3,3,7,2586,UA,SFO,5
5,10,4,4,7,2586,UA,SFO,4
0,10,5,5,7,2586,UA,SFO,3
11,10,6,6,7,2586,UA,SFO,2
-5,10,7,7,7,2586,UA,SFO,1
194,10,8,1,7,2586,UA,SFO,0
-3,10,9,2,7,2586,UA,SFO,1
4,10,10,3,7,2586,UA,SFO,2
-4,10,11,4,7,2586,UA,SFO,3
-5,10,12,5,7,2586,UA,SFO,4
-4,10,13,6,7,2586,UA,SFO,5
0,10,14,7,7,2586,UA,SFO,6
18,10,15,1,7,2586,UA,SFO,7
-3,10,16,2,7,2586,UA,SFO,8
33,10,17,3,7,2586,UA,SFO,9
-1,10,18,4,7,2586,UA,SFO,10
0,10,19,5,7,2586,UA,SFO,11
-1,10,20,6,7,2586,UA,SFO,12
-3,10,21,7,7,2586,UA,SFO,13
3,10,22,1,7,2586,UA,SFO,14
-1,10,23,2,7,2586,UA,SFO,15
10,10,24,3,7,2586,UA,SFO,16
-7,10,25,4,7,2586,UA,SFO,17
-6,10,26,5,7,2586,UA,SFO,16
-2,10,27,6,7,2586,UA,SFO,15
-2,10,28,7,7,2586,UA,SFO,14
-4,10,29,1,7,2586,UA,SFO,13
-5,10,30,2,7,2586,UA,SFO,12
-3,10,31,3,7,2586,UA,SFO,11
2,10,1,1,20,2248,US,LAS,7
-6,10,1,1,8,2248,US,LAS,7
-4,10,1,1,9,2248,US,LAS,7
29,10,1,1,17,2153,US,PHX,7
28,10,1,1,9,2153,US,PHX,7
-3,10,1,1,6,2153,US,PHX,7
-5,10,2,2,8,2248,US,LAS,6
-1,10,2,2,9,2248,US,LAS,6
-7,10,2,2,17,2153,US,PHX,6
-4,10,2,2,9,2153,US,PHX,6
-2,10,2,2,6,2153,US,PHX,6
46,10,3,3,20,2248,US,LAS,5
-3,10,3,3,8,2248,US,LAS,5
17,10,3,3,9,2248,US,LAS,5
0,10,3,3,17,2153,US,PHX,5
3,10,3,3,9,2153,US,PHX,5
4,10,3,3,6,2153,US,PHX,5
78,10,4,4,20,2248,US,LAS,4
-1,10,4,4,8,2248,US,LAS,4
-2,10,4,4,9,2248,US,LAS,4
5,10,4,4,17,2153,US,PHX,4
-2,10,4,4,9,2153,US,PHX,4
6,10,4,4,6,2153,US,PHX,4
18,10,5,5,20,2248,US,LAS,3
45,10,5,5,8,2248,US,LAS,3
7,10,5,5,9,2248,US,LAS,3
55,10,5,5,17,2153,US,PHX,3
2,10,5,5,9,2153,US,PHX,3
58,10,5,5,6,2153,US,PHX,3
-1,10,6,6,8,2248,US,LAS,2
118,10,6,6,9,2248,US,LAS,2
17,10,6,6,17,2153,US,PHX,2
1,10,6,6,6,2153,US,PHX,2
-3,10,6,6,9,2153,US,PHX,2
32,10,7,7,20,2248,US,LAS,1
4,10,7,7,8,2248,US,LAS,1
-3,10,7,7,9,2248,US,LAS,1
12,10,7,7,18,2153,US,PHX,1
-5,10,7,7,9,2153,US,PHX,1
3,10,7,7,6,2153,US,PHX,1
-5,10,8,1,8,2248,US,LAS,0
-4,10,8,1,9,2248,US,LAS,0
30,10,8,1,18,2153,US,PHX,0
-2,10,8,1,9,2153,US,PHX,0
0,10,8,1,6,2153,US,PHX,0
-6,10,9,2,8,2248,US,LAS,1
1,10,9,2,9,2248,US,LAS,1
355,10,9,2,18,2153,US,PHX,1
51,10,9,2,9,2153,US,PHX,1
22,10,9,2,6,2153,US,PHX,1
27,10,10,3,20,2248,US,LAS,2
4,10,10,3,8,2248,US,LAS,2
26,10,10,3,9,2248,US,LAS,2
4,10,10,3,18,2153,US,PHX,2
29,10,10,3,9,2153,US,PHX,2
11,10,10,3,6,2153,US,PHX,2
241,10,11,4,20,2248,US,LAS,3
-10,10,11,4,8,2248,US,LAS,3
-9,10,11,4,9,2248,US,LAS,3
201,10,11,4,18,2153,US,PHX,3
0,10,11,4,9,2153,US,PHX,3
-3,10,11,4,6,2153,US,PHX,3
6,10,12,5,20,2248,US,LAS,4
61,10,12,5,8,2248,US,LAS,4
-3,10,12,5,9,2248,US,LAS,4
9,10,12,5,18,2153,US,PHX,4
11,10,12,5,9,2153,US,PHX,4
3,10,12,5,6,2153,US,PHX,4
-4,10,13,6,8,2248,US,LAS,5
-9,10,13,6,9,2248,US,LAS,5
-2,10,13,6,6,2153,US,PHX,5
17,10,13,6,18,2153,US,PHX,5
-3,10,13,6,9,2153,US,PHX,5
9,10,14,7,20,2248,US,LAS,6
-7,10,14,7,8,2248,US,LAS,6
-4,10,14,7,9,2248,US,LAS,6
-10,10,14,7,18,2153,US,PHX,6
-3,10,14,7,9,2153,US,PHX,6
0,10,14,7,6,2153,US,PHX,6
2,10,15,1,8,2248,US,LAS,7
0,10,15,1,9,2248,US,LAS,7
-3,10,15,1,18,2153,US,PHX,7
-4,10,15,1,9,2153,US,PHX,7
-2,10,15,1,6,2153,US,PHX,7
-4,10,16,2,8,2248,US,LAS,8
308,10,16,2,9,2248,US,LAS,8
-1,10,16,2,18,2153,US,PHX,8
2,10,16,2,9,2153,US,PHX,8
-3,10,16,2,6,2153,US,PHX,8
-2,10,17,3,20,2248,US,LAS,9
-1,10,17,3,8,2248,US,LAS,9
-6,10,17,3,9,2248,US,LAS,9
12,10,17,3,18,2153,US,PHX,9
-3,10,17,3,9,2153,US,PHX,9
6,10,17,3,6,2153,US,PHX,9
29,10,18,4,20,2248,US,LAS,10
-11,10,18,4,8,2248,US,LAS,10
-6,10,18,4,9,2248,US,LAS,10
10,10,18,4,18,2153,US,PHX,10
4,10,18,4,9,2153,US,PHX,10
-1,10,18,4,6,2153,US,PHX,10
27,10,19,5,20,2248,US,LAS,11
-9,10,19,5,8,2248,US,LAS,11
-4,10,19,5,9,2248,US,LAS,11
17,10,19,5,18,2153,US,PHX,11
1,10,19,5,9,2153,US,PHX,11
-5,10,19,5,6,2153,US,PHX,11
-1,10,20,6,8,2248,US,LAS,12
21,10,20,6,9,2248,US,LAS,12
2,10,20,6,6,2153,US,PHX,12
56,10,20,6,18,2153,US,PHX,12
-6,10,20,6,9,2153,US,PHX,12
27,10,21,7,20,2248,US,LAS,13
-4,10,21,7,8,2248,US,LAS,13
-1,10,21,7,9,2248,US,LAS,13
64,10,21,7,18,2153,US,PHX,13
-5,10,21,7,9,2153,US,PHX,13
-1,10,21,7,6,2153,US,PHX,13
1,10,22,1,8,2248,US,LAS,14
-6,10,22,1,9,2248,US,LAS,14
36,10,22,1,18,2153,US,PHX,14
-3,10,22,1,9,2153,US,PHX,14
4,10,22,1,6,2153,US,PHX,14
3,10,23,2,8,2248,US,LAS,15
-1,10,23,2,9,2248,US,LAS,15
97,10,23,2,18,2153,US,PHX,15
-2,10,23,2,9,2153,US,PHX,15
-3,10,23,2,6,2153,US,PHX,15
103,10,24,3,20,2248,US,LAS,16
-6,10,24,3,8,2248,US,LAS,16
2,10,24,3,9,2248,US,LAS,16
49,10,24,3,18,2153,US,PHX,16
8,10,24,3,9,2153,US,PHX,16
-1,10,24,3,6,2153,US,PHX,16
13,10,25,4,20,2248,US,LAS,17
-2,10,25,4,8,2248,US,LAS,17
15,10,25,4,9,2248,US,LAS,17
13,10,25,4,18,2153,US,PHX,17
-3,10,25,4,9,2153,US,PHX,17
4,10,25,4,6,2153,US,PHX,17
162,10,26,5,20,2248,US,LAS,16
-6,10,26,5,8,2248,US,LAS,16
-3,10,26,5,9,2248,US,LAS,16
32,10,26,5,18,2153,US,PHX,16
-3,10,26,5,9,2153,US,PHX,16
-1,10,26,5,6,2153,US,PHX,16
105,10,27,6,8,2248,US,LAS,15
-9,10,27,6,9,2248,US,LAS,15
17,10,27,6,6,2153,US,PHX,15
110,10,27,6,18,2153,US,PHX,15
1,10,27,6,9,2153,US,PHX,15
99,10,28,7,20,2248,US,LAS,14
-1,10,28,7,8,2248,US,LAS,14
-3,10,28,7,9,2248,US,LAS,14
22,10,28,7,18,2153,US,PHX,14
-4,10,28,7,9,2153,US,PHX,14
7,10,28,7,6,2153,US,PHX,14
-2,10,29,1,8,2248,US,LAS,13
-1,10,29,1,9,2248,US,LAS,13
5,10,29,1,18,2153,US,PHX,13
1,10,29,1,9,2153,US,PHX,13
-2,10,29,1,6,2153,US,PHX,13
-6,10,30,2,8,2248,US,LAS,12
-4,10,30,2,9,2248,US,LAS,12
-10,10,30,2,18,2153,US,PHX,12
-2,10,30,2,9,2153,US,PHX,12
-5,10,30,2,6,2153,US,PHX,12
9,10,31,3,20,2248,US,LAS,11
-1,10,31,3,9,2248,US,LAS,11
-6,10,31,3,18,2153,US,PHX,11
-1,10,31,3,9,2153,US,PHX,11
-5,10,31,3,6,2153,US,PHX,11
9,10,17,3,8,1597,DL,SJU,9
-3,10,17,3,7,1989,DL,SLC,9
-7,10,17,3,6,760,DL,ATL,9
38,10,17,3,16,1005,DL,TPA,9
32,10,17,3,19,1005,DL,TPA,9
-2,10,17,3,11,944,DL,MCO,9
-2,10,17,3,19,1989,DL,SLC,9
0,10,17,3,15,1989,DL,SLC,9
-9,10,17,3,20,944,DL,MCO,9
-1,10,17,3,8,1069,DL,FLL,9
-4,10,17,3,8,1005,DL,TPA,9
26,10,18,4,18,1069,DL,FLL,10
0,10,18,4,8,760,DL,ATL,10
1,10,18,4,16,2475,DL,LAX,10
9,10,18,4,16,760,DL,ATL,10
-8,10,18,4,18,1090,DL,MIA,10
-1,10,18,4,16,1989,DL,SLC,10
8,10,18,4,16,1069,DL,FLL,10
10,10,18,4,16,2421,DL,SEA,10
4,10,18,4,18,2475,DL,LAX,10
46,10,18,4,18,760,DL,ATL,10
185,10,18,4,16,944,DL,MCO,10
6,10,18,4,18,2586,DL,SFO,10
8,10,18,4,16,2586,DL,SFO,10
3,10,18,4,16,589,DL,CVG,10
4,10,18,4,16,2446,DL,SAN,10
-3,10,18,4,7,2475,DL,LAX,10
-1,10,18,4,8,2475,DL,LAX,10
-9,10,18,4,14,2475,DL,LAX,10
7,10,18,4,20,2475,DL,LAX,10
-3,10,18,4,8,2586,DL,SFO,10
-2,10,18,4,8,2421,DL,SEA,10
-4,10,18,4,12,2248,DL,LAS,10
0,10,18,4,19,2421,DL,SEA,10
0,10,18,4,8,2248,DL,LAS,10
-1,10,18,4,16,2248,DL,LAS,10
13,10,18,4,19,2248,DL,LAS,10
-2,10,18,4,8,2153,DL,PHX,10
9,10,18,4,18,2153,DL,PHX,10
-9,10,18,4,8,1626,DL,DEN,10
18,10,18,4,16,2454,DL,PDX,10
39,10,18,4,16,187,DL,BOS,10
-6,10,18,4,8,1597,DL,SJU,10
-2,10,18,4,11,1028,DL,PBI,10
-1,10,18,4,7,1989,DL,SLC,10
-1,10,18,4,6,760,DL,ATL,10
16,10,18,4,16,1005,DL,TPA,10
-6,10,18,4,19,1005,DL,TPA,10
-5,10,18,4,11,944,DL,MCO,10
-7,10,18,4,19,1989,DL,SLC,10
6,10,18,4,15,1989,DL,SLC,10
6,10,18,4,20,944,DL,MCO,10
-1,10,18,4,8,1069,DL,FLL,10
-5,10,18,4,11,1069,DL,FLL,10
12,10,18,4,8,944,DL,MCO,10
-4,10,18,4,8,1005,DL,TPA,10
69,10,19,5,18,1069,DL,FLL,11
-2,10,19,5,8,760,DL,ATL,11
28,10,19,5,16,2475,DL,LAX,11
127,10,19,5,16,760,DL,ATL,11
14,10,19,5,16,1989,DL,SLC,11
253,10,19,5,16,1069,DL,FLL,11
5,10,19,5,16,2421,DL,SEA,11
31,10,19,5,18,2475,DL,LAX,11
33,10,19,5,18,760,DL,ATL,11
7,10,19,5,16,944,DL,MCO,11
54,10,19,5,18,2586,DL,SFO,11
114,10,19,5,16,2586,DL,SFO,11
133,10,19,5,16,589,DL,CVG,11
10,10,19,5,16,2446,DL,SAN,11
-7,10,19,5,7,2475,DL,LAX,11
-4,10,19,5,8,2475,DL,LAX,11
16,10,19,5,14,2475,DL,LAX,11
1,10,19,5,20,2475,DL,LAX,11
-4,10,19,5,8,2586,DL,SFO,11
-3,10,19,5,8,2421,DL,SEA,11
-2,10,19,5,12,2248,DL,LAS,11
24,10,19,5,19,2421,DL,SEA,11
-6,10,19,5,8,2248,DL,LAS,11
77,10,19,5,16,2248,DL,LAS,11
26,10,19,5,19,2248,DL,LAS,11
-3,10,19,5,8,2153,DL,PHX,11
32,10,19,5,18,2153,DL,PHX,11
-1,10,19,5,8,1626,DL,DEN,11
22,10,19,5,16,2454,DL,PDX,11
-4,10,19,5,8,1597,DL,SJU,11
0,10,19,5,11,1028,DL,PBI,11
-3,10,19,5,7,1989,DL,SLC,11
-8,10,19,5,6,760,DL,ATL,11
160,10,19,5,16,1005,DL,TPA,11
100,10,19,5,19,1005,DL,TPA,11
0,10,19,5,11,944,DL,MCO,11
3,10,19,5,19,1989,DL,SLC,11
279,10,19,5,15,1989,DL,SLC,11
27,10,19,5,20,944,DL,MCO,11
0,10,19,5,8,1069,DL,FLL,11
14,10,19,5,11,1069,DL,FLL,11
-3,10,19,5,8,944,DL,MCO,11
5,10,19,5,8,1005,DL,TPA,11
-1,10,20,6,18,1069,DL,FLL,12
18,10,20,6,8,760,DL,ATL,12
-8,10,20,6,16,2475,DL,LAX,12
2,10,20,6,16,760,DL,ATL,12
63,10,20,6,18,1090,DL,MIA,12
-2,10,20,6,16,1989,DL,SLC,12
20,10,20,6,16,1069,DL,FLL,12
0,10,20,6,16,2421,DL,SEA,12
-1,10,20,6,18,2475,DL,LAX,12
1,10,20,6,18,760,DL,ATL,12
-4,10,20,6,16,944,DL,MCO,12
-1,10,20,6,18,2586,DL,SFO,12
-9,10,20,6,16,2586,DL,SFO,12
23,10,20,6,16,589,DL,CVG,12
3,10,20,6,16,2446,DL,SAN,12
-5,10,20,6,8,2475,DL,LAX,12
-1,10,20,6,14,2475,DL,LAX,12
6,10,20,6,8,2586,DL,SFO,12
-6,10,20,6,8,2421,DL,SEA,12
-1,10,20,6,12,2248,DL,LAS,12
-5,10,20,6,8,2248,DL,LAS,12
19,10,20,6,16,2248,DL,LAS,12
-5,10,20,6,19,2248,DL,LAS,12
0,10,20,6,8,2153,DL,PHX,12
3,10,20,6,18,2153,DL,PHX,12
21,10,20,6,8,1626,DL,DEN,12
9,10,20,6,19,2454,DL,PDX,12
13,10,20,6,16,187,DL,BOS,12
-2,10,20,6,8,1597,DL,SJU,12
-7,10,20,6,11,1028,DL,PBI,12
-5,10,20,6,7,1989,DL,SLC,12
23,10,20,6,20,187,DL,BOS,12
-1,10,20,6,6,760,DL,ATL,12
-2,10,20,6,16,1005,DL,TPA,12
2,10,20,6,19,1005,DL,TPA,12
-3,10,20,6,11,944,DL,MCO,12
-6,10,20,6,19,1989,DL,SLC,12
0,10,20,6,20,944,DL,MCO,12
0,10,20,6,8,1069,DL,FLL,12
-7,10,20,6,11,1069,DL,FLL,12
-2,10,20,6,8,944,DL,MCO,12
-5,10,20,6,8,1005,DL,TPA,12
-3,10,21,7,18,1069,DL,FLL,13
86,10,21,7,8,760,DL,ATL,13
3,10,21,7,16,2475,DL,LAX,13
1,10,21,7,16,760,DL,ATL,13
2,10,21,7,18,1090,DL,MIA,13
10,10,21,7,16,1989,DL,SLC,13
-1,10,21,7,16,1069,DL,FLL,13
15,10,21,7,16,2421,DL,SEA,13
27,10,21,7,18,2475,DL,LAX,13
7,10,21,7,18,760,DL,ATL,13
42,10,21,7,16,944,DL,MCO,13
56,10,21,7,18,2586,DL,SFO,13
11,10,21,7,16,2586,DL,SFO,13
36,10,21,7,16,589,DL,CVG,13
10,10,21,7,16,2446,DL,SAN,13
2,10,21,7,8,2475,DL,LAX,13
-6,10,21,7,14,2475,DL,LAX,13
107,10,21,7,20,2475,DL,LAX,13
-6,10,21,7,8,2586,DL,SFO,13
1,10,21,7,8,2421,DL,SEA,13
3,10,21,7,12,2248,DL,LAS,13
60,10,21,7,19,2421,DL,SEA,13
3,10,21,7,8,2248,DL,LAS,13
168,10,21,7,16,2248,DL,LAS,13
2,10,21,7,19,2248,DL,LAS,13
16,10,21,7,8,2153,DL,PHX,13
31,10,21,7,18,2153,DL,PHX,13
-5,10,21,7,8,1626,DL,DEN,13
47,10,21,7,18,2454,DL,PDX,13
8,10,21,7,16,187,DL,BOS,13
-7,10,21,7,8,1597,DL,SJU,13
-12,10,21,7,11,1028,DL,PBI,13
27,10,21,7,7,1989,DL,SLC,13
0,10,21,7,6,760,DL,ATL,13
0,10,21,7,16,1005,DL,TPA,13
234,10,21,7,19,1005,DL,TPA,13
0,10,21,7,17,760,DL,ATL,13
-7,10,21,7,11,944,DL,MCO,13
8,10,21,7,19,1989,DL,SLC,13
4,10,21,7,15,1989,DL,SLC,13
153,10,21,7,20,944,DL,MCO,13
0,10,21,7,8,1069,DL,FLL,13
-1,10,21,7,11,1069,DL,FLL,13
-2,10,21,7,8,944,DL,MCO,13
-4,10,21,7,8,1005,DL,TPA,13
6,10,22,1,18,1069,DL,FLL,14
34,10,22,1,8,760,DL,ATL,14
24,10,22,1,16,2475,DL,LAX,14
28,10,22,1,16,760,DL,ATL,14
-3,10,22,1,18,1090,DL,MIA,14
-6,10,22,1,16,1989,DL,SLC,14
22,10,22,1,16,1069,DL,FLL,14
14,10,22,1,16,2421,DL,SEA,14
31,10,22,1,18,2475,DL,LAX,14
70,10,22,1,18,760,DL,ATL,14
19,10,22,1,16,944,DL,MCO,14
15,10,22,1,18,2586,DL,SFO,14
11,10,22,1,16,2586,DL,SFO,14
23,10,22,1,16,589,DL,CVG,14
4,10,22,1,16,2446,DL,SAN,14
-3,10,22,1,7,2475,DL,LAX,14
3,10,22,1,14,2475,DL,LAX,14
6,10,22,1,20,2475,DL,LAX,14
-3,10,22,1,8,2586,DL,SFO,14
18,10,22,1,8,2421,DL,SEA,14
-1,10,22,1,12,2248,DL,LAS,14
11,10,22,1,19,2421,DL,SEA,14
-3,10,22,1,8,2248,DL,LAS,14
7,10,22,1,16,2248,DL,LAS,14
-6,10,22,1,19,2248,DL,LAS,14
-6,10,22,1,8,2153,DL,PHX,14
33,10,22,1,18,2153,DL,PHX,14
-5,10,22,1,8,1626,DL,DEN,14
0,10,22,1,16,2454,DL,PDX,14
36,10,22,1,16,187,DL,BOS,14
-2,10,22,1,8,1597,DL,SJU,14
6,10,22,1,11,1028,DL,PBI,14
15,10,22,1,7,1989,DL,SLC,14
-5,10,22,1,6,760,DL,ATL,14
2,10,22,1,16,1005,DL,TPA,14
232,10,22,1,19,1005,DL,TPA,14
-7,10,22,1,11,944,DL,MCO,14
0,10,22,1,19,1989,DL,SLC,14
10,10,22,1,15,1989,DL,SLC,14
1,10,22,1,20,944,DL,MCO,14
-2,10,22,1,8,1069,DL,FLL,14
6,10,22,1,8,944,DL,MCO,14
-2,10,22,1,8,1005,DL,TPA,14
-4,10,23,2,18,1069,DL,FLL,15
0,10,23,2,8,760,DL,ATL,15
-1,10,23,2,16,2475,DL,LAX,15
-1,10,23,2,16,760,DL,ATL,15
6,10,23,2,16,1989,DL,SLC,15
139,10,23,2,16,1069,DL,FLL,15
47,10,23,2,16,2421,DL,SEA,15
6,10,23,2,18,2475,DL,LAX,15
0,10,23,2,18,760,DL,ATL,15
4,10,23,2,16,944,DL,MCO,15
49,10,23,2,18,2586,DL,SFO,15
-8,10,23,2,16,2586,DL,SFO,15
0,10,23,2,16,589,DL,CVG,15
7,10,23,2,16,2446,DL,SAN,15
9,10,23,2,7,2475,DL,LAX,15
-4,10,23,2,8,2475,DL,LAX,15
-1,10,23,2,14,2475,DL,LAX,15
41,10,23,2,20,2475,DL,LAX,15
0,10,23,2,8,2586,DL,SFO,15
-4,10,23,2,8,2421,DL,SEA,15
-4,10,23,2,12,2248,DL,LAS,15
-4,10,23,2,8,2248,DL,LAS,15
213,10,23,2,16,2248,DL,LAS,15
-6,10,23,2,19,2248,DL,LAS,15
-1,10,23,2,8,2153,DL,PHX,15
13,10,23,2,18,2153,DL,PHX,15
-10,10,23,2,8,1626,DL,DEN,15
-5,10,23,2,16,2454,DL,PDX,15
0,10,23,2,16,187,DL,BOS,15
-1,10,23,2,8,1597,DL,SJU,15
-6,10,23,2,11,1028,DL,PBI,15
-3,10,23,2,7,1989,DL,SLC,15
7,10,23,2,6,760,DL,ATL,15
-8,10,23,2,16,1005,DL,TPA,15
-10,10,23,2,19,1005,DL,TPA,15
-3,10,23,2,11,944,DL,MCO,15
0,10,23,2,19,1989,DL,SLC,15
4,10,23,2,15,1989,DL,SLC,15
-4,10,23,2,20,944,DL,MCO,15
2,10,23,2,8,1069,DL,FLL,15
-5,10,23,2,8,1005,DL,TPA,15
61,10,24,3,18,1069,DL,FLL,16
37,10,24,3,8,760,DL,ATL,16
-6,10,24,3,16,2475,DL,LAX,16
-9,10,24,3,16,760,DL,ATL,16
149,10,24,3,18,1090,DL,MIA,16
-1,10,24,3,16,1989,DL,SLC,16
58,10,24,3,16,1069,DL,FLL,16
127,10,24,3,16,2421,DL,SEA,16
-3,10,24,3,18,2475,DL,LAX,16
22,10,24,3,18,760,DL,ATL,16
-12,10,24,3,16,944,DL,MCO,16
23,10,24,3,18,2586,DL,SFO,16
2,10,24,3,16,2586,DL,SFO,16
0,10,24,3,16,589,DL,CVG,16
30,10,24,3,16,2446,DL,SAN,16
18,10,24,3,7,2475,DL,LAX,16
0,10,24,3,8,2475,DL,LAX,16
2,10,24,3,14,2475,DL,LAX,16
12,10,24,3,20,2475,DL,LAX,16
-4,10,24,3,8,2586,DL,SFO,16
-2,10,24,3,8,2421,DL,SEA,16
-2,10,24,3,12,2248,DL,LAS,16
-11,10,24,3,19,2421,DL,SEA,16
22,10,24,3,8,2248,DL,LAS,16
-4,10,24,3,16,2248,DL,LAS,16
5,10,24,3,19,2248,DL,LAS,16
0,10,24,3,8,2153,DL,PHX,16
-3,10,24,3,18,2153,DL,PHX,16
-8,10,24,3,8,1626,DL,DEN,16
80,10,24,3,16,2454,DL,PDX,16
65,10,24,3,16,187,DL,BOS,16
0,10,24,3,8,1597,DL,SJU,16
-9,10,24,3,11,1028,DL,PBI,16
0,10,24,3,7,1989,DL,SLC,16
-7,10,24,3,6,760,DL,ATL,16
11,10,24,3,16,1005,DL,TPA,16
50,10,24,3,19,1005,DL,TPA,16
-2,10,24,3,11,944,DL,MCO,16
-1,10,24,3,19,1989,DL,SLC,16
13,10,24,3,15,1989,DL,SLC,16
2,10,24,3,20,944,DL,MCO,16
-6,10,24,3,8,1069,DL,FLL,16
-6,10,24,3,8,1005,DL,TPA,16
15,10,25,4,18,1069,DL,FLL,17
15,10,25,4,8,760,DL,ATL,17
47,10,25,4,16,2475,DL,LAX,17
0,10,25,4,16,760,DL,ATL,17
15,10,25,4,18,1090,DL,MIA,17
6,10,25,4,16,1989,DL,SLC,17
-3,10,25,4,16,1069,DL,FLL,17
24,10,25,4,16,2421,DL,SEA,17
8,10,25,4,18,2475,DL,LAX,17
25,10,25,4,18,760,DL,ATL,17
-7,10,25,4,16,944,DL,MCO,17
-2,10,25,4,18,2586,DL,SFO,17
-2,10,25,4,16,2586,DL,SFO,17
-2,10,25,4,16,589,DL,CVG,17
-5,10,25,4,16,2446,DL,SAN,17
-4,10,25,4,7,2475,DL,LAX,17
-1,10,25,4,8,2475,DL,LAX,17
-1,10,25,4,14,2475,DL,LAX,17
36,10,25,4,20,2475,DL,LAX,17
2,10,25,4,8,2586,DL,SFO,17
-2,10,25,4,8,2421,DL,SEA,17
40,10,25,4,12,2248,DL,LAS,17
7,10,25,4,19,2421,DL,SEA,17
-1,10,25,4,8,2248,DL,LAS,17
86,10,25,4,16,2248,DL,LAS,17
-6,10,25,4,19,2248,DL,LAS,17
0,10,25,4,8,2153,DL,PHX,17
14,10,25,4,18,2153,DL,PHX,17
0,10,25,4,8,1626,DL,DEN,17
43,10,25,4,16,2454,DL,PDX,17
-2,10,25,4,16,187,DL,BOS,17
0,10,25,4,8,1597,DL,SJU,17
-8,10,25,4,11,1028,DL,PBI,17
2,10,25,4,7,1989,DL,SLC,17
3,10,25,4,6,760,DL,ATL,17
0,10,25,4,16,1005,DL,TPA,17
12,10,25,4,19,1005,DL,TPA,17
-7,10,25,4,11,944,DL,MCO,17
25,10,25,4,19,1989,DL,SLC,17
-3,10,25,4,15,1989,DL,SLC,17
25,10,25,4,20,944,DL,MCO,17
-3,10,25,4,8,1069,DL,FLL,17
-1,10,25,4,11,1069,DL,FLL,17
39,10,25,4,8,944,DL,MCO,17
-7,10,25,4,8,1005,DL,TPA,17
5,10,26,5,18,1069,DL,FLL,16
0,10,26,5,8,760,DL,ATL,16
16,10,26,5,16,2475,DL,LAX,16
18,10,26,5,16,760,DL,ATL,16
30,10,26,5,18,1090,DL,MIA,16
55,10,26,5,16,1989,DL,SLC,16
14,10,26,5,16,1069,DL,FLL,16
11,10,26,5,16,2421,DL,SEA,16
28,10,26,5,18,2475,DL,LAX,16
71,10,26,5,18,760,DL,ATL,16
2,10,26,5,16,944,DL,MCO,16
27,10,26,5,18,2586,DL,SFO,16
18,10,26,5,16,2586,DL,SFO,16
8,10,26,5,16,589,DL,CVG,16
4,10,26,5,16,2446,DL,SAN,16
-12,10,26,5,7,2475,DL,LAX,16
9,10,26,5,8,2475,DL,LAX,16
22,10,26,5,14,2475,DL,LAX,16
66,10,26,5,20,2475,DL,LAX,16
34,10,26,5,8,2586,DL,SFO,16
-3,10,26,5,8,2421,DL,SEA,16
2,10,26,5,19,2421,DL,SEA,16
-3,10,26,5,8,2248,DL,LAS,16
16,10,26,5,16,2248,DL,LAS,16
4,10,26,5,19,2248,DL,LAS,16
-7,10,26,5,8,2153,DL,PHX,16
7,10,26,5,18,2153,DL,PHX,16
-1,10,26,5,8,1626,DL,DEN,16
3,10,26,5,16,2454,DL,PDX,16
42,10,26,5,16,187,DL,BOS,16
-4,10,26,5,8,1597,DL,SJU,16
-4,10,26,5,11,1028,DL,PBI,16
10,10,26,5,7,1989,DL,SLC,16
13,10,26,5,6,760,DL,ATL,16
8,10,26,5,16,1005,DL,TPA,16
5,10,26,5,19,1005,DL,TPA,16
-6,10,26,5,11,944,DL,MCO,16
23,10,26,5,19,1989,DL,SLC,16
9,10,26,5,15,1989,DL,SLC,16
40,10,26,5,20,944,DL,MCO,16
4,10,26,5,8,1069,DL,FLL,16
-1,10,26,5,11,1069,DL,FLL,16
10,10,26,5,8,944,DL,MCO,16
1,10,26,5,8,1005,DL,TPA,16
-14,10,27,6,18,1069,DL,FLL,15
145,10,27,6,8,760,DL,ATL,15
-3,10,27,6,16,2475,DL,LAX,15
22,10,27,6,16,760,DL,ATL,15
197,10,27,6,18,1090,DL,MIA,15
13,10,27,6,16,1989,DL,SLC,15
94,10,27,6,16,1069,DL,FLL,15
3,10,27,6,16,2421,DL,SEA,15
0,10,27,6,18,2475,DL,LAX,15
54,10,27,6,18,760,DL,ATL,15
-2,10,27,6,16,944,DL,MCO,15
0,10,27,6,18,2586,DL,SFO,15
29,10,27,6,16,2586,DL,SFO,15
19,10,27,6,16,589,DL,CVG,15
-1,10,27,6,16,2446,DL,SAN,15
3,10,27,6,8,2475,DL,LAX,15
-5,10,27,6,14,2475,DL,LAX,15
-7,10,27,6,8,2586,DL,SFO,15
2,10,27,6,8,2421,DL,SEA,15
2,10,27,6,8,2248,DL,LAS,15
0,10,27,6,16,2248,DL,LAS,15
39,10,27,6,19,2248,DL,LAS,15
20,10,27,6,8,2153,DL,PHX,15
-3,10,27,6,18,2153,DL,PHX,15
-3,10,27,6,8,1626,DL,DEN,15
31,10,27,6,19,2454,DL,PDX,15
60,10,27,6,16,187,DL,BOS,15
9,10,27,6,8,1597,DL,SJU,15
25,10,27,6,11,1028,DL,PBI,15
0,10,27,6,7,1989,DL,SLC,15
-1,10,27,6,20,187,DL,BOS,15
-2,10,27,6,6,760,DL,ATL,15
0,10,27,6,16,1005,DL,TPA,15
-5,10,27,6,19,1005,DL,TPA,15
11,10,27,6,12,944,DL,MCO,15
-11,10,27,6,19,1989,DL,SLC,15
-5,10,27,6,20,944,DL,MCO,15
-1,10,27,6,8,1069,DL,FLL,15
-3,10,27,6,11,1069,DL,FLL,15
1,10,27,6,8,944,DL,MCO,15
-4,10,27,6,8,1005,DL,TPA,15
0,10,28,7,9,760,DL,ATL,14
7,10,28,7,16,760,DL,ATL,14
-4,10,28,7,18,1090,DL,MIA,14
-3,10,28,7,16,1989,DL,SLC,14
0,10,28,7,16,2421,DL,SEA,14
8,10,28,7,18,2475,DL,LAX,14
5,10,28,7,18,760,DL,ATL,14
-8,10,28,7,16,944,DL,MCO,14
0,10,28,7,18,2586,DL,SFO,14
33,10,28,7,16,2586,DL,SFO,14
-3,10,28,7,16,589,DL,CVG,14
0,10,28,7,8,2475,DL,LAX,14
15,10,28,7,14,2475,DL,LAX,14
25,10,28,7,20,2475,DL,LAX,14
-1,10,28,7,8,2586,DL,SFO,14
0,10,28,7,8,2421,DL,SEA,14
-7,10,28,7,12,2248,DL,LAS,14
11,10,28,7,19,2421,DL,SEA,14
-4,10,28,7,8,2248,DL,LAS,14
0,10,28,7,16,2248,DL,LAS,14
29,10,28,7,19,2248,DL,LAS,14
1,10,28,7,8,2153,DL,PHX,14
-1,10,28,7,18,2153,DL,PHX,14
-9,10,28,7,8,1626,DL,DEN,14
-2,10,28,7,16,2446,DL,SAN,14
312,10,28,7,18,2454,DL,PDX,14
4,10,28,7,16,2475,DL,LAX,14
-1,10,28,7,16,187,DL,BOS,14
-5,10,28,7,8,1597,DL,SJU,14
-15,10,28,7,11,1028,DL,PBI,14
-1,10,28,7,18,1069,DL,FLL,14
-3,10,28,7,7,1989,DL,SLC,14
-3,10,28,7,6,760,DL,ATL,14
12,10,28,7,16,1005,DL,TPA,14
4,10,28,7,19,1005,DL,TPA,14
3,10,28,7,17,760,DL,ATL,14
0,10,28,7,11,944,DL,MCO,14
26,10,28,7,19,1989,DL,SLC,14
-1,10,28,7,15,1989,DL,SLC,14
18,10,28,7,20,944,DL,MCO,14
-3,10,28,7,8,1069,DL,FLL,14
-7,10,28,7,11,1069,DL,FLL,14
-2,10,28,7,8,944,DL,MCO,14
-4,10,28,7,8,1005,DL,TPA,14
0,10,29,1,9,760,DL,ATL,13
7,10,29,1,16,760,DL,ATL,13
-7,10,29,1,18,1090,DL,MIA,13
31,10,29,1,16,1989,DL,SLC,13
0,10,29,1,16,1069,DL,FLL,13
4,10,29,1,16,2421,DL,SEA,13
7,10,29,1,18,2475,DL,LAX,13
2,10,29,1,18,760,DL,ATL,13
-2,10,29,1,16,944,DL,MCO,13
-3,10,29,1,18,2586,DL,SFO,13
7,10,29,1,16,2586,DL,SFO,13
-3,10,29,1,16,589,DL,CVG,13
-1,10,29,1,7,2475,DL,LAX,13
-2,10,29,1,8,2475,DL,LAX,13
7,10,29,1,14,2475,DL,LAX,13
-1,10,29,1,20,2475,DL,LAX,13
0,10,29,1,8,2586,DL,SFO,13
0,10,29,1,8,2421,DL,SEA,13
19,10,29,1,12,2248,DL,LAS,13
13,10,29,1,19,2421,DL,SEA,13
-3,10,29,1,8,2248,DL,LAS,13
-4,10,29,1,16,2248,DL,LAS,13
-4,10,29,1,19,2248,DL,LAS,13
-9,10,29,1,8,2153,DL,PHX,13
-3,10,29,1,18,2153,DL,PHX,13
-10,10,29,1,8,1626,DL,DEN,13
-5,10,29,1,16,2446,DL,SAN,13
-2,10,29,1,16,2454,DL,PDX,13
-2,10,29,1,16,2475,DL,LAX,13
0,10,29,1,16,187,DL,BOS,13
2,10,29,1,8,1597,DL,SJU,13
-6,10,29,1,11,1028,DL,PBI,13
-1,10,29,1,18,1069,DL,FLL,13
13,10,29,1,7,1989,DL,SLC,13
18,10,29,1,6,760,DL,ATL,13
2,10,29,1,16,1005,DL,TPA,13
12,10,29,1,19,1005,DL,TPA,13
-3,10,29,1,11,944,DL,MCO,13
-1,10,29,1,19,1989,DL,SLC,13
-1,10,29,1,15,1989,DL,SLC,13
15,10,29,1,20,944,DL,MCO,13
1,10,29,1,8,1069,DL,FLL,13
-5,10,29,1,11,1069,DL,FLL,13
-2,10,29,1,8,944,DL,MCO,13
-10,10,29,1,8,1005,DL,TPA,13
0,10,30,2,9,760,DL,ATL,12
9,10,30,2,16,2475,DL,LAX,12
1,10,30,2,16,760,DL,ATL,12
275,10,30,2,18,1090,DL,MIA,12
-2,10,30,2,16,1989,DL,SLC,12
-4,10,30,2,16,2421,DL,SEA,12
-6,10,30,2,18,2475,DL,LAX,12
0,10,30,2,18,760,DL,ATL,12
-3,10,30,2,16,944,DL,MCO,12
218,10,30,2,18,2586,DL,SFO,12
-1,10,30,2,16,2586,DL,SFO,12
-3,10,30,2,16,589,DL,CVG,12
-5,10,30,2,7,2475,DL,LAX,12
-5,10,30,2,8,2475,DL,LAX,12
-3,10,30,2,14,2475,DL,LAX,12
196,10,30,2,20,2475,DL,LAX,12
-10,10,30,2,8,2586,DL,SFO,12
-6,10,30,2,8,2421,DL,SEA,12
-4,10,30,2,12,2248,DL,LAS,12
-12,10,30,2,8,2248,DL,LAS,12
-8,10,30,2,16,2248,DL,LAS,12
190,10,30,2,19,2248,DL,LAS,12
-12,10,30,2,8,2153,DL,PHX,12
-6,10,30,2,18,2153,DL,PHX,12
-11,10,30,2,8,1626,DL,DEN,12
-5,10,30,2,16,2446,DL,SAN,12
2,10,30,2,16,2454,DL,PDX,12
-2,10,30,2,16,187,DL,BOS,12
-8,10,30,2,8,1597,DL,SJU,12
0,10,30,2,11,1028,DL,PBI,12
199,10,30,2,18,1069,DL,FLL,12
-5,10,30,2,7,1989,DL,SLC,12
-6,10,30,2,6,760,DL,ATL,12
9,10,30,2,16,1005,DL,TPA,12
208,10,30,2,19,1005,DL,TPA,12
-1,10,30,2,11,944,DL,MCO,12
238,10,30,2,19,1989,DL,SLC,12
3,10,30,2,15,1989,DL,SLC,12
168,10,30,2,20,944,DL,MCO,12
-7,10,30,2,8,1069,DL,FLL,12
3,10,31,3,9,760,DL,ATL,11
-6,10,31,3,16,760,DL,ATL,11
-3,10,31,3,18,1090,DL,MIA,11
-7,10,31,3,16,1989,DL,SLC,11
-6,10,31,3,16,1069,DL,FLL,11
-12,10,31,3,16,2421,DL,SEA,11
-1,10,31,3,18,2475,DL,LAX,11
0,10,31,3,18,760,DL,ATL,11
-11,10,31,3,16,944,DL,MCO,11
0,10,31,3,18,2586,DL,SFO,11
-8,10,31,3,16,2586,DL,SFO,11
-1,10,31,3,16,589,DL,CVG,11
-6,10,31,3,7,2475,DL,LAX,11
-9,10,31,3,8,2475,DL,LAX,11
-1,10,31,3,14,2475,DL,LAX,11
11,10,31,3,20,2475,DL,LAX,11
-8,10,31,3,8,2586,DL,SFO,11
-2,10,31,3,8,2421,DL,SEA,11
-2,10,31,3,12,2248,DL,LAS,11
14,10,31,3,8,2248,DL,LAS,11
-9,10,31,3,16,2248,DL,LAS,11
45,10,31,3,19,2248,DL,LAS,11
-9,10,31,3,8,2153,DL,PHX,11
-10,10,31,3,18,2153,DL,PHX,11
111,10,31,3,8,1626,DL,DEN,11
3,10,31,3,16,2446,DL,SAN,11
0,10,31,3,16,2454,DL,PDX,11
-16,10,31,3,16,2475,DL,LAX,11
-6,10,31,3,16,187,DL,BOS,11
-3,10,31,3,8,1597,DL,SJU,11
-7,10,31,3,11,1028,DL,PBI,11
-2,10,31,3,18,1069,DL,FLL,11
-5,10,31,3,7,1989,DL,SLC,11
-6,10,31,3,6,760,DL,ATL,11
18,10,31,3,16,1005,DL,TPA,11
0,10,31,3,19,1005,DL,TPA,11
-5,10,31,3,11,944,DL,MCO,11
11,10,31,3,19,1989,DL,SLC,11
0,10,31,3,15,1989,DL,SLC,11
-1,10,31,3,20,944,DL,MCO,11
-2,10,31,3,8,1069,DL,FLL,11
-7,10,31,3,8,1005,DL,TPA,11
-2,10,1,1,15,184,MQ,BWI,7
-4,10,2,2,15,184,MQ,BWI,6
13,10,3,3,15,184,MQ,BWI,5
-7,10,4,4,15,184,MQ,BWI,4
-7,10,5,5,15,184,MQ,BWI,3
-5,10,6,6,15,184,MQ,BWI,2
2,10,7,7,15,184,MQ,BWI,1
5,10,8,1,15,184,MQ,BWI,0
-6,10,10,3,15,184,MQ,BWI,2
-3,10,12,5,15,184,MQ,BWI,4
-3,10,13,6,15,184,MQ,BWI,5
0,10,14,7,15,184,MQ,BWI,6
71,10,15,1,15,184,MQ,BWI,7
-7,10,16,2,15,184,MQ,BWI,8
9,10,17,3,15,184,MQ,BWI,9
-2,10,18,4,15,184,MQ,BWI,10
-4,10,20,6,15,184,MQ,BWI,12
-5,10,21,7,15,184,MQ,BWI,13
-4,10,22,1,15,184,MQ,BWI,14
-2,10,23,2,15,184,MQ,BWI,15
-7,10,24,3,15,184,MQ,BWI,16
6,10,26,5,15,184,MQ,BWI,16
42,10,27,6,15,184,MQ,BWI,15
-3,10,28,7,15,184,MQ,BWI,14
28,10,29,1,15,184,MQ,BWI,13
-6,10,30,2,15,184,MQ,BWI,12
-2,10,31,3,15,184,MQ,BWI,11
-8,10,1,1,18,740,MQ,ORD,7
-5,10,2,2,18,740,MQ,ORD,6
-4,10,3,3,18,740,MQ,ORD,5
-7,10,4,4,18,740,MQ,ORD,4
176,10,5,5,18,740,MQ,ORD,3
3,10,6,6,18,740,MQ,ORD,2
-5,10,7,7,18,740,MQ,ORD,1
21,10,8,1,18,740,MQ,ORD,0
133,10,9,2,18,740,MQ,ORD,1
6,10,10,3,18,740,MQ,ORD,2
-3,10,12,5,18,740,MQ,ORD,4
184,10,13,6,18,740,MQ,ORD,5
-6,10,14,7,18,740,MQ,ORD,6
-8,10,15,1,18,740,MQ,ORD,7
-6,10,16,2,18,740,MQ,ORD,8
26,10,17,3,18,740,MQ,ORD,9
120,10,18,4,18,740,MQ,ORD,10
-5,10,20,6,18,740,MQ,ORD,12
0,10,21,7,18,740,MQ,ORD,13
-3,10,22,1,18,740,MQ,ORD,14
2,10,23,2,18,740,MQ,ORD,15
15,10,24,3,18,740,MQ,ORD,16
31,10,25,4,18,740,MQ,ORD,17
85,10,26,5,18,740,MQ,ORD,16
-5,10,27,6,18,740,MQ,ORD,15
-6,10,29,1,18,740,MQ,ORD,13
-3,10,30,2,18,740,MQ,ORD,12
-8,10,31,3,18,740,MQ,ORD,11
-3,10,1,1,16,425,MQ,CLE,7
22,10,2,2,16,425,MQ,CLE,6
3,10,3,3,16,425,MQ,CLE,5
-7,10,4,4,16,425,MQ,CLE,4
0,10,5,5,16,425,MQ,CLE,3
-6,10,6,6,16,425,MQ,CLE,2
37,10,7,7,16,425,MQ,CLE,1
-5,10,8,1,16,425,MQ,CLE,0
-5,10,10,3,16,425,MQ,CLE,2
-2,10,12,5,16,425,MQ,CLE,4
-2,10,13,6,16,425,MQ,CLE,5
0,10,14,7,16,425,MQ,CLE,6
35,10,15,1,16,425,MQ,CLE,7
-4,10,16,2,16,425,MQ,CLE,8
26,10,17,3,16,425,MQ,CLE,9
-6,10,18,4,16,425,MQ,CLE,10
-6,10,20,6,16,425,MQ,CLE,12
-4,10,21,7,16,425,MQ,CLE,13
-18,10,22,1,16,425,MQ,CLE,14
64,10,23,2,16,425,MQ,CLE,15
33,10,24,3,16,425,MQ,CLE,16
-1,10,25,4,16,425,MQ,CLE,17
10,10,26,5,16,425,MQ,CLE,16
38,10,27,6,16,425,MQ,CLE,15
-5,10,28,7,16,425,MQ,CLE,14
-7,10,29,1,16,425,MQ,CLE,13
-6,10,30,2,16,425,MQ,CLE,12
-5,10,31,3,16,425,MQ,CLE,11
-5,10,1,1,22,187,MQ,BOS,7
-12,10,2,2,22,187,MQ,BOS,6
86,10,5,5,22,187,MQ,BOS,3
2,10,6,6,22,187,MQ,BOS,2
18,10,7,7,22,187,MQ,BOS,1
52,10,8,1,22,187,MQ,BOS,0
-6,10,10,3,22,187,MQ,BOS,2
-15,10,12,5,22,187,MQ,BOS,4
-6,10,13,6,22,187,MQ,BOS,5
8,10,14,7,22,187,MQ,BOS,6
-7,10,15,1,22,187,MQ,BOS,7
-8,10,16,2,22,187,MQ,BOS,8
-5,10,17,3,22,187,MQ,BOS,9
-5,10,18,4,22,187,MQ,BOS,10
-3,10,19,5,22,187,MQ,BOS,11
-4,10,20,6,22,187,MQ,BOS,12
-10,10,21,7,22,187,MQ,BOS,13
-7,10,22,1,22,187,MQ,BOS,14
-10,10,23,2,22,187,MQ,BOS,15
0,10,25,4,22,187,MQ,BOS,17
153,10,26,5,22,187,MQ,BOS,16
13,10,27,6,22,187,MQ,BOS,15
-7,10,28,7,22,187,MQ,BOS,14
-9,10,29,1,22,187,MQ,BOS,13
-4,10,30,2,22,187,MQ,BOS,12
0,10,31,3,22,187,MQ,BOS,11
-5,10,1,1,8,187,MQ,BOS,7
-6,10,2,2,8,187,MQ,BOS,6
-6,10,3,3,8,187,MQ,BOS,5
-6,10,4,4,8,187,MQ,BOS,4
-1,10,5,5,8,187,MQ,BOS,3
17,10,6,6,8,187,MQ,BOS,2
-9,10,7,7,8,187,MQ,BOS,1
-6,10,8,1,8,187,MQ,BOS,0
-5,10,9,2,8,187,MQ,BOS,1
24,10,10,3,8,187,MQ,BOS,2
-6,10,11,4,8,187,MQ,BOS,3
-2,10,12,5,8,187,MQ,BOS,4
-6,10,13,6,8,187,MQ,BOS,5
-6,10,14,7,8,187,MQ,BOS,6
-5,10,15,1,8,187,MQ,BOS,7
4,10,16,2,8,187,MQ,BOS,8
-4,10,17,3,8,187,MQ,BOS,9
-11,10,18,4,8,187,MQ,BOS,10
-7,10,19,5,8,187,MQ,BOS,11
-3,10,21,7,8,187,MQ,BOS,13
0,10,22,1,8,187,MQ,BOS,14
0,10,23,2,8,187,MQ,BOS,15
-4,10,24,3,8,187,MQ,BOS,16
-9,10,25,4,8,187,MQ,BOS,17
23,10,26,5,8,187,MQ,BOS,16
40,10,27,6,8,187,MQ,BOS,15
-3,10,28,7,8,187,MQ,BOS,14
-3,10,29,1,8,187,MQ,BOS,13
-10,10,30,2,8,187,MQ,BOS,12
-5,10,31,3,8,187,MQ,BOS,11
-5,10,1,1,18,187,MQ,BOS,7
-8,10,2,2,18,187,MQ,BOS,6
-3,10,3,3,18,187,MQ,BOS,5
-10,10,4,4,18,187,MQ,BOS,4
155,10,5,5,18,187,MQ,BOS,3
2,10,6,6,18,187,MQ,BOS,2
-5,10,7,7,18,187,MQ,BOS,1
130,10,8,1,18,187,MQ,BOS,0
24,10,10,3,18,187,MQ,BOS,2
-7,10,12,5,18,187,MQ,BOS,4
-8,10,13,6,18,187,MQ,BOS,5
-10,10,14,7,18,187,MQ,BOS,6
9,10,15,1,18,187,MQ,BOS,7
-5,10,16,2,18,187,MQ,BOS,8
0,10,17,3,18,187,MQ,BOS,9
33,10,18,4,18,187,MQ,BOS,10
106,10,19,5,18,187,MQ,BOS,11
0,10,20,6,18,187,MQ,BOS,12
2,10,21,7,18,187,MQ,BOS,13
-3,10,22,1,18,187,MQ,BOS,14
-5,10,23,2,18,187,MQ,BOS,15
23,10,24,3,18,187,MQ,BOS,16
-7,10,25,4,18,187,MQ,BOS,17
48,10,26,5,18,187,MQ,BOS,16
21,10,27,6,18,187,MQ,BOS,15
-9,10,28,7,18,187,MQ,BOS,14
-8,10,29,1,18,187,MQ,BOS,13
-7,10,30,2,18,187,MQ,BOS,12
-5,10,31,3,18,187,MQ,BOS,11
-5,10,1,1,14,187,MQ,BOS,7
-8,10,2,2,14,187,MQ,BOS,6
53,10,3,3,14,187,MQ,BOS,5
-5,10,4,4,14,187,MQ,BOS,4
-6,10,5,5,14,187,MQ,BOS,3
-1,10,6,6,14,187,MQ,BOS,2
-7,10,7,7,14,187,MQ,BOS,1
-3,10,8,1,14,187,MQ,BOS,0
-6,10,9,2,14,187,MQ,BOS,1
-2,10,10,3,14,187,MQ,BOS,2
-1,10,11,4,14,187,MQ,BOS,3
-4,10,12,5,14,187,MQ,BOS,4
-8,10,13,6,14,187,MQ,BOS,5
-4,10,14,7,14,187,MQ,BOS,6
-1,10,15,1,14,187,MQ,BOS,7
-6,10,16,2,14,187,MQ,BOS,8
-4,10,17,3,14,187,MQ,BOS,9
6,10,18,4,14,187,MQ,BOS,10
-2,10,19,5,14,187,MQ,BOS,11
15,10,20,6,14,187,MQ,BOS,12
-8,10,21,7,14,187,MQ,BOS,13
-2,10,22,1,14,187,MQ,BOS,14
-3,10,23,2,14,187,MQ,BOS,15
0,10,24,3,14,187,MQ,BOS,16
-10,10,25,4,14,187,MQ,BOS,17
-3,10,26,5,14,187,MQ,BOS,16
-7,10,27,6,14,187,MQ,BOS,15
-5,10,28,7,14,187,MQ,BOS,14
-3,10,29,1,14,187,MQ,BOS,13
-4,10,30,2,14,187,MQ,BOS,12
-7,10,31,3,14,187,MQ,BOS,11
-7,10,1,1,10,187,MQ,BOS,7
-3,10,2,2,10,187,MQ,BOS,6
-6,10,3,3,10,187,MQ,BOS,5
-5,10,4,4,10,187,MQ,BOS,4
-5,10,5,5,10,187,MQ,BOS,3
76,10,6,6,10,187,MQ,BOS,2
10,10,7,7,10,187,MQ,BOS,1
-5,10,8,1,10,187,MQ,BOS,0
-5,10,9,2,10,187,MQ,BOS,1
0,10,10,3,10,187,MQ,BOS,2
-4,10,11,4,10,187,MQ,BOS,3
-3,10,12,5,10,187,MQ,BOS,4
-1,10,13,6,10,187,MQ,BOS,5
-10,10,14,7,10,187,MQ,BOS,6
0,10,15,1,10,187,MQ,BOS,7
0,10,16,2,10,187,MQ,BOS,8
-5,10,17,3,10,187,MQ,BOS,9
22,10,18,4,10,187,MQ,BOS,10
22,10,19,5,10,187,MQ,BOS,11
0,10,20,6,10,187,MQ,BOS,12
-8,10,21,7,10,187,MQ,BOS,13
-3,10,22,1,10,187,MQ,BOS,14
-3,10,23,2,10,187,MQ,BOS,15
-5,10,24,3,10,187,MQ,BOS,16
-2,10,25,4,10,187,MQ,BOS,17
-4,10,26,5,10,187,MQ,BOS,16
-4,10,27,6,10,187,MQ,BOS,15
-4,10,28,7,10,187,MQ,BOS,14
-4,10,29,1,10,187,MQ,BOS,13
-6,10,30,2,10,187,MQ,BOS,12
-3,10,31,3,10,187,MQ,BOS,11
-4,10,6,6,15,187,MQ,BOS,2
-1,10,13,6,15,187,MQ,BOS,5
-3,10,20,6,15,187,MQ,BOS,12
-2,10,27,6,15,187,MQ,BOS,15
-9,10,1,1,17,426,MQ,RDU,7
-8,10,2,2,17,426,MQ,RDU,6
145,10,3,3,17,426,MQ,RDU,5
-5,10,4,4,17,426,MQ,RDU,4
51,10,5,5,17,426,MQ,RDU,3
25,10,6,6,17,426,MQ,RDU,2
61,10,7,7,17,426,MQ,RDU,1
-9,10,8,1,17,426,MQ,RDU,0
1,10,10,3,17,426,MQ,RDU,2
93,10,12,5,17,426,MQ,RDU,4
-5,10,13,6,17,426,MQ,RDU,5
-6,10,14,7,17,426,MQ,RDU,6
-7,10,15,1,17,426,MQ,RDU,7
-5,10,16,2,17,426,MQ,RDU,8
130,10,17,3,17,426,MQ,RDU,9
-12,10,18,4,17,426,MQ,RDU,10
-5,10,20,6,17,426,MQ,RDU,12
-5,10,21,7,17,426,MQ,RDU,13
-3,10,22,1,17,426,MQ,RDU,14
53,10,23,2,17,426,MQ,RDU,15
10,10,24,3,17,426,MQ,RDU,16
-4,10,25,4,17,426,MQ,RDU,17
94,10,26,5,17,426,MQ,RDU,16
51,10,27,6,17,426,MQ,RDU,15
-6,10,28,7,17,426,MQ,RDU,14
-5,10,29,1,17,426,MQ,RDU,13
-6,10,30,2,17,426,MQ,RDU,12
-8,10,31,3,17,426,MQ,RDU,11
-5,10,1,1,13,426,MQ,RDU,7
-1,10,2,2,13,426,MQ,RDU,6
86,10,3,3,13,426,MQ,RDU,5
-6,10,4,4,13,426,MQ,RDU,4
-3,10,5,5,13,426,MQ,RDU,3
-5,10,6,6,18,426,MQ,RDU,2
-5,10,7,7,13,426,MQ,RDU,1
-4,10,8,1,13,426,MQ,RDU,0
-2,10,9,2,13,426,MQ,RDU,1
-6,10,10,3,13,426,MQ,RDU,2
-10,10,11,4,13,426,MQ,RDU,3
-2,10,12,5,13,426,MQ,RDU,4
1,10,13,6,18,426,MQ,RDU,5
-7,10,14,7,13,426,MQ,RDU,6
-5,10,15,1,13,426,MQ,RDU,7
-3,10,16,2,13,426,MQ,RDU,8
238,10,17,3,13,426,MQ,RDU,9
-6,10,18,4,13,426,MQ,RDU,10
87,10,19,5,13,426,MQ,RDU,11
-8,10,20,6,18,426,MQ,RDU,12
-5,10,21,7,13,426,MQ,RDU,13
13,10,22,1,13,426,MQ,RDU,14
2,10,23,2,13,426,MQ,RDU,15
16,10,24,3,13,426,MQ,RDU,16
-2,10,25,4,13,426,MQ,RDU,17
-7,10,26,5,13,426,MQ,RDU,16
9,10,27,6,18,426,MQ,RDU,15
-1,10,28,7,13,426,MQ,RDU,14
-5,10,29,1,13,426,MQ,RDU,13
-4,10,30,2,13,426,MQ,RDU,12
-5,10,31,3,13,426,MQ,RDU,11
-5,10,1,1,16,187,MQ,BOS,7
-5,10,2,2,16,187,MQ,BOS,6
-9,10,3,3,16,187,MQ,BOS,5
-5,10,4,4,16,187,MQ,BOS,4
20,10,5,5,16,187,MQ,BOS,3
88,10,6,6,16,187,MQ,BOS,2
0,10,7,7,16,187,MQ,BOS,1
59,10,8,1,16,187,MQ,BOS,0
18,10,10,3,16,187,MQ,BOS,2
112,10,12,5,16,187,MQ,BOS,4
-4,10,13,6,16,187,MQ,BOS,5
14,10,14,7,16,187,MQ,BOS,6
-7,10,15,1,16,187,MQ,BOS,7
0,10,16,2,16,187,MQ,BOS,8
55,10,17,3,16,187,MQ,BOS,9
35,10,18,4,16,187,MQ,BOS,10
-8,10,20,6,16,187,MQ,BOS,12
11,10,21,7,16,187,MQ,BOS,13
-8,10,22,1,16,187,MQ,BOS,14
49,10,23,2,16,187,MQ,BOS,15
53,10,24,3,16,187,MQ,BOS,16
-4,10,25,4,16,187,MQ,BOS,17
30,10,26,5,16,187,MQ,BOS,16
95,10,27,6,16,187,MQ,BOS,15
-3,10,28,7,16,187,MQ,BOS,14
-3,10,29,1,16,187,MQ,BOS,13
-3,10,30,2,16,187,MQ,BOS,12
-4,10,31,3,16,187,MQ,BOS,11
-2,10,1,1,12,426,MQ,RDU,7
-8,10,2,2,12,426,MQ,RDU,6
-10,10,3,3,12,426,MQ,RDU,5
19,10,4,4,12,426,MQ,RDU,4
-5,10,5,5,12,426,MQ,RDU,3
7,10,6,6,12,426,MQ,RDU,2
44,10,7,7,12,426,MQ,RDU,1
-4,10,8,1,12,426,MQ,RDU,0
5,10,9,2,12,426,MQ,RDU,1
0,10,10,3,12,426,MQ,RDU,2
-5,10,11,4,12,426,MQ,RDU,3
0,10,12,5,12,426,MQ,RDU,4
-6,10,13,6,12,426,MQ,RDU,5
-6,10,14,7,12,426,MQ,RDU,6
-5,10,15,1,12,426,MQ,RDU,7
-5,10,16,2,12,426,MQ,RDU,8
-2,10,17,3,12,426,MQ,RDU,9
-2,10,18,4,12,426,MQ,RDU,10
0,10,19,5,12,426,MQ,RDU,11
-2,10,20,6,12,426,MQ,RDU,12
-3,10,21,7,12,426,MQ,RDU,13
-1,10,22,1,12,426,MQ,RDU,14
17,10,23,2,12,426,MQ,RDU,15
-5,10,24,3,12,426,MQ,RDU,16
0,10,25,4,12,426,MQ,RDU,17
-8,10,26,5,12,426,MQ,RDU,16
27,10,27,6,12,426,MQ,RDU,15
-5,10,28,7,12,426,MQ,RDU,14
-7,10,29,1,12,426,MQ,RDU,13
-5,10,30,2,12,426,MQ,RDU,12
-5,10,31,3,12,426,MQ,RDU,11
1,10,1,1,8,426,MQ,RDU,7
-5,10,2,2,8,426,MQ,RDU,6
-4,10,3,3,8,426,MQ,RDU,5
-4,10,4,4,8,426,MQ,RDU,4
-9,10,5,5,8,426,MQ,RDU,3
12,10,6,6,8,426,MQ,RDU,2
-3,10,7,7,8,426,MQ,RDU,1
0,10,8,1,8,426,MQ,RDU,0
16,10,10,3,8,426,MQ,RDU,2
-8,10,11,4,8,426,MQ,RDU,3
0,10,12,5,8,426,MQ,RDU,4
-6,10,13,6,8,426,MQ,RDU,5
-3,10,14,7,8,426,MQ,RDU,6
-7,10,15,1,8,426,MQ,RDU,7
0,10,16,2,8,426,MQ,RDU,8
-7,10,17,3,8,426,MQ,RDU,9
-4,10,18,4,8,426,MQ,RDU,10
-5,10,19,5,8,426,MQ,RDU,11
-4,10,21,7,8,426,MQ,RDU,13
-4,10,22,1,8,426,MQ,RDU,14
-1,10,23,2,8,426,MQ,RDU,15
-5,10,24,3,8,426,MQ,RDU,16
-9,10,26,5,8,426,MQ,RDU,16
-3,10,27,6,8,426,MQ,RDU,15
-3,10,28,7,8,426,MQ,RDU,14
-10,10,29,1,8,426,MQ,RDU,13
-4,10,30,2,8,426,MQ,RDU,12
-9,10,31,3,8,426,MQ,RDU,11
-11,10,1,1,22,426,MQ,RDU,7
-12,10,2,2,22,426,MQ,RDU,6
45,10,4,4,22,426,MQ,RDU,4
-3,10,6,6,22,426,MQ,RDU,2
14,10,7,7,22,426,MQ,RDU,1
23,10,8,1,22,426,MQ,RDU,0
-6,10,10,3,22,426,MQ,RDU,2
126,10,11,4,22,426,MQ,RDU,3
1,10,12,5,22,426,MQ,RDU,4
-9,10,13,6,22,426,MQ,RDU,5
-8,10,14,7,22,426,MQ,RDU,6
-5,10,15,1,22,426,MQ,RDU,7
23,10,16,2,22,426,MQ,RDU,8
-9,10,17,3,22,426,MQ,RDU,9
-6,10,18,4,22,426,MQ,RDU,10
-2,10,19,5,22,426,MQ,RDU,11
-11,10,20,6,22,426,MQ,RDU,12
-10,10,21,7,22,426,MQ,RDU,13
-10,10,22,1,22,426,MQ,RDU,14
-9,10,23,2,22,426,MQ,RDU,15
30,10,25,4,22,426,MQ,RDU,17
-3,10,26,5,22,426,MQ,RDU,16
-5,10,27,6,22,426,MQ,RDU,15
3,10,28,7,22,426,MQ,RDU,14
-9,10,29,1,22,426,MQ,RDU,13
-6,10,31,3,22,426,MQ,RDU,11
-10,10,1,1,15,426,MQ,RDU,7
-6,10,2,2,15,426,MQ,RDU,6
-4,10,3,3,15,426,MQ,RDU,5
-5,10,4,4,15,426,MQ,RDU,4
-8,10,5,5,15,426,MQ,RDU,3
-9,10,6,6,15,426,MQ,RDU,2
-7,10,7,7,15,426,MQ,RDU,1
-6,10,8,1,15,426,MQ,RDU,0
-7,10,9,2,15,426,MQ,RDU,1
-4,10,10,3,15,426,MQ,RDU,2
-3,10,12,5,15,426,MQ,RDU,4
-2,10,13,6,15,426,MQ,RDU,5
-2,10,14,7,15,426,MQ,RDU,6
-7,10,15,1,15,426,MQ,RDU,7
-4,10,16,2,15,426,MQ,RDU,8
4,10,17,3,15,426,MQ,RDU,9
-6,10,18,4,15,426,MQ,RDU,10
-1,10,20,6,15,426,MQ,RDU,12
-4,10,21,7,15,426,MQ,RDU,13
-1,10,22,1,15,426,MQ,RDU,14
-3,10,23,2,15,426,MQ,RDU,15
-7,10,24,3,15,426,MQ,RDU,16
0,10,25,4,15,426,MQ,RDU,17
-6,10,26,5,15,426,MQ,RDU,16
-2,10,27,6,15,426,MQ,RDU,15
0,10,28,7,15,426,MQ,RDU,14
-7,10,29,1,15,426,MQ,RDU,13
-7,10,30,2,15,426,MQ,RDU,12
-6,10,31,3,15,426,MQ,RDU,11
-4,10,1,1,16,892,MQ,STL,7
-5,10,2,2,16,892,MQ,STL,6
-1,10,3,3,16,892,MQ,STL,5
-7,10,4,4,16,892,MQ,STL,4
-2,10,5,5,16,892,MQ,STL,3
108,10,6,6,16,892,MQ,STL,2
-4,10,7,7,16,892,MQ,STL,1
-3,10,8,1,16,892,MQ,STL,0
-3,10,9,2,16,892,MQ,STL,1
69,10,10,3,16,892,MQ,STL,2
206,10,11,4,16,892,MQ,STL,3
-5,10,12,5,16,892,MQ,STL,4
-5,10,13,6,16,892,MQ,STL,5
-6,10,14,7,16,892,MQ,STL,6
-5,10,15,1,16,892,MQ,STL,7
-7,10,16,2,16,892,MQ,STL,8
162,10,17,3,16,892,MQ,STL,9
-5,10,18,4,16,892,MQ,STL,10
102,10,19,5,16,892,MQ,STL,11
-5,10,20,6,16,892,MQ,STL,12
-7,10,21,7,16,892,MQ,STL,13
-1,10,22,1,16,892,MQ,STL,14
-5,10,23,2,16,892,MQ,STL,15
27,10,24,3,16,892,MQ,STL,16
-2,10,25,4,16,892,MQ,STL,17
23,10,26,5,16,892,MQ,STL,16
15,10,27,6,16,892,MQ,STL,15
-8,10,28,7,16,892,MQ,STL,14
-3,10,29,1,16,892,MQ,STL,13
0,10,30,2,16,892,MQ,STL,12
-7,10,31,3,16,892,MQ,STL,11
57,10,6,6,19,426,MQ,RDU,2
-11,10,13,6,19,426,MQ,RDU,5
1,10,20,6,19,426,MQ,RDU,12
39,10,27,6,19,426,MQ,RDU,15
-5,10,1,1,16,213,MQ,DCA,7
-5,10,2,2,16,213,MQ,DCA,6
138,10,3,3,16,213,MQ,DCA,5
71,10,4,4,16,213,MQ,DCA,4
60,10,5,5,16,213,MQ,DCA,3
71,10,6,6,16,213,MQ,DCA,2
-7,10,7,7,16,213,MQ,DCA,1
20,10,8,1,16,213,MQ,DCA,0
48,10,9,2,16,213,MQ,DCA,1
-3,10,10,3,16,213,MQ,DCA,2
-2,10,12,5,16,213,MQ,DCA,4
-13,10,13,6,16,213,MQ,DCA,5
22,10,14,7,16,213,MQ,DCA,6
12,10,15,1,16,213,MQ,DCA,7
-4,10,16,2,16,213,MQ,DCA,8
12,10,17,3,16,213,MQ,DCA,9
-6,10,18,4,16,213,MQ,DCA,10
159,10,19,5,16,213,MQ,DCA,11
-5,10,20,6,16,213,MQ,DCA,12
-7,10,21,7,16,213,MQ,DCA,13
-3,10,22,1,16,213,MQ,DCA,14
27,10,23,2,16,213,MQ,DCA,15
128,10,24,3,16,213,MQ,DCA,16
11,10,25,4,16,213,MQ,DCA,17
72,10,26,5,16,213,MQ,DCA,16
43,10,27,6,16,213,MQ,DCA,15
160,10,28,7,16,213,MQ,DCA,14
0,10,29,1,16,213,MQ,DCA,13
-1,10,30,2,16,213,MQ,DCA,12
-1,10,31,3,16,213,MQ,DCA,11
-5,10,1,1,20,213,MQ,DCA,7
-5,10,2,2,20,213,MQ,DCA,6
5,10,4,4,20,213,MQ,DCA,4
-8,10,6,6,20,213,MQ,DCA,2
-5,10,7,7,20,213,MQ,DCA,1
60,10,8,1,20,213,MQ,DCA,0
-4,10,10,3,20,213,MQ,DCA,2
133,10,11,4,20,213,MQ,DCA,3
-4,10,12,5,20,213,MQ,DCA,4
0,10,13,6,20,213,MQ,DCA,5
68,10,14,7,20,213,MQ,DCA,6
-8,10,15,1,20,213,MQ,DCA,7
-10,10,16,2,20,213,MQ,DCA,8
15,10,17,3,20,213,MQ,DCA,9
-8,10,18,4,20,213,MQ,DCA,10
19,10,19,5,20,213,MQ,DCA,11
-6,10,20,6,20,213,MQ,DCA,12
-3,10,21,7,20,213,MQ,DCA,13
-6,10,22,1,20,213,MQ,DCA,14
-8,10,23,2,20,213,MQ,DCA,15
1,10,24,3,20,213,MQ,DCA,16
90,10,25,4,20,213,MQ,DCA,17
117,10,26,5,20,213,MQ,DCA,16
52,10,27,6,20,213,MQ,DCA,15
47,10,28,7,20,213,MQ,DCA,14
-3,10,29,1,20,213,MQ,DCA,13
-7,10,30,2,20,213,MQ,DCA,12
-8,10,31,3,20,213,MQ,DCA,11
-7,10,1,1,22,213,MQ,DCA,7
-7,10,2,2,22,213,MQ,DCA,6
2,10,4,4,22,213,MQ,DCA,4
8,10,5,5,22,213,MQ,DCA,3
-9,10,6,6,22,213,MQ,DCA,2
0,10,7,7,22,213,MQ,DCA,1
-1,10,8,1,22,213,MQ,DCA,0
28,10,9,2,22,213,MQ,DCA,1
34,10,10,3,22,213,MQ,DCA,2
122,10,11,4,22,213,MQ,DCA,3
17,10,12,5,22,213,MQ,DCA,4
-12,10,13,6,22,213,MQ,DCA,5
28,10,14,7,22,213,MQ,DCA,6
-9,10,15,1,22,213,MQ,DCA,7
17,10,16,2,22,213,MQ,DCA,8
-9,10,17,3,22,213,MQ,DCA,9
97,10,18,4,22,213,MQ,DCA,10
-2,10,20,6,22,213,MQ,DCA,12
-5,10,21,7,22,213,MQ,DCA,13
-3,10,22,1,22,213,MQ,DCA,14
-9,10,23,2,22,213,MQ,DCA,15
-17,10,24,3,22,213,MQ,DCA,16
71,10,25,4,22,213,MQ,DCA,17
42,10,26,5,22,213,MQ,DCA,16
-3,10,27,6,22,213,MQ,DCA,15
-9,10,28,7,22,213,MQ,DCA,14
-9,10,29,1,22,213,MQ,DCA,13
-4,10,30,2,22,213,MQ,DCA,12
-9,10,31,3,22,213,MQ,DCA,11
7,10,6,6,13,213,MQ,DCA,2
-4,10,13,6,13,213,MQ,DCA,5
11,10,20,6,13,213,MQ,DCA,12
-5,10,27,6,13,213,MQ,DCA,15
-5,10,7,7,14,213,MQ,DCA,1
-3,10,14,7,14,213,MQ,DCA,6
-4,10,21,7,14,213,MQ,DCA,13
-4,10,28,7,14,213,MQ,DCA,14
18,10,1,1,9,213,MQ,DCA,7
-8,10,2,2,9,213,MQ,DCA,6
-5,10,3,3,9,213,MQ,DCA,5
-6,10,4,4,9,213,MQ,DCA,4
-9,10,5,5,9,213,MQ,DCA,3
0,10,6,6,9,213,MQ,DCA,2
-3,10,7,7,9,213,MQ,DCA,1
-3,10,8,1,9,213,MQ,DCA,0
42,10,9,2,9,213,MQ,DCA,1
-3,10,10,3,9,213,MQ,DCA,2
-3,10,11,4,9,213,MQ,DCA,3
-6,10,12,5,9,213,MQ,DCA,4
-2,10,13,6,9,213,MQ,DCA,5
1,10,14,7,9,213,MQ,DCA,6
-4,10,15,1,9,213,MQ,DCA,7
-3,10,16,2,9,213,MQ,DCA,8
-5,10,17,3,9,213,MQ,DCA,9
0,10,18,4,9,213,MQ,DCA,10
-5,10,19,5,9,213,MQ,DCA,11
129,10,20,6,9,213,MQ,DCA,12
-4,10,21,7,9,213,MQ,DCA,13
108,10,22,1,9,213,MQ,DCA,14
-3,10,24,3,9,213,MQ,DCA,16
-2,10,26,5,9,213,MQ,DCA,16
8,10,27,6,9,213,MQ,DCA,15
-3,10,28,7,9,213,MQ,DCA,14
29,10,29,1,9,213,MQ,DCA,13
-3,10,30,2,9,213,MQ,DCA,12
-1,10,31,3,9,213,MQ,DCA,11
-5,10,1,1,8,1028,NW,MSP,7
0,10,2,2,8,1028,NW,MSP,6
-3,10,3,3,8,1028,NW,MSP,5
-9,10,4,4,8,1028,NW,MSP,4
-4,10,5,5,8,1028,NW,MSP,3
-5,10,6,6,8,1028,NW,MSP,2
-2,10,7,7,8,1028,NW,MSP,1
6,10,8,1,8,1028,NW,MSP,0
-4,10,9,2,8,1028,NW,MSP,1
-1,10,10,3,8,1028,NW,MSP,2
-4,10,11,4,8,1028,NW,MSP,3
0,10,12,5,8,1028,NW,MSP,4
43,10,13,6,8,1028,NW,MSP,5
9,10,14,7,8,1028,NW,MSP,6
-3,10,15,1,8,1028,NW,MSP,7
28,10,16,2,8,1028,NW,MSP,8
-4,10,17,3,8,1028,NW,MSP,9
26,10,18,4,8,1028,NW,MSP,10
-4,10,19,5,8,1028,NW,MSP,11
-3,10,20,6,8,1028,NW,MSP,12
-4,10,21,7,8,1028,NW,MSP,13
0,10,22,1,8,1028,NW,MSP,14
5,10,23,2,8,1028,NW,MSP,15
-4,10,24,3,8,1028,NW,MSP,16
-2,10,25,4,8,1028,NW,MSP,17
15,10,26,5,8,1028,NW,MSP,16
2,10,27,6,8,1028,NW,MSP,15
-9,10,28,7,8,1028,NW,MSP,14
-1,10,29,1,8,1028,NW,MSP,13
-1,10,30,2,8,1028,NW,MSP,12
-8,10,31,3,8,1028,NW,MSP,11
9,10,1,1,11,1028,NW,MSP,7
-6,10,2,2,11,1028,NW,MSP,6
-6,10,3,3,11,1028,NW,MSP,5
-5,10,4,4,11,1028,NW,MSP,4
40,10,5,5,11,1028,NW,MSP,3
65,10,6,6,11,1028,NW,MSP,2
3,10,7,7,11,1028,NW,MSP,1
12,10,8,1,11,1028,NW,MSP,0
2,10,9,2,11,1028,NW,MSP,1
-4,10,10,3,11,1028,NW,MSP,2
8,10,11,4,11,1028,NW,MSP,3
-5,10,12,5,11,1028,NW,MSP,4
-5,10,13,6,11,1028,NW,MSP,5
-6,10,14,7,11,1028,NW,MSP,6
-1,10,15,1,11,1028,NW,MSP,7
27,10,16,2,11,1028,NW,MSP,8
-5,10,17,3,11,1028,NW,MSP,9
8,10,18,4,11,1028,NW,MSP,10
-2,10,19,5,11,1028,NW,MSP,11
-6,10,20,6,11,1028,NW,MSP,12
-5,10,21,7,11,1028,NW,MSP,13
-10,10,22,1,11,1028,NW,MSP,14
-1,10,23,2,11,1028,NW,MSP,15
2,10,24,3,11,1028,NW,MSP,16
-3,10,25,4,11,1028,NW,MSP,17
52,10,26,5,11,1028,NW,MSP,16
4,10,27,6,11,1028,NW,MSP,15
-2,10,28,7,11,1028,NW,MSP,14
-2,10,29,1,11,1028,NW,MSP,13
-5,10,30,2,11,1028,NW,MSP,12
-2,10,31,3,11,1028,NW,MSP,11
-8,10,1,1,17,1028,NW,MSP,7
11,10,2,2,17,1028,NW,MSP,6
13,10,3,3,17,1028,NW,MSP,5
-4,10,4,4,17,1028,NW,MSP,4
73,10,5,5,17,1028,NW,MSP,3
2,10,6,6,17,1028,NW,MSP,2
6,10,7,7,17,1028,NW,MSP,1
12,10,8,1,17,1028,NW,MSP,0
226,10,9,2,17,1028,NW,MSP,1
0,10,10,3,17,1028,NW,MSP,2
196,10,11,4,17,1028,NW,MSP,3
0,10,12,5,17,1028,NW,MSP,4
-2,10,13,6,17,1028,NW,MSP,5
-5,10,14,7,17,1028,NW,MSP,6
30,10,15,1,17,1028,NW,MSP,7
13,10,16,2,17,1028,NW,MSP,8
35,10,17,3,17,1028,NW,MSP,9
-2,10,18,4,17,1028,NW,MSP,10
91,10,19,5,17,1028,NW,MSP,11
-5,10,20,6,17,1028,NW,MSP,12
10,10,21,7,17,1028,NW,MSP,13
21,10,22,1,17,1028,NW,MSP,14
68,10,23,2,17,1028,NW,MSP,15
22,10,24,3,17,1028,NW,MSP,16
15,10,25,4,17,1028,NW,MSP,17
110,10,26,5,17,1028,NW,MSP,16
36,10,27,6,17,1028,NW,MSP,15
-10,10,28,7,17,1028,NW,MSP,14
-8,10,29,1,17,1028,NW,MSP,13
-6,10,30,2,17,1028,NW,MSP,12
-4,10,31,3,17,1028,NW,MSP,11
-8,10,1,1,12,508,NW,DTW,7
-12,10,2,2,12,508,NW,DTW,6
-8,10,3,3,12,508,NW,DTW,5
19,10,4,4,12,508,NW,DTW,4
136,10,5,5,12,508,NW,DTW,3
7,10,6,6,12,508,NW,DTW,2
-3,10,7,7,12,508,NW,DTW,1
31,10,8,1,12,508,NW,DTW,0
-11,10,9,2,12,508,NW,DTW,1
-8,10,10,3,12,508,NW,DTW,2
148,10,11,4,12,508,NW,DTW,3
-5,10,12,5,12,508,NW,DTW,4
-8,10,13,6,12,508,NW,DTW,5
-6,10,14,7,12,508,NW,DTW,6
-6,10,15,1,12,508,NW,DTW,7
-9,10,16,2,12,508,NW,DTW,8
-6,10,17,3,12,508,NW,DTW,9
-10,10,18,4,12,508,NW,DTW,10
-9,10,19,5,12,508,NW,DTW,11
-10,10,20,6,12,508,NW,DTW,12
7,10,21,7,12,508,NW,DTW,13
-13,10,22,1,12,508,NW,DTW,14
-8,10,23,2,12,508,NW,DTW,15
-12,10,24,3,12,508,NW,DTW,16
3,10,25,4,12,508,NW,DTW,17
34,10,26,5,12,508,NW,DTW,16
-11,10,27,6,12,508,NW,DTW,15
-8,10,28,7,12,508,NW,DTW,14
-8,10,29,1,12,508,NW,DTW,13
-12,10,30,2,12,508,NW,DTW,12
449,10,31,3,12,508,NW,DTW,11
126,10,1,1,16,508,NW,DTW,7
52,10,2,2,16,508,NW,DTW,6
34,10,3,3,16,508,NW,DTW,5
-4,10,4,4,16,508,NW,DTW,4
16,10,5,5,16,508,NW,DTW,3
25,10,7,7,16,508,NW,DTW,1
10,10,8,1,16,508,NW,DTW,0
-4,10,10,3,16,508,NW,DTW,2
202,10,11,4,16,508,NW,DTW,3
-1,10,12,5,16,508,NW,DTW,4
10,10,14,7,16,508,NW,DTW,6
30,10,15,1,16,508,NW,DTW,7
31,10,16,2,16,508,NW,DTW,8
40,10,17,3,16,508,NW,DTW,9
24,10,18,4,16,508,NW,DTW,10
119,10,19,5,16,508,NW,DTW,11
12,10,21,7,16,508,NW,DTW,13
-7,10,22,1,16,508,NW,DTW,14
74,10,23,2,16,508,NW,DTW,15
38,10,24,3,16,508,NW,DTW,16
61,10,25,4,16,508,NW,DTW,17
54,10,26,5,16,508,NW,DTW,16
4,10,28,7,16,508,NW,DTW,14
-8,10,29,1,16,508,NW,DTW,13
24,10,30,2,16,508,NW,DTW,12
18,10,31,3,16,508,NW,DTW,11
-4,10,1,1,9,508,NW,DTW,7
-5,10,2,2,9,508,NW,DTW,6
-1,10,3,3,9,508,NW,DTW,5
-4,10,4,4,9,508,NW,DTW,4
-9,10,5,5,9,508,NW,DTW,3
-7,10,6,6,9,508,NW,DTW,2
-2,10,7,7,9,508,NW,DTW,1
-5,10,8,1,9,508,NW,DTW,0
-4,10,9,2,9,508,NW,DTW,1
-6,10,10,3,9,508,NW,DTW,2
-5,10,11,4,9,508,NW,DTW,3
-1,10,12,5,9,508,NW,DTW,4
-7,10,13,6,9,508,NW,DTW,5
-1,10,14,7,9,508,NW,DTW,6
-3,10,15,1,9,508,NW,DTW,7
-7,10,16,2,9,508,NW,DTW,8
-9,10,17,3,9,508,NW,DTW,9
-6,10,18,4,9,508,NW,DTW,10
-3,10,19,5,9,508,NW,DTW,11
-6,10,20,6,9,508,NW,DTW,12
-8,10,21,7,9,508,NW,DTW,13
-6,10,22,1,9,508,NW,DTW,14
-5,10,23,2,9,508,NW,DTW,15
-7,10,24,3,9,508,NW,DTW,16
-1,10,25,4,9,508,NW,DTW,17
-7,10,26,5,9,508,NW,DTW,16
-2,10,27,6,9,508,NW,DTW,15
-4,10,28,7,9,508,NW,DTW,14
-6,10,29,1,9,508,NW,DTW,13
-4,10,30,2,9,508,NW,DTW,12
-6,10,31,3,9,508,NW,DTW,11
