-10,2,19,1,17,425,XE,CLE,0
-3,2,9,5,17,425,XE,CLE,10
6,2,25,7,17,425,XE,CLE,6
-10,2,8,4,17,425,XE,CLE,11
-7,2,21,3,17,425,XE,CLE,2
-3,2,7,3,17,425,XE,CLE,12
-7,2,6,2,17,425,XE,CLE,13
66,2,22,4,17,425,XE,CLE,3
-10,2,23,5,17,425,XE,CLE,4
25,2,11,7,17,425,XE,CLE,8
-3,2,10,6,14,425,XE,CLE,9
-10,2,28,3,17,425,XE,CLE,9
5,2,24,6,14,425,XE,CLE,5
50,2,4,7,17,425,XE,CLE,15
148,2,16,5,17,425,XE,CLE,3
-2,2,12,1,17,425,XE,CLE,7
1,2,5,1,17,425,XE,CLE,14
21,2,27,2,17,425,XE,CLE,8
104,2,18,7,17,425,XE,CLE,1
0,2,1,4,6,541,YV,CLT,17
0,2,1,4,11,541,YV,CLT,17
35,2,1,4,16,541,YV,CLT,17
73,2,1,4,17,228,YV,IAD,17
0,2,1,4,10,228,YV,IAD,17
4,2,1,4,14,228,YV,IAD,17
-2,2,1,4,6,228,YV,IAD,17
66,2,1,4,19,228,YV,IAD,17
8,2,1,4,12,228,YV,IAD,17
-5,2,1,4,8,228,YV,IAD,17
0,2,2,5,6,541,YV,CLT,17
10,2,2,5,11,541,YV,CLT,17
25,2,2,5,16,541,YV,CLT,17
173,2,2,5,17,228,YV,IAD,17
29,2,2,5,10,228,YV,IAD,17
-5,2,2,5,14,228,YV,IAD,17
1,2,2,5,6,228,YV,IAD,17
85,2,2,5,19,228,YV,IAD,17
-4,2,2,5,12,228,YV,IAD,17
55,2,2,5,8,228,YV,IAD,17
0,2,3,6,6,541,YV,CLT,16
15,2,3,6,10,228,YV,IAD,16
-1,2,3,6,6,228,YV,IAD,16
5,2,3,6,19,228,YV,IAD,16
-3,2,3,6,12,228,YV,IAD,16
45,2,3,6,8,228,YV,IAD,16
-5,2,4,7,6,541,YV,CLT,15
0,2,4,7,16,541,YV,CLT,15
77,2,4,7,17,228,YV,IAD,15
-4,2,4,7,10,228,YV,IAD,15
-10,2,4,7,14,228,YV,IAD,15
0,2,4,7,6,228,YV,IAD,15
-10,2,4,7,19,228,YV,IAD,15
-3,2,4,7,12,228,YV,IAD,15
-5,2,4,7,8,228,YV,IAD,15
-5,2,5,1,6,541,YV,CLT,14
0,2,5,1,11,541,YV,CLT,14
0,2,5,1,16,541,YV,CLT,14
86,2,5,1,17,228,YV,IAD,14
0,2,5,1,10,228,YV,IAD,14
-8,2,5,1,14,228,YV,IAD,14
-9,2,5,1,6,228,YV,IAD,14
0,2,5,1,19,228,YV,IAD,14
11,2,5,1,12,228,YV,IAD,14
0,2,5,1,8,228,YV,IAD,14
63,2,6,2,6,541,YV,CLT,13
15,2,6,2,11,541,YV,CLT,13
0,2,6,2,16,541,YV,CLT,13
33,2,6,2,17,228,YV,IAD,13
5,2,6,2,10,228,YV,IAD,13
-10,2,6,2,14,228,YV,IAD,13
-4,2,6,2,6,228,YV,IAD,13
45,2,6,2,19,228,YV,IAD,13
-7,2,6,2,12,228,YV,IAD,13
0,2,6,2,8,228,YV,IAD,13
0,2,7,3,6,541,YV,CLT,12
0,2,7,3,11,541,YV,CLT,12
0,2,7,3,16,541,YV,CLT,12
78,2,7,3,17,228,YV,IAD,12
67,2,7,3,10,228,YV,IAD,12
14,2,7,3,14,228,YV,IAD,12
31,2,7,3,19,228,YV,IAD,12
4,2,7,3,12,228,YV,IAD,12
5,2,7,3,8,228,YV,IAD,12
0,2,8,4,6,541,YV,CLT,11
-10,2,8,4,11,541,YV,CLT,11
75,2,8,4,16,541,YV,CLT,11
24,2,8,4,17,228,YV,IAD,11
40,2,8,4,10,228,YV,IAD,11
34,2,8,4,14,228,YV,IAD,11
-3,2,8,4,6,228,YV,IAD,11
12,2,8,4,19,228,YV,IAD,11
-1,2,8,4,12,228,YV,IAD,11
-2,2,8,4,8,228,YV,IAD,11
0,2,9,5,6,541,YV,CLT,10
20,2,9,5,11,541,YV,CLT,10
58,2,9,5,17,228,YV,IAD,10
15,2,9,5,10,228,YV,IAD,10
45,2,9,5,14,228,YV,IAD,10
-4,2,9,5,6,228,YV,IAD,10
-9,2,9,5,19,228,YV,IAD,10
-8,2,9,5,12,228,YV,IAD,10
69,2,9,5,8,228,YV,IAD,10
20,2,10,6,6,541,YV,CLT,9
-7,2,10,6,10,228,YV,IAD,9
-2,2,10,6,14,228,YV,IAD,9
0,2,10,6,6,228,YV,IAD,9
0,2,10,6,19,228,YV,IAD,9
-9,2,10,6,12,228,YV,IAD,9
5,2,10,6,8,228,YV,IAD,9
15,2,11,7,6,541,YV,CLT,8
60,2,11,7,16,541,YV,CLT,8
87,2,11,7,17,228,YV,IAD,8
15,2,11,7,10,228,YV,IAD,8
9,2,11,7,14,228,YV,IAD,8
0,2,11,7,6,228,YV,IAD,8
1,2,11,7,19,228,YV,IAD,8
-8,2,11,7,12,228,YV,IAD,8
50,2,11,7,8,228,YV,IAD,8
0,2,12,1,6,541,YV,CLT,7
10,2,12,1,11,541,YV,CLT,7
40,2,12,1,16,541,YV,CLT,7
72,2,12,1,17,228,YV,IAD,7
-11,2,12,1,10,228,YV,IAD,7
35,2,12,1,14,228,YV,IAD,7
73,2,12,1,6,228,YV,IAD,7
-3,2,12,1,12,228,YV,IAD,7
0,2,12,1,8,228,YV,IAD,7
0,2,13,2,6,541,YV,CLT,6
-5,2,13,2,11,541,YV,CLT,6
93,2,13,2,10,228,YV,IAD,6
9,2,13,2,14,228,YV,IAD,6
-3,2,13,2,6,228,YV,IAD,6
-2,2,13,2,12,228,YV,IAD,6
0,2,13,2,8,228,YV,IAD,6
115,2,15,4,11,541,YV,CLT,4
45,2,15,4,10,228,YV,IAD,4
6,2,15,4,14,228,YV,IAD,4
51,2,15,4,19,228,YV,IAD,4
25,2,16,5,11,541,YV,CLT,3
57,2,16,5,10,228,YV,IAD,3
50,2,16,5,14,228,YV,IAD,3
51,2,16,5,19,228,YV,IAD,3
38,2,17,6,6,541,YV,CLT,2
19,2,17,6,10,228,YV,IAD,2
7,2,17,6,14,228,YV,IAD,2
0,2,17,6,19,228,YV,IAD,2
14,2,18,7,6,541,YV,CLT,1
-2,2,18,7,10,228,YV,IAD,1
-8,2,18,7,14,228,YV,IAD,1
3,2,18,7,6,228,YV,IAD,1
205,2,18,7,19,228,YV,IAD,1
17,2,19,1,6,541,YV,CLT,0
75,2,19,1,11,541,YV,CLT,0
25,2,19,1,16,541,YV,CLT,0
79,2,19,1,10,228,YV,IAD,0
55,2,19,1,14,228,YV,IAD,0
2,2,19,1,6,228,YV,IAD,0
83,2,19,1,19,228,YV,IAD,0
0,2,20,2,6,541,YV,CLT,1
0,2,20,2,11,541,YV,CLT,1
15,2,20,2,16,541,YV,CLT,1
7,2,20,2,10,228,YV,IAD,1
-3,2,20,2,14,228,YV,IAD,1
188,2,20,2,6,228,YV,IAD,1
-8,2,20,2,19,228,YV,IAD,1
10,2,21,3,6,541,YV,CLT,2
0,2,21,3,11,541,YV,CLT,2
0,2,21,3,16,541,YV,CLT,2
221,2,21,3,10,228,YV,IAD,2
-6,2,21,3,14,228,YV,IAD,2
2,2,21,3,6,228,YV,IAD,2
-2,2,21,3,19,228,YV,IAD,2
0,2,22,4,6,541,YV,CLT,3
0,2,22,4,11,541,YV,CLT,3
105,2,22,4,16,541,YV,CLT,3
4,2,22,4,10,228,YV,IAD,3
-3,2,22,4,14,228,YV,IAD,3
3,2,22,4,6,228,YV,IAD,3
70,2,22,4,19,228,YV,IAD,3
100,2,23,5,6,541,YV,CLT,4
0,2,23,5,11,541,YV,CLT,4
40,2,23,5,16,541,YV,CLT,4
-7,2,23,5,10,228,YV,IAD,4
-8,2,23,5,14,228,YV,IAD,4
-4,2,23,5,6,228,YV,IAD,4
0,2,23,5,19,228,YV,IAD,4
68,2,24,6,6,541,YV,CLT,5
-1,2,24,6,10,228,YV,IAD,5
-3,2,24,6,14,228,YV,IAD,5
4,2,24,6,6,228,YV,IAD,5
9,2,24,6,19,228,YV,IAD,5
-4,2,25,7,6,541,YV,CLT,6
135,2,25,7,16,541,YV,CLT,6
19,2,25,7,6,228,YV,IAD,6
15,2,26,1,11,541,YV,CLT,7
55,2,26,1,16,541,YV,CLT,7
229,2,26,1,10,228,YV,IAD,7
250,2,26,1,14,228,YV,IAD,7
251,2,26,1,6,228,YV,IAD,7
186,2,26,1,19,228,YV,IAD,7
0,2,27,2,6,541,YV,CLT,8
10,2,27,2,11,541,YV,CLT,8
54,2,27,2,16,541,YV,CLT,8
295,2,27,2,14,228,YV,IAD,8
282,2,27,2,19,228,YV,IAD,8
0,2,28,3,6,541,YV,CLT,9
-10,2,28,3,11,541,YV,CLT,9
15,2,28,3,16,541,YV,CLT,9
3,2,28,3,10,228,YV,IAD,9
-12,2,28,3,14,228,YV,IAD,9
-4,2,28,3,6,228,YV,IAD,9
-11,2,28,3,19,228,YV,IAD,9
-3,2,1,4,6,187,OH,BOS,17
40,2,1,4,6,589,OH,CVG,17
-10,2,1,4,6,301,OH,BUF,17
-7,2,1,4,7,213,OH,DCA,17
0,2,1,4,8,187,OH,BOS,17
-2,2,1,4,8,508,OH,DTW,17
-3,2,1,4,8,340,OH,PIT,17
35,2,1,4,8,288,OH,RIC,17
0,2,1,4,9,483,OH,CMH,17
35,2,1,4,8,301,OH,BUF,17
44,2,1,4,8,228,OH,IAD,17
60,2,1,4,8,426,OH,RDU,17
20,2,1,4,9,264,OH,ROC,17
50,2,1,4,9,187,OH,BOS,17
18,2,1,4,10,589,OH,CVG,17
-7,2,1,4,10,829,OH,JAX,17
0,2,1,4,10,664,OH,IND,17
25,2,1,4,10,187,OH,BOS,17
0,2,1,4,12,340,OH,PIT,17
0,2,1,4,12,288,OH,RIC,17
-5,2,1,4,12,213,OH,DCA,17
-1,2,1,4,12,483,OH,CMH,17
-5,2,1,4,13,228,OH,IAD,17
-10,2,1,4,13,264,OH,ROC,17
0,2,1,4,13,508,OH,DTW,17
0,2,1,4,14,187,OH,BOS,17
-10,2,1,4,15,213,OH,DCA,17
0,2,1,4,15,187,OH,BOS,17
30,2,1,4,14,766,OH,BNA,17
-2,2,1,4,16,187,OH,BOS,17
-4,2,1,4,16,264,OH,ROC,17
-4,2,1,4,16,589,OH,CVG,17
10,2,1,4,16,483,OH,CMH,17
5,2,1,4,17,187,OH,BOS,17
29,2,1,4,16,288,OH,RIC,17
10,2,1,4,17,228,OH,IAD,17
70,2,1,4,16,301,OH,BUF,17
42,2,1,4,16,425,OH,CLE,17
40,2,1,4,16,340,OH,PIT,17
5,2,1,4,17,426,OH,RDU,17
18,2,1,4,17,589,OH,CVG,17
0,2,1,4,18,301,OH,BUF,17
55,2,1,4,17,740,OH,ORD,17
23,2,1,4,18,187,OH,BOS,17
0,2,1,4,19,187,OH,BOS,17
-10,2,1,4,19,664,OH,IND,17
120,2,1,4,17,508,OH,DTW,17
33,2,1,4,19,760,OH,ATL,17
25,2,1,4,19,425,OH,CLE,17
-5,2,1,4,19,766,OH,BNA,17
10,2,1,4,20,483,OH,CMH,17
13,2,1,4,20,426,OH,RDU,17
5,2,1,4,21,301,OH,BUF,17
38,2,1,4,20,187,OH,BOS,17
52,2,1,4,21,264,OH,ROC,17
0,2,2,5,6,589,OH,CVG,17
0,2,2,5,6,301,OH,BUF,17
0,2,2,5,7,213,OH,DCA,17
85,2,2,5,6,187,OH,BOS,17
0,2,2,5,8,187,OH,BOS,17
0,2,2,5,8,288,OH,RIC,17
0,2,2,5,8,426,OH,RDU,17
0,2,2,5,8,228,OH,IAD,17
0,2,2,5,8,301,OH,BUF,17
22,2,2,5,8,340,OH,PIT,17
12,2,2,5,9,483,OH,CMH,17
0,2,2,5,10,829,OH,JAX,17
40,2,2,5,10,187,OH,BOS,17
-5,2,2,5,12,288,OH,RIC,17
0,2,2,5,12,213,OH,DCA,17
-3,2,2,5,13,228,OH,IAD,17
80,2,2,5,12,340,OH,PIT,17
-5,2,2,5,13,508,OH,DTW,17
30,2,2,5,13,264,OH,ROC,17
0,2,2,5,14,187,OH,BOS,17
100,2,2,5,12,483,OH,CMH,17
245,2,2,5,10,589,OH,CVG,17
0,2,2,5,14,766,OH,BNA,17
-5,2,2,5,15,187,OH,BOS,17
0,2,2,5,15,213,OH,DCA,17
0,2,2,5,16,187,OH,BOS,17
0,2,2,5,16,301,OH,BUF,17
11,2,2,5,16,288,OH,RIC,17
42,2,2,5,16,425,OH,CLE,17
-4,2,2,5,17,508,OH,DTW,17
76,2,2,5,16,264,OH,ROC,17
0,2,2,5,17,426,OH,RDU,17
50,2,2,5,16,340,OH,PIT,17
41,2,2,5,17,187,OH,BOS,17
45,2,2,5,18,187,OH,BOS,17
96,2,2,5,17,228,OH,IAD,17
50,2,2,5,18,301,OH,BUF,17
36,2,2,5,19,760,OH,ATL,17
25,2,2,5,19,664,OH,IND,17
20,2,2,5,19,228,OH,IAD,17
25,2,2,5,19,766,OH,BNA,17
70,2,2,5,19,425,OH,CLE,17
0,2,2,5,20,213,OH,DCA,17
63,2,2,5,20,483,OH,CMH,17
125,2,2,5,19,187,OH,BOS,17
58,2,2,5,20,426,OH,RDU,17
60,2,2,5,20,340,OH,PIT,17
43,2,2,5,20,187,OH,BOS,17
26,2,2,5,21,264,OH,ROC,17
0,2,3,6,6,187,OH,BOS,16
0,2,3,6,6,301,OH,BUF,16
0,2,3,6,7,213,OH,DCA,16
-5,2,3,6,8,508,OH,DTW,16
11,2,3,6,8,426,OH,RDU,16
0,2,3,6,8,228,OH,IAD,16
0,2,3,6,8,340,OH,PIT,16
0,2,3,6,9,483,OH,CMH,16
17,2,3,6,9,264,OH,ROC,16
100,2,3,6,8,288,OH,RIC,16
25,2,3,6,9,187,OH,BOS,16
130,2,3,6,8,187,OH,BOS,16
105,2,3,6,8,301,OH,BUF,16
-5,2,3,6,10,187,OH,BOS,16
65,2,3,6,10,829,OH,JAX,16
100,2,3,6,10,589,OH,CVG,16
-5,2,3,6,12,288,OH,RIC,16
0,2,3,6,12,213,OH,DCA,16
25,2,3,6,12,340,OH,PIT,16
0,2,3,6,12,483,OH,CMH,16
0,2,3,6,13,228,OH,IAD,16
0,2,3,6,13,589,OH,CVG,16
10,2,3,6,13,508,OH,DTW,16
35,2,3,6,13,264,OH,ROC,16
10,2,3,6,14,187,OH,BOS,16
-10,2,3,6,14,766,OH,BNA,16
-10,2,3,6,15,187,OH,BOS,16
25,2,3,6,15,213,OH,DCA,16
12,2,3,6,16,301,OH,BUF,16
-10,2,3,6,16,288,OH,RIC,16
10,2,3,6,16,589,OH,CVG,16
23,2,3,6,16,425,OH,CLE,16
20,2,3,6,16,340,OH,PIT,16
-5,2,3,6,17,213,OH,DCA,16
0,2,3,6,17,228,OH,IAD,16
15,2,3,6,17,187,OH,BOS,16
40,2,3,6,16,483,OH,CMH,16
0,2,3,6,17,508,OH,DTW,16
0,2,3,6,18,187,OH,BOS,16
60,2,3,6,17,426,OH,RDU,16
65,2,3,6,17,740,OH,ORD,16
-5,2,3,6,19,664,OH,IND,16
52,2,3,6,19,187,OH,BOS,16
30,2,4,7,6,187,OH,BOS,15
0,2,4,7,8,301,OH,BUF,15
10,2,4,7,9,187,OH,BOS,15
0,2,4,7,10,589,OH,CVG,15
-5,2,4,7,10,187,OH,BOS,15
155,2,4,7,8,288,OH,RIC,15
55,2,4,7,10,829,OH,JAX,15
-10,2,4,7,12,288,OH,RIC,15
10,2,4,7,12,340,OH,PIT,15
0,2,4,7,12,483,OH,CMH,15
0,2,4,7,13,228,OH,IAD,15
13,2,4,7,13,264,OH,ROC,15
0,2,4,7,14,187,OH,BOS,15
35,2,4,7,13,508,OH,DTW,15
0,2,4,7,14,766,OH,BNA,15
-5,2,4,7,15,187,OH,BOS,15
-10,2,4,7,15,213,OH,DCA,15
-5,2,4,7,16,187,OH,BOS,15
0,2,4,7,16,301,OH,BUF,15
16,2,4,7,16,264,OH,ROC,15
-3,2,4,7,16,425,OH,CLE,15
-5,2,4,7,16,340,OH,PIT,15
0,2,4,7,16,288,OH,RIC,15
0,2,4,7,17,228,OH,IAD,15
0,2,4,7,17,740,OH,ORD,15
0,2,4,7,17,508,OH,DTW,15
30,2,4,7,17,187,OH,BOS,15
22,2,4,7,17,589,OH,CVG,15
30,2,4,7,17,426,OH,RDU,15
25,2,4,7,18,187,OH,BOS,15
126,2,4,7,16,589,OH,CVG,15
85,2,4,7,17,213,OH,DCA,15
40,2,4,7,18,301,OH,BUF,15
8,2,4,7,19,760,OH,ATL,15
0,2,4,7,19,664,OH,IND,15
25,2,4,7,19,187,OH,BOS,15
20,2,4,7,19,425,OH,CLE,15
10,2,4,7,19,228,OH,IAD,15
-8,2,4,7,20,340,OH,PIT,15
40,2,4,7,20,483,OH,CMH,15
15,2,4,7,20,213,OH,DCA,15
63,2,4,7,20,426,OH,RDU,15
10,2,4,7,21,301,OH,BUF,15
83,2,4,7,20,187,OH,BOS,15
140,2,4,7,19,766,OH,BNA,15
30,2,5,1,6,589,OH,CVG,14
-5,2,5,1,7,213,OH,DCA,14
20,2,5,1,6,301,OH,BUF,14
-10,2,5,1,8,426,OH,RDU,14
0,2,5,1,8,288,OH,RIC,14
20,2,5,1,8,187,OH,BOS,14
0,2,5,1,8,228,OH,IAD,14
0,2,5,1,8,508,OH,DTW,14
25,2,5,1,8,301,OH,BUF,14
60,2,5,1,8,340,OH,PIT,14
53,2,5,1,9,483,OH,CMH,14
0,2,5,1,10,187,OH,BOS,14
25,2,5,1,10,589,OH,CVG,14
85,2,5,1,9,264,OH,ROC,14
40,2,5,1,10,664,OH,IND,14
110,2,5,1,9,187,OH,BOS,14
65,2,5,1,10,829,OH,JAX,14
0,2,5,1,12,288,OH,RIC,14
25,2,5,1,12,340,OH,PIT,14
18,2,5,1,12,213,OH,DCA,14
0,2,5,1,13,228,OH,IAD,14
15,2,5,1,13,508,OH,DTW,14
95,2,5,1,12,483,OH,CMH,14
0,2,5,1,14,766,OH,BNA,14
70,2,5,1,13,264,OH,ROC,14
40,2,5,1,14,187,OH,BOS,14
-1,2,5,1,15,213,OH,DCA,14
60,2,5,1,15,187,OH,BOS,14
10,2,5,1,16,301,OH,BUF,14
30,2,5,1,16,187,OH,BOS,14
-10,2,5,1,16,483,OH,CMH,14
-5,2,5,1,16,340,OH,PIT,14
-10,2,5,1,17,508,OH,DTW,14
20,2,5,1,17,228,OH,IAD,14
81,2,5,1,16,264,OH,ROC,14
55,2,5,1,16,425,OH,CLE,14
30,2,5,1,17,740,OH,ORD,14
60,2,5,1,17,213,OH,DCA,14
103,2,5,1,16,589,OH,CVG,14
80,2,5,1,17,187,OH,BOS,14
50,2,5,1,17,589,OH,CVG,14
115,2,5,1,16,288,OH,RIC,14
85,2,5,1,17,426,OH,RDU,14
60,2,5,1,18,187,OH,BOS,14
0,2,5,1,19,664,OH,IND,14
5,2,5,1,19,425,OH,CLE,14
38,2,5,1,19,760,OH,ATL,14
0,2,5,1,19,766,OH,BNA,14
25,2,5,1,19,228,OH,IAD,14
75,2,5,1,19,187,OH,BOS,14
8,2,5,1,20,426,OH,RDU,14
135,2,5,1,18,301,OH,BUF,14
0,2,5,1,20,213,OH,DCA,14
50,2,5,1,20,340,OH,PIT,14
42,2,5,1,20,187,OH,BOS,14
16,2,5,1,21,264,OH,ROC,14
108,2,5,1,20,483,OH,CMH,14
255,2,6,2,20,213,OH,DCA,13
0,2,6,2,6,589,OH,CVG,13
-2,2,6,2,6,187,OH,BOS,13
0,2,6,2,6,301,OH,BUF,13
-5,2,6,2,7,213,OH,DCA,13
0,2,6,2,8,508,OH,DTW,13
0,2,6,2,8,340,OH,PIT,13
45,2,6,2,8,426,OH,RDU,13
40,2,6,2,8,301,OH,BUF,13
75,2,6,2,8,288,OH,RIC,13
61,2,6,2,8,228,OH,IAD,13
35,2,6,2,9,483,OH,CMH,13
100,2,6,2,8,187,OH,BOS,13
23,2,6,2,9,264,OH,ROC,13
-4,2,6,2,10,425,OH,CLE,13
35,2,6,2,9,187,OH,BOS,13
0,2,6,2,10,187,OH,BOS,13
5,2,6,2,10,664,OH,IND,13
25,2,6,2,10,829,OH,JAX,13
0,2,6,2,12,213,OH,DCA,13
20,2,6,2,12,340,OH,PIT,13
-10,2,6,2,12,483,OH,CMH,13
0,2,6,2,13,228,OH,IAD,13
5,2,6,2,13,264,OH,ROC,13
0,2,6,2,13,508,OH,DTW,13
-10,2,6,2,14,187,OH,BOS,13
0,2,6,2,14,766,OH,BNA,13
-10,2,6,2,15,187,OH,BOS,13
-5,2,6,2,16,187,OH,BOS,13
64,2,6,2,15,213,OH,DCA,13
-10,2,6,2,16,589,OH,CVG,13
6,2,6,2,16,264,OH,ROC,13
20,2,6,2,16,301,OH,BUF,13
-5,2,6,2,16,288,OH,RIC,13
-5,2,6,2,16,340,OH,PIT,13
11,2,6,2,16,425,OH,CLE,13
4,2,6,2,17,187,OH,BOS,13
0,2,6,2,17,508,OH,DTW,13
57,2,6,2,16,483,OH,CMH,13
0,2,6,2,18,301,OH,BUF,13
59,2,6,2,17,213,OH,DCA,13
15,2,6,2,18,187,OH,BOS,13
-5,2,6,2,19,187,OH,BOS,13
-10,2,6,2,19,425,OH,CLE,13
8,2,6,2,19,760,OH,ATL,13
5,2,6,2,19,664,OH,IND,13
15,2,6,2,19,766,OH,BNA,13
156,2,6,2,17,589,OH,CVG,13
175,2,6,2,17,426,OH,RDU,13
5,2,6,2,20,340,OH,PIT,13
-6,2,6,2,21,264,OH,ROC,13
80,2,6,2,19,228,OH,IAD,13
98,2,6,2,20,426,OH,RDU,13
86,2,6,2,20,187,OH,BOS,13
5,2,7,3,6,589,OH,CVG,12
-10,2,7,3,7,213,OH,DCA,12
10,2,7,3,6,301,OH,BUF,12
45,2,7,3,6,187,OH,BOS,12
10,2,7,3,8,187,OH,BOS,12
15,2,7,3,8,288,OH,RIC,12
-1,2,7,3,8,228,OH,IAD,12
0,2,7,3,8,508,OH,DTW,12
10,2,7,3,8,340,OH,PIT,12
38,2,7,3,8,301,OH,BUF,12
5,2,7,3,9,483,OH,CMH,12
-5,2,7,3,9,187,OH,BOS,12
95,2,7,3,8,426,OH,RDU,12
10,2,7,3,10,589,OH,CVG,12
0,2,7,3,10,664,OH,IND,12
-7,2,7,3,12,340,OH,PIT,12
92,2,7,3,10,187,OH,BOS,12
0,2,7,3,12,288,OH,RIC,12
-5,2,7,3,12,213,OH,DCA,12
0,2,7,3,12,483,OH,CMH,12
0,2,7,3,13,228,OH,IAD,12
0,2,7,3,13,264,OH,ROC,12
0,2,7,3,13,508,OH,DTW,12
0,2,7,3,14,187,OH,BOS,12
0,2,7,3,14,766,OH,BNA,12
0,2,7,3,15,187,OH,BOS,12
0,2,7,3,15,213,OH,DCA,12
0,2,7,3,16,187,OH,BOS,12
5,2,7,3,16,301,OH,BUF,12
6,2,7,3,16,264,OH,ROC,12
5,2,7,3,16,425,OH,CLE,12
-8,2,7,3,17,187,OH,BOS,12
10,2,7,3,16,288,OH,RIC,12
0,2,7,3,17,228,OH,IAD,12
29,2,7,3,16,340,OH,PIT,12
0,2,7,3,17,740,OH,ORD,12
0,2,7,3,17,426,OH,RDU,12
62,2,7,3,16,589,OH,CVG,12
48,2,7,3,16,483,OH,CMH,12
40,2,7,3,17,213,OH,DCA,12
14,2,7,3,17,589,OH,CVG,12
0,2,7,3,18,301,OH,BUF,12
10,2,7,3,18,187,OH,BOS,12
50,2,7,3,17,508,OH,DTW,12
-4,2,7,3,19,187,OH,BOS,12
8,2,7,3,19,760,OH,ATL,12
-5,2,7,3,19,425,OH,CLE,12
10,2,7,3,19,664,OH,IND,12
0,2,7,3,19,766,OH,BNA,12
8,2,7,3,20,483,OH,CMH,12
15,2,7,3,20,340,OH,PIT,12
-10,2,7,3,20,213,OH,DCA,12
90,2,7,3,19,228,OH,IAD,12
26,2,7,3,21,264,OH,ROC,12
113,2,7,3,20,426,OH,RDU,12
81,2,7,3,20,187,OH,BOS,12
0,2,8,4,6,589,OH,CVG,11
0,2,8,4,6,187,OH,BOS,11
0,2,8,4,6,301,OH,BUF,11
20,2,8,4,7,213,OH,DCA,11
-5,2,8,4,8,187,OH,BOS,11
0,2,8,4,8,426,OH,RDU,11
0,2,8,4,8,228,OH,IAD,11
20,2,8,4,8,288,OH,RIC,11
0,2,8,4,8,340,OH,PIT,11
20,2,8,4,8,508,OH,DTW,11
37,2,8,4,8,301,OH,BUF,11
-9,2,8,4,9,187,OH,BOS,11
35,2,8,4,9,483,OH,CMH,11
45,2,8,4,9,264,OH,ROC,11
-5,2,8,4,10,664,OH,IND,11
0,2,8,4,10,187,OH,BOS,11
35,2,8,4,10,589,OH,CVG,11
55,2,8,4,10,829,OH,JAX,11
0,2,8,4,12,340,OH,PIT,11
0,2,8,4,12,288,OH,RIC,11
-5,2,8,4,12,483,OH,CMH,11
25,2,8,4,12,213,OH,DCA,11
0,2,8,4,13,228,OH,IAD,11
0,2,8,4,13,264,OH,ROC,11
15,2,8,4,14,187,OH,BOS,11
55,2,8,4,13,508,OH,DTW,11
0,2,8,4,15,213,OH,DCA,11
45,2,8,4,14,766,OH,BNA,11
-5,2,8,4,16,187,OH,BOS,11
4,2,8,4,16,264,OH,ROC,11
11,2,8,4,16,589,OH,CVG,11
0,2,8,4,16,340,OH,PIT,11
0,2,8,4,16,483,OH,CMH,11
0,2,8,4,17,187,OH,BOS,11
25,2,8,4,16,425,OH,CLE,11
125,2,8,4,15,187,OH,BOS,11
0,2,8,4,17,213,OH,DCA,11
30,2,8,4,16,288,OH,RIC,11
-2,2,8,4,17,740,OH,ORD,11
8,2,8,4,17,426,OH,RDU,11
30,2,8,4,17,228,OH,IAD,11
20,2,8,4,17,508,OH,DTW,11
100,2,8,4,16,301,OH,BUF,11
10,2,8,4,18,187,OH,BOS,11
15,2,8,4,18,301,OH,BUF,11
47,2,8,4,17,589,OH,CVG,11
-2,2,8,4,19,187,OH,BOS,11
0,2,8,4,19,760,OH,ATL,11
-6,2,8,4,19,664,OH,IND,11
0,2,8,4,19,425,OH,CLE,11
0,2,8,4,20,483,OH,CMH,11
20,2,8,4,19,228,OH,IAD,11
24,2,8,4,19,766,OH,BNA,11
10,2,8,4,20,340,OH,PIT,11
23,2,8,4,20,426,OH,RDU,11
25,2,8,4,20,187,OH,BOS,11
45,2,8,4,20,213,OH,DCA,11
46,2,8,4,21,264,OH,ROC,11
0,2,9,5,6,301,OH,BUF,10
18,2,9,5,6,187,OH,BOS,10
-2,2,9,5,7,213,OH,DCA,10
-9,2,9,5,8,426,OH,RDU,10
0,2,9,5,8,288,OH,RIC,10
10,2,9,5,8,187,OH,BOS,10
0,2,9,5,8,228,OH,IAD,10
0,2,9,5,8,508,OH,DTW,10
185,2,9,5,6,589,OH,CVG,10
30,2,9,5,8,301,OH,BUF,10
30,2,9,5,8,340,OH,PIT,10
0,2,9,5,9,264,OH,ROC,10
43,2,9,5,9,187,OH,BOS,10
0,2,9,5,10,589,OH,CVG,10
0,2,9,5,10,187,OH,BOS,10
0,2,9,5,10,829,OH,JAX,10
130,2,9,5,9,483,OH,CMH,10
40,2,9,5,10,664,OH,IND,10
-6,2,9,5,12,340,OH,PIT,10
-5,2,9,5,12,288,OH,RIC,10
0,2,9,5,12,213,OH,DCA,10
-12,2,9,5,12,483,OH,CMH,10
-2,2,9,5,13,228,OH,IAD,10
0,2,9,5,14,187,OH,BOS,10
40,2,9,5,13,264,OH,ROC,10
0,2,9,5,14,766,OH,BNA,10
-10,2,9,5,15,213,OH,DCA,10
65,2,9,5,15,187,OH,BOS,10
-9,2,9,5,16,589,OH,CVG,10
155,2,9,5,13,508,OH,DTW,10
0,2,9,5,16,288,OH,RIC,10
45,2,9,5,16,187,OH,BOS,10
36,2,9,5,16,264,OH,ROC,10
10,2,9,5,16,340,OH,PIT,10
45,2,9,5,16,301,OH,BUF,10
4,2,9,5,17,187,OH,BOS,10
-1,2,9,5,17,740,OH,ORD,10
35,2,9,5,17,228,OH,IAD,10
12,2,9,5,17,589,OH,CVG,10
70,2,9,5,16,425,OH,CLE,10
65,2,9,5,16,483,OH,CMH,10
40,2,9,5,17,213,OH,DCA,10
-10,2,9,5,18,301,OH,BUF,10
34,2,9,5,17,508,OH,DTW,10
15,2,9,5,18,187,OH,BOS,10
85,2,9,5,17,426,OH,RDU,10
-5,2,9,5,19,664,OH,IND,10
8,2,9,5,19,760,OH,ATL,10
-3,2,9,5,19,425,OH,CLE,10
0,2,9,5,19,228,OH,IAD,10
50,2,9,5,19,187,OH,BOS,10
0,2,9,5,20,483,OH,CMH,10
13,2,9,5,20,426,OH,RDU,10
-2,2,9,5,20,187,OH,BOS,10
0,2,9,5,20,213,OH,DCA,10
0,2,9,5,21,264,OH,ROC,10
10,2,9,5,21,301,OH,BUF,10
60,2,9,5,20,340,OH,PIT,10
105,2,9,5,19,766,OH,BNA,10
-5,2,10,6,6,187,OH,BOS,9
0,2,10,6,6,301,OH,BUF,9
25,2,10,6,7,213,OH,DCA,9
15,2,10,6,8,187,OH,BOS,9
-8,2,10,6,8,508,OH,DTW,9
0,2,10,6,8,228,OH,IAD,9
-5,2,10,6,8,340,OH,PIT,9
42,2,10,6,8,426,OH,RDU,9
0,2,10,6,9,483,OH,CMH,9
55,2,10,6,8,288,OH,RIC,9
-4,2,10,6,9,187,OH,BOS,9
15,2,10,6,9,264,OH,ROC,9
85,2,10,6,8,301,OH,BUF,9
0,2,10,6,10,589,OH,CVG,9
-5,2,10,6,10,187,OH,BOS,9
17,2,10,6,10,829,OH,JAX,9
6,2,10,6,12,340,OH,PIT,9
-5,2,10,6,12,483,OH,CMH,9
20,2,10,6,12,213,OH,DCA,9
-5,2,10,6,13,228,OH,IAD,9
35,2,10,6,12,288,OH,RIC,9
0,2,10,6,13,264,OH,ROC,9
15,2,10,6,13,589,OH,CVG,9
0,2,10,6,13,508,OH,DTW,9
0,2,10,6,14,187,OH,BOS,9
-3,2,10,6,14,766,OH,BNA,9
0,2,10,6,15,187,OH,BOS,9
-10,2,10,6,16,301,OH,BUF,9
-4,2,10,6,16,264,OH,ROC,9
73,2,10,6,15,213,OH,DCA,9
-4,2,10,6,16,589,OH,CVG,9
0,2,10,6,16,425,OH,CLE,9
0,2,10,6,16,288,OH,RIC,9
0,2,10,6,17,187,OH,BOS,9
29,2,10,6,16,340,OH,PIT,9
10,2,10,6,17,228,OH,IAD,9
35,2,10,6,16,483,OH,CMH,9
-5,2,10,6,17,426,OH,RDU,9
15,2,10,6,17,213,OH,DCA,9
-2,2,10,6,17,508,OH,DTW,9
-10,2,10,6,18,301,OH,BUF,9
10,2,10,6,18,187,OH,BOS,9
37,2,10,6,17,589,OH,CVG,9
60,2,10,6,17,740,OH,ORD,9
0,2,10,6,19,187,OH,BOS,9
-20,2,10,6,19,664,OH,IND,9
0,2,11,7,6,187,OH,BOS,8
0,2,11,7,8,288,OH,RIC,8
0,2,11,7,8,301,OH,BUF,8
-5,2,11,7,9,187,OH,BOS,8
-2,2,11,7,10,589,OH,CVG,8
-10,2,11,7,10,187,OH,BOS,8
0,2,11,7,10,829,OH,JAX,8
-1,2,11,7,12,288,OH,RIC,8
5,2,11,7,12,340,OH,PIT,8
-2,2,11,7,12,483,OH,CMH,8
-10,2,11,7,13,228,OH,IAD,8
10,2,11,7,13,264,OH,ROC,8
20,2,11,7,13,508,OH,DTW,8
-10,2,11,7,14,766,OH,BNA,8
-5,2,11,7,15,187,OH,BOS,8
-10,2,11,7,15,213,OH,DCA,8
-10,2,11,7,16,187,OH,BOS,8
120,2,11,7,14,187,OH,BOS,8
-2,2,11,7,16,301,OH,BUF,8
0,2,11,7,16,264,OH,ROC,8
0,2,11,7,16,589,OH,CVG,8
0,2,11,7,16,425,OH,CLE,8
17,2,11,7,16,340,OH,PIT,8
-10,2,11,7,17,508,OH,DTW,8
-1,2,11,7,17,740,OH,ORD,8
45,2,11,7,16,483,OH,CMH,8
35,2,11,7,17,187,OH,BOS,8
25,2,11,7,17,213,OH,DCA,8
50,2,11,7,17,228,OH,IAD,8
0,2,11,7,18,187,OH,BOS,8
0,2,11,7,18,301,OH,BUF,8
57,2,11,7,17,589,OH,CVG,8
-10,2,11,7,19,664,OH,IND,8
15,2,11,7,19,187,OH,BOS,8
16,2,11,7,19,760,OH,ATL,8
25,2,11,7,19,228,OH,IAD,8
0,2,11,7,20,340,OH,PIT,8
30,2,11,7,19,766,OH,BNA,8
-5,2,11,7,20,213,OH,DCA,8
200,2,11,7,17,426,OH,RDU,8
55,2,11,7,20,483,OH,CMH,8
110,2,11,7,19,425,OH,CLE,8
26,2,11,7,21,264,OH,ROC,8
40,2,11,7,21,301,OH,BUF,8
138,2,11,7,20,426,OH,RDU,8
0,2,12,1,6,589,OH,CVG,7
0,2,12,1,6,301,OH,BUF,7
35,2,12,1,6,187,OH,BOS,7
0,2,12,1,8,288,OH,RIC,7
0,2,12,1,8,228,OH,IAD,7
-1,2,12,1,8,508,OH,DTW,7
15,2,12,1,8,426,OH,RDU,7
-5,2,12,1,9,264,OH,ROC,7
45,2,12,1,8,301,OH,BUF,7
20,2,12,1,9,483,OH,CMH,7
55,2,12,1,8,340,OH,PIT,7
95,2,12,1,8,187,OH,BOS,7
20,2,12,1,9,187,OH,BOS,7
0,2,12,1,10,589,OH,CVG,7
0,2,12,1,10,187,OH,BOS,7
0,2,12,1,10,829,OH,JAX,7
25,2,12,1,10,664,OH,IND,7
270,2,12,1,7,213,OH,DCA,7
0,2,12,1,12,288,OH,RIC,7
0,2,12,1,12,213,OH,DCA,7
16,2,12,1,12,340,OH,PIT,7
35,2,12,1,12,483,OH,CMH,7
35,2,12,1,13,228,OH,IAD,7
20,2,12,1,13,264,OH,ROC,7
10,2,12,1,13,508,OH,DTW,7
0,2,12,1,14,187,OH,BOS,7
0,2,12,1,14,766,OH,BNA,7
0,2,12,1,15,213,OH,DCA,7
10,2,12,1,15,187,OH,BOS,7
-5,2,12,1,16,187,OH,BOS,7
0,2,12,1,16,301,OH,BUF,7
0,2,12,1,16,264,OH,ROC,7
-6,2,12,1,16,425,OH,CLE,7
0,2,12,1,16,288,OH,RIC,7
0,2,12,1,16,483,OH,CMH,7
31,2,12,1,16,589,OH,CVG,7
0,2,12,1,17,213,OH,DCA,7
30,2,12,1,16,340,OH,PIT,7
7,2,12,1,17,228,OH,IAD,7
17,2,12,1,17,187,OH,BOS,7
0,2,12,1,17,426,OH,RDU,7
20,2,12,1,17,740,OH,ORD,7
0,2,12,1,18,187,OH,BOS,7
15,2,12,1,18,301,OH,BUF,7
70,2,12,1,17,508,OH,DTW,7
0,2,12,1,19,187,OH,BOS,7
0,2,12,1,19,760,OH,ATL,7
-10,2,12,1,19,425,OH,CLE,7
-5,2,12,1,19,228,OH,IAD,7
0,2,12,1,19,766,OH,BNA,7
-10,2,12,1,20,340,OH,PIT,7
8,2,12,1,20,426,OH,RDU,7
0,2,12,1,20,213,OH,DCA,7
13,2,12,1,20,187,OH,BOS,7
0,2,12,1,21,264,OH,ROC,7
-5,2,13,2,6,187,OH,BOS,6
55,2,13,2,6,301,OH,BUF,6
0,2,13,2,8,426,OH,RDU,6
15,2,13,2,8,187,OH,BOS,6
0,2,13,2,8,301,OH,BUF,6
160,2,13,2,6,589,OH,CVG,6
0,2,13,2,8,508,OH,DTW,6
45,2,13,2,8,288,OH,RIC,6
0,2,13,2,9,187,OH,BOS,6
0,2,13,2,10,187,OH,BOS,6
0,2,13,2,10,829,OH,JAX,6
61,2,13,2,10,425,OH,CLE,6
0,2,13,2,12,340,OH,PIT,6
15,2,13,2,13,508,OH,DTW,6
0,2,13,2,14,187,OH,BOS,6
0,2,13,2,14,766,OH,BNA,6
0,2,13,2,15,187,OH,BOS,6
-4,2,13,2,16,589,OH,CVG,6
5,2,13,2,16,288,OH,RIC,6
-5,2,13,2,17,426,OH,RDU,6
40,2,13,2,17,187,OH,BOS,6
54,2,13,2,17,589,OH,CVG,6
-5,2,13,2,19,187,OH,BOS,6
0,2,13,2,19,766,OH,BNA,6
180,2,13,2,17,740,OH,ORD,6
278,2,14,3,20,426,OH,RDU,5
300,2,14,3,17,213,OH,DCA,5
30,2,15,4,6,187,OH,BOS,4
20,2,15,4,10,187,OH,BOS,4
500,2,15,4,7,740,OH,ORD,4
315,2,16,5,20,340,OH,PIT,3
120,2,16,5,13,228,OH,IAD,3
45,2,16,5,15,213,OH,DCA,3
100,2,16,5,15,187,OH,BOS,3
91,2,16,5,16,589,OH,CVG,3
137,2,16,5,16,187,OH,BOS,3
80,2,16,5,17,740,OH,ORD,3
125,2,16,5,16,483,OH,CMH,3
110,2,16,5,17,213,OH,DCA,3
90,2,16,5,18,187,OH,BOS,3
137,2,16,5,17,589,OH,CVG,3
75,2,16,5,19,760,OH,ATL,3
95,2,16,5,19,187,OH,BOS,3
276,2,16,5,16,264,OH,ROC,3
58,2,16,5,20,426,OH,RDU,3
236,2,16,5,17,228,OH,IAD,3
210,2,16,5,18,301,OH,BUF,3
115,2,16,5,20,187,OH,BOS,3
200,2,16,5,19,740,OH,ORD,3
5,2,17,6,6,187,OH,BOS,2
25,2,17,6,6,301,OH,BUF,2
16,2,17,6,8,228,OH,IAD,2
45,2,17,6,8,187,OH,BOS,2
30,2,17,6,8,508,OH,DTW,2
60,2,17,6,8,340,OH,PIT,2
120,2,17,6,8,426,OH,RDU,2
170,2,17,6,8,288,OH,RIC,2
120,2,17,6,9,187,OH,BOS,2
285,2,17,6,7,740,OH,ORD,2
163,2,17,6,9,483,OH,CMH,2
78,2,17,6,10,664,OH,IND,2
90,2,17,6,10,187,OH,BOS,2
326,2,17,6,7,213,OH,DCA,2
92,2,17,6,10,829,OH,JAX,2
235,2,17,6,8,301,OH,BUF,2
25,2,17,6,12,483,OH,CMH,2
25,2,17,6,13,228,OH,IAD,2
60,2,17,6,12,301,OH,BUF,2
119,2,17,6,12,213,OH,DCA,2
160,2,17,6,12,288,OH,RIC,2
150,2,17,6,13,264,OH,ROC,2
16,2,17,6,16,264,OH,ROC,2
0,2,17,6,16,340,OH,PIT,2
50,2,17,6,16,425,OH,CLE,2
155,2,17,6,15,187,OH,BOS,2
235,2,17,6,13,508,OH,DTW,2
65,2,17,6,16,288,OH,RIC,2
91,2,17,6,16,589,OH,CVG,2
30,2,17,6,17,508,OH,DTW,2
175,2,17,6,15,213,OH,DCA,2
260,2,17,6,14,187,OH,BOS,2
20,2,17,6,18,187,OH,BOS,2
60,2,17,6,17,426,OH,RDU,2
70,2,17,6,17,740,OH,ORD,2
95,2,17,6,17,228,OH,IAD,2
120,2,17,6,16,483,OH,CMH,2
205,2,17,6,16,301,OH,BUF,2
131,2,17,6,17,589,OH,CVG,2
140,2,17,6,17,664,OH,IND,2
175,2,17,6,17,213,OH,DCA,2
245,2,17,6,17,187,OH,BOS,2
132,2,17,6,19,187,OH,BOS,2
200,2,17,6,18,301,OH,BUF,2
0,2,18,7,8,187,OH,BOS,1
70,2,18,7,8,301,OH,BUF,1
5,2,18,7,9,187,OH,BOS,1
10,2,18,7,9,740,OH,ORD,1
10,2,18,7,10,589,OH,CVG,1
0,2,18,7,10,187,OH,BOS,1
0,2,18,7,10,829,OH,JAX,1
0,2,18,7,12,340,OH,PIT,1
-2,2,18,7,12,288,OH,RIC,1
0,2,18,7,12,213,OH,DCA,1
0,2,18,7,12,483,OH,CMH,1
0,2,18,7,13,264,OH,ROC,1
55,2,18,7,12,301,OH,BUF,1
85,2,18,7,12,740,OH,ORD,1
40,2,18,7,13,508,OH,DTW,1
26,2,18,7,14,187,OH,BOS,1
5,2,18,7,15,213,OH,DCA,1
135,2,18,7,13,228,OH,IAD,1
52,2,18,7,15,187,OH,BOS,1
14,2,18,7,16,187,OH,BOS,1
0,2,18,7,16,589,OH,CVG,1
35,2,18,7,16,301,OH,BUF,1
5,2,18,7,16,288,OH,RIC,1
0,2,18,7,17,740,OH,ORD,1
55,2,18,7,16,340,OH,PIT,1
35,2,18,7,17,213,OH,DCA,1
20,2,18,7,17,426,OH,RDU,1
40,2,18,7,17,228,OH,IAD,1
25,2,18,7,18,301,OH,BUF,1
141,2,18,7,16,264,OH,ROC,1
70,2,18,7,17,589,OH,CVG,1
57,2,18,7,18,187,OH,BOS,1
5,2,18,7,19,760,OH,ATL,1
0,2,18,7,19,740,OH,ORD,1
10,2,18,7,19,664,OH,IND,1
160,2,18,7,17,508,OH,DTW,1
60,2,18,7,19,766,OH,BNA,1
270,2,18,7,16,425,OH,CLE,1
80,2,18,7,19,228,OH,IAD,1
30,2,18,7,20,213,OH,DCA,1
90,2,18,7,20,483,OH,CMH,1
21,2,18,7,21,264,OH,ROC,1
85,2,18,7,20,340,OH,PIT,1
73,2,18,7,20,187,OH,BOS,1
230,2,18,7,19,187,OH,BOS,1
178,2,18,7,20,426,OH,RDU,1
230,2,18,7,19,425,OH,CLE,1
0,2,19,1,6,187,OH,BOS,0
0,2,19,1,7,213,OH,DCA,0
0,2,19,1,7,740,OH,ORD,0
35,2,19,1,6,301,OH,BUF,0
0,2,19,1,8,288,OH,RIC,0
0,2,19,1,8,340,OH,PIT,0
20,2,19,1,8,508,OH,DTW,0
60,2,19,1,8,187,OH,BOS,0
55,2,19,1,8,426,OH,RDU,0
66,2,19,1,8,228,OH,IAD,0
35,2,19,1,9,264,OH,ROC,0
30,2,19,1,9,740,OH,ORD,0
85,2,19,1,9,483,OH,CMH,0
142,2,19,1,8,301,OH,BUF,0
41,2,19,1,10,589,OH,CVG,0
35,2,19,1,10,829,OH,JAX,0
65,2,19,1,10,664,OH,IND,0
95,2,19,1,10,187,OH,BOS,0
-10,2,19,1,12,740,OH,ORD,0
15,2,19,1,12,301,OH,BUF,0
20,2,19,1,12,483,OH,CMH,0
51,2,19,1,12,213,OH,DCA,0
70,2,19,1,12,340,OH,PIT,0
9,2,19,1,13,508,OH,DTW,0
95,2,19,1,12,288,OH,RIC,0
13,2,19,1,14,187,OH,BOS,0
-4,2,19,1,15,187,OH,BOS,0
15,2,19,1,15,213,OH,DCA,0
0,2,19,1,16,187,OH,BOS,0
36,2,19,1,16,264,OH,ROC,0
40,2,19,1,16,301,OH,BUF,0
20,2,19,1,16,288,OH,RIC,0
7,2,19,1,17,426,OH,RDU,0
30,2,19,1,17,213,OH,DCA,0
15,2,19,1,17,740,OH,ORD,0
70,2,19,1,16,425,OH,CLE,0
20,2,19,1,17,589,OH,CVG,0
101,2,19,1,16,589,OH,CVG,0
70,2,19,1,17,187,OH,BOS,0
90,2,19,1,16,340,OH,PIT,0
90,2,19,1,16,483,OH,CMH,0
23,2,19,1,18,301,OH,BUF,0
5,2,19,1,19,187,OH,BOS,0
5,2,19,1,19,740,OH,ORD,0
150,2,19,1,17,228,OH,IAD,0
22,2,19,1,19,664,OH,IND,0
40,2,19,1,19,760,OH,ATL,0
25,2,19,1,19,425,OH,CLE,0
143,2,19,1,18,187,OH,BOS,0
40,2,19,1,19,766,OH,BNA,0
50,2,19,1,19,228,OH,IAD,0
33,2,19,1,20,426,OH,RDU,0
59,2,19,1,20,483,OH,CMH,0
45,2,19,1,20,213,OH,DCA,0
53,2,19,1,20,187,OH,BOS,0
26,2,19,1,21,264,OH,ROC,0
-5,2,20,2,6,187,OH,BOS,1
0,2,20,2,6,301,OH,BUF,1
20,2,20,2,7,213,OH,DCA,1
-5,2,20,2,8,288,OH,RIC,1
75,2,20,2,7,740,OH,ORD,1
10,2,20,2,8,187,OH,BOS,1
-2,2,20,2,8,426,OH,RDU,1
0,2,20,2,8,228,OH,IAD,1
10,2,20,2,8,301,OH,BUF,1
0,2,20,2,8,340,OH,PIT,1
0,2,20,2,9,264,OH,ROC,1
70,2,20,2,8,508,OH,DTW,1
0,2,20,2,9,187,OH,BOS,1
18,2,20,2,9,740,OH,ORD,1
0,2,20,2,10,589,OH,CVG,1
-5,2,20,2,10,829,OH,JAX,1
28,2,20,2,10,187,OH,BOS,1
40,2,20,2,10,664,OH,IND,1
0,2,20,2,12,340,OH,PIT,1
0,2,20,2,12,288,OH,RIC,1
0,2,20,2,12,213,OH,DCA,1
20,2,20,2,12,301,OH,BUF,1
38,2,20,2,13,228,OH,IAD,1
15,2,20,2,13,264,OH,ROC,1
60,2,20,2,12,483,OH,CMH,1
10,2,20,2,13,508,OH,DTW,1
14,2,20,2,14,187,OH,BOS,1
115,2,20,2,12,740,OH,ORD,1
-6,2,20,2,15,187,OH,BOS,1
0,2,20,2,15,213,OH,DCA,1
-10,2,20,2,16,187,OH,BOS,1
0,2,20,2,16,301,OH,BUF,1
-2,2,20,2,16,264,OH,ROC,1
0,2,20,2,16,589,OH,CVG,1
10,2,20,2,16,483,OH,CMH,1
-4,2,20,2,17,187,OH,BOS,1
-4,2,20,2,17,213,OH,DCA,1
0,2,20,2,17,228,OH,IAD,1
30,2,20,2,16,288,OH,RIC,1
37,2,20,2,16,340,OH,PIT,1
-5,2,20,2,17,426,OH,RDU,1
0,2,20,2,17,740,OH,ORD,1
85,2,20,2,16,425,OH,CLE,1
45,2,20,2,17,508,OH,DTW,1
39,2,20,2,17,589,OH,CVG,1
35,2,20,2,18,301,OH,BUF,1
60,2,20,2,18,187,OH,BOS,1
9,2,20,2,19,187,OH,BOS,1
15,2,20,2,19,760,OH,ATL,1
0,2,20,2,19,740,OH,ORD,1
0,2,20,2,19,425,OH,CLE,1
0,2,20,2,19,228,OH,IAD,1
0,2,20,2,20,483,OH,CMH,1
13,2,20,2,19,766,OH,BNA,1
13,2,20,2,20,426,OH,RDU,1
15,2,20,2,20,213,OH,DCA,1
28,2,20,2,20,187,OH,BOS,1
110,2,20,2,19,664,OH,IND,1
-10,2,21,3,6,187,OH,BOS,2
-5,2,21,3,6,301,OH,BUF,2
-5,2,21,3,7,740,OH,ORD,2
20,2,21,3,7,213,OH,DCA,2
-5,2,21,3,8,187,OH,BOS,2
5,2,21,3,8,288,OH,RIC,2
0,2,21,3,8,426,OH,RDU,2
0,2,21,3,8,508,OH,DTW,2
0,2,21,3,8,228,OH,IAD,2
-4,2,21,3,9,483,OH,CMH,2
55,2,21,3,8,301,OH,BUF,2
10,2,21,3,9,264,OH,ROC,2
8,2,21,3,9,187,OH,BOS,2
64,2,21,3,8,340,OH,PIT,2
3,2,21,3,9,740,OH,ORD,2
-5,2,21,3,10,187,OH,BOS,2
0,2,21,3,10,664,OH,IND,2
0,2,21,3,10,829,OH,JAX,2
62,2,21,3,10,589,OH,CVG,2
-10,2,21,3,12,288,OH,RIC,2
11,2,21,3,12,301,OH,BUF,2
66,2,21,3,12,213,OH,DCA,2
85,2,21,3,12,340,OH,PIT,2
55,2,21,3,12,483,OH,CMH,2
0,2,21,3,14,187,OH,BOS,2
40,2,21,3,13,264,OH,ROC,2
100,2,21,3,12,740,OH,ORD,2
55,2,21,3,13,508,OH,DTW,2
0,2,21,3,15,187,OH,BOS,2
0,2,21,3,16,264,OH,ROC,2
0,2,21,3,16,288,OH,RIC,2
10,2,21,3,16,425,OH,CLE,2
59,2,21,3,16,301,OH,BUF,2
0,2,21,3,17,213,OH,DCA,2
5,2,21,3,17,228,OH,IAD,2
-10,2,21,3,17,508,OH,DTW,2
0,2,21,3,17,589,OH,CVG,2
35,2,21,3,17,740,OH,ORD,2
100,2,21,3,16,483,OH,CMH,2
45,2,21,3,18,187,OH,BOS,2
45,2,21,3,18,301,OH,BUF,2
90,2,21,3,17,426,OH,RDU,2
0,2,21,3,19,760,OH,ATL,2
145,2,21,3,16,340,OH,PIT,2
0,2,21,3,19,664,OH,IND,2
0,2,21,3,19,740,OH,ORD,2
150,2,21,3,17,187,OH,BOS,2
5,2,21,3,19,425,OH,CLE,2
30,2,21,3,19,187,OH,BOS,2
0,2,21,3,20,483,OH,CMH,2
8,2,21,3,20,426,OH,RDU,2
241,2,21,3,16,589,OH,CVG,2
45,2,21,3,19,228,OH,IAD,2
8,2,21,3,20,187,OH,BOS,2
40,2,21,3,20,340,OH,PIT,2
75,2,21,3,19,766,OH,BNA,2
-3,2,22,4,6,187,OH,BOS,3
-4,2,22,4,7,213,OH,DCA,3
10,2,22,4,8,187,OH,BOS,3
8,2,22,4,8,288,OH,RIC,3
-6,2,22,4,8,228,OH,IAD,3
10,2,22,4,8,508,OH,DTW,3
-3,2,22,4,8,340,OH,PIT,3
45,2,22,4,8,426,OH,RDU,3
5,2,22,4,9,483,OH,CMH,3
0,2,22,4,9,264,OH,ROC,3
0,2,22,4,9,187,OH,BOS,3
0,2,22,4,10,589,OH,CVG,3
-5,2,22,4,10,187,OH,BOS,3
-5,2,22,4,10,829,OH,JAX,3
0,2,22,4,10,664,OH,IND,3
75,2,22,4,9,740,OH,ORD,3
-5,2,22,4,12,340,OH,PIT,3
0,2,22,4,12,288,OH,RIC,3
0,2,22,4,12,301,OH,BUF,3
0,2,22,4,12,740,OH,ORD,3
25,2,22,4,13,228,OH,IAD,3
0,2,22,4,13,264,OH,ROC,3
77,2,22,4,12,213,OH,DCA,3
56,2,22,4,12,483,OH,CMH,3
10,2,22,4,14,187,OH,BOS,3
25,2,22,4,15,213,OH,DCA,3
120,2,22,4,13,508,OH,DTW,3
58,2,22,4,15,187,OH,BOS,3
0,2,22,4,16,187,OH,BOS,3
36,2,22,4,16,264,OH,ROC,3
20,2,22,4,16,288,OH,RIC,3
35,2,22,4,16,425,OH,CLE,3
30,2,22,4,17,508,OH,DTW,3
90,2,22,4,17,187,OH,BOS,3
40,2,22,4,18,301,OH,BUF,3
107,2,22,4,17,740,OH,ORD,3
150,2,22,4,16,340,OH,PIT,3
150,2,22,4,17,228,OH,IAD,3
132,2,22,4,17,589,OH,CVG,3
230,2,22,4,16,301,OH,BUF,3
130,2,22,4,18,187,OH,BOS,3
207,2,22,4,16,483,OH,CMH,3
90,2,22,4,19,187,OH,BOS,3
75,2,22,4,19,664,OH,IND,3
225,2,22,4,17,213,OH,DCA,3
60,2,22,4,20,483,OH,CMH,3
40,2,22,4,20,340,OH,PIT,3
95,2,22,4,19,425,OH,CLE,3
120,2,22,4,19,740,OH,ORD,3
140,2,22,4,19,760,OH,ATL,3
55,2,22,4,20,213,OH,DCA,3
120,2,22,4,19,228,OH,IAD,3
46,2,22,4,21,264,OH,ROC,3
125,2,22,4,19,766,OH,BNA,3
129,2,22,4,20,426,OH,RDU,3
113,2,22,4,20,187,OH,BOS,3
15,2,23,5,7,213,OH,DCA,4
35,2,23,5,6,301,OH,BUF,4
45,2,23,5,6,187,OH,BOS,4
80,2,23,5,7,740,OH,ORD,4
0,2,23,5,8,301,OH,BUF,4
10,2,23,5,8,508,OH,DTW,4
30,2,23,5,8,426,OH,RDU,4
31,2,23,5,8,340,OH,PIT,4
71,2,23,5,8,228,OH,IAD,4
0,2,23,5,9,740,OH,ORD,4
43,2,23,5,9,483,OH,CMH,4
113,2,23,5,8,187,OH,BOS,4
125,2,23,5,8,288,OH,RIC,4
0,2,23,5,10,589,OH,CVG,4
0,2,23,5,10,187,OH,BOS,4
70,2,23,5,9,187,OH,BOS,4
86,2,23,5,9,264,OH,ROC,4
59,2,23,5,10,664,OH,IND,4
70,2,23,5,10,829,OH,JAX,4
0,2,23,5,12,340,OH,PIT,4
0,2,23,5,12,213,OH,DCA,4
0,2,23,5,12,301,OH,BUF,4
0,2,23,5,12,483,OH,CMH,4
0,2,23,5,13,228,OH,IAD,4
50,2,23,5,13,264,OH,ROC,4
135,2,23,5,12,288,OH,RIC,4
-10,2,23,5,15,187,OH,BOS,4
0,2,23,5,15,213,OH,DCA,4
101,2,23,5,13,508,OH,DTW,4
0,2,23,5,16,187,OH,BOS,4
130,2,23,5,14,187,OH,BOS,4
0,2,23,5,16,301,OH,BUF,4
0,2,23,5,16,288,OH,RIC,4
26,2,23,5,16,589,OH,CVG,4
42,2,23,5,16,264,OH,ROC,4
0,2,23,5,17,740,OH,ORD,4
50,2,23,5,16,425,OH,CLE,4
30,2,23,5,17,213,OH,DCA,4
40,2,23,5,17,228,OH,IAD,4
30,2,23,5,17,508,OH,DTW,4
98,2,23,5,16,340,OH,PIT,4
120,2,23,5,16,483,OH,CMH,4
45,2,23,5,18,301,OH,BUF,4
52,2,23,5,18,187,OH,BOS,4
85,2,23,5,17,426,OH,RDU,4
87,2,23,5,17,589,OH,CVG,4
0,2,23,5,19,740,OH,ORD,4
20,2,23,5,19,760,OH,ATL,4
30,2,23,5,19,187,OH,BOS,4
163,2,23,5,17,187,OH,BOS,4
0,2,23,5,19,228,OH,IAD,4
30,2,23,5,19,425,OH,CLE,4
50,2,23,5,19,664,OH,IND,4
25,2,23,5,20,483,OH,CMH,4
25,2,23,5,20,340,OH,PIT,4
67,2,23,5,20,426,OH,RDU,4
43,2,23,5,20,187,OH,BOS,4
117,2,23,5,19,766,OH,BNA,4
69,2,23,5,20,213,OH,DCA,4
51,2,23,5,21,264,OH,ROC,4
60,2,23,5,21,301,OH,BUF,4
-5,2,24,6,6,187,OH,BOS,5
40,2,24,6,7,213,OH,DCA,5
65,2,24,6,7,740,OH,ORD,5
15,2,24,6,8,187,OH,BOS,5
0,2,24,6,8,508,OH,DTW,5
20,2,24,6,8,301,OH,BUF,5
30,2,24,6,8,426,OH,RDU,5
0,2,24,6,9,483,OH,CMH,5
40,2,24,6,8,340,OH,PIT,5
5,2,24,6,9,187,OH,BOS,5
0,2,24,6,9,740,OH,ORD,5
81,2,24,6,8,228,OH,IAD,5
110,2,24,6,8,288,OH,RIC,5
65,2,24,6,9,264,OH,ROC,5
-7,2,24,6,10,829,OH,JAX,5
10,2,24,6,10,664,OH,IND,5
25,2,24,6,10,187,OH,BOS,5
0,2,24,6,12,340,OH,PIT,5
0,2,24,6,12,288,OH,RIC,5
0,2,24,6,12,213,OH,DCA,5
0,2,24,6,13,228,OH,IAD,5
25,2,24,6,12,301,OH,BUF,5
25,2,24,6,13,264,OH,ROC,5
65,2,24,6,12,740,OH,ORD,5
20,2,24,6,13,508,OH,DTW,5
80,2,24,6,12,483,OH,CMH,5
60,2,24,6,14,187,OH,BOS,5
0,2,24,6,15,187,OH,BOS,5
-5,2,24,6,15,213,OH,DCA,5
0,2,24,6,16,301,OH,BUF,5
0,2,24,6,16,589,OH,CVG,5
-1,2,24,6,16,340,OH,PIT,5
5,2,24,6,16,288,OH,RIC,5
36,2,24,6,16,264,OH,ROC,5
25,2,24,6,16,425,OH,CLE,5
42,2,24,6,16,483,OH,CMH,5
0,2,24,6,17,426,OH,RDU,5
0,2,24,6,17,508,OH,DTW,5
30,2,24,6,17,187,OH,BOS,5
0,2,24,6,18,301,OH,BUF,5
69,2,24,6,17,228,OH,IAD,5
42,2,24,6,17,589,OH,CVG,5
35,2,24,6,18,187,OH,BOS,5
15,2,24,6,19,187,OH,BOS,5
0,2,25,7,8,301,OH,BUF,6
0,2,25,7,9,187,OH,BOS,6
108,2,25,7,8,187,OH,BOS,6
-5,2,25,7,10,589,OH,CVG,6
30,2,25,7,9,740,OH,ORD,6
-5,2,25,7,10,829,OH,JAX,6
0,2,25,7,10,187,OH,BOS,6
5,2,25,7,12,340,OH,PIT,6
20,2,25,7,12,301,OH,BUF,6
29,2,25,7,12,483,OH,CMH,6
45,2,25,7,12,740,OH,ORD,6
72,2,25,7,12,213,OH,DCA,6
24,2,25,7,13,264,OH,ROC,6
23,2,25,7,13,508,OH,DTW,6
10,2,25,7,14,187,OH,BOS,6
-10,2,25,7,15,187,OH,BOS,6
0,2,25,7,16,301,OH,BUF,6
15,2,25,7,16,187,OH,BOS,6
0,2,25,7,17,187,OH,BOS,6
24,2,25,7,16,425,OH,CLE,6
20,2,25,7,16,288,OH,RIC,6
0,2,25,7,17,740,OH,ORD,6
76,2,25,7,16,264,OH,ROC,6
78,2,25,7,16,589,OH,CVG,6
40,2,25,7,17,213,OH,DCA,6
27,2,25,7,17,589,OH,CVG,6
10,2,25,7,18,187,OH,BOS,6
110,2,25,7,17,508,OH,DTW,6
50,2,25,7,19,187,OH,BOS,6
255,2,25,7,16,340,OH,PIT,6
135,2,25,7,19,425,OH,CLE,6
95,2,26,1,8,187,OH,BOS,7
10,2,26,1,12,288,OH,RIC,7
20,2,26,1,12,483,OH,CMH,7
35,2,26,1,13,228,OH,IAD,7
5,2,26,1,13,264,OH,ROC,7
71,2,26,1,12,213,OH,DCA,7
5,2,26,1,13,508,OH,DTW,7
15,2,26,1,14,187,OH,BOS,7
220,2,26,1,10,664,OH,IND,7
-10,2,26,1,15,213,OH,DCA,7
0,2,26,1,15,187,OH,BOS,7
10,2,26,1,16,187,OH,BOS,7
0,2,26,1,16,301,OH,BUF,7
0,2,26,1,16,425,OH,CLE,7
40,2,26,1,16,340,OH,PIT,7
65,2,26,1,16,288,OH,RIC,7
40,2,26,1,17,213,OH,DCA,7
78,2,26,1,17,187,OH,BOS,7
70,2,26,1,17,228,OH,IAD,7
60,2,26,1,17,508,OH,DTW,7
120,2,26,1,16,483,OH,CMH,7
90,2,26,1,17,740,OH,ORD,7
79,2,26,1,18,301,OH,BUF,7
15,2,26,1,19,760,OH,ATL,7
10,2,26,1,19,425,OH,CLE,7
-10,2,26,1,19,766,OH,BNA,7
108,2,26,1,18,187,OH,BOS,7
50,2,26,1,19,740,OH,ORD,7
-5,2,26,1,20,213,OH,DCA,7
40,2,26,1,20,340,OH,PIT,7
70,2,26,1,19,228,OH,IAD,7
65,2,26,1,20,483,OH,CMH,7
28,2,26,1,20,187,OH,BOS,7
11,2,26,1,21,264,OH,ROC,7
78,2,26,1,20,426,OH,RDU,7
-5,2,27,2,6,187,OH,BOS,8
5,2,27,2,6,301,OH,BUF,8
-10,2,27,2,7,740,OH,ORD,8
0,2,27,2,7,213,OH,DCA,8
0,2,27,2,8,426,OH,RDU,8
-5,2,27,2,8,508,OH,DTW,8
18,2,27,2,8,187,OH,BOS,8
0,2,27,2,8,340,OH,PIT,8
35,2,27,2,8,288,OH,RIC,8
0,2,27,2,9,483,OH,CMH,8
0,2,27,2,9,264,OH,ROC,8
0,2,27,2,9,740,OH,ORD,8
10,2,27,2,9,187,OH,BOS,8
93,2,27,2,8,301,OH,BUF,8
91,2,27,2,8,228,OH,IAD,8
-5,2,27,2,10,187,OH,BOS,8
0,2,27,2,10,664,OH,IND,8
55,2,27,2,10,829,OH,JAX,8
-4,2,27,2,12,340,OH,PIT,8
0,2,27,2,12,288,OH,RIC,8
-5,2,27,2,12,301,OH,BUF,8
0,2,27,2,12,740,OH,ORD,8
31,2,27,2,12,213,OH,DCA,8
10,2,27,2,14,187,OH,BOS,8
45,2,27,2,13,589,OH,CVG,8
35,2,27,2,13,508,OH,DTW,8
100,2,27,2,12,483,OH,CMH,8
70,2,27,2,13,264,OH,ROC,8
103,2,27,2,13,228,OH,IAD,8
15,2,27,2,15,187,OH,BOS,8
21,2,27,2,15,213,OH,DCA,8
-6,2,27,2,16,264,OH,ROC,8
10,2,27,2,16,187,OH,BOS,8
0,2,27,2,16,301,OH,BUF,8
0,2,27,2,16,425,OH,CLE,8
0,2,27,2,16,288,OH,RIC,8
16,2,27,2,16,589,OH,CVG,8
10,2,27,2,17,187,OH,BOS,8
-8,2,27,2,17,589,OH,CVG,8
0,2,27,2,17,426,OH,RDU,8
0,2,27,2,17,508,OH,DTW,8
35,2,27,2,17,228,OH,IAD,8
10,2,27,2,18,301,OH,BUF,8
71,2,27,2,17,213,OH,DCA,8
100,2,27,2,16,340,OH,PIT,8
75,2,27,2,17,740,OH,ORD,8
135,2,27,2,16,483,OH,CMH,8
0,2,27,2,19,760,OH,ATL,8
15,2,27,2,19,187,OH,BOS,8
-7,2,27,2,19,425,OH,CLE,8
100,2,27,2,18,187,OH,BOS,8
25,2,27,2,19,664,OH,IND,8
0,2,27,2,19,766,OH,BNA,8
12,2,27,2,20,483,OH,CMH,8
30,2,27,2,19,228,OH,IAD,8
20,2,27,2,20,340,OH,PIT,8
0,2,27,2,20,187,OH,BOS,8
95,2,27,2,19,740,OH,ORD,8
15,2,27,2,20,213,OH,DCA,8
63,2,27,2,20,426,OH,RDU,8
0,2,27,2,21,264,OH,ROC,8
0,2,28,3,6,187,OH,BOS,9
0,2,28,3,6,301,OH,BUF,9
-8,2,28,3,7,740,OH,ORD,9
0,2,28,3,7,213,OH,DCA,9
-8,2,28,3,8,301,OH,BUF,9
-1,2,28,3,8,426,OH,RDU,9
15,2,28,3,8,288,OH,RIC,9
0,2,28,3,8,228,OH,IAD,9
-5,2,28,3,8,340,OH,PIT,9
32,2,28,3,8,187,OH,BOS,9
28,2,28,3,8,508,OH,DTW,9
-5,2,28,3,9,483,OH,CMH,9
-7,2,28,3,9,264,OH,ROC,9
-10,2,28,3,9,740,OH,ORD,9
0,2,28,3,9,187,OH,BOS,9
0,2,28,3,10,589,OH,CVG,9
-8,2,28,3,10,664,OH,IND,9
-5,2,28,3,10,829,OH,JAX,9
5,2,28,3,10,187,OH,BOS,9
-10,2,28,3,12,288,OH,RIC,9
-5,2,28,3,12,340,OH,PIT,9
-4,2,28,3,12,213,OH,DCA,9
0,2,28,3,12,301,OH,BUF,9
-5,2,28,3,12,483,OH,CMH,9
-5,2,28,3,13,228,OH,IAD,9
15,2,28,3,12,740,OH,ORD,9
10,2,28,3,13,508,OH,DTW,9
30,2,28,3,13,264,OH,ROC,9
0,2,28,3,14,187,OH,BOS,9
0,2,28,3,15,187,OH,BOS,9
0,2,28,3,15,213,OH,DCA,9
0,2,28,3,16,187,OH,BOS,9
9,2,28,3,16,589,OH,CVG,9
41,2,28,3,16,264,OH,ROC,9
0,2,28,3,17,187,OH,BOS,9
25,2,28,3,16,288,OH,RIC,9
0,2,28,3,17,228,OH,IAD,9
25,2,28,3,16,483,OH,CMH,9
-10,2,28,3,17,426,OH,RDU,9
13,2,28,3,17,213,OH,DCA,9
45,2,28,3,16,340,OH,PIT,9
0,2,28,3,17,508,OH,DTW,9
10,2,28,3,17,740,OH,ORD,9
-5,2,28,3,18,187,OH,BOS,9
20,2,28,3,17,589,OH,CVG,9
80,2,28,3,16,425,OH,CLE,9
135,2,28,3,16,301,OH,BUF,9
35,2,28,3,18,301,OH,BUF,9
-7,2,28,3,19,760,OH,ATL,9
0,2,28,3,19,664,OH,IND,9
17,2,28,3,19,740,OH,ORD,9
-5,2,28,3,19,766,OH,BNA,9
55,2,28,3,19,187,OH,BOS,9
15,2,28,3,19,228,OH,IAD,9
0,2,28,3,20,426,OH,RDU,9
25,2,28,3,20,483,OH,CMH,9
0,2,28,3,20,187,OH,BOS,9
25,2,28,3,20,340,OH,PIT,9
0,2,28,3,20,213,OH,DCA,9
-11,2,28,3,21,264,OH,ROC,9
215,2,28,3,19,425,OH,CLE,9
0,2,1,4,6,2586,UA,SFO,17
-4,2,2,5,6,2586,UA,SFO,17
-5,2,3,6,6,2586,UA,SFO,16
-1,2,5,1,6,2586,UA,SFO,14
-6,2,6,2,6,2586,UA,SFO,13
-2,2,8,4,6,2586,UA,SFO,11
-8,2,9,5,6,2586,UA,SFO,10
24,2,10,6,6,2586,UA,SFO,9
-2,2,12,1,6,2586,UA,SFO,7
15,2,13,2,6,2586,UA,SFO,6
24,2,15,4,6,2586,UA,SFO,4
-1,2,16,5,6,2586,UA,SFO,3
2,2,17,6,6,2586,UA,SFO,2
18,2,19,1,6,2586,UA,SFO,0
-4,2,20,2,6,2586,UA,SFO,1
-2,2,21,3,6,2586,UA,SFO,2
4,2,22,4,6,2586,UA,SFO,3
-1,2,23,5,6,2586,UA,SFO,4
-5,2,24,6,6,2586,UA,SFO,5
-2,2,26,1,6,2586,UA,SFO,7
-7,2,27,2,6,2586,UA,SFO,8
1,2,28,3,6,2586,UA,SFO,9
-2,2,1,4,9,2586,UA,SFO,17
-5,2,2,5,9,2586,UA,SFO,17
-5,2,4,7,9,2586,UA,SFO,15
-3,2,5,1,9,2586,UA,SFO,14
-5,2,6,2,9,2586,UA,SFO,13
7,2,7,3,9,2586,UA,SFO,12
-9,2,8,4,9,2586,UA,SFO,11
2,2,9,5,9,2586,UA,SFO,10
-13,2,10,6,9,2586,UA,SFO,9
-6,2,11,7,9,2586,UA,SFO,8
4,2,12,1,9,2586,UA,SFO,7
94,2,15,4,9,2586,UA,SFO,4
-3,2,16,5,9,2586,UA,SFO,3
16,2,17,6,9,2586,UA,SFO,2
-5,2,18,7,9,2586,UA,SFO,1
-1,2,19,1,9,2586,UA,SFO,0
-9,2,20,2,9,2586,UA,SFO,1
-6,2,21,3,9,2586,UA,SFO,2
-8,2,22,4,9,2586,UA,SFO,3
-7,2,24,6,9,2586,UA,SFO,5
-4,2,25,7,9,2586,UA,SFO,6
103,2,26,1,9,2586,UA,SFO,7
-3,2,27,2,9,2586,UA,SFO,8
-6,2,28,3,9,2586,UA,SFO,9
-6,2,1,4,11,2586,UA,SFO,17
14,2,2,5,11,2586,UA,SFO,17
-5,2,3,6,11,2586,UA,SFO,16
-4,2,4,7,11,2586,UA,SFO,15
-1,2,5,1,11,2586,UA,SFO,14
-1,2,6,2,11,2586,UA,SFO,13
-4,2,7,3,11,2586,UA,SFO,12
-6,2,8,4,11,2586,UA,SFO,11
-1,2,9,5,11,2586,UA,SFO,10
-3,2,10,6,11,2586,UA,SFO,9
-10,2,11,7,11,2586,UA,SFO,8
0,2,12,1,11,2586,UA,SFO,7
0,2,13,2,11,2586,UA,SFO,6
53,2,15,4,11,2586,UA,SFO,4
0,2,16,5,11,2586,UA,SFO,3
5,2,17,6,11,2586,UA,SFO,2
-2,2,18,7,11,2586,UA,SFO,1
-9,2,19,1,11,2586,UA,SFO,0
-3,2,20,2,11,2586,UA,SFO,1
-3,2,21,3,11,2586,UA,SFO,2
-8,2,22,4,11,2586,UA,SFO,3
-8,2,23,5,11,2586,UA,SFO,4
1,2,24,6,11,2586,UA,SFO,5
-2,2,25,7,11,2586,UA,SFO,6
-5,2,26,1,11,2586,UA,SFO,7
-3,2,27,2,11,2586,UA,SFO,8
-4,2,28,3,11,2586,UA,SFO,9
0,2,1,4,15,2586,UA,SFO,17
-4,2,2,5,15,2586,UA,SFO,17
-7,2,3,6,15,2586,UA,SFO,16
-9,2,4,7,15,2586,UA,SFO,15
-7,2,5,1,15,2586,UA,SFO,14
-6,2,6,2,15,2586,UA,SFO,13
-4,2,7,3,15,2586,UA,SFO,12
3,2,8,4,15,2586,UA,SFO,11
25,2,9,5,15,2586,UA,SFO,10
-10,2,10,6,15,2586,UA,SFO,9
-9,2,11,7,15,2586,UA,SFO,8
69,2,12,1,15,2586,UA,SFO,7
-5,2,13,2,15,2586,UA,SFO,6
55,2,15,4,15,2586,UA,SFO,4
6,2,16,5,15,2586,UA,SFO,3
-4,2,17,6,15,2586,UA,SFO,2
5,2,18,7,15,2586,UA,SFO,1
20,2,19,1,15,2586,UA,SFO,0
0,2,20,2,15,2586,UA,SFO,1
-1,2,21,3,15,2586,UA,SFO,2
-1,2,22,4,15,2586,UA,SFO,3
0,2,23,5,15,2586,UA,SFO,4
-2,2,24,6,15,2586,UA,SFO,5
-7,2,25,7,15,2586,UA,SFO,6
-6,2,26,1,15,2586,UA,SFO,7
83,2,27,2,15,2586,UA,SFO,8
-3,2,28,3,15,2586,UA,SFO,9
-2,2,1,4,20,2586,UA,SFO,17
57,2,2,5,20,2586,UA,SFO,17
-4,2,4,7,20,2586,UA,SFO,15
1,2,5,1,20,2586,UA,SFO,14
-4,2,6,2,20,2586,UA,SFO,13
-3,2,7,3,20,2586,UA,SFO,12
9,2,8,4,20,2586,UA,SFO,11
-1,2,9,5,20,2586,UA,SFO,10
7,2,11,7,20,2586,UA,SFO,8
-1,2,12,1,20,2586,UA,SFO,7
-6,2,13,2,20,2586,UA,SFO,6
147,2,15,4,20,2586,UA,SFO,4
206,2,16,5,20,2586,UA,SFO,3
-2,2,18,7,20,2586,UA,SFO,1
1,2,19,1,20,2586,UA,SFO,0
20,2,20,2,20,2586,UA,SFO,1
15,2,21,3,20,2586,UA,SFO,2
69,2,22,4,20,2586,UA,SFO,3
-3,2,23,5,20,2586,UA,SFO,4
5,2,25,7,20,2586,UA,SFO,6
69,2,26,1,20,2586,UA,SFO,7
16,2,27,2,20,2586,UA,SFO,8
-8,2,28,3,20,2586,UA,SFO,9
-8,2,1,4,8,2475,UA,LAX,17
6,2,2,5,8,2475,UA,LAX,17
-6,2,3,6,8,2475,UA,LAX,16
-3,2,4,7,8,2475,UA,LAX,15
-3,2,5,1,8,2475,UA,LAX,14
-5,2,6,2,8,2475,UA,LAX,13
-2,2,7,3,8,2475,UA,LAX,12
6,2,8,4,8,2475,UA,LAX,11
-5,2,9,5,8,2475,UA,LAX,10
-4,2,10,6,8,2475,UA,LAX,9
0,2,11,7,8,2475,UA,LAX,8
0,2,12,1,8,2475,UA,LAX,7
-7,2,13,2,8,2475,UA,LAX,6
89,2,15,4,8,2475,UA,LAX,4
4,2,16,5,8,2475,UA,LAX,3
6,2,17,6,8,2475,UA,LAX,2
-4,2,18,7,8,2475,UA,LAX,1
69,2,19,1,8,2475,UA,LAX,0
-5,2,20,2,8,2475,UA,LAX,1
-1,2,21,3,8,2475,UA,LAX,2
-2,2,22,4,8,2475,UA,LAX,3
1,2,23,5,8,2475,UA,LAX,4
-5,2,24,6,8,2475,UA,LAX,5
-9,2,25,7,8,2475,UA,LAX,6
-3,2,26,1,8,2475,UA,LAX,7
-6,2,27,2,8,2475,UA,LAX,8
-8,2,28,3,8,2475,UA,LAX,9
-5,2,1,4,11,2475,UA,LAX,17
-2,2,2,5,11,2475,UA,LAX,17
-4,2,3,6,11,2475,UA,LAX,16
-2,2,4,7,11,2475,UA,LAX,15
-8,2,5,1,11,2475,UA,LAX,14
-9,2,6,2,11,2475,UA,LAX,13
-5,2,7,3,11,2475,UA,LAX,12
6,2,8,4,11,2475,UA,LAX,11
-2,2,9,5,11,2475,UA,LAX,10
-2,2,10,6,11,2475,UA,LAX,9
-6,2,11,7,11,2475,UA,LAX,8
-2,2,12,1,11,2475,UA,LAX,7
-6,2,13,2,11,2475,UA,LAX,6
191,2,15,4,11,2475,UA,LAX,4
0,2,16,5,11,2475,UA,LAX,3
19,2,17,6,11,2475,UA,LAX,2
-4,2,18,7,11,2475,UA,LAX,1
2,2,19,1,11,2475,UA,LAX,0
-4,2,20,2,11,2475,UA,LAX,1
-6,2,21,3,11,2475,UA,LAX,2
-4,2,22,4,11,2475,UA,LAX,3
-4,2,23,5,11,2475,UA,LAX,4
-4,2,24,6,11,2475,UA,LAX,5
-6,2,25,7,11,2475,UA,LAX,6
-3,2,26,1,11,2475,UA,LAX,7
-4,2,27,2,11,2475,UA,LAX,8
-3,2,28,3,11,2475,UA,LAX,9
-5,2,1,4,14,2475,UA,LAX,17
-1,2,2,5,14,2475,UA,LAX,17
-6,2,3,6,14,2475,UA,LAX,16
-8,2,4,7,14,2475,UA,LAX,15
-4,2,5,1,14,2475,UA,LAX,14
-5,2,6,2,14,2475,UA,LAX,13
-5,2,7,3,14,2475,UA,LAX,12
-6,2,8,4,14,2475,UA,LAX,11
-6,2,9,5,14,2475,UA,LAX,10
-4,2,10,6,14,2475,UA,LAX,9
0,2,11,7,14,2475,UA,LAX,8
311,2,12,1,14,2475,UA,LAX,7
-7,2,13,2,14,2475,UA,LAX,6
27,2,15,4,14,2475,UA,LAX,4
27,2,16,5,14,2475,UA,LAX,3
-4,2,17,6,14,2475,UA,LAX,2
16,2,18,7,14,2475,UA,LAX,1
-5,2,19,1,14,2475,UA,LAX,0
14,2,20,2,14,2475,UA,LAX,1
-8,2,21,3,14,2475,UA,LAX,2
-3,2,22,4,14,2475,UA,LAX,3
-6,2,23,5,14,2475,UA,LAX,4
-8,2,24,6,14,2475,UA,LAX,5
-5,2,25,7,14,2475,UA,LAX,6
-4,2,26,1,14,2475,UA,LAX,7
-8,2,27,2,14,2475,UA,LAX,8
-4,2,28,3,14,2475,UA,LAX,9
-5,2,1,4,16,2475,UA,LAX,17
-6,2,2,5,16,2475,UA,LAX,17
-7,2,3,6,16,2475,UA,LAX,16
-1,2,4,7,16,2475,UA,LAX,15
-4,2,5,1,16,2475,UA,LAX,14
-7,2,6,2,16,2475,UA,LAX,13
-7,2,7,3,16,2475,UA,LAX,12
-7,2,8,4,16,2475,UA,LAX,11
-3,2,9,5,16,2475,UA,LAX,10
-2,2,10,6,16,2475,UA,LAX,9
-4,2,11,7,16,2475,UA,LAX,8
72,2,12,1,16,2475,UA,LAX,7
-2,2,13,2,16,2475,UA,LAX,6
35,2,15,4,16,2475,UA,LAX,4
-1,2,16,5,16,2475,UA,LAX,3
-1,2,17,6,16,2475,UA,LAX,2
6,2,18,7,16,2475,UA,LAX,1
21,2,19,1,16,2475,UA,LAX,0
4,2,20,2,16,2475,UA,LAX,1
-6,2,21,3,16,2475,UA,LAX,2
-3,2,22,4,16,2475,UA,LAX,3
-6,2,23,5,16,2475,UA,LAX,4
-3,2,24,6,16,2475,UA,LAX,5
-3,2,25,7,16,2475,UA,LAX,6
-1,2,26,1,16,2475,UA,LAX,7
-2,2,27,2,16,2475,UA,LAX,8
-10,2,28,3,16,2475,UA,LAX,9
104,2,1,4,20,2475,UA,LAX,17
55,2,2,5,20,2475,UA,LAX,17
-2,2,4,7,20,2475,UA,LAX,15
-4,2,5,1,20,2475,UA,LAX,14
-8,2,6,2,20,2475,UA,LAX,13
-8,2,7,3,20,2475,UA,LAX,12
36,2,8,4,20,2475,UA,LAX,11
2,2,9,5,20,2475,UA,LAX,10
3,2,11,7,20,2475,UA,LAX,8
-2,2,12,1,20,2475,UA,LAX,7
41,2,13,2,20,2475,UA,LAX,6
283,2,15,4,20,2475,UA,LAX,4
128,2,16,5,20,2475,UA,LAX,3
-2,2,18,7,20,2475,UA,LAX,1
-3,2,19,1,20,2475,UA,LAX,0
3,2,20,2,20,2475,UA,LAX,1
-11,2,21,3,20,2475,UA,LAX,2
48,2,22,4,20,2475,UA,LAX,3
-4,2,23,5,20,2475,UA,LAX,4
-2,2,25,7,20,2475,UA,LAX,6
0,2,26,1,20,2475,UA,LAX,7
-4,2,27,2,20,2475,UA,LAX,8
47,2,28,3,20,2475,UA,LAX,9
-5,2,4,7,18,2475,UA,LAX,15
-4,2,5,1,18,2475,UA,LAX,14
27,2,6,2,18,2475,UA,LAX,13
0,2,7,3,18,2475,UA,LAX,12
113,2,1,4,17,2475,UA,LAX,17
-10,2,2,5,17,2475,UA,LAX,17
-7,2,3,6,17,2475,UA,LAX,16
2,2,4,7,17,2475,UA,LAX,15
0,2,5,1,17,2475,UA,LAX,14
-10,2,6,2,17,2475,UA,LAX,13
-6,2,7,3,17,2475,UA,LAX,12
1,2,8,4,17,2475,UA,LAX,11
23,2,9,5,17,2475,UA,LAX,10
-3,2,10,6,17,2475,UA,LAX,9
34,2,11,7,17,2475,UA,LAX,8
-2,2,12,1,17,2475,UA,LAX,7
-5,2,13,2,17,2475,UA,LAX,6
32,2,15,4,17,2475,UA,LAX,4
16,2,16,5,17,2475,UA,LAX,3
29,2,17,6,17,2475,UA,LAX,2
41,2,18,7,17,2475,UA,LAX,1
3,2,19,1,17,2475,UA,LAX,0
-6,2,20,2,17,2475,UA,LAX,1
-6,2,21,3,17,2475,UA,LAX,2
3,2,22,4,17,2475,UA,LAX,3
-4,2,23,5,17,2475,UA,LAX,4
-4,2,24,6,17,2475,UA,LAX,5
30,2,25,7,17,2475,UA,LAX,6
-5,2,26,1,17,2475,UA,LAX,7
0,2,27,2,17,2475,UA,LAX,8
-11,2,28,3,17,2475,UA,LAX,9
-6,2,1,4,6,2475,UA,LAX,17
-4,2,2,5,6,2475,UA,LAX,17
-6,2,3,6,6,2475,UA,LAX,16
-6,2,4,7,6,2475,UA,LAX,15
-5,2,5,1,6,2475,UA,LAX,14
-5,2,6,2,6,2475,UA,LAX,13
5,2,7,3,6,2475,UA,LAX,12
0,2,8,4,6,2475,UA,LAX,11
0,2,9,5,6,2475,UA,LAX,10
5,2,10,6,6,2475,UA,LAX,9
-10,2,11,7,6,2475,UA,LAX,8
-4,2,12,1,6,2475,UA,LAX,7
-4,2,13,2,6,2475,UA,LAX,6
-2,2,15,4,7,2475,UA,LAX,4
13,2,16,5,7,2475,UA,LAX,3
0,2,17,6,7,2475,UA,LAX,2
-3,2,18,7,7,2475,UA,LAX,1
4,2,19,1,7,2475,UA,LAX,0
-5,2,20,2,7,2475,UA,LAX,1
-8,2,21,3,7,2475,UA,LAX,2
-9,2,22,4,7,2475,UA,LAX,3
-1,2,23,5,7,2475,UA,LAX,4
-4,2,24,6,7,2475,UA,LAX,5
-10,2,25,7,7,2475,UA,LAX,6
-7,2,26,1,7,2475,UA,LAX,7
-6,2,27,2,7,2475,UA,LAX,8
-5,2,28,3,7,2475,UA,LAX,9
-2,2,1,4,8,2586,UA,SFO,17
-7,2,2,5,8,2586,UA,SFO,17
-4,2,3,6,8,2586,UA,SFO,16
-7,2,4,7,8,2586,UA,SFO,15
-4,2,5,1,8,2586,UA,SFO,14
-7,2,6,2,8,2586,UA,SFO,13
6,2,7,3,8,2586,UA,SFO,12
-2,2,8,4,8,2586,UA,SFO,11
-2,2,9,5,8,2586,UA,SFO,10
1,2,10,6,8,2586,UA,SFO,9
-9,2,11,7,8,2586,UA,SFO,8
9,2,12,1,8,2586,UA,SFO,7
7,2,13,2,8,2586,UA,SFO,6
92,2,15,4,8,2586,UA,SFO,4
132,2,16,5,8,2586,UA,SFO,3
10,2,17,6,8,2586,UA,SFO,2
-2,2,18,7,8,2586,UA,SFO,1
-3,2,19,1,8,2586,UA,SFO,0
-3,2,20,2,8,2586,UA,SFO,1
-6,2,21,3,8,2586,UA,SFO,2
-5,2,22,4,8,2586,UA,SFO,3
13,2,23,5,8,2586,UA,SFO,4
-4,2,24,6,8,2586,UA,SFO,5
-2,2,25,7,8,2586,UA,SFO,6
-3,2,26,1,8,2586,UA,SFO,7
-10,2,27,2,8,2586,UA,SFO,8
-3,2,28,3,8,2586,UA,SFO,9
-2,2,1,4,17,2586,UA,SFO,17
0,2,2,5,17,2586,UA,SFO,17
-4,2,3,6,17,2586,UA,SFO,16
-6,2,4,7,17,2586,UA,SFO,15
75,2,5,1,17,2586,UA,SFO,14
-6,2,6,2,17,2586,UA,SFO,13
18,2,7,3,17,2586,UA,SFO,12
1,2,8,4,17,2586,UA,SFO,11
-5,2,9,5,17,2586,UA,SFO,10
0,2,10,6,17,2586,UA,SFO,9
-8,2,11,7,17,2586,UA,SFO,8
275,2,12,1,17,2586,UA,SFO,7
-3,2,13,2,17,2586,UA,SFO,6
66,2,15,4,17,2586,UA,SFO,4
6,2,16,5,17,2586,UA,SFO,3
-1,2,17,6,17,2586,UA,SFO,2
3,2,18,7,17,2586,UA,SFO,1
-5,2,19,1,17,2586,UA,SFO,0
0,2,20,2,17,2586,UA,SFO,1
-3,2,21,3,17,2586,UA,SFO,2
5,2,22,4,17,2586,UA,SFO,3
0,2,23,5,17,2586,UA,SFO,4
0,2,24,6,17,2586,UA,SFO,5
-4,2,25,7,17,2586,UA,SFO,6
-8,2,26,1,17,2586,UA,SFO,7
-3,2,27,2,17,2586,UA,SFO,8
-7,2,28,3,17,2586,UA,SFO,9
3,2,1,4,7,2248,US,LAS,17
-8,2,1,4,8,2248,US,LAS,17
-11,2,1,4,10,2248,US,LAS,17
10,2,1,4,19,2248,US,LAS,17
197,2,1,4,17,2153,US,PHX,17
-8,2,1,4,6,2153,US,PHX,17
0,2,1,4,9,2153,US,PHX,17
10,2,2,5,7,2248,US,LAS,17
4,2,2,5,8,2248,US,LAS,17
1,2,2,5,10,2248,US,LAS,17
65,2,2,5,19,2248,US,LAS,17
-7,2,2,5,17,2153,US,PHX,17
14,2,2,5,6,2153,US,PHX,17
1,2,2,5,9,2153,US,PHX,17
3,2,3,6,7,2248,US,LAS,16
-2,2,3,6,10,2248,US,LAS,16
17,2,3,6,19,2248,US,LAS,16
-2,2,3,6,17,2153,US,PHX,16
19,2,3,6,6,2153,US,PHX,16
5,2,3,6,9,2153,US,PHX,16
3,2,4,7,7,2248,US,LAS,15
-7,2,4,7,8,2248,US,LAS,15
0,2,4,7,10,2248,US,LAS,15
-2,2,4,7,19,2248,US,LAS,15
3,2,4,7,17,2153,US,PHX,15
-5,2,4,7,6,2153,US,PHX,15
-7,2,4,7,9,2153,US,PHX,15
-6,2,5,1,7,2248,US,LAS,14
0,2,5,1,8,2248,US,LAS,14
5,2,5,1,10,2248,US,LAS,14
39,2,5,1,19,2248,US,LAS,14
14,2,5,1,17,2153,US,PHX,14
2,2,5,1,9,2153,US,PHX,14
-1,2,6,2,7,2248,US,LAS,13
0,2,6,2,8,2248,US,LAS,13
-3,2,6,2,10,2248,US,LAS,13
11,2,6,2,19,2248,US,LAS,13
-2,2,6,2,17,2153,US,PHX,13
1,2,6,2,6,2153,US,PHX,13
-2,2,6,2,9,2153,US,PHX,13
-2,2,7,3,7,2248,US,LAS,12
-2,2,7,3,8,2248,US,LAS,12
5,2,7,3,10,2248,US,LAS,12
3,2,7,3,19,2248,US,LAS,12
4,2,7,3,17,2153,US,PHX,12
6,2,7,3,6,2153,US,PHX,12
10,2,7,3,9,2153,US,PHX,12
0,2,8,4,7,2248,US,LAS,11
3,2,8,4,8,2248,US,LAS,11
-2,2,8,4,10,2248,US,LAS,11
91,2,8,4,19,2248,US,LAS,11
7,2,8,4,17,2153,US,PHX,11
127,2,8,4,6,2153,US,PHX,11
8,2,8,4,9,2153,US,PHX,11
0,2,9,5,7,2248,US,LAS,10
-3,2,9,5,8,2248,US,LAS,10
3,2,9,5,10,2248,US,LAS,10
69,2,9,5,19,2248,US,LAS,10
31,2,9,5,17,2153,US,PHX,10
0,2,9,5,6,2153,US,PHX,10
-1,2,9,5,9,2153,US,PHX,10
-4,2,10,6,7,2248,US,LAS,9
5,2,10,6,8,2248,US,LAS,9
0,2,10,6,10,2248,US,LAS,9
29,2,10,6,19,2248,US,LAS,9
-6,2,10,6,17,2153,US,PHX,9
-1,2,10,6,6,2153,US,PHX,9
-1,2,10,6,9,2153,US,PHX,9
22,2,11,7,7,2248,US,LAS,8
-4,2,11,7,8,2248,US,LAS,8
-7,2,11,7,10,2248,US,LAS,8
70,2,11,7,19,2248,US,LAS,8
16,2,11,7,17,2153,US,PHX,8
95,2,11,7,6,2153,US,PHX,8
-4,2,11,7,9,2153,US,PHX,8
-3,2,12,1,7,2248,US,LAS,7
9,2,12,1,8,2248,US,LAS,7
37,2,12,1,10,2248,US,LAS,7
23,2,12,1,19,2248,US,LAS,7
54,2,12,1,17,2153,US,PHX,7
0,2,12,1,6,2153,US,PHX,7
-1,2,12,1,9,2153,US,PHX,7
3,2,13,2,7,2248,US,LAS,6
-1,2,13,2,8,2248,US,LAS,6
-1,2,13,2,10,2248,US,LAS,6
64,2,13,2,19,2248,US,LAS,6
56,2,13,2,17,2153,US,PHX,6
-1,2,13,2,6,2153,US,PHX,6
11,2,13,2,9,2153,US,PHX,6
251,2,14,3,19,2248,US,LAS,5
26,2,15,4,7,2248,US,LAS,4
139,2,15,4,8,2248,US,LAS,4
136,2,15,4,10,2248,US,LAS,4
227,2,15,4,19,2248,US,LAS,4
163,2,15,4,17,2153,US,PHX,4
36,2,15,4,6,2153,US,PHX,4
57,2,15,4,9,2153,US,PHX,4
34,2,16,5,8,2248,US,LAS,3
42,2,16,5,10,2248,US,LAS,3
97,2,16,5,19,2248,US,LAS,3
26,2,16,5,17,2153,US,PHX,3
47,2,16,5,9,2153,US,PHX,3
11,2,17,6,7,2248,US,LAS,2
8,2,17,6,8,2248,US,LAS,2
192,2,17,6,10,2248,US,LAS,2
69,2,17,6,19,2248,US,LAS,2
2,2,17,6,17,2153,US,PHX,2
24,2,17,6,6,2153,US,PHX,2
18,2,17,6,9,2153,US,PHX,2
18,2,18,7,7,2248,US,LAS,1
3,2,18,7,8,2248,US,LAS,1
3,2,18,7,10,2248,US,LAS,1
57,2,18,7,19,2248,US,LAS,1
6,2,18,7,17,2153,US,PHX,1
15,2,18,7,6,2153,US,PHX,1
11,2,18,7,9,2153,US,PHX,1
7,2,19,1,7,2248,US,LAS,0
26,2,19,1,8,2248,US,LAS,0
13,2,19,1,10,2248,US,LAS,0
83,2,19,1,19,2248,US,LAS,0
1,2,19,1,17,2153,US,PHX,0
80,2,19,1,6,2153,US,PHX,0
6,2,19,1,9,2153,US,PHX,0
-7,2,20,2,7,2248,US,LAS,1
17,2,20,2,8,2248,US,LAS,1
66,2,20,2,10,2248,US,LAS,1
41,2,20,2,19,2248,US,LAS,1
10,2,20,2,17,2153,US,PHX,1
5,2,20,2,6,2153,US,PHX,1
86,2,20,2,9,2153,US,PHX,1
-3,2,21,3,7,2248,US,LAS,2
-2,2,21,3,8,2248,US,LAS,2
0,2,21,3,10,2248,US,LAS,2
32,2,21,3,19,2248,US,LAS,2
6,2,21,3,17,2153,US,PHX,2
10,2,21,3,6,2153,US,PHX,2
-1,2,21,3,9,2153,US,PHX,2
-2,2,22,4,7,2248,US,LAS,3
0,2,22,4,8,2248,US,LAS,3
-4,2,22,4,10,2248,US,LAS,3
67,2,22,4,19,2248,US,LAS,3
6,2,22,4,17,2153,US,PHX,3
5,2,22,4,6,2153,US,PHX,3
-1,2,22,4,9,2153,US,PHX,3
14,2,23,5,7,2248,US,LAS,4
10,2,23,5,8,2248,US,LAS,4
-4,2,23,5,10,2248,US,LAS,4
155,2,23,5,19,2248,US,LAS,4
38,2,23,5,17,2153,US,PHX,4
2,2,23,5,6,2153,US,PHX,4
-4,2,23,5,9,2153,US,PHX,4
27,2,24,6,7,2248,US,LAS,5
-1,2,24,6,8,2248,US,LAS,5
10,2,24,6,10,2248,US,LAS,5
13,2,24,6,19,2248,US,LAS,5
0,2,24,6,17,2153,US,PHX,5
20,2,24,6,6,2153,US,PHX,5
13,2,24,6,9,2153,US,PHX,5
-5,2,25,7,7,2248,US,LAS,6
0,2,25,7,8,2248,US,LAS,6
-1,2,25,7,10,2248,US,LAS,6
217,2,25,7,19,2248,US,LAS,6
18,2,25,7,17,2153,US,PHX,6
-4,2,25,7,6,2153,US,PHX,6
12,2,25,7,9,2153,US,PHX,6
3,2,26,1,7,2248,US,LAS,7
16,2,26,1,8,2248,US,LAS,7
-1,2,26,1,10,2248,US,LAS,7
37,2,26,1,19,2248,US,LAS,7
38,2,26,1,17,2153,US,PHX,7
8,2,26,1,6,2153,US,PHX,7
1,2,26,1,9,2153,US,PHX,7
-5,2,27,2,7,2248,US,LAS,8
-7,2,27,2,8,2248,US,LAS,8
-6,2,27,2,10,2248,US,LAS,8
46,2,27,2,19,2248,US,LAS,8
13,2,27,2,17,2153,US,PHX,8
-7,2,27,2,6,2153,US,PHX,8
10,2,27,2,9,2153,US,PHX,8
1,2,28,3,7,2248,US,LAS,9
0,2,28,3,8,2248,US,LAS,9
-2,2,28,3,10,2248,US,LAS,9
4,2,28,3,19,2248,US,LAS,9
21,2,28,3,17,2153,US,PHX,9
11,2,28,3,6,2153,US,PHX,9
1,2,28,3,9,2153,US,PHX,9
69,2,15,4,7,2475,DL,LAX,4
46,2,15,4,8,2421,DL,SEA,4
94,2,15,4,17,2586,DL,SFO,4
1,2,15,4,16,944,DL,MCO,4
118,2,15,4,8,2475,DL,LAX,4
46,2,15,4,8,1028,DL,PBI,4
302,2,15,4,19,2248,DL,LAS,4
120,2,15,4,17,1989,DL,SLC,4
13,2,15,4,20,1069,DL,FLL,4
66,2,15,4,17,2421,DL,SEA,4
41,2,15,4,16,2475,DL,LAX,4
260,2,15,4,8,1069,DL,FLL,4
44,2,15,4,8,944,DL,MCO,4
51,2,15,4,17,2446,DL,SAN,4
173,2,15,4,18,2475,DL,LAX,4
277,2,15,4,8,1005,DL,TPA,4
236,2,15,4,20,944,DL,MCO,4
196,2,16,5,8,760,DL,ATL,3
91,2,16,5,17,760,DL,ATL,3
179,2,16,5,19,1989,DL,SLC,3
167,2,16,5,8,2153,DL,PHX,3
41,2,16,5,15,2586,DL,SFO,3
118,2,16,5,16,1597,DL,SJU,3
21,2,16,5,8,2248,DL,LAS,3
48,2,16,5,17,2248,DL,LAS,3
50,2,16,5,12,1028,DL,PBI,3
165,2,16,5,20,1028,DL,PBI,3
38,2,16,5,8,1597,DL,SJU,3
10,2,16,5,12,1005,DL,TPA,3
36,2,16,5,7,2475,DL,LAX,3
71,2,16,5,8,2421,DL,SEA,3
52,2,16,5,17,2586,DL,SFO,3
13,2,16,5,16,944,DL,MCO,3
80,2,16,5,6,760,DL,ATL,3
124,2,16,5,19,1005,DL,TPA,3
61,2,16,5,8,2475,DL,LAX,3
24,2,16,5,8,1028,DL,PBI,3
6,2,16,5,7,1989,DL,SLC,3
69,2,16,5,19,2248,DL,LAS,3
187,2,16,5,17,1989,DL,SLC,3
42,2,16,5,17,1090,DL,MIA,3
174,2,16,5,20,1069,DL,FLL,3
49,2,16,5,17,2421,DL,SEA,3
25,2,16,5,12,944,DL,MCO,3
26,2,16,5,11,2475,DL,LAX,3
1,2,16,5,16,2475,DL,LAX,3
51,2,16,5,17,1005,DL,TPA,3
30,2,16,5,8,1069,DL,FLL,3
2,2,16,5,12,1069,DL,FLL,3
56,2,16,5,16,1069,DL,FLL,3
9,2,16,5,8,944,DL,MCO,3
44,2,16,5,17,2446,DL,SAN,3
249,2,16,5,18,2475,DL,LAX,3
279,2,16,5,8,2586,DL,SFO,3
144,2,16,5,20,944,DL,MCO,3
148,2,17,6,8,760,DL,ATL,2
31,2,17,6,17,760,DL,ATL,2
38,2,17,6,8,2153,DL,PHX,2
48,2,17,6,16,1597,DL,SJU,2
37,2,17,6,8,2248,DL,LAS,2
19,2,17,6,17,2248,DL,LAS,2
0,2,17,6,12,1028,DL,PBI,2
13,2,17,6,20,1028,DL,PBI,2
148,2,17,6,8,1597,DL,SJU,2
9,2,17,6,12,1005,DL,TPA,2
62,2,17,6,8,2421,DL,SEA,2
13,2,17,6,17,2586,DL,SFO,2
21,2,17,6,16,944,DL,MCO,2
22,2,17,6,6,760,DL,ATL,2
89,2,17,6,19,1005,DL,TPA,2
51,2,17,6,8,2475,DL,LAX,2
82,2,17,6,8,1028,DL,PBI,2
11,2,17,6,7,1989,DL,SLC,2
169,2,17,6,17,1989,DL,SLC,2
149,2,17,6,17,1090,DL,MIA,2
77,2,17,6,20,1069,DL,FLL,2
30,2,17,6,17,2421,DL,SEA,2
96,2,17,6,12,944,DL,MCO,2
40,2,17,6,16,2475,DL,LAX,2
108,2,17,6,17,1005,DL,TPA,2
50,2,17,6,8,1069,DL,FLL,2
4,2,17,6,12,1069,DL,FLL,2
94,2,17,6,16,1069,DL,FLL,2
38,2,17,6,8,944,DL,MCO,2
16,2,17,6,17,2446,DL,SAN,2
50,2,17,6,18,2475,DL,LAX,2
48,2,17,6,8,1005,DL,TPA,2
71,2,17,6,8,2586,DL,SFO,2
70,2,17,6,20,944,DL,MCO,2
47,2,18,7,8,760,DL,ATL,1
20,2,18,7,17,760,DL,ATL,1
82,2,18,7,19,1989,DL,SLC,1
44,2,18,7,8,2153,DL,PHX,1
19,2,18,7,15,2586,DL,SFO,1
8,2,18,7,16,1597,DL,SJU,1
15,2,18,7,8,2248,DL,LAS,1
28,2,18,7,17,2248,DL,LAS,1
21,2,18,7,12,1028,DL,PBI,1
79,2,18,7,20,1028,DL,PBI,1
39,2,18,7,8,1597,DL,SJU,1
-5,2,18,7,12,1005,DL,TPA,1
28,2,18,7,8,2421,DL,SEA,1
58,2,18,7,17,2586,DL,SFO,1
3,2,18,7,16,944,DL,MCO,1
66,2,18,7,6,760,DL,ATL,1
67,2,18,7,19,1005,DL,TPA,1
12,2,18,7,12,187,DL,BOS,1
51,2,18,7,10,213,DL,DCA,1
19,2,18,7,8,2475,DL,LAX,1
16,2,18,7,8,1028,DL,PBI,1
32,2,18,7,7,1989,DL,SLC,1
19,2,18,7,19,2248,DL,LAS,1
42,2,18,7,6,589,DL,CVG,1
59,2,18,7,17,1989,DL,SLC,1
58,2,18,7,17,1090,DL,MIA,1
59,2,18,7,20,1069,DL,FLL,1
8,2,18,7,17,2421,DL,SEA,1
15,2,18,7,12,944,DL,MCO,1
12,2,18,7,11,2475,DL,LAX,1
53,2,18,7,16,2475,DL,LAX,1
9,2,18,7,17,1005,DL,TPA,1
159,2,18,7,8,1069,DL,FLL,1
22,2,18,7,12,1069,DL,FLL,1
14,2,18,7,16,1069,DL,FLL,1
23,2,18,7,8,944,DL,MCO,1
12,2,18,7,17,2446,DL,SAN,1
156,2,18,7,18,2475,DL,LAX,1
14,2,18,7,8,1005,DL,TPA,1
41,2,18,7,8,2586,DL,SFO,1
12,2,18,7,20,944,DL,MCO,1
81,2,19,1,8,760,DL,ATL,0
38,2,19,1,17,760,DL,ATL,0
67,2,19,1,19,1989,DL,SLC,0
37,2,19,1,8,2153,DL,PHX,0
19,2,19,1,15,2586,DL,SFO,0
70,2,19,1,16,1597,DL,SJU,0
272,2,19,1,8,2248,DL,LAS,0
27,2,19,1,17,2248,DL,LAS,0
-5,2,19,1,12,1028,DL,PBI,0
11,2,19,1,20,1028,DL,PBI,0
19,2,19,1,8,1597,DL,SJU,0
-4,2,19,1,12,1005,DL,TPA,0
3,2,19,1,7,2475,DL,LAX,0
15,2,19,1,8,2421,DL,SEA,0
47,2,19,1,17,2586,DL,SFO,0
8,2,19,1,16,944,DL,MCO,0
146,2,19,1,6,760,DL,ATL,0
-3,2,19,1,19,1005,DL,TPA,0
160,2,19,1,8,2475,DL,LAX,0
27,2,19,1,8,1028,DL,PBI,0
8,2,19,1,7,1989,DL,SLC,0
15,2,19,1,19,2248,DL,LAS,0
22,2,19,1,17,1989,DL,SLC,0
37,2,19,1,17,1090,DL,MIA,0
5,2,19,1,20,1069,DL,FLL,0
25,2,19,1,17,2421,DL,SEA,0
73,2,19,1,12,944,DL,MCO,0
0,2,19,1,11,2475,DL,LAX,0
31,2,19,1,16,2475,DL,LAX,0
37,2,19,1,17,1005,DL,TPA,0
21,2,19,1,8,1069,DL,FLL,0
11,2,19,1,12,1069,DL,FLL,0
5,2,19,1,16,1069,DL,FLL,0
26,2,19,1,8,944,DL,MCO,0
11,2,19,1,17,2446,DL,SAN,0
18,2,19,1,18,2475,DL,LAX,0
13,2,19,1,8,1005,DL,TPA,0
35,2,19,1,8,2586,DL,SFO,0
18,2,19,1,20,944,DL,MCO,0
52,2,20,2,8,760,DL,ATL,1
3,2,20,2,17,760,DL,ATL,1
-2,2,20,2,8,2153,DL,PHX,1
7,2,20,2,15,2586,DL,SFO,1
14,2,20,2,16,1597,DL,SJU,1
1,2,20,2,8,2248,DL,LAS,1
11,2,20,2,17,2248,DL,LAS,1
7,2,20,2,12,1028,DL,PBI,1
-3,2,20,2,20,1028,DL,PBI,1
1,2,20,2,8,1597,DL,SJU,1
-6,2,20,2,12,1005,DL,TPA,1
1,2,20,2,7,2475,DL,LAX,1
0,2,20,2,8,2421,DL,SEA,1
-5,2,20,2,17,2586,DL,SFO,1
6,2,20,2,16,944,DL,MCO,1
2,2,20,2,6,760,DL,ATL,1
6,2,20,2,19,1005,DL,TPA,1
14,2,20,2,8,2475,DL,LAX,1
13,2,20,2,8,1028,DL,PBI,1
-5,2,20,2,7,1989,DL,SLC,1
26,2,20,2,17,1989,DL,SLC,1
-8,2,20,2,17,1090,DL,MIA,1
-7,2,20,2,20,1069,DL,FLL,1
20,2,20,2,17,2421,DL,SEA,1
18,2,20,2,12,944,DL,MCO,1
-2,2,20,2,11,2475,DL,LAX,1
2,2,20,2,16,2475,DL,LAX,1
0,2,20,2,17,1005,DL,TPA,1
7,2,20,2,8,1069,DL,FLL,1
-3,2,20,2,12,1069,DL,FLL,1
16,2,20,2,16,1069,DL,FLL,1
4,2,20,2,8,944,DL,MCO,1
-6,2,20,2,17,2446,DL,SAN,1
1,2,20,2,18,2475,DL,LAX,1
-2,2,20,2,8,1005,DL,TPA,1
25,2,20,2,8,2586,DL,SFO,1
20,2,20,2,20,944,DL,MCO,1
6,2,21,3,8,760,DL,ATL,2
-5,2,21,3,17,760,DL,ATL,2
1,2,21,3,19,1989,DL,SLC,2
-8,2,21,3,8,2153,DL,PHX,2
-3,2,21,3,15,2586,DL,SFO,2
3,2,21,3,16,1597,DL,SJU,2
1,2,21,3,8,2248,DL,LAS,2
-3,2,21,3,17,2248,DL,LAS,2
-8,2,21,3,12,1028,DL,PBI,2
-4,2,21,3,20,1028,DL,PBI,2
16,2,21,3,8,1597,DL,SJU,2
23,2,21,3,12,1005,DL,TPA,2
-4,2,21,3,7,2475,DL,LAX,2
1,2,21,3,8,2421,DL,SEA,2
-3,2,21,3,17,2586,DL,SFO,2
1,2,21,3,16,944,DL,MCO,2
2,2,21,3,6,760,DL,ATL,2
1,2,21,3,19,1005,DL,TPA,2
1,2,21,3,8,2475,DL,LAX,2
-4,2,21,3,8,1028,DL,PBI,2
-2,2,21,3,7,1989,DL,SLC,2
18,2,21,3,17,1989,DL,SLC,2
-3,2,21,3,17,1090,DL,MIA,2
-5,2,21,3,20,1069,DL,FLL,2
7,2,21,3,17,2421,DL,SEA,2
-2,2,21,3,12,944,DL,MCO,2
-4,2,21,3,11,2475,DL,LAX,2
-3,2,21,3,17,1005,DL,TPA,2
-1,2,21,3,8,1069,DL,FLL,2
-3,2,21,3,12,1069,DL,FLL,2
0,2,21,3,16,1069,DL,FLL,2
-3,2,21,3,8,944,DL,MCO,2
30,2,21,3,17,2446,DL,SAN,2
29,2,21,3,18,2475,DL,LAX,2
18,2,21,3,8,1005,DL,TPA,2
-4,2,21,3,8,2586,DL,SFO,2
-2,2,21,3,20,944,DL,MCO,2
3,2,22,4,8,760,DL,ATL,3
27,2,22,4,17,760,DL,ATL,3
48,2,22,4,19,1989,DL,SLC,3
-1,2,22,4,8,2153,DL,PHX,3
-8,2,22,4,15,2586,DL,SFO,3
39,2,22,4,16,1597,DL,SJU,3
-4,2,22,4,8,2248,DL,LAS,3
112,2,22,4,17,2248,DL,LAS,3
-7,2,22,4,12,1028,DL,PBI,3
53,2,22,4,20,1028,DL,PBI,3
3,2,22,4,8,1597,DL,SJU,3
-6,2,22,4,12,1005,DL,TPA,3
0,2,22,4,7,2475,DL,LAX,3
3,2,22,4,8,2421,DL,SEA,3
29,2,22,4,17,2586,DL,SFO,3
-1,2,22,4,16,944,DL,MCO,3
-4,2,22,4,6,760,DL,ATL,3
56,2,22,4,19,1005,DL,TPA,3
-1,2,22,4,8,2475,DL,LAX,3
-5,2,22,4,8,1028,DL,PBI,3
-8,2,22,4,7,1989,DL,SLC,3
21,2,22,4,19,2248,DL,LAS,3
20,2,22,4,17,1989,DL,SLC,3
31,2,22,4,17,1090,DL,MIA,3
114,2,22,4,20,1069,DL,FLL,3
42,2,22,4,17,2421,DL,SEA,3
-3,2,22,4,12,944,DL,MCO,3
-2,2,22,4,11,2475,DL,LAX,3
21,2,22,4,16,2475,DL,LAX,3
30,2,22,4,17,1005,DL,TPA,3
-3,2,22,4,8,1069,DL,FLL,3
-5,2,22,4,12,1069,DL,FLL,3
104,2,22,4,16,1069,DL,FLL,3
0,2,22,4,8,944,DL,MCO,3
0,2,22,4,17,2446,DL,SAN,3
73,2,22,4,18,2475,DL,LAX,3
5,2,22,4,8,1005,DL,TPA,3
-6,2,22,4,8,2586,DL,SFO,3
70,2,22,4,20,944,DL,MCO,3
18,2,23,5,8,760,DL,ATL,4
-7,2,23,5,17,760,DL,ATL,4
6,2,23,5,19,1989,DL,SLC,4
101,2,23,5,8,2153,DL,PHX,4
-2,2,23,5,15,2586,DL,SFO,4
43,2,23,5,16,1597,DL,SJU,4
0,2,23,5,8,2248,DL,LAS,4
16,2,23,5,17,2248,DL,LAS,4
1,2,23,5,12,1028,DL,PBI,4
81,2,23,5,20,1028,DL,PBI,4
6,2,23,5,8,1597,DL,SJU,4
16,2,23,5,12,1005,DL,TPA,4
-6,2,23,5,7,2475,DL,LAX,4
-5,2,23,5,8,2421,DL,SEA,4
8,2,23,5,17,2586,DL,SFO,4
32,2,23,5,16,944,DL,MCO,4
-1,2,23,5,6,760,DL,ATL,4
2,2,23,5,19,1005,DL,TPA,4
-3,2,23,5,8,2475,DL,LAX,4
-5,2,23,5,8,1028,DL,PBI,4
11,2,23,5,7,1989,DL,SLC,4
0,2,23,5,19,2248,DL,LAS,4
19,2,23,5,17,1989,DL,SLC,4
247,2,23,5,17,1090,DL,MIA,4
46,2,23,5,20,1069,DL,FLL,4
46,2,23,5,17,2421,DL,SEA,4
-3,2,23,5,12,944,DL,MCO,4
27,2,23,5,11,2475,DL,LAX,4
-2,2,23,5,16,2475,DL,LAX,4
22,2,23,5,17,1005,DL,TPA,4
85,2,23,5,8,1069,DL,FLL,4
1,2,23,5,12,1069,DL,FLL,4
32,2,23,5,16,1069,DL,FLL,4
-3,2,23,5,8,944,DL,MCO,4
19,2,23,5,17,2446,DL,SAN,4
15,2,23,5,18,2475,DL,LAX,4
-4,2,23,5,8,1005,DL,TPA,4
-4,2,23,5,8,2586,DL,SFO,4
26,2,23,5,20,944,DL,MCO,4
7,2,24,6,8,760,DL,ATL,5
0,2,24,6,17,760,DL,ATL,5
-3,2,24,6,8,2153,DL,PHX,5
2,2,24,6,16,1597,DL,SJU,5
7,2,24,6,8,2248,DL,LAS,5
-1,2,24,6,17,2248,DL,LAS,5
137,2,24,6,12,1028,DL,PBI,5
82,2,24,6,20,1028,DL,PBI,5
3,2,24,6,8,1597,DL,SJU,5
-5,2,24,6,12,1005,DL,TPA,5
21,2,24,6,17,2586,DL,SFO,5
3,2,24,6,16,944,DL,MCO,5
-4,2,24,6,6,760,DL,ATL,5
15,2,24,6,19,1005,DL,TPA,5
-3,2,24,6,8,2475,DL,LAX,5
-5,2,24,6,8,1028,DL,PBI,5
7,2,24,6,7,1989,DL,SLC,5
-6,2,24,6,19,2248,DL,LAS,5
-1,2,24,6,17,1989,DL,SLC,5
12,2,24,6,17,1090,DL,MIA,5
1,2,24,6,20,1069,DL,FLL,5
3,2,24,6,17,2421,DL,SEA,5
6,2,24,6,12,944,DL,MCO,5
-2,2,24,6,16,2475,DL,LAX,5
-7,2,24,6,17,1005,DL,TPA,5
3,2,24,6,8,1069,DL,FLL,5
-8,2,24,6,12,1069,DL,FLL,5
-6,2,24,6,16,1069,DL,FLL,5
116,2,24,6,8,944,DL,MCO,5
-5,2,24,6,17,2446,DL,SAN,5
4,2,24,6,18,2475,DL,LAX,5
47,2,24,6,8,1005,DL,TPA,5
-12,2,24,6,20,944,DL,MCO,5
51,2,25,7,8,760,DL,ATL,6
9,2,25,7,17,760,DL,ATL,6
30,2,25,7,19,1989,DL,SLC,6
194,2,25,7,8,2153,DL,PHX,6
2,2,25,7,15,2586,DL,SFO,6
5,2,25,7,16,1597,DL,SJU,6
-3,2,25,7,8,2248,DL,LAS,6
0,2,25,7,17,2248,DL,LAS,6
13,2,25,7,8,1597,DL,SJU,6
-3,2,25,7,12,1005,DL,TPA,6
15,2,25,7,8,2421,DL,SEA,6
-2,2,25,7,17,2586,DL,SFO,6
-4,2,25,7,16,944,DL,MCO,6
-1,2,25,7,6,760,DL,ATL,6
61,2,25,7,19,1005,DL,TPA,6
12,2,25,7,12,187,DL,BOS,6
-4,2,25,7,8,2475,DL,LAX,6
-6,2,25,7,8,1028,DL,PBI,6
6,2,25,7,7,1989,DL,SLC,6
-10,2,25,7,19,2248,DL,LAS,6
-1,2,25,7,6,589,DL,CVG,6
0,2,25,7,17,1989,DL,SLC,6
19,2,25,7,17,1090,DL,MIA,6
108,2,25,7,20,1069,DL,FLL,6
23,2,25,7,17,2421,DL,SEA,6
-3,2,25,7,12,944,DL,MCO,6
54,2,25,7,11,2475,DL,LAX,6
0,2,25,7,16,2475,DL,LAX,6
-6,2,25,7,17,1005,DL,TPA,6
-10,2,25,7,8,1069,DL,FLL,6
-11,2,25,7,12,1069,DL,FLL,6
3,2,25,7,16,1069,DL,FLL,6
-5,2,25,7,8,944,DL,MCO,6
2,2,25,7,17,2446,DL,SAN,6
-4,2,25,7,18,2475,DL,LAX,6
-3,2,25,7,8,1005,DL,TPA,6
3,2,25,7,8,2586,DL,SFO,6
162,2,25,7,20,944,DL,MCO,6
43,2,26,1,8,760,DL,ATL,7
37,2,26,1,17,760,DL,ATL,7
67,2,26,1,19,1989,DL,SLC,7
-6,2,26,1,8,2153,DL,PHX,7
1,2,26,1,15,2586,DL,SFO,7
236,2,26,1,16,1597,DL,SJU,7
-5,2,26,1,8,2248,DL,LAS,7
-1,2,26,1,17,2248,DL,LAS,7
-5,2,26,1,12,1028,DL,PBI,7
-1,2,26,1,20,1028,DL,PBI,7
-6,2,26,1,8,1597,DL,SJU,7
21,2,26,1,12,1005,DL,TPA,7
-6,2,26,1,7,2475,DL,LAX,7
22,2,26,1,8,2421,DL,SEA,7
17,2,26,1,17,2586,DL,SFO,7
-5,2,26,1,16,944,DL,MCO,7
5,2,26,1,6,760,DL,ATL,7
-3,2,26,1,19,1005,DL,TPA,7
6,2,26,1,7,1989,DL,SLC,7
-3,2,26,1,19,2248,DL,LAS,7
12,2,26,1,17,1989,DL,SLC,7
-2,2,26,1,17,1090,DL,MIA,7
27,2,26,1,20,1069,DL,FLL,7
16,2,26,1,17,2421,DL,SEA,7
1,2,26,1,12,944,DL,MCO,7
12,2,26,1,11,2475,DL,LAX,7
-4,2,26,1,16,2475,DL,LAX,7
-12,2,26,1,17,1005,DL,TPA,7
-2,2,26,1,12,1069,DL,FLL,7
11,2,26,1,16,1069,DL,FLL,7
6,2,26,1,17,2446,DL,SAN,7
-3,2,26,1,18,2475,DL,LAX,7
62,2,26,1,20,944,DL,MCO,7
39,2,27,2,8,760,DL,ATL,8
-6,2,27,2,17,760,DL,ATL,8
50,2,27,2,19,1989,DL,SLC,8
-8,2,27,2,8,2153,DL,PHX,8
12,2,27,2,15,2586,DL,SFO,8
16,2,27,2,16,1597,DL,SJU,8
0,2,27,2,8,2248,DL,LAS,8
15,2,27,2,17,2248,DL,LAS,8
-1,2,27,2,12,1028,DL,PBI,8
-14,2,27,2,20,1028,DL,PBI,8
47,2,27,2,8,1597,DL,SJU,8
-8,2,27,2,12,1005,DL,TPA,8
-10,2,27,2,7,2475,DL,LAX,8
-1,2,27,2,8,2421,DL,SEA,8
16,2,27,2,17,2586,DL,SFO,8
-4,2,27,2,16,944,DL,MCO,8
-2,2,27,2,6,760,DL,ATL,8
10,2,27,2,19,1005,DL,TPA,8
-7,2,27,2,8,2475,DL,LAX,8
19,2,27,2,8,1028,DL,PBI,8
-7,2,27,2,7,1989,DL,SLC,8
21,2,27,2,17,1989,DL,SLC,8
3,2,27,2,17,1090,DL,MIA,8
-4,2,27,2,20,1069,DL,FLL,8
6,2,27,2,17,2421,DL,SEA,8
12,2,27,2,12,944,DL,MCO,8
-5,2,27,2,11,2475,DL,LAX,8
-9,2,27,2,16,2475,DL,LAX,8
9,2,27,2,17,1005,DL,TPA,8
8,2,27,2,8,1069,DL,FLL,8
-13,2,27,2,12,1069,DL,FLL,8
47,2,27,2,16,1069,DL,FLL,8
-7,2,27,2,8,944,DL,MCO,8
-6,2,27,2,17,2446,DL,SAN,8
-2,2,27,2,18,2475,DL,LAX,8
0,2,27,2,8,1005,DL,TPA,8
-9,2,27,2,8,2586,DL,SFO,8
40,2,27,2,20,944,DL,MCO,8
57,2,28,3,8,760,DL,ATL,9
-7,2,28,3,17,760,DL,ATL,9
-1,2,28,3,19,1989,DL,SLC,9
-5,2,28,3,8,2153,DL,PHX,9
0,2,28,3,15,2586,DL,SFO,9
12,2,28,3,16,1597,DL,SJU,9
6,2,28,3,8,2248,DL,LAS,9
-2,2,28,3,17,2248,DL,LAS,9
0,2,28,3,12,1028,DL,PBI,9
7,2,28,3,20,1028,DL,PBI,9
12,2,28,3,8,1597,DL,SJU,9
-1,2,28,3,12,1005,DL,TPA,9
-2,2,28,3,7,2475,DL,LAX,9
-2,2,28,3,8,2421,DL,SEA,9
7,2,28,3,17,2586,DL,SFO,9
0,2,28,3,16,944,DL,MCO,9
-2,2,28,3,6,760,DL,ATL,9
39,2,28,3,19,1005,DL,TPA,9
-5,2,28,3,8,2475,DL,LAX,9
-5,2,28,3,8,1028,DL,PBI,9
0,2,28,3,7,1989,DL,SLC,9
2,2,28,3,17,1989,DL,SLC,9
-6,2,28,3,17,1090,DL,MIA,9
12,2,28,3,20,1069,DL,FLL,9
41,2,28,3,17,2421,DL,SEA,9
-5,2,28,3,12,944,DL,MCO,9
-3,2,28,3,11,2475,DL,LAX,9
29,2,28,3,16,2475,DL,LAX,9
42,2,28,3,17,1005,DL,TPA,9
-2,2,28,3,8,1069,DL,FLL,9
-9,2,28,3,12,1069,DL,FLL,9
41,2,28,3,16,1069,DL,FLL,9
-2,2,28,3,8,944,DL,MCO,9
-1,2,28,3,17,2446,DL,SAN,9
-5,2,28,3,18,2475,DL,LAX,9
-3,2,28,3,8,1005,DL,TPA,9
-1,2,28,3,8,2586,DL,SFO,9
-7,2,28,3,20,944,DL,MCO,9
24,2,1,4,10,760,EV,ATL,17
5,2,2,5,10,760,EV,ATL,17
0,2,3,6,10,760,EV,ATL,16
59,2,4,7,10,760,EV,ATL,15
24,2,5,1,10,760,EV,ATL,14
2,2,6,2,10,760,EV,ATL,13
16,2,7,3,10,760,EV,ATL,12
19,2,8,4,10,760,EV,ATL,11
14,2,9,5,10,760,EV,ATL,10
34,2,10,6,10,760,EV,ATL,9
13,2,11,7,10,760,EV,ATL,8
4,2,12,1,10,760,EV,ATL,7
54,2,13,2,10,760,EV,ATL,6
99,2,1,4,15,184,MQ,BWI,17
0,2,2,5,15,184,MQ,BWI,17
87,2,3,6,15,184,MQ,BWI,16
57,2,4,7,15,184,MQ,BWI,15
81,2,5,1,15,184,MQ,BWI,14
146,2,6,2,15,184,MQ,BWI,13
108,2,7,3,15,184,MQ,BWI,12
-8,2,8,4,15,184,MQ,BWI,11
-3,2,9,5,15,184,MQ,BWI,10
-7,2,10,6,15,184,MQ,BWI,9
64,2,11,7,15,184,MQ,BWI,8
34,2,12,1,15,184,MQ,BWI,7
178,2,15,4,15,184,MQ,BWI,4
27,2,16,5,15,184,MQ,BWI,3
91,2,17,6,15,184,MQ,BWI,2
96,2,18,7,15,184,MQ,BWI,1
-5,2,19,1,15,184,MQ,BWI,0
83,2,20,2,15,184,MQ,BWI,1
12,2,21,3,15,184,MQ,BWI,2
8,2,22,4,15,184,MQ,BWI,3
-5,2,23,5,15,184,MQ,BWI,4
-7,2,24,6,15,184,MQ,BWI,5
111,2,25,7,15,184,MQ,BWI,6
53,2,26,1,15,184,MQ,BWI,7
0,2,27,2,15,184,MQ,BWI,8
110,2,28,3,15,184,MQ,BWI,9
-6,2,1,4,14,740,MQ,ORD,17
-3,2,2,5,14,740,MQ,ORD,17
24,2,3,6,14,740,MQ,ORD,16
68,2,4,7,14,740,MQ,ORD,15
27,2,5,1,14,740,MQ,ORD,14
238,2,6,2,14,740,MQ,ORD,13
-7,2,7,3,14,740,MQ,ORD,12
-6,2,8,4,14,740,MQ,ORD,11
4,2,9,5,14,740,MQ,ORD,10
0,2,10,6,14,740,MQ,ORD,9
96,2,11,7,14,740,MQ,ORD,8
65,2,12,1,14,740,MQ,ORD,7
42,2,15,4,14,740,MQ,ORD,4
9,2,16,5,14,740,MQ,ORD,3
9,2,17,6,14,740,MQ,ORD,2
1,2,18,7,14,740,MQ,ORD,1
-1,2,19,1,14,740,MQ,ORD,0
-3,2,20,2,14,740,MQ,ORD,1
-5,2,21,3,14,740,MQ,ORD,2
99,2,22,4,14,740,MQ,ORD,3
-4,2,23,5,14,740,MQ,ORD,4
-8,2,24,6,14,740,MQ,ORD,5
35,2,26,1,14,740,MQ,ORD,7
0,2,27,2,14,740,MQ,ORD,8
-3,2,28,3,14,740,MQ,ORD,9
19,2,1,4,18,740,MQ,ORD,17
17,2,2,5,18,740,MQ,ORD,17
-17,2,3,6,18,740,MQ,ORD,16
46,2,4,7,18,740,MQ,ORD,15
82,2,5,1,18,740,MQ,ORD,14
172,2,6,2,18,740,MQ,ORD,13
8,2,7,3,18,740,MQ,ORD,12
24,2,8,4,18,740,MQ,ORD,11
-10,2,9,5,18,740,MQ,ORD,10
-10,2,10,6,18,740,MQ,ORD,9
12,2,11,7,18,740,MQ,ORD,8
89,2,12,1,18,740,MQ,ORD,7
21,2,16,5,18,740,MQ,ORD,3
29,2,17,6,18,740,MQ,ORD,2
3,2,18,7,18,740,MQ,ORD,1
-5,2,19,1,18,740,MQ,ORD,0
-10,2,20,2,18,740,MQ,ORD,1
-6,2,21,3,18,740,MQ,ORD,2
66,2,22,4,18,740,MQ,ORD,3
-4,2,23,5,18,740,MQ,ORD,4
15,2,25,7,18,740,MQ,ORD,6
89,2,26,1,18,740,MQ,ORD,7
22,2,27,2,18,740,MQ,ORD,8
-4,2,28,3,18,740,MQ,ORD,9
18,2,1,4,16,425,MQ,CLE,17
28,2,2,5,16,425,MQ,CLE,17
17,2,3,6,16,425,MQ,CLE,16
-8,2,4,7,16,425,MQ,CLE,15
104,2,5,1,16,425,MQ,CLE,14
-5,2,6,2,16,425,MQ,CLE,13
-3,2,7,3,16,425,MQ,CLE,12
-12,2,8,4,16,425,MQ,CLE,11
-8,2,9,5,16,425,MQ,CLE,10
-3,2,10,6,16,425,MQ,CLE,9
-2,2,11,7,16,425,MQ,CLE,8
38,2,12,1,16,425,MQ,CLE,7
196,2,15,4,16,425,MQ,CLE,4
87,2,16,5,16,425,MQ,CLE,3
98,2,17,6,16,425,MQ,CLE,2
-3,2,19,1,16,425,MQ,CLE,0
0,2,20,2,16,425,MQ,CLE,1
-5,2,21,3,16,425,MQ,CLE,2
21,2,22,4,16,425,MQ,CLE,3
-1,2,23,5,16,425,MQ,CLE,4
-6,2,24,6,16,425,MQ,CLE,5
16,2,25,7,16,425,MQ,CLE,6
50,2,26,1,16,425,MQ,CLE,7
-5,2,28,3,16,425,MQ,CLE,9
-5,2,1,4,22,187,MQ,BOS,17
65,2,2,5,22,187,MQ,BOS,17
-2,2,3,6,22,187,MQ,BOS,16
-6,2,4,7,22,187,MQ,BOS,15
-5,2,5,1,22,187,MQ,BOS,14
-2,2,6,2,22,187,MQ,BOS,13
18,2,7,3,22,187,MQ,BOS,12
-5,2,8,4,22,187,MQ,BOS,11
-7,2,9,5,22,187,MQ,BOS,10
-1,2,10,6,22,187,MQ,BOS,9
2,2,11,7,22,187,MQ,BOS,8
-9,2,12,1,22,187,MQ,BOS,7
9,2,13,2,22,187,MQ,BOS,6
-10,2,17,6,22,187,MQ,BOS,2
7,2,18,7,22,187,MQ,BOS,1
-6,2,19,1,22,187,MQ,BOS,0
57,2,20,2,22,187,MQ,BOS,1
-1,2,21,3,22,187,MQ,BOS,2
21,2,22,4,22,187,MQ,BOS,3
94,2,23,5,22,187,MQ,BOS,4
-3,2,24,6,22,187,MQ,BOS,5
44,2,25,7,22,187,MQ,BOS,6
23,2,26,1,22,187,MQ,BOS,7
0,2,27,2,22,187,MQ,BOS,8
-2,2,28,3,22,187,MQ,BOS,9
3,2,1,4,7,187,MQ,BOS,17
-4,2,2,5,7,187,MQ,BOS,17
-2,2,3,6,7,187,MQ,BOS,16
2,2,4,7,7,187,MQ,BOS,15
8,2,5,1,7,187,MQ,BOS,14
-1,2,6,2,7,187,MQ,BOS,13
-1,2,7,3,7,187,MQ,BOS,12
1,2,8,4,7,187,MQ,BOS,11
-3,2,9,5,7,187,MQ,BOS,10
0,2,10,6,7,187,MQ,BOS,9
3,2,11,7,7,187,MQ,BOS,8
-2,2,12,1,7,187,MQ,BOS,7
47,2,13,2,7,187,MQ,BOS,6
17,2,16,5,7,187,MQ,BOS,3
4,2,17,6,7,187,MQ,BOS,2
0,2,18,7,7,187,MQ,BOS,1
-1,2,19,1,7,187,MQ,BOS,0
-4,2,20,2,7,187,MQ,BOS,1
0,2,21,3,7,187,MQ,BOS,2
-6,2,22,4,7,187,MQ,BOS,3
-5,2,23,5,7,187,MQ,BOS,4
16,2,24,6,7,187,MQ,BOS,5
210,2,25,7,7,187,MQ,BOS,6
38,2,26,1,7,187,MQ,BOS,7
-2,2,27,2,7,187,MQ,BOS,8
-2,2,28,3,7,187,MQ,BOS,9
75,2,1,4,19,187,MQ,BOS,17
5,2,2,5,19,187,MQ,BOS,17
-5,2,3,6,19,187,MQ,BOS,16
-5,2,4,7,19,187,MQ,BOS,15
10,2,5,1,19,187,MQ,BOS,14
4,2,6,2,19,187,MQ,BOS,13
40,2,7,3,19,187,MQ,BOS,12
72,2,8,4,19,187,MQ,BOS,11
31,2,9,5,19,187,MQ,BOS,10
11,2,10,6,19,187,MQ,BOS,9
-5,2,11,7,19,187,MQ,BOS,8
10,2,12,1,19,187,MQ,BOS,7
63,2,13,2,19,187,MQ,BOS,6
20,2,15,4,19,187,MQ,BOS,4
92,2,16,5,19,187,MQ,BOS,3
22,2,17,6,19,187,MQ,BOS,2
158,2,18,7,19,187,MQ,BOS,1
-5,2,19,1,19,187,MQ,BOS,0
-6,2,20,2,19,187,MQ,BOS,1
-2,2,21,3,19,187,MQ,BOS,2
179,2,22,4,19,187,MQ,BOS,3
22,2,23,5,19,187,MQ,BOS,4
161,2,24,6,19,187,MQ,BOS,5
183,2,25,7,19,187,MQ,BOS,6
129,2,26,1,19,187,MQ,BOS,7
13,2,27,2,19,187,MQ,BOS,8
5,2,28,3,19,187,MQ,BOS,9
-3,2,1,4,14,187,MQ,BOS,17
28,2,2,5,14,187,MQ,BOS,17
-5,2,3,6,14,187,MQ,BOS,16
17,2,4,7,14,187,MQ,BOS,15
-10,2,5,1,14,187,MQ,BOS,14
-1,2,6,2,14,187,MQ,BOS,13
-9,2,7,3,14,187,MQ,BOS,12
-2,2,8,4,14,187,MQ,BOS,11
-1,2,9,5,14,187,MQ,BOS,10
-1,2,10,6,14,187,MQ,BOS,9
-1,2,11,7,14,187,MQ,BOS,8
-5,2,12,1,14,187,MQ,BOS,7
-5,2,13,2,14,187,MQ,BOS,6
171,2,15,4,14,187,MQ,BOS,4
2,2,16,5,14,187,MQ,BOS,3
-2,2,18,7,14,187,MQ,BOS,1
18,2,19,1,14,187,MQ,BOS,0
-5,2,20,2,14,187,MQ,BOS,1
-5,2,21,3,14,187,MQ,BOS,2
-9,2,22,4,14,187,MQ,BOS,3
-7,2,23,5,14,187,MQ,BOS,4
-7,2,24,6,14,187,MQ,BOS,5
132,2,25,7,14,187,MQ,BOS,6
6,2,26,1,14,187,MQ,BOS,7
-6,2,27,2,14,187,MQ,BOS,8
-5,2,28,3,14,187,MQ,BOS,9
-5,2,1,4,9,187,MQ,BOS,17
-2,2,2,5,9,187,MQ,BOS,17
20,2,3,6,9,187,MQ,BOS,16
-7,2,4,7,9,187,MQ,BOS,15
12,2,5,1,9,187,MQ,BOS,14
-8,2,6,2,9,187,MQ,BOS,13
-8,2,7,3,9,187,MQ,BOS,12
-6,2,8,4,9,187,MQ,BOS,11
-10,2,9,5,9,187,MQ,BOS,10
-3,2,10,6,9,187,MQ,BOS,9
36,2,11,7,9,187,MQ,BOS,8
-6,2,12,1,9,187,MQ,BOS,7
-8,2,13,2,9,187,MQ,BOS,6
210,2,15,4,9,187,MQ,BOS,4
-7,2,16,5,9,187,MQ,BOS,3
-1,2,17,6,9,187,MQ,BOS,2
16,2,18,7,9,187,MQ,BOS,1
-4,2,19,1,9,187,MQ,BOS,0
-5,2,20,2,9,187,MQ,BOS,1
-5,2,22,4,9,187,MQ,BOS,3
-1,2,23,5,9,187,MQ,BOS,4
-6,2,25,7,9,187,MQ,BOS,6
26,2,26,1,9,187,MQ,BOS,7
-2,2,27,2,9,187,MQ,BOS,8
-5,2,28,3,9,187,MQ,BOS,9
108,2,1,4,17,426,MQ,RDU,17
16,2,2,5,17,426,MQ,RDU,17
-3,2,3,6,16,426,MQ,RDU,16
0,2,4,7,16,426,MQ,RDU,15
16,2,5,1,17,426,MQ,RDU,14
-4,2,6,2,17,426,MQ,RDU,13
-6,2,7,3,17,426,MQ,RDU,12
-1,2,8,4,17,426,MQ,RDU,11
-5,2,9,5,17,426,MQ,RDU,10
23,2,10,6,16,426,MQ,RDU,9
4,2,11,7,16,426,MQ,RDU,8
-9,2,12,1,17,426,MQ,RDU,7
-7,2,13,2,17,426,MQ,RDU,6
18,2,14,3,17,426,MQ,RDU,5
177,2,15,4,17,426,MQ,RDU,4
297,2,16,5,17,426,MQ,RDU,3
3,2,17,6,16,426,MQ,RDU,2
-1,2,18,7,16,426,MQ,RDU,1
29,2,19,1,17,426,MQ,RDU,0
22,2,20,2,17,426,MQ,RDU,1
-2,2,21,3,17,426,MQ,RDU,2
147,2,22,4,17,426,MQ,RDU,3
66,2,23,5,17,426,MQ,RDU,4
-5,2,24,6,16,426,MQ,RDU,5
-4,2,25,7,16,426,MQ,RDU,6
31,2,26,1,17,426,MQ,RDU,7
-5,2,27,2,17,426,MQ,RDU,8
20,2,28,3,17,426,MQ,RDU,9
0,2,1,4,12,426,MQ,RDU,17
-6,2,2,5,12,426,MQ,RDU,17
-5,2,3,6,12,426,MQ,RDU,16
2,2,4,7,12,426,MQ,RDU,15
-2,2,5,1,12,426,MQ,RDU,14
-3,2,6,2,12,426,MQ,RDU,13
-4,2,7,3,12,426,MQ,RDU,12
-8,2,8,4,12,426,MQ,RDU,11
3,2,9,5,12,426,MQ,RDU,10
-7,2,10,6,12,426,MQ,RDU,9
-3,2,11,7,12,426,MQ,RDU,8
-4,2,12,1,12,426,MQ,RDU,7
-5,2,13,2,12,426,MQ,RDU,6
4,2,15,4,12,426,MQ,RDU,4
105,2,16,5,12,426,MQ,RDU,3
-1,2,17,6,12,426,MQ,RDU,2
0,2,18,7,12,426,MQ,RDU,1
-5,2,19,1,12,426,MQ,RDU,0
-10,2,20,2,12,426,MQ,RDU,1
-6,2,21,3,12,426,MQ,RDU,2
-4,2,22,4,12,426,MQ,RDU,3
-6,2,23,5,12,426,MQ,RDU,4
-4,2,24,6,12,426,MQ,RDU,5
-4,2,25,7,12,426,MQ,RDU,6
-5,2,26,1,12,426,MQ,RDU,7
-4,2,27,2,12,426,MQ,RDU,8
-5,2,28,3,12,426,MQ,RDU,9
19,2,1,4,16,187,MQ,BOS,17
29,2,2,5,16,187,MQ,BOS,17
-5,2,3,6,16,187,MQ,BOS,16
28,2,4,7,16,187,MQ,BOS,15
59,2,5,1,16,187,MQ,BOS,14
-7,2,6,2,16,187,MQ,BOS,13
12,2,7,3,16,187,MQ,BOS,12
0,2,8,4,16,187,MQ,BOS,11
-5,2,9,5,16,187,MQ,BOS,10
39,2,10,6,16,187,MQ,BOS,9
6,2,11,7,16,187,MQ,BOS,8
-2,2,12,1,16,187,MQ,BOS,7
-9,2,13,2,16,187,MQ,BOS,6
76,2,16,5,16,187,MQ,BOS,3
27,2,17,6,16,187,MQ,BOS,2
64,2,18,7,16,187,MQ,BOS,1
5,2,19,1,16,187,MQ,BOS,0
-8,2,20,2,16,187,MQ,BOS,1
-3,2,21,3,16,187,MQ,BOS,2
22,2,22,4,16,187,MQ,BOS,3
-5,2,24,6,16,187,MQ,BOS,5
195,2,25,7,16,187,MQ,BOS,6
13,2,26,1,16,187,MQ,BOS,7
0,2,27,2,16,187,MQ,BOS,8
-6,2,28,3,16,187,MQ,BOS,9
-1,2,1,4,8,426,MQ,RDU,17
-7,2,2,5,8,426,MQ,RDU,17
0,2,3,6,8,426,MQ,RDU,16
-4,2,4,7,8,426,MQ,RDU,15
-6,2,5,1,8,426,MQ,RDU,14
35,2,6,2,8,426,MQ,RDU,13
-2,2,7,3,8,426,MQ,RDU,12
-2,2,8,4,8,426,MQ,RDU,11
0,2,9,5,8,426,MQ,RDU,10
-7,2,10,6,8,426,MQ,RDU,9
40,2,11,7,8,426,MQ,RDU,8
-5,2,12,1,8,426,MQ,RDU,7
-9,2,13,2,8,426,MQ,RDU,6
132,2,15,4,8,426,MQ,RDU,4
-1,2,16,5,8,426,MQ,RDU,3
25,2,17,6,8,426,MQ,RDU,2
-1,2,18,7,8,426,MQ,RDU,1
-1,2,19,1,8,426,MQ,RDU,0
-6,2,20,2,8,426,MQ,RDU,1
-4,2,21,3,8,426,MQ,RDU,2
-7,2,22,4,8,426,MQ,RDU,3
-11,2,23,5,8,426,MQ,RDU,4
-3,2,24,6,8,426,MQ,RDU,5
1,2,25,7,8,426,MQ,RDU,6
12,2,26,1,8,426,MQ,RDU,7
-8,2,27,2,8,426,MQ,RDU,8
-2,2,28,3,8,426,MQ,RDU,9
-6,2,1,4,21,426,MQ,RDU,17
5,2,2,5,21,426,MQ,RDU,17
-7,2,3,6,21,426,MQ,RDU,16
51,2,4,7,21,426,MQ,RDU,15
12,2,5,1,21,426,MQ,RDU,14
-5,2,6,2,21,426,MQ,RDU,13
-2,2,7,3,21,426,MQ,RDU,12
15,2,8,4,21,426,MQ,RDU,11
-5,2,9,5,21,426,MQ,RDU,10
-5,2,10,6,21,426,MQ,RDU,9
-7,2,11,7,21,426,MQ,RDU,8
-8,2,12,1,21,426,MQ,RDU,7
42,2,13,2,21,426,MQ,RDU,6
-3,2,15,4,21,426,MQ,RDU,4
45,2,16,5,21,426,MQ,RDU,3
-1,2,17,6,21,426,MQ,RDU,2
64,2,18,7,21,426,MQ,RDU,1
-5,2,19,1,21,426,MQ,RDU,0
-6,2,20,2,21,426,MQ,RDU,1
45,2,21,3,21,426,MQ,RDU,2
19,2,22,4,21,426,MQ,RDU,3
56,2,23,5,21,426,MQ,RDU,4
0,2,24,6,21,426,MQ,RDU,5
47,2,26,1,21,426,MQ,RDU,7
-7,2,27,2,21,426,MQ,RDU,8
3,2,28,3,21,426,MQ,RDU,9
-4,2,1,4,14,426,MQ,RDU,17
17,2,2,5,14,426,MQ,RDU,17
3,2,3,6,14,426,MQ,RDU,16
13,2,4,7,14,426,MQ,RDU,15
-5,2,5,1,14,426,MQ,RDU,14
-7,2,6,2,14,426,MQ,RDU,13
-7,2,7,3,14,426,MQ,RDU,12
-4,2,8,4,14,426,MQ,RDU,11
-2,2,9,5,14,426,MQ,RDU,10
-2,2,10,6,14,426,MQ,RDU,9
-7,2,11,7,14,426,MQ,RDU,8
-8,2,12,1,14,426,MQ,RDU,7
-7,2,13,2,14,426,MQ,RDU,6
21,2,15,4,14,426,MQ,RDU,4
62,2,16,5,14,426,MQ,RDU,3
4,2,17,6,14,426,MQ,RDU,2
-3,2,18,7,14,426,MQ,RDU,1
-5,2,19,1,14,426,MQ,RDU,0
-8,2,20,2,14,426,MQ,RDU,1
18,2,21,3,14,426,MQ,RDU,2
-3,2,22,4,14,426,MQ,RDU,3
-9,2,23,5,14,426,MQ,RDU,4
-5,2,24,6,14,426,MQ,RDU,5
0,2,25,7,14,426,MQ,RDU,6
-5,2,26,1,14,426,MQ,RDU,7
-4,2,27,2,14,426,MQ,RDU,8
-8,2,28,3,14,426,MQ,RDU,9
-1,2,1,4,16,892,MQ,STL,17
-10,2,2,5,16,892,MQ,STL,17
-6,2,3,6,16,892,MQ,STL,16
20,2,4,7,16,892,MQ,STL,15
-5,2,5,1,16,892,MQ,STL,14
-2,2,6,2,16,892,MQ,STL,13
-5,2,7,3,16,892,MQ,STL,12
-6,2,8,4,16,892,MQ,STL,11
-4,2,9,5,16,892,MQ,STL,10
-9,2,10,6,16,892,MQ,STL,9
-2,2,11,7,16,892,MQ,STL,8
0,2,12,1,16,892,MQ,STL,7
-9,2,13,2,16,892,MQ,STL,6
169,2,15,4,16,892,MQ,STL,4
111,2,16,5,16,892,MQ,STL,3
42,2,17,6,16,892,MQ,STL,2
-8,2,18,7,16,892,MQ,STL,1
-4,2,19,1,16,892,MQ,STL,0
-4,2,20,2,16,892,MQ,STL,1
-3,2,21,3,16,892,MQ,STL,2
46,2,22,4,16,892,MQ,STL,3
-2,2,23,5,16,892,MQ,STL,4
204,2,24,6,16,892,MQ,STL,5
0,2,25,7,16,892,MQ,STL,6
-1,2,26,1,16,892,MQ,STL,7
-12,2,27,2,16,892,MQ,STL,8
-5,2,28,3,16,892,MQ,STL,9
28,2,1,4,16,213,MQ,DCA,17
-10,2,2,5,16,213,MQ,DCA,17
-10,2,3,6,16,213,MQ,DCA,16
2,2,4,7,16,213,MQ,DCA,15
3,2,5,1,16,213,MQ,DCA,14
17,2,6,2,16,213,MQ,DCA,13
52,2,7,3,16,213,MQ,DCA,12
22,2,8,4,16,213,MQ,DCA,11
29,2,9,5,16,213,MQ,DCA,10
0,2,10,6,16,213,MQ,DCA,9
-4,2,11,7,16,213,MQ,DCA,8
0,2,12,1,16,213,MQ,DCA,7
78,2,16,5,16,213,MQ,DCA,3
0,2,17,6,16,213,MQ,DCA,2
160,2,18,7,16,213,MQ,DCA,1
-9,2,19,1,16,213,MQ,DCA,0
-6,2,20,2,16,213,MQ,DCA,1
-8,2,21,3,16,213,MQ,DCA,2
44,2,22,4,16,213,MQ,DCA,3
-5,2,23,5,16,213,MQ,DCA,4
118,2,24,6,16,213,MQ,DCA,5
86,2,26,1,16,213,MQ,DCA,7
-7,2,27,2,16,213,MQ,DCA,8
5,2,28,3,16,213,MQ,DCA,9
13,2,1,4,20,213,MQ,DCA,17
66,2,2,5,20,213,MQ,DCA,17
33,2,3,6,20,213,MQ,DCA,16
-2,2,4,7,20,213,MQ,DCA,15
117,2,5,1,20,213,MQ,DCA,14
-3,2,6,2,20,213,MQ,DCA,13
2,2,7,3,20,213,MQ,DCA,12
48,2,8,4,20,213,MQ,DCA,11
1,2,9,5,20,213,MQ,DCA,10
8,2,10,6,20,213,MQ,DCA,9
-2,2,11,7,20,213,MQ,DCA,8
0,2,12,1,20,213,MQ,DCA,7
174,2,15,4,20,213,MQ,DCA,4
189,2,16,5,20,213,MQ,DCA,3
75,2,17,6,20,213,MQ,DCA,2
170,2,18,7,20,213,MQ,DCA,1
-4,2,19,1,20,213,MQ,DCA,0
28,2,20,2,20,213,MQ,DCA,1
-2,2,21,3,20,213,MQ,DCA,2
78,2,22,4,20,213,MQ,DCA,3
41,2,23,5,20,213,MQ,DCA,4
-9,2,24,6,20,213,MQ,DCA,5
10,2,26,1,20,213,MQ,DCA,7
1,2,27,2,20,213,MQ,DCA,8
-9,2,28,3,20,213,MQ,DCA,9
-5,2,1,4,22,213,MQ,DCA,17
-7,2,2,5,22,213,MQ,DCA,17
-8,2,3,6,22,213,MQ,DCA,16
-8,2,4,7,22,213,MQ,DCA,15
-7,2,5,1,22,213,MQ,DCA,14
15,2,6,2,22,213,MQ,DCA,13
-6,2,7,3,22,213,MQ,DCA,12
-2,2,8,4,22,213,MQ,DCA,11
-6,2,9,5,22,213,MQ,DCA,10
-4,2,10,6,22,213,MQ,DCA,9
-4,2,11,7,22,213,MQ,DCA,8
33,2,14,3,22,213,MQ,DCA,5
6,2,15,4,22,213,MQ,DCA,4
144,2,16,5,22,213,MQ,DCA,3
-5,2,17,6,22,213,MQ,DCA,2
1,2,18,7,22,213,MQ,DCA,1
-8,2,19,1,22,213,MQ,DCA,0
57,2,20,2,22,213,MQ,DCA,1
-6,2,21,3,22,213,MQ,DCA,2
2,2,22,4,22,213,MQ,DCA,3
-5,2,23,5,22,213,MQ,DCA,4
-6,2,24,6,22,213,MQ,DCA,5
-4,2,26,1,22,213,MQ,DCA,7
-7,2,27,2,22,213,MQ,DCA,8
-8,2,28,3,22,213,MQ,DCA,9
-3,2,4,7,14,213,MQ,DCA,15
8,2,11,7,14,213,MQ,DCA,8
-4,2,18,7,14,213,MQ,DCA,1
-1,2,1,4,9,213,MQ,DCA,17
-5,2,2,5,9,213,MQ,DCA,17
-3,2,3,6,9,213,MQ,DCA,16
-5,2,4,7,9,213,MQ,DCA,15
8,2,5,1,9,213,MQ,DCA,14
-4,2,6,2,9,213,MQ,DCA,13
-6,2,7,3,9,213,MQ,DCA,12
0,2,8,4,9,213,MQ,DCA,11
-5,2,9,5,9,213,MQ,DCA,10
-3,2,10,6,9,213,MQ,DCA,9
12,2,11,7,9,213,MQ,DCA,8
-5,2,12,1,9,213,MQ,DCA,7
-4,2,13,2,9,213,MQ,DCA,6
5,2,16,5,9,213,MQ,DCA,3
53,2,17,6,9,213,MQ,DCA,2
-5,2,18,7,9,213,MQ,DCA,1
0,2,19,1,9,213,MQ,DCA,0
-3,2,20,2,9,213,MQ,DCA,1
-3,2,21,3,9,213,MQ,DCA,2
-1,2,22,4,9,213,MQ,DCA,3
-5,2,23,5,9,213,MQ,DCA,4
-7,2,24,6,9,213,MQ,DCA,5
0,2,25,7,9,213,MQ,DCA,6
17,2,26,1,9,213,MQ,DCA,7
18,2,27,2,9,213,MQ,DCA,8
-8,2,28,3,9,213,MQ,DCA,9
63,2,15,4,11,1028,NW,MSP,4
-3,2,16,5,11,1028,NW,MSP,3
1,2,17,6,11,1028,NW,MSP,2
12,2,18,7,11,1028,NW,MSP,1
-4,2,19,1,11,1028,NW,MSP,0
22,2,20,2,11,1028,NW,MSP,1
-9,2,21,3,11,1028,NW,MSP,2
-2,2,22,4,11,1028,NW,MSP,3
-8,2,23,5,11,1028,NW,MSP,4
10,2,24,6,11,1028,NW,MSP,5
7,2,26,1,11,1028,NW,MSP,7
15,2,27,2,11,1028,NW,MSP,8
-3,2,28,3,11,1028,NW,MSP,9
1,2,1,4,8,1028,NW,MSP,17
-9,2,2,5,8,1028,NW,MSP,17
-1,2,3,6,8,1028,NW,MSP,16
-1,2,4,7,8,1028,NW,MSP,15
5,2,5,1,8,1028,NW,MSP,14
-3,2,6,2,8,1028,NW,MSP,13
-4,2,7,3,8,1028,NW,MSP,12
-4,2,8,4,8,1028,NW,MSP,11
-5,2,9,5,8,1028,NW,MSP,10
6,2,10,6,8,1028,NW,MSP,9
-8,2,11,7,8,1028,NW,MSP,8
-6,2,12,1,8,1028,NW,MSP,7
-2,2,13,2,8,1028,NW,MSP,6
116,2,15,4,8,1028,NW,MSP,4
22,2,16,5,8,1028,NW,MSP,3
17,2,17,6,8,1028,NW,MSP,2
5,2,18,7,8,1028,NW,MSP,1
-7,2,19,1,8,1028,NW,MSP,0
-4,2,20,2,8,1028,NW,MSP,1
-11,2,21,3,8,1028,NW,MSP,2
-2,2,22,4,8,1028,NW,MSP,3
-4,2,23,5,8,1028,NW,MSP,4
-4,2,24,6,8,1028,NW,MSP,5
10,2,25,7,8,1028,NW,MSP,6
36,2,26,1,8,1028,NW,MSP,7
-4,2,27,2,8,1028,NW,MSP,8
-8,2,28,3,8,1028,NW,MSP,9
34,2,1,4,17,1028,NW,MSP,17
24,2,2,5,17,1028,NW,MSP,17
0,2,3,6,17,1028,NW,MSP,16
34,2,4,7,17,1028,NW,MSP,15
9,2,5,1,17,1028,NW,MSP,14
43,2,6,2,17,1028,NW,MSP,13
64,2,7,3,17,1028,NW,MSP,12
3,2,8,4,17,1028,NW,MSP,11
15,2,9,5,17,1028,NW,MSP,10
60,2,10,6,17,1028,NW,MSP,9
23,2,11,7,17,1028,NW,MSP,8
5,2,12,1,17,1028,NW,MSP,7
59,2,13,2,17,1028,NW,MSP,6
217,2,14,3,17,1028,NW,MSP,5
-3,2,1,4,11,1028,NW,MSP,17
-4,2,2,5,11,1028,NW,MSP,17
-6,2,4,7,11,1028,NW,MSP,15
56,2,5,1,11,1028,NW,MSP,14
14,2,6,2,11,1028,NW,MSP,13
-7,2,7,3,11,1028,NW,MSP,12
94,2,8,4,11,1028,NW,MSP,11
-1,2,9,5,11,1028,NW,MSP,10
-6,2,11,7,11,1028,NW,MSP,8
-7,2,12,1,11,1028,NW,MSP,7
-7,2,13,2,11,1028,NW,MSP,6
450,2,14,3,11,1028,NW,MSP,5
116,2,16,5,17,1028,NW,MSP,3
41,2,17,6,17,1028,NW,MSP,2
42,2,18,7,17,1028,NW,MSP,1
0,2,19,1,17,1028,NW,MSP,0
-3,2,20,2,17,1028,NW,MSP,1
73,2,21,3,17,1028,NW,MSP,2
76,2,22,4,17,1028,NW,MSP,3
34,2,23,5,17,1028,NW,MSP,4
42,2,24,6,17,1028,NW,MSP,5
79,2,25,7,17,1028,NW,MSP,6
26,2,26,1,17,1028,NW,MSP,7
32,2,27,2,17,1028,NW,MSP,8
-2,2,28,3,17,1028,NW,MSP,9
15,2,1,4,12,508,NW,DTW,17
-8,2,2,5,12,508,NW,DTW,17
18,2,3,6,12,508,NW,DTW,16
-10,2,4,7,12,508,NW,DTW,15
42,2,5,1,12,508,NW,DTW,14
-7,2,6,2,12,508,NW,DTW,13
-22,2,7,3,12,508,NW,DTW,12
-14,2,8,4,12,508,NW,DTW,11
1,2,9,5,12,508,NW,DTW,10
16,2,10,6,12,508,NW,DTW,9
-17,2,11,7,12,508,NW,DTW,8
-4,2,12,1,12,508,NW,DTW,7
-13,2,13,2,12,508,NW,DTW,6
19,2,15,4,12,508,NW,DTW,4
-5,2,16,5,12,508,NW,DTW,3
23,2,17,6,12,508,NW,DTW,2
21,2,18,7,12,508,NW,DTW,1
14,2,19,1,12,508,NW,DTW,0
-8,2,20,2,12,508,NW,DTW,1
-9,2,22,4,12,508,NW,DTW,3
-10,2,23,5,12,508,NW,DTW,4
45,2,24,6,12,508,NW,DTW,5
-21,2,27,2,12,508,NW,DTW,8
-4,2,28,3,12,508,NW,DTW,9
97,2,16,5,16,508,NW,DTW,3
82,2,17,6,16,508,NW,DTW,2
16,2,18,7,16,508,NW,DTW,1
0,2,19,1,16,508,NW,DTW,0
-9,2,20,2,16,508,NW,DTW,1
82,2,21,3,16,508,NW,DTW,2
58,2,22,4,16,508,NW,DTW,3
-10,2,23,5,16,508,NW,DTW,4
-10,2,24,6,16,508,NW,DTW,5
33,2,26,1,16,508,NW,DTW,7
-4,2,27,2,16,508,NW,DTW,8
-5,2,28,3,16,508,NW,DTW,9
285,2,15,4,9,508,NW,DTW,4
1,2,16,5,9,508,NW,DTW,3
-2,2,17,6,9,508,NW,DTW,2
-8,2,19,1,9,508,NW,DTW,0
-6,2,20,2,9,508,NW,DTW,1
2,2,21,3,9,508,NW,DTW,2
74,2,22,4,9,508,NW,DTW,3
111,2,23,5,9,508,NW,DTW,4
-5,2,24,6,9,508,NW,DTW,5
0,2,26,1,9,508,NW,DTW,7
83,2,27,2,9,508,NW,DTW,8
-13,2,28,3,9,508,NW,DTW,9
24,2,1,4,9,508,NW,DTW,17
-10,2,2,5,9,508,NW,DTW,17
-3,2,3,6,9,508,NW,DTW,16
278,2,5,1,9,508,NW,DTW,14
-6,2,6,2,9,508,NW,DTW,13
-5,2,7,3,9,508,NW,DTW,12
-1,2,8,4,9,508,NW,DTW,11
-3,2,9,5,9,508,NW,DTW,10
-6,2,10,6,9,508,NW,DTW,9
74,2,12,1,9,508,NW,DTW,7
74,2,13,2,9,508,NW,DTW,6
-8,2,1,4,16,508,NW,DTW,17
18,2,2,5,16,508,NW,DTW,17
22,2,3,6,16,508,NW,DTW,16
22,2,4,7,16,508,NW,DTW,15
-4,2,5,1,16,508,NW,DTW,14
-11,2,6,2,16,508,NW,DTW,13
3,2,7,3,16,508,NW,DTW,12
-6,2,8,4,16,508,NW,DTW,11
3,2,9,5,16,508,NW,DTW,10
-3,2,10,6,16,508,NW,DTW,9
-8,2,11,7,16,508,NW,DTW,8
8,2,12,1,16,508,NW,DTW,7
23,2,13,2,16,508,NW,DTW,6
1140,2,14,3,16,508,NW,DTW,5
-4,2,1,4,9,2475,AA,LAX,17
-5,2,2,5,9,2475,AA,LAX,17
37,2,3,6,9,2475,AA,LAX,16
36,2,5,1,9,2475,AA,LAX,14
-6,2,6,2,9,2475,AA,LAX,13
1,2,7,3,9,2475,AA,LAX,12
-6,2,8,4,9,2475,AA,LAX,11
-6,2,9,5,9,2475,AA,LAX,10
0,2,10,6,9,2475,AA,LAX,9
-2,2,11,7,9,2475,AA,LAX,8
-3,2,12,1,9,2475,AA,LAX,7
-4,2,13,2,9,2475,AA,LAX,6
372,2,15,4,9,2475,AA,LAX,4
40,2,16,5,9,2475,AA,LAX,3
28,2,17,6,9,2475,AA,LAX,2
1,2,18,7,9,2475,AA,LAX,1
-2,2,19,1,9,2475,AA,LAX,0
86,2,20,2,9,2475,AA,LAX,1
-5,2,21,3,9,2475,AA,LAX,2
-2,2,22,4,9,2475,AA,LAX,3
-1,2,23,5,9,2475,AA,LAX,4
18,2,24,6,9,2475,AA,LAX,5
1,2,25,7,9,2475,AA,LAX,6
-7,2,26,1,9,2475,AA,LAX,7
-4,2,27,2,9,2475,AA,LAX,8
-6,2,28,3,9,2475,AA,LAX,9
-5,2,1,4,12,2475,AA,LAX,17
-9,2,2,5,12,2475,AA,LAX,17
-9,2,3,6,12,2475,AA,LAX,16
-7,2,4,7,12,2475,AA,LAX,15
-3,2,5,1,12,2475,AA,LAX,14
-9,2,6,2,12,2475,AA,LAX,13
-3,2,7,3,12,2475,AA,LAX,12
42,2,8,4,12,2475,AA,LAX,11
-9,2,9,5,12,2475,AA,LAX,10
-4,2,10,6,12,2475,AA,LAX,9
-6,2,12,1,12,2475,AA,LAX,7
-3,2,13,2,12,2475,AA,LAX,6
183,2,15,4,12,2475,AA,LAX,4
72,2,16,5,12,2475,AA,LAX,3
32,2,17,6,12,2475,AA,LAX,2
-8,2,18,7,12,2475,AA,LAX,1
-2,2,19,1,12,2475,AA,LAX,0
-8,2,20,2,12,2475,AA,LAX,1
-7,2,21,3,12,2475,AA,LAX,2
-6,2,22,4,12,2475,AA,LAX,3
-1,2,23,5,12,2475,AA,LAX,4
-9,2,24,6,12,2475,AA,LAX,5
-4,2,25,7,12,2475,AA,LAX,6
-9,2,26,1,12,2475,AA,LAX,7
-5,2,27,2,12,2475,AA,LAX,8
-5,2,28,3,12,2475,AA,LAX,9
-3,2,1,4,11,2586,AA,SFO,17
-2,2,2,5,11,2586,AA,SFO,17
0,2,3,6,11,2586,AA,SFO,16
-6,2,4,7,11,2586,AA,SFO,15
-5,2,5,1,11,2586,AA,SFO,14
1,2,6,2,11,2586,AA,SFO,13
0,2,7,3,11,2586,AA,SFO,12
50,2,8,4,11,2586,AA,SFO,11
30,2,9,5,11,2586,AA,SFO,10
-4,2,10,6,11,2586,AA,SFO,9
-1,2,11,7,11,2586,AA,SFO,8
-7,2,13,2,11,2586,AA,SFO,6
346,2,15,4,11,2586,AA,SFO,4
41,2,16,5,11,2586,AA,SFO,3
24,2,17,6,11,2586,AA,SFO,2
8,2,19,1,11,2586,AA,SFO,0
21,2,20,2,11,2586,AA,SFO,1
-3,2,21,3,11,2586,AA,SFO,2
-4,2,22,4,11,2586,AA,SFO,3
96,2,23,5,11,2586,AA,SFO,4
-9,2,25,7,11,2586,AA,SFO,6
3,2,26,1,11,2586,AA,SFO,7
-3,2,27,2,11,2586,AA,SFO,8
4,2,28,3,11,2586,AA,SFO,9
-4,2,1,4,11,2475,AA,LAX,17
-8,2,2,5,11,2475,AA,LAX,17
-2,2,4,7,11,2475,AA,LAX,15
-5,2,5,1,11,2475,AA,LAX,14
-5,2,6,2,11,2475,AA,LAX,13
16,2,7,3,11,2475,AA,LAX,12
-3,2,8,4,11,2475,AA,LAX,11
17,2,9,5,11,2475,AA,LAX,10
-3,2,11,7,11,2475,AA,LAX,8
-9,2,12,1,11,2475,AA,LAX,7
-6,2,13,2,11,2475,AA,LAX,6
232,2,15,4,11,2475,AA,LAX,4
146,2,16,5,11,2475,AA,LAX,3
-7,2,18,7,11,2475,AA,LAX,1
40,2,19,1,11,2475,AA,LAX,0
-1,2,20,2,11,2475,AA,LAX,1
-7,2,21,3,11,2475,AA,LAX,2
-7,2,22,4,11,2475,AA,LAX,3
-7,2,23,5,11,2475,AA,LAX,4
-2,2,25,7,11,2475,AA,LAX,6
-4,2,26,1,11,2475,AA,LAX,7
-3,2,27,2,11,2475,AA,LAX,8
-5,2,28,3,11,2475,AA,LAX,9
46,2,1,4,19,2475,AA,LAX,17
-8,2,2,5,19,2475,AA,LAX,17
-6,2,3,6,19,2475,AA,LAX,16
-1,2,4,7,19,2475,AA,LAX,15
35,2,5,1,19,2475,AA,LAX,14
-1,2,6,2,19,2475,AA,LAX,13
0,2,7,3,19,2475,AA,LAX,12
-1,2,8,4,19,2475,AA,LAX,11
-4,2,9,5,19,2475,AA,LAX,10
-9,2,10,6,19,2475,AA,LAX,9
-2,2,11,7,19,2475,AA,LAX,8
40,2,12,1,19,2475,AA,LAX,7
11,2,13,2,19,2475,AA,LAX,6
100,2,16,5,19,2475,AA,LAX,3
9,2,17,6,19,2475,AA,LAX,2
1,2,18,7,19,2475,AA,LAX,1
1,2,19,1,19,2475,AA,LAX,0
-2,2,20,2,19,2475,AA,LAX,1
25,2,21,3,19,2475,AA,LAX,2
19,2,22,4,19,2475,AA,LAX,3
-2,2,23,5,19,2475,AA,LAX,4
-4,2,24,6,19,2475,AA,LAX,5
0,2,25,7,19,2475,AA,LAX,6
14,2,26,1,19,2475,AA,LAX,7
-1,2,27,2,19,2475,AA,LAX,8
7,2,28,3,19,2475,AA,LAX,9
-5,2,1,4,7,2475,AA,LAX,17
1,2,2,5,7,2475,AA,LAX,17
-7,2,3,6,7,2475,AA,LAX,16
-9,2,4,7,7,2475,AA,LAX,15
0,2,6,2,7,2475,AA,LAX,13
-5,2,7,3,7,2475,AA,LAX,12
42,2,8,4,7,2475,AA,LAX,11
-7,2,9,5,7,2475,AA,LAX,10
-6,2,10,6,7,2475,AA,LAX,9
-5,2,11,7,7,2475,AA,LAX,8
4,2,12,1,7,2475,AA,LAX,7
10,2,13,2,7,2475,AA,LAX,6
35,2,15,4,7,2475,AA,LAX,4
32,2,16,5,7,2475,AA,LAX,3
50,2,17,6,7,2475,AA,LAX,2
-2,2,18,7,7,2475,AA,LAX,1
13,2,19,1,7,2475,AA,LAX,0
-2,2,20,2,7,2475,AA,LAX,1
-1,2,21,3,7,2475,AA,LAX,2
-3,2,22,4,7,2475,AA,LAX,3
-5,2,23,5,7,2475,AA,LAX,4
-5,2,24,6,7,2475,AA,LAX,5
1,2,25,7,7,2475,AA,LAX,6
-4,2,26,1,7,2475,AA,LAX,7
0,2,27,2,7,2475,AA,LAX,8
-3,2,28,3,7,2475,AA,LAX,9
-3,2,1,4,7,2586,AA,SFO,17
-5,2,2,5,7,2586,AA,SFO,17
12,2,5,1,7,2586,AA,SFO,14
-5,2,8,4,7,2586,AA,SFO,11
-5,2,12,1,7,2586,AA,SFO,7
-9,2,13,2,7,2586,AA,SFO,6
9,2,15,4,7,2586,AA,SFO,4
34,2,16,5,7,2586,AA,SFO,3
51,2,17,6,7,2586,AA,SFO,2
0,2,19,1,7,2586,AA,SFO,0
7,2,20,2,7,2586,AA,SFO,1
-4,2,21,3,7,2586,AA,SFO,2
-9,2,22,4,7,2586,AA,SFO,3
2,2,23,5,7,2586,AA,SFO,4
-3,2,24,6,7,2586,AA,SFO,5
-10,2,27,2,7,2586,AA,SFO,8
-7,2,28,3,7,2586,AA,SFO,9
18,2,1,4,15,2586,AA,SFO,17
0,2,2,5,15,2586,AA,SFO,17
-4,2,3,6,15,2586,AA,SFO,16
-6,2,4,7,15,2586,AA,SFO,15
-9,2,5,1,15,2586,AA,SFO,14
-1,2,6,2,15,2586,AA,SFO,13
23,2,7,3,15,2586,AA,SFO,12
4,2,8,4,15,2586,AA,SFO,11
-5,2,9,5,15,2586,AA,SFO,10
-5,2,10,6,15,2586,AA,SFO,9
-3,2,11,7,15,2586,AA,SFO,8
-5,2,12,1,15,2586,AA,SFO,7
-1,2,13,2,15,2586,AA,SFO,6
92,2,16,5,15,2586,AA,SFO,3
1,2,17,6,15,2586,AA,SFO,2
-5,2,18,7,15,2586,AA,SFO,1
1,2,19,1,15,2586,AA,SFO,0
36,2,20,2,15,2586,AA,SFO,1
0,2,21,3,15,2586,AA,SFO,2
-4,2,22,4,15,2586,AA,SFO,3
84,2,23,5,15,2586,AA,SFO,4
68,2,24,6,15,2586,AA,SFO,5
35,2,25,7,15,2586,AA,SFO,6
-7,2,26,1,15,2586,AA,SFO,7
-8,2,27,2,15,2586,AA,SFO,8
-5,2,28,3,15,2586,AA,SFO,9
-1,2,1,4,14,2475,AA,LAX,17
-2,2,2,5,14,2475,AA,LAX,17
4,2,3,6,14,2475,AA,LAX,16
0,2,4,7,14,2475,AA,LAX,15
8,2,5,1,14,2475,AA,LAX,14
88,2,6,2,14,2475,AA,LAX,13
1,2,7,3,14,2475,AA,LAX,12
0,2,8,4,14,2475,AA,LAX,11
0,2,9,5,14,2475,AA,LAX,10
1,2,10,6,14,2475,AA,LAX,9
-4,2,11,7,14,2475,AA,LAX,8
22,2,12,1,14,2475,AA,LAX,7
-2,2,13,2,14,2475,AA,LAX,6
232,2,15,4,14,2475,AA,LAX,4
1,2,16,5,14,2475,AA,LAX,3
31,2,17,6,14,2475,AA,LAX,2
-2,2,18,7,14,2475,AA,LAX,1
0,2,19,1,14,2475,AA,LAX,0
1,2,20,2,14,2475,AA,LAX,1
339,2,21,3,14,2475,AA,LAX,2
-4,2,22,4,14,2475,AA,LAX,3
-1,2,23,5,14,2475,AA,LAX,4
14,2,24,6,14,2475,AA,LAX,5
0,2,25,7,14,2475,AA,LAX,6
5,2,26,1,14,2475,AA,LAX,7
1,2,27,2,14,2475,AA,LAX,8
-1,2,28,3,14,2475,AA,LAX,9
5,2,1,4,17,2446,AA,SAN,17
27,2,2,5,17,2446,AA,SAN,17
-7,2,3,6,17,2446,AA,SAN,16
16,2,4,7,17,2446,AA,SAN,15
0,2,5,1,17,2446,AA,SAN,14
-3,2,6,2,17,2446,AA,SAN,13
-2,2,7,3,17,2446,AA,SAN,12
3,2,8,4,17,2446,AA,SAN,11
-1,2,9,5,17,2446,AA,SAN,10
1,2,10,6,17,2446,AA,SAN,9
0,2,11,7,17,2446,AA,SAN,8
-3,2,12,1,17,2446,AA,SAN,7
0,2,13,2,17,2446,AA,SAN,6
72,2,14,3,17,2446,AA,SAN,5
63,2,16,5,17,2446,AA,SAN,3
96,2,17,6,17,2446,AA,SAN,2
23,2,18,7,17,2446,AA,SAN,1
-4,2,19,1,17,2446,AA,SAN,0
-1,2,20,2,17,2446,AA,SAN,1
2,2,21,3,17,2446,AA,SAN,2
-8,2,22,4,17,2446,AA,SAN,3
-5,2,23,5,17,2446,AA,SAN,4
-2,2,24,6,17,2446,AA,SAN,5
152,2,25,7,17,2446,AA,SAN,6
148,2,26,1,17,2446,AA,SAN,7
-2,2,27,2,17,2446,AA,SAN,8
-3,2,28,3,17,2446,AA,SAN,9
4,2,1,4,16,2475,AA,LAX,17
-7,2,2,5,16,2475,AA,LAX,17
14,2,3,6,16,2475,AA,LAX,16
-2,2,4,7,16,2475,AA,LAX,15
-10,2,5,1,16,2475,AA,LAX,14
-5,2,6,2,16,2475,AA,LAX,13
-3,2,7,3,16,2475,AA,LAX,12
-3,2,8,4,16,2475,AA,LAX,11
3,2,9,5,16,2475,AA,LAX,10
5,2,10,6,16,2475,AA,LAX,9
68,2,11,7,16,2475,AA,LAX,8
-5,2,12,1,16,2475,AA,LAX,7
0,2,13,2,16,2475,AA,LAX,6
51,2,15,4,16,2475,AA,LAX,4
8,2,16,5,16,2475,AA,LAX,3
2,2,17,6,16,2475,AA,LAX,2
14,2,18,7,16,2475,AA,LAX,1
-4,2,19,1,16,2475,AA,LAX,0
-6,2,20,2,16,2475,AA,LAX,1
-4,2,21,3,16,2475,AA,LAX,2
0,2,22,4,16,2475,AA,LAX,3
-5,2,23,5,16,2475,AA,LAX,4
9,2,24,6,16,2475,AA,LAX,5
-6,2,25,7,16,2475,AA,LAX,6
-7,2,26,1,16,2475,AA,LAX,7
-1,2,27,2,16,2475,AA,LAX,8
17,2,28,3,16,2475,AA,LAX,9
0,2,1,4,17,2586,AA,SFO,17
3,2,2,5,17,2586,AA,SFO,17
2,2,3,6,17,2586,AA,SFO,16
-4,2,4,7,17,2586,AA,SFO,15
0,2,5,1,17,2586,AA,SFO,14
-8,2,6,2,17,2586,AA,SFO,13
-3,2,7,3,17,2586,AA,SFO,12
-5,2,8,4,17,2586,AA,SFO,11
-4,2,9,5,17,2586,AA,SFO,10
5,2,10,6,17,2586,AA,SFO,9
-4,2,11,7,17,2586,AA,SFO,8
-7,2,12,1,17,2586,AA,SFO,7
-2,2,13,2,17,2586,AA,SFO,6
34,2,16,5,17,2586,AA,SFO,3
1,2,17,6,17,2586,AA,SFO,2
-4,2,18,7,17,2586,AA,SFO,1
-2,2,19,1,17,2586,AA,SFO,0
1,2,20,2,17,2586,AA,SFO,1
-5,2,21,3,17,2586,AA,SFO,2
185,2,22,4,17,2586,AA,SFO,3
36,2,23,5,17,2586,AA,SFO,4
-7,2,24,6,17,2586,AA,SFO,5
-7,2,25,7,17,2586,AA,SFO,6
10,2,26,1,17,2586,AA,SFO,7
2,2,27,2,17,2586,AA,SFO,8
123,2,28,3,17,2586,AA,SFO,9
-7,2,1,4,9,2586,AA,SFO,17
-6,2,3,6,9,2586,AA,SFO,16
-12,2,4,7,9,2586,AA,SFO,15
-1,2,5,1,9,2586,AA,SFO,14
-3,2,6,2,9,2586,AA,SFO,13
-5,2,7,3,9,2586,AA,SFO,12
-1,2,9,5,9,2586,AA,SFO,10
-7,2,10,6,9,2586,AA,SFO,9
-2,2,11,7,9,2586,AA,SFO,8
-4,2,12,1,9,2586,AA,SFO,7
-11,2,13,2,9,2586,AA,SFO,6
529,2,15,4,9,2586,AA,SFO,4
78,2,16,5,9,2586,AA,SFO,3
49,2,17,6,9,2586,AA,SFO,2
-4,2,18,7,9,2586,AA,SFO,1
128,2,19,1,9,2586,AA,SFO,0
-2,2,20,2,9,2586,AA,SFO,1
14,2,21,3,9,2586,AA,SFO,2
-6,2,22,4,9,2586,AA,SFO,3
-3,2,23,5,9,2586,AA,SFO,4
-5,2,24,6,9,2586,AA,SFO,5
-5,2,25,7,9,2586,AA,SFO,6
0,2,26,1,9,2586,AA,SFO,7
26,2,27,2,9,2586,AA,SFO,8
4,2,28,3,9,2586,AA,SFO,9
-2,2,1,4,17,2475,AA,LAX,17
-1,2,2,5,17,2475,AA,LAX,17
-8,2,3,6,17,2475,AA,LAX,16
0,2,4,7,17,2475,AA,LAX,15
6,2,5,1,17,2475,AA,LAX,14
0,2,6,2,17,2475,AA,LAX,13
120,2,7,3,17,2475,AA,LAX,12
0,2,8,4,17,2475,AA,LAX,11
0,2,9,5,17,2475,AA,LAX,10
1,2,10,6,17,2475,AA,LAX,9
0,2,11,7,17,2475,AA,LAX,8
-8,2,12,1,17,2475,AA,LAX,7
-6,2,13,2,17,2475,AA,LAX,6
88,2,14,3,17,2475,AA,LAX,5
19,2,16,5,17,2475,AA,LAX,3
0,2,17,6,17,2475,AA,LAX,2
-10,2,19,1,17,2475,AA,LAX,0
6,2,20,2,17,2475,AA,LAX,1
76,2,21,3,17,2475,AA,LAX,2
-7,2,22,4,17,2475,AA,LAX,3
-5,2,23,5,17,2475,AA,LAX,4
-10,2,24,6,17,2475,AA,LAX,5
-2,2,25,7,17,2475,AA,LAX,6
-5,2,26,1,17,2475,AA,LAX,7
3,2,27,2,17,2475,AA,LAX,8
-5,2,28,3,17,2475,AA,LAX,9
67,2,1,4,20,2475,AA,LAX,17
38,2,2,5,20,2475,AA,LAX,17
10,2,3,6,20,2475,AA,LAX,16
0,2,4,7,20,2475,AA,LAX,15
9,2,5,1,20,2475,AA,LAX,14
-4,2,6,2,20,2475,AA,LAX,13
3,2,7,3,20,2475,AA,LAX,12
-1,2,8,4,20,2475,AA,LAX,11
-1,2,9,5,20,2475,AA,LAX,10
-6,2,10,6,20,2475,AA,LAX,9
-3,2,11,7,20,2475,AA,LAX,8
-1,2,12,1,20,2475,AA,LAX,7
37,2,13,2,20,2475,AA,LAX,6
29,2,16,5,20,2475,AA,LAX,3
206,2,17,6,20,2475,AA,LAX,2
-4,2,19,1,20,2475,AA,LAX,0
23,2,20,2,20,2475,AA,LAX,1
32,2,21,3,20,2475,AA,LAX,2
1,2,22,4,20,2475,AA,LAX,3
207,2,23,5,20,2475,AA,LAX,4
-5,2,24,6,20,2475,AA,LAX,5
-3,2,26,1,20,2475,AA,LAX,7
15,2,27,2,20,2475,AA,LAX,8
-6,2,28,3,20,2475,AA,LAX,9
-6,2,1,4,6,2475,AA,LAX,17
-6,2,3,6,6,2475,AA,LAX,16
70,2,5,1,6,2475,AA,LAX,14
-10,2,6,2,6,2475,AA,LAX,13
-4,2,7,3,6,2475,AA,LAX,12
-2,2,8,4,6,2475,AA,LAX,11
3,2,9,5,6,2475,AA,LAX,10
-6,2,10,6,6,2475,AA,LAX,9
2,2,12,1,6,2475,AA,LAX,7
25,2,13,2,6,2475,AA,LAX,6
7,2,16,5,6,2475,AA,LAX,3
5,2,17,6,6,2475,AA,LAX,2
3,2,19,1,6,2475,AA,LAX,0
-1,2,20,2,6,2475,AA,LAX,1
-3,2,21,3,6,2475,AA,LAX,2
0,2,22,4,6,2475,AA,LAX,3
-5,2,23,5,6,2475,AA,LAX,4
-9,2,24,6,6,2475,AA,LAX,5
-7,2,26,1,6,2475,AA,LAX,7
-6,2,27,2,6,2475,AA,LAX,8
9,2,28,3,6,2475,AA,LAX,9
0,2,1,4,10,2475,AA,LAX,17
-7,2,2,5,10,2475,AA,LAX,17
-7,2,3,6,10,2475,AA,LAX,16
-5,2,4,7,10,2475,AA,LAX,15
0,2,5,1,10,2475,AA,LAX,14
5,2,6,2,10,2475,AA,LAX,13
-12,2,7,3,10,2475,AA,LAX,12
150,2,8,4,10,2475,AA,LAX,11
4,2,9,5,10,2475,AA,LAX,10
60,2,10,6,10,2475,AA,LAX,9
-1,2,11,7,10,2475,AA,LAX,8
-5,2,12,1,10,2475,AA,LAX,7
-7,2,13,2,10,2475,AA,LAX,6
22,2,16,5,10,2475,AA,LAX,3
29,2,17,6,10,2475,AA,LAX,2
-1,2,18,7,10,2475,AA,LAX,1
9,2,19,1,10,2475,AA,LAX,0
-1,2,20,2,10,2475,AA,LAX,1
0,2,21,3,10,2475,AA,LAX,2
0,2,22,4,10,2475,AA,LAX,3
1,2,23,5,10,2475,AA,LAX,4
36,2,24,6,10,2475,AA,LAX,5
-3,2,25,7,10,2475,AA,LAX,6
-7,2,26,1,10,2475,AA,LAX,7
-4,2,27,2,10,2475,AA,LAX,8
3,2,28,3,10,2475,AA,LAX,9
10,2,1,4,10,2446,AA,SAN,17
-7,2,2,5,10,2446,AA,SAN,17
-1,2,3,6,10,2446,AA,SAN,16
-3,2,4,7,10,2446,AA,SAN,15
-3,2,5,1,10,2446,AA,SAN,14
0,2,6,2,10,2446,AA,SAN,13
-7,2,7,3,10,2446,AA,SAN,12
-2,2,8,4,10,2446,AA,SAN,11
-3,2,9,5,10,2446,AA,SAN,10
-5,2,10,6,10,2446,AA,SAN,9
-2,2,11,7,10,2446,AA,SAN,8
16,2,12,1,10,2446,AA,SAN,7
-7,2,13,2,10,2446,AA,SAN,6
430,2,15,4,10,2446,AA,SAN,4
26,2,16,5,10,2446,AA,SAN,3
-1,2,17,6,10,2446,AA,SAN,2
34,2,18,7,10,2446,AA,SAN,1
3,2,19,1,10,2446,AA,SAN,0
6,2,20,2,10,2446,AA,SAN,1
-5,2,21,3,10,2446,AA,SAN,2
-6,2,22,4,10,2446,AA,SAN,3
-5,2,23,5,10,2446,AA,SAN,4
5,2,24,6,10,2446,AA,SAN,5
33,2,25,7,10,2446,AA,SAN,6
5,2,26,1,10,2446,AA,SAN,7
-5,2,27,2,10,2446,AA,SAN,8
0,2,28,3,10,2446,AA,SAN,9
23,2,1,4,18,2421,AA,SEA,17
-1,2,2,5,18,2421,AA,SEA,17
0,2,3,6,18,2421,AA,SEA,16
8,2,4,7,18,2421,AA,SEA,15
6,2,5,1,18,2421,AA,SEA,14
-1,2,6,2,18,2421,AA,SEA,13
-4,2,7,3,18,2421,AA,SEA,12
1,2,8,4,18,2421,AA,SEA,11
8,2,9,5,18,2421,AA,SEA,10
20,2,10,6,18,2421,AA,SEA,9
30,2,11,7,18,2421,AA,SEA,8
-4,2,12,1,18,2421,AA,SEA,7
16,2,13,2,18,2421,AA,SEA,6
233,2,14,3,18,2421,AA,SEA,5
30,2,16,5,18,2421,AA,SEA,3
103,2,17,6,18,2421,AA,SEA,2
29,2,18,7,18,2421,AA,SEA,1
0,2,19,1,18,2421,AA,SEA,0
8,2,20,2,18,2421,AA,SEA,1
-2,2,21,3,18,2421,AA,SEA,2
0,2,22,4,18,2421,AA,SEA,3
4,2,23,5,18,2421,AA,SEA,4
25,2,24,6,18,2421,AA,SEA,5
7,2,25,7,18,2421,AA,SEA,6
13,2,26,1,18,2421,AA,SEA,7
1,2,27,2,18,2421,AA,SEA,8
20,2,28,3,18,2421,AA,SEA,9
