-9,1,1,2,15,541,YV,CLT,0
0,1,1,2,6,541,YV,CLT,0
0,1,1,2,12,541,YV,CLT,0
46,1,2,3,15,541,YV,CLT,1
25,1,2,3,6,541,YV,CLT,1
15,1,2,3,12,541,YV,CLT,1
46,1,3,4,15,541,YV,CLT,2
-10,1,3,4,6,541,YV,CLT,2
0,1,3,4,12,541,YV,CLT,2
-9,1,4,5,15,541,YV,CLT,3
0,1,4,5,6,541,YV,CLT,3
60,1,4,5,12,541,YV,CLT,3
0,1,5,6,6,541,YV,CLT,4
0,1,6,7,15,541,YV,CLT,5
0,1,6,7,6,541,YV,CLT,5
0,1,7,1,15,541,YV,CLT,6
0,1,7,1,6,541,YV,CLT,6
-10,1,7,1,12,541,YV,CLT,6
16,1,8,2,15,541,YV,CLT,7
20,1,8,2,6,541,YV,CLT,7
-14,1,9,3,15,541,YV,CLT,8
0,1,9,3,6,541,YV,CLT,8
36,1,9,3,12,541,YV,CLT,8
-4,1,10,4,15,541,YV,CLT,9
0,1,10,4,6,541,YV,CLT,9
0,1,10,4,12,541,YV,CLT,9
40,1,11,5,6,541,YV,CLT,10
0,1,12,6,6,541,YV,CLT,9
0,1,13,7,15,541,YV,CLT,8
0,1,13,7,6,541,YV,CLT,8
51,1,14,1,15,541,YV,CLT,7
-5,1,14,1,12,541,YV,CLT,7
-4,1,15,2,15,541,YV,CLT,6
70,1,15,2,6,541,YV,CLT,6
-10,1,15,2,12,541,YV,CLT,6
61,1,16,3,15,541,YV,CLT,5
-5,1,16,3,6,541,YV,CLT,5
-5,1,16,3,12,541,YV,CLT,5
46,1,17,4,15,541,YV,CLT,4
0,1,17,4,6,541,YV,CLT,4
100,1,17,4,12,541,YV,CLT,4
-4,1,18,5,15,541,YV,CLT,3
0,1,18,5,6,541,YV,CLT,3
182,1,18,5,12,541,YV,CLT,3
35,1,19,6,6,541,YV,CLT,2
0,1,20,7,15,541,YV,CLT,1
-10,1,20,7,6,541,YV,CLT,1
0,1,21,1,15,541,YV,CLT,0
120,1,21,1,6,541,YV,CLT,0
56,1,22,2,15,541,YV,CLT,1
60,1,22,2,12,541,YV,CLT,1
41,1,23,3,15,541,YV,CLT,2
0,1,23,3,6,541,YV,CLT,2
-9,1,24,4,15,541,YV,CLT,3
70,1,24,4,6,541,YV,CLT,3
0,1,24,4,12,541,YV,CLT,3
6,1,25,5,15,541,YV,CLT,4
0,1,25,5,6,541,YV,CLT,4
0,1,25,5,12,541,YV,CLT,4
0,1,27,7,15,541,YV,CLT,6
10,1,27,7,6,541,YV,CLT,6
65,1,28,1,6,541,YV,CLT,7
-5,1,28,1,12,541,YV,CLT,7
-14,1,29,2,15,541,YV,CLT,8
-5,1,29,2,6,541,YV,CLT,8
-10,1,29,2,12,541,YV,CLT,8
-19,1,30,3,15,541,YV,CLT,9
-2,1,30,3,6,541,YV,CLT,9
-10,1,30,3,12,541,YV,CLT,9
106,1,31,4,15,541,YV,CLT,10
0,1,31,4,12,541,YV,CLT,10
-7,1,2,3,9,892,OH,STL,1
0,1,2,3,18,892,OH,STL,1
60,1,2,3,16,1522,OH,AUS,1
169,1,2,3,19,94,OH,PHL,1
44,1,2,3,19,766,OH,BNA,1
71,1,2,3,13,144,OH,PVD,1
0,1,2,3,11,106,OH,BDL,1
0,1,2,3,8,508,OH,DTW,1
60,1,2,3,16,426,OH,RDU,1
39,1,2,3,19,340,OH,PIT,1
105,1,2,3,18,213,OH,DCA,1
40,1,2,3,15,264,OH,ROC,1
-5,1,2,3,7,740,OH,ORD,1
-9,1,2,3,18,106,OH,BDL,1
0,1,2,3,11,340,OH,PIT,1
136,1,2,3,16,740,OH,ORD,1
-3,1,2,3,18,144,OH,PVD,1
0,1,2,3,16,483,OH,CMH,1
0,1,2,3,19,740,OH,ORD,1
15,1,2,3,8,340,OH,PIT,1
-15,1,2,3,9,187,OH,BOS,1
35,1,2,3,10,187,OH,BOS,1
10,1,2,3,12,184,OH,BWI,1
120,1,2,3,14,187,OH,BOS,1
132,1,2,3,19,187,OH,BOS,1
60,1,2,3,20,267,OH,BTV,1
41,1,2,3,12,106,OH,BDL,1
85,1,2,3,19,589,OH,CVG,1
47,1,2,3,13,589,OH,CVG,1
60,1,2,3,13,766,OH,BNA,1
80,1,2,3,13,267,OH,BTV,1
33,1,2,3,20,274,OH,PWM,1
9,1,2,3,18,425,OH,CLE,1
0,1,2,3,7,213,OH,DCA,1
31,1,2,3,16,94,OH,PHL,1
40,1,2,3,12,740,OH,ORD,1
0,1,2,3,15,508,OH,DTW,1
27,1,2,3,16,340,OH,PIT,1
-10,1,2,3,16,425,OH,CLE,1
35,1,2,3,15,289,OH,ORF,1
85,1,3,4,20,213,OH,DCA,2
65,1,3,4,16,213,OH,DCA,2
0,1,3,4,20,209,OH,SYR,2
10,1,3,4,20,264,OH,ROC,2
97,1,3,4,13,760,OH,ATL,2
0,1,3,4,8,426,OH,RDU,2
50,1,3,4,20,508,OH,DTW,2
40,1,3,4,14,184,OH,BWI,2
20,1,3,4,12,264,OH,ROC,2
35,1,3,4,9,740,OH,ORD,2
57,1,3,4,6,589,OH,CVG,2
0,1,3,4,19,184,OH,BWI,2
0,1,3,4,9,267,OH,BTV,2
9,1,3,4,8,425,OH,CLE,2
0,1,3,4,9,892,OH,STL,2
0,1,3,4,18,892,OH,STL,2
61,1,3,4,17,1522,OH,AUS,2
14,1,3,4,16,94,OH,PHL,2
-5,1,3,4,19,94,OH,PHL,2
10,1,3,4,19,766,OH,BNA,2
-6,1,3,4,13,144,OH,PVD,2
103,1,3,4,8,508,OH,DTW,2
0,1,3,4,16,426,OH,RDU,2
-1,1,3,4,19,340,OH,PIT,2
0,1,3,4,18,213,OH,DCA,2
-5,1,3,4,11,106,OH,BDL,2
7,1,3,4,8,288,OH,RIC,2
0,1,3,4,18,106,OH,BDL,2
10,1,3,4,11,340,OH,PIT,2
100,1,3,4,16,740,OH,ORD,2
205,1,3,4,18,144,OH,PVD,2
10,1,3,4,16,483,OH,CMH,2
-5,1,3,4,19,740,OH,ORD,2
30,1,3,4,8,340,OH,PIT,2
0,1,3,4,9,187,OH,BOS,2
0,1,3,4,10,187,OH,BOS,2
-5,1,3,4,12,184,OH,BWI,2
87,1,3,4,14,187,OH,BOS,2
0,1,3,4,20,267,OH,BTV,2
0,1,3,4,12,106,OH,BDL,2
78,1,3,4,20,589,OH,CVG,2
80,1,3,4,13,589,OH,CVG,2
-5,1,3,4,13,766,OH,BNA,2
0,1,3,4,13,267,OH,BTV,2
110,1,3,4,7,213,OH,DCA,2
0,1,3,4,15,508,OH,DTW,2
0,1,3,4,16,340,OH,PIT,2
26,1,3,4,16,425,OH,CLE,2
0,1,4,5,11,213,OH,DCA,3
0,1,4,5,20,213,OH,DCA,3
-5,1,4,5,16,213,OH,DCA,3
15,1,4,5,20,209,OH,SYR,3
0,1,4,5,20,264,OH,ROC,3
0,1,4,5,13,760,OH,ATL,3
-5,1,4,5,8,426,OH,RDU,3
35,1,4,5,20,508,OH,DTW,3
-7,1,4,5,14,184,OH,BWI,3
-7,1,4,5,12,264,OH,ROC,3
0,1,4,5,9,483,OH,CMH,3
0,1,4,5,9,740,OH,ORD,3
5,1,4,5,6,589,OH,CVG,3
-8,1,4,5,19,184,OH,BWI,3
0,1,4,5,9,267,OH,BTV,3
5,1,4,5,8,425,OH,CLE,3
-10,1,4,5,9,892,OH,STL,3
-7,1,4,5,18,892,OH,STL,3
70,1,4,5,18,426,OH,RDU,3
35,1,4,5,17,1522,OH,AUS,3
8,1,4,5,19,94,OH,PHL,3
0,1,4,5,19,766,OH,BNA,3
0,1,4,5,13,144,OH,PVD,3
-1,1,4,5,8,508,OH,DTW,3
22,1,4,5,16,426,OH,RDU,3
0,1,4,5,19,340,OH,PIT,3
0,1,4,5,18,213,OH,DCA,3
0,1,4,5,11,106,OH,BDL,3
0,1,4,5,8,288,OH,RIC,3
-10,1,4,5,18,106,OH,BDL,3
-5,1,4,5,7,740,OH,ORD,3
-10,1,4,5,11,340,OH,PIT,3
0,1,4,5,16,740,OH,ORD,3
0,1,4,5,18,144,OH,PVD,3
-7,1,4,5,16,483,OH,CMH,3
0,1,4,5,19,740,OH,ORD,3
-3,1,4,5,8,340,OH,PIT,3
30,1,4,5,9,187,OH,BOS,3
0,1,4,5,10,187,OH,BOS,3
-5,1,4,5,12,184,OH,BWI,3
9,1,4,5,14,187,OH,BOS,3
0,1,4,5,20,267,OH,BTV,3
-10,1,4,5,12,106,OH,BDL,3
21,1,4,5,20,589,OH,CVG,3
0,1,4,5,13,589,OH,CVG,3
-2,1,4,5,13,766,OH,BNA,3
-5,1,4,5,13,267,OH,BTV,3
-9,1,4,5,18,425,OH,CLE,3
63,1,4,5,7,213,OH,DCA,3
-10,1,4,5,15,508,OH,DTW,3
-3,1,4,5,16,340,OH,PIT,3
0,1,4,5,16,425,OH,CLE,3
0,1,5,6,11,213,OH,DCA,4
-2,1,5,6,16,213,OH,DCA,4
35,1,5,6,20,209,OH,SYR,4
22,1,5,6,13,760,OH,ATL,4
-2,1,5,6,19,187,OH,BOS,4
-8,1,5,6,20,508,OH,DTW,4
0,1,5,6,12,264,OH,ROC,4
-10,1,5,6,9,483,OH,CMH,4
0,1,5,6,9,740,OH,ORD,4
-10,1,5,6,6,589,OH,CVG,4
0,1,5,6,9,267,OH,BTV,4
-5,1,5,6,8,425,OH,CLE,4
25,1,5,6,18,892,OH,STL,4
-7,1,5,6,18,426,OH,RDU,4
0,1,5,6,17,1522,OH,AUS,4
15,1,5,6,19,94,OH,PHL,4
19,1,5,6,19,766,OH,BNA,4
0,1,5,6,13,144,OH,PVD,4
-5,1,5,6,8,508,OH,DTW,4
-10,1,5,6,16,426,OH,RDU,4
0,1,5,6,19,340,OH,PIT,4
-5,1,5,6,19,213,OH,DCA,4
0,1,5,6,11,106,OH,BDL,4
-10,1,5,6,8,288,OH,RIC,4
-2,1,5,6,18,106,OH,BDL,4
-5,1,5,6,11,340,OH,PIT,4
-10,1,5,6,16,740,OH,ORD,4
0,1,5,6,18,144,OH,PVD,4
65,1,5,6,19,740,OH,ORD,4
0,1,5,6,8,340,OH,PIT,4
-5,1,5,6,9,187,OH,BOS,4
-5,1,5,6,10,187,OH,BOS,4
-5,1,5,6,12,184,OH,BWI,4
0,1,5,6,14,187,OH,BOS,4
0,1,5,6,20,267,OH,BTV,4
-7,1,5,6,12,106,OH,BDL,4
13,1,5,6,20,589,OH,CVG,4
-2,1,5,6,13,589,OH,CVG,4
5,1,5,6,13,267,OH,BTV,4
0,1,5,6,18,425,OH,CLE,4
19,1,5,6,19,664,OH,IND,4
30,1,5,6,7,213,OH,DCA,4
-8,1,5,6,15,508,OH,DTW,4
-9,1,5,6,16,425,OH,CLE,4
-5,1,5,6,8,187,OH,BOS,4
0,1,6,7,11,213,OH,DCA,5
15,1,6,7,20,213,OH,DCA,5
-3,1,6,7,16,213,OH,DCA,5
0,1,6,7,20,209,OH,SYR,5
-5,1,6,7,20,264,OH,ROC,5
-8,1,6,7,13,760,OH,ATL,5
10,1,6,7,20,508,OH,DTW,5
35,1,6,7,14,184,OH,BWI,5
0,1,6,7,12,264,OH,ROC,5
-10,1,6,7,9,483,OH,CMH,5
40,1,6,7,9,740,OH,ORD,5
0,1,6,7,6,589,OH,CVG,5
-5,1,6,7,19,184,OH,BWI,5
-10,1,6,7,18,892,OH,STL,5
115,1,6,7,17,1522,OH,AUS,5
36,1,6,7,16,94,OH,PHL,5
-5,1,6,7,19,94,OH,PHL,5
40,1,6,7,19,766,OH,BNA,5
-3,1,6,7,13,144,OH,PVD,5
20,1,6,7,16,426,OH,RDU,5
0,1,6,7,19,340,OH,PIT,5
0,1,6,7,18,213,OH,DCA,5
-2,1,6,7,18,106,OH,BDL,5
0,1,6,7,11,340,OH,PIT,5
42,1,6,7,16,740,OH,ORD,5
-7,1,6,7,18,144,OH,PVD,5
10,1,6,7,16,483,OH,CMH,5
40,1,6,7,19,740,OH,ORD,5
0,1,6,7,9,187,OH,BOS,5
-6,1,6,7,12,184,OH,BWI,5
10,1,6,7,14,187,OH,BOS,5
10,1,6,7,20,267,OH,BTV,5
14,1,6,7,12,106,OH,BDL,5
-1,1,6,7,20,589,OH,CVG,5
15,1,6,7,15,267,OH,BTV,5
0,1,6,7,13,589,OH,CVG,5
30,1,6,7,13,267,OH,BTV,5
0,1,6,7,18,425,OH,CLE,5
40,1,6,7,15,508,OH,DTW,5
17,1,6,7,16,340,OH,PIT,5
0,1,6,7,16,425,OH,CLE,5
28,1,7,1,11,213,OH,DCA,6
-10,1,7,1,20,213,OH,DCA,6
0,1,7,1,16,213,OH,DCA,6
-5,1,7,1,20,209,OH,SYR,6
-2,1,7,1,20,264,OH,ROC,6
67,1,7,1,13,760,OH,ATL,6
-10,1,7,1,8,426,OH,RDU,6
65,1,7,1,20,508,OH,DTW,6
80,1,7,1,14,184,OH,BWI,6
-10,1,7,1,12,264,OH,ROC,6
-5,1,7,1,9,483,OH,CMH,6
0,1,7,1,9,740,OH,ORD,6
170,1,7,1,6,589,OH,CVG,6
10,1,7,1,19,184,OH,BWI,6
-10,1,7,1,9,267,OH,BTV,6
35,1,7,1,8,425,OH,CLE,6
-8,1,7,1,9,892,OH,STL,6
-10,1,7,1,18,892,OH,STL,6
0,1,7,1,17,1522,OH,AUS,6
-9,1,7,1,16,94,OH,PHL,6
15,1,7,1,19,94,OH,PHL,6
0,1,7,1,19,766,OH,BNA,6
-10,1,7,1,13,144,OH,PVD,6
-2,1,7,1,8,508,OH,DTW,6
-5,1,7,1,16,426,OH,RDU,6
-10,1,7,1,19,340,OH,PIT,6
0,1,7,1,18,213,OH,DCA,6
-15,1,7,1,11,106,OH,BDL,6
0,1,7,1,8,288,OH,RIC,6
-5,1,7,1,18,106,OH,BDL,6
-8,1,7,1,7,740,OH,ORD,6
-5,1,7,1,11,340,OH,PIT,6
100,1,7,1,16,740,OH,ORD,6
20,1,7,1,18,144,OH,PVD,6
0,1,7,1,16,483,OH,CMH,6
250,1,7,1,19,740,OH,ORD,6
-10,1,7,1,8,340,OH,PIT,6
-3,1,7,1,9,187,OH,BOS,6
5,1,7,1,10,187,OH,BOS,6
-6,1,7,1,12,184,OH,BWI,6
0,1,7,1,14,187,OH,BOS,6
0,1,7,1,20,267,OH,BTV,6
-5,1,7,1,12,106,OH,BDL,6
8,1,7,1,20,589,OH,CVG,6
10,1,7,1,13,589,OH,CVG,6
-10,1,7,1,13,766,OH,BNA,6
-5,1,7,1,13,267,OH,BTV,6
0,1,7,1,18,425,OH,CLE,6
-5,1,7,1,7,213,OH,DCA,6
-8,1,7,1,15,508,OH,DTW,6
0,1,7,1,16,340,OH,PIT,6
46,1,7,1,16,425,OH,CLE,6
5,1,8,2,11,213,OH,DCA,7
-2,1,8,2,20,213,OH,DCA,7
-10,1,8,2,16,213,OH,DCA,7
-10,1,8,2,20,209,OH,SYR,7
-9,1,8,2,20,264,OH,ROC,7
0,1,8,2,13,760,OH,ATL,7
0,1,8,2,8,426,OH,RDU,7
-5,1,8,2,20,508,OH,DTW,7
0,1,8,2,14,184,OH,BWI,7
-1,1,8,2,12,264,OH,ROC,7
0,1,8,2,9,483,OH,CMH,7
-8,1,8,2,9,740,OH,ORD,7
-5,1,8,2,6,589,OH,CVG,7
-5,1,8,2,19,184,OH,BWI,7
-10,1,8,2,9,267,OH,BTV,7
-10,1,8,2,18,892,OH,STL,7
10,1,8,2,17,1522,OH,AUS,7
-10,1,8,2,16,94,OH,PHL,7
-5,1,8,2,19,94,OH,PHL,7
-8,1,8,2,19,766,OH,BNA,7
-10,1,8,2,13,144,OH,PVD,7
0,1,8,2,8,508,OH,DTW,7
-2,1,8,2,16,426,OH,RDU,7
-3,1,8,2,19,340,OH,PIT,7
0,1,8,2,18,213,OH,DCA,7
-5,1,8,2,11,106,OH,BDL,7
-10,1,8,2,8,288,OH,RIC,7
-10,1,8,2,18,106,OH,BDL,7
0,1,8,2,7,740,OH,ORD,7
-5,1,8,2,11,340,OH,PIT,7
25,1,8,2,16,740,OH,ORD,7
-5,1,8,2,18,144,OH,PVD,7
0,1,8,2,16,483,OH,CMH,7
90,1,8,2,19,740,OH,ORD,7
0,1,8,2,9,187,OH,BOS,7
-5,1,8,2,10,187,OH,BOS,7
-10,1,8,2,12,184,OH,BWI,7
0,1,8,2,14,187,OH,BOS,7
0,1,8,2,20,267,OH,BTV,7
-5,1,8,2,12,106,OH,BDL,7
-6,1,8,2,20,589,OH,CVG,7
20,1,8,2,13,589,OH,CVG,7
5,1,8,2,13,766,OH,BNA,7
-10,1,8,2,13,267,OH,BTV,7
-6,1,8,2,18,425,OH,CLE,7
-5,1,8,2,7,213,OH,DCA,7
-5,1,8,2,15,508,OH,DTW,7
-5,1,8,2,16,340,OH,PIT,7
-5,1,8,2,16,425,OH,CLE,7
-1,1,9,3,11,213,OH,DCA,8
22,1,9,3,20,213,OH,DCA,8
-10,1,9,3,20,209,OH,SYR,8
15,1,9,3,20,264,OH,ROC,8
7,1,9,3,13,760,OH,ATL,8
-5,1,9,3,8,426,OH,RDU,8
10,1,9,3,20,508,OH,DTW,8
0,1,9,3,14,184,OH,BWI,8
-7,1,9,3,12,264,OH,ROC,8
5,1,9,3,9,483,OH,CMH,8
105,1,9,3,9,740,OH,ORD,8
-5,1,9,3,6,589,OH,CVG,8
0,1,9,3,19,184,OH,BWI,8
-5,1,9,3,9,267,OH,BTV,8
0,1,9,3,8,425,OH,CLE,8
50,1,9,3,9,892,OH,STL,8
0,1,9,3,18,892,OH,STL,8
0,1,9,3,17,1522,OH,AUS,8
-4,1,9,3,16,94,OH,PHL,8
-10,1,9,3,19,94,OH,PHL,8
0,1,9,3,19,766,OH,BNA,8
0,1,9,3,13,144,OH,PVD,8
39,1,9,3,8,508,OH,DTW,8
-10,1,9,3,16,426,OH,RDU,8
-7,1,9,3,19,340,OH,PIT,8
-3,1,9,3,18,213,OH,DCA,8
-15,1,9,3,11,106,OH,BDL,8
10,1,9,3,8,288,OH,RIC,8
-8,1,9,3,18,106,OH,BDL,8
49,1,9,3,7,740,OH,ORD,8
-5,1,9,3,11,340,OH,PIT,8
25,1,9,3,16,740,OH,ORD,8
-10,1,9,3,18,144,OH,PVD,8
-5,1,9,3,16,483,OH,CMH,8
0,1,9,3,19,740,OH,ORD,8
35,1,9,3,8,340,OH,PIT,8
-5,1,9,3,9,187,OH,BOS,8
-5,1,9,3,10,187,OH,BOS,8
-10,1,9,3,12,184,OH,BWI,8
0,1,9,3,14,187,OH,BOS,8
5,1,9,3,20,267,OH,BTV,8
6,1,9,3,12,106,OH,BDL,8
-3,1,9,3,20,589,OH,CVG,8
0,1,9,3,13,589,OH,CVG,8
65,1,9,3,13,766,OH,BNA,8
-5,1,9,3,13,267,OH,BTV,8
0,1,9,3,18,425,OH,CLE,8
0,1,9,3,7,213,OH,DCA,8
-5,1,9,3,15,508,OH,DTW,8
-8,1,9,3,16,340,OH,PIT,8
0,1,9,3,16,425,OH,CLE,8
54,1,10,4,11,213,OH,DCA,9
-3,1,10,4,20,213,OH,DCA,9
9,1,10,4,16,213,OH,DCA,9
5,1,10,4,20,209,OH,SYR,9
-10,1,10,4,20,264,OH,ROC,9
0,1,10,4,13,760,OH,ATL,9
0,1,10,4,8,426,OH,RDU,9
-10,1,10,4,20,508,OH,DTW,9
60,1,10,4,14,184,OH,BWI,9
-10,1,10,4,12,264,OH,ROC,9
0,1,10,4,9,483,OH,CMH,9
-5,1,10,4,9,740,OH,ORD,9
-5,1,10,4,6,589,OH,CVG,9
0,1,10,4,19,184,OH,BWI,9
-10,1,10,4,9,267,OH,BTV,9
0,1,10,4,8,425,OH,CLE,9
-5,1,10,4,9,892,OH,STL,9
-5,1,10,4,18,892,OH,STL,9
0,1,10,4,17,1522,OH,AUS,9
-4,1,10,4,16,94,OH,PHL,9
-5,1,10,4,19,94,OH,PHL,9
0,1,10,4,19,766,OH,BNA,9
-18,1,10,4,13,144,OH,PVD,9
0,1,10,4,8,508,OH,DTW,9
-5,1,10,4,16,426,OH,RDU,9
9,1,10,4,19,340,OH,PIT,9
0,1,10,4,18,213,OH,DCA,9
0,1,10,4,11,106,OH,BDL,9
0,1,10,4,8,288,OH,RIC,9
-2,1,10,4,18,106,OH,BDL,9
0,1,10,4,7,740,OH,ORD,9
-10,1,10,4,11,340,OH,PIT,9
75,1,10,4,16,740,OH,ORD,9
-5,1,10,4,18,144,OH,PVD,9
0,1,10,4,16,483,OH,CMH,9
-5,1,10,4,19,740,OH,ORD,9
-10,1,10,4,8,340,OH,PIT,9
0,1,10,4,9,187,OH,BOS,9
0,1,10,4,10,187,OH,BOS,9
-7,1,10,4,12,184,OH,BWI,9
9,1,10,4,14,187,OH,BOS,9
0,1,10,4,20,267,OH,BTV,9
0,1,10,4,12,106,OH,BDL,9
18,1,10,4,20,589,OH,CVG,9
0,1,10,4,13,589,OH,CVG,9
35,1,10,4,13,766,OH,BNA,9
7,1,10,4,13,267,OH,BTV,9
-6,1,10,4,18,425,OH,CLE,9
0,1,10,4,7,213,OH,DCA,9
-5,1,10,4,15,508,OH,DTW,9
0,1,10,4,16,340,OH,PIT,9
7,1,10,4,16,425,OH,CLE,9
5,1,11,5,11,213,OH,DCA,10
85,1,11,5,16,213,OH,DCA,10
68,1,11,5,20,264,OH,ROC,10
17,1,11,5,13,760,OH,ATL,10
0,1,11,5,8,426,OH,RDU,10
0,1,11,5,14,184,OH,BWI,10
-8,1,11,5,12,264,OH,ROC,10
57,1,11,5,9,483,OH,CMH,10
12,1,11,5,9,740,OH,ORD,10
0,1,11,5,6,589,OH,CVG,10
100,1,11,5,19,184,OH,BWI,10
30,1,11,5,9,267,OH,BTV,10
50,1,11,5,8,425,OH,CLE,10
15,1,11,5,9,892,OH,STL,10
94,1,11,5,18,892,OH,STL,10
0,1,11,5,17,1522,OH,AUS,10
220,1,11,5,8,508,OH,DTW,10
14,1,11,5,16,426,OH,RDU,10
24,1,11,5,19,340,OH,PIT,10
-5,1,11,5,18,213,OH,DCA,10
-3,1,11,5,8,288,OH,RIC,10
70,1,11,5,7,740,OH,ORD,10
-5,1,11,5,11,340,OH,PIT,10
-5,1,11,5,18,144,OH,PVD,10
274,1,11,5,16,483,OH,CMH,10
50,1,11,5,19,740,OH,ORD,10
45,1,11,5,8,340,OH,PIT,10
70,1,11,5,9,187,OH,BOS,10
0,1,11,5,10,187,OH,BOS,10
0,1,11,5,12,184,OH,BWI,10
49,1,11,5,14,187,OH,BOS,10
78,1,11,5,12,106,OH,BDL,10
170,1,11,5,13,589,OH,CVG,10
0,1,11,5,13,766,OH,BNA,10
90,1,11,5,13,267,OH,BTV,10
104,1,11,5,18,425,OH,CLE,10
0,1,11,5,7,213,OH,DCA,10
275,1,11,5,15,508,OH,DTW,10
159,1,11,5,16,340,OH,PIT,10
141,1,11,5,16,425,OH,CLE,10
-10,1,12,6,11,213,OH,DCA,9
0,1,12,6,16,213,OH,DCA,9
9,1,12,6,20,209,OH,SYR,9
17,1,12,6,13,760,OH,ATL,9
0,1,12,6,19,187,OH,BOS,9
35,1,12,6,20,508,OH,DTW,9
-5,1,12,6,12,264,OH,ROC,9
-10,1,12,6,9,483,OH,CMH,9
-14,1,12,6,9,740,OH,ORD,9
0,1,12,6,6,589,OH,CVG,9
0,1,12,6,9,267,OH,BTV,9
-5,1,12,6,8,425,OH,CLE,9
-10,1,12,6,18,892,OH,STL,9
15,1,12,6,18,426,OH,RDU,9
20,1,12,6,17,1522,OH,AUS,9
-10,1,12,6,19,94,OH,PHL,9
-5,1,12,6,19,766,OH,BNA,9
-3,1,12,6,13,144,OH,PVD,9
0,1,12,6,8,508,OH,DTW,9
55,1,12,6,16,426,OH,RDU,9
19,1,12,6,19,340,OH,PIT,9
0,1,12,6,19,213,OH,DCA,9
-5,1,12,6,11,106,OH,BDL,9
-3,1,12,6,8,288,OH,RIC,9
-10,1,12,6,18,106,OH,BDL,9
0,1,12,6,11,340,OH,PIT,9
0,1,12,6,16,740,OH,ORD,9
-5,1,12,6,18,144,OH,PVD,9
35,1,12,6,19,740,OH,ORD,9
0,1,12,6,8,340,OH,PIT,9
0,1,12,6,9,187,OH,BOS,9
-5,1,12,6,10,187,OH,BOS,9
-5,1,12,6,12,184,OH,BWI,9
-10,1,12,6,14,187,OH,BOS,9
36,1,12,6,12,106,OH,BDL,9
0,1,12,6,20,589,OH,CVG,9
-5,1,12,6,13,589,OH,CVG,9
35,1,12,6,13,267,OH,BTV,9
-6,1,12,6,18,425,OH,CLE,9
0,1,12,6,19,664,OH,IND,9
0,1,12,6,7,213,OH,DCA,9
-5,1,12,6,15,508,OH,DTW,9
-10,1,12,6,16,425,OH,CLE,9
0,1,12,6,8,187,OH,BOS,9
33,1,13,7,11,213,OH,DCA,8
0,1,13,7,20,213,OH,DCA,8
15,1,13,7,16,213,OH,DCA,8
10,1,13,7,20,209,OH,SYR,8
-3,1,13,7,13,760,OH,ATL,8
9,1,13,7,20,508,OH,DTW,8
-2,1,13,7,14,184,OH,BWI,8
-7,1,13,7,12,264,OH,ROC,8
-5,1,13,7,9,483,OH,CMH,8
18,1,13,7,9,740,OH,ORD,8
5,1,13,7,6,589,OH,CVG,8
-5,1,13,7,19,184,OH,BWI,8
-5,1,13,7,18,892,OH,STL,8
-5,1,13,7,17,1522,OH,AUS,8
11,1,13,7,16,94,OH,PHL,8
-10,1,13,7,19,94,OH,PHL,8
-10,1,13,7,19,766,OH,BNA,8
-10,1,13,7,13,144,OH,PVD,8
-5,1,13,7,16,426,OH,RDU,8
14,1,13,7,19,340,OH,PIT,8
0,1,13,7,18,213,OH,DCA,8
0,1,13,7,11,340,OH,PIT,8
40,1,13,7,16,740,OH,ORD,8
0,1,13,7,18,144,OH,PVD,8
15,1,13,7,16,483,OH,CMH,8
0,1,13,7,19,740,OH,ORD,8
-10,1,13,7,9,187,OH,BOS,8
-10,1,13,7,12,184,OH,BWI,8
23,1,13,7,14,187,OH,BOS,8
-9,1,13,7,12,106,OH,BDL,8
10,1,13,7,20,589,OH,CVG,8
0,1,13,7,13,589,OH,CVG,8
0,1,13,7,13,267,OH,BTV,8
0,1,13,7,18,425,OH,CLE,8
-6,1,13,7,15,508,OH,DTW,8
-5,1,13,7,16,340,OH,PIT,8
0,1,13,7,16,425,OH,CLE,8
10,1,14,1,20,213,OH,DCA,7
-10,1,14,1,16,213,OH,DCA,7
45,1,14,1,20,209,OH,SYR,7
45,1,14,1,20,264,OH,ROC,7
37,1,14,1,13,760,OH,ATL,7
-5,1,14,1,20,508,OH,DTW,7
-6,1,14,1,14,184,OH,BWI,7
-5,1,14,1,19,184,OH,BWI,7
0,1,14,1,17,1522,OH,AUS,7
-5,1,14,1,19,94,OH,PHL,7
17,1,14,1,13,144,OH,PVD,7
35,1,14,1,16,426,OH,RDU,7
59,1,14,1,19,340,OH,PIT,7
-3,1,14,1,18,213,OH,DCA,7
-5,1,14,1,18,106,OH,BDL,7
35,1,14,1,16,740,OH,ORD,7
-10,1,14,1,16,483,OH,CMH,7
0,1,14,1,19,740,OH,ORD,7
48,1,14,1,14,187,OH,BOS,7
15,1,14,1,20,267,OH,BTV,7
31,1,14,1,12,106,OH,BDL,7
0,1,14,1,20,589,OH,CVG,7
-10,1,14,1,13,589,OH,CVG,7
0,1,14,1,13,766,OH,BNA,7
70,1,14,1,13,267,OH,BTV,7
8,1,14,1,15,508,OH,DTW,7
0,1,14,1,16,340,OH,PIT,7
26,1,14,1,16,425,OH,CLE,7
0,1,15,2,11,213,OH,DCA,6
-2,1,15,2,20,213,OH,DCA,6
-3,1,15,2,16,213,OH,DCA,6
100,1,15,2,20,209,OH,SYR,6
0,1,15,2,20,264,OH,ROC,6
17,1,15,2,13,760,OH,ATL,6
-5,1,15,2,8,426,OH,RDU,6
-10,1,15,2,20,508,OH,DTW,6
-10,1,15,2,14,184,OH,BWI,6
-7,1,15,2,12,264,OH,ROC,6
-10,1,15,2,9,483,OH,CMH,6
-6,1,15,2,9,740,OH,ORD,6
-5,1,15,2,6,589,OH,CVG,6
0,1,15,2,19,184,OH,BWI,6
-20,1,15,2,9,267,OH,BTV,6
-5,1,15,2,18,892,OH,STL,6
-2,1,15,2,17,1522,OH,AUS,6
0,1,15,2,16,94,OH,PHL,6
-7,1,15,2,19,94,OH,PHL,6
-5,1,15,2,19,766,OH,BNA,6
-10,1,15,2,13,144,OH,PVD,6
0,1,15,2,8,508,OH,DTW,6
-5,1,15,2,16,426,OH,RDU,6
24,1,15,2,19,340,OH,PIT,6
-5,1,15,2,18,213,OH,DCA,6
-5,1,15,2,11,106,OH,BDL,6
-3,1,15,2,8,288,OH,RIC,6
0,1,15,2,18,106,OH,BDL,6
-5,1,15,2,7,740,OH,ORD,6
-10,1,15,2,11,340,OH,PIT,6
0,1,15,2,16,740,OH,ORD,6
-9,1,15,2,18,144,OH,PVD,6
-10,1,15,2,16,483,OH,CMH,6
-10,1,15,2,19,740,OH,ORD,6
0,1,15,2,9,187,OH,BOS,6
0,1,15,2,10,187,OH,BOS,6
-10,1,15,2,12,184,OH,BWI,6
0,1,15,2,14,187,OH,BOS,6
0,1,15,2,20,267,OH,BTV,6
-4,1,15,2,12,106,OH,BDL,6
-10,1,15,2,20,589,OH,CVG,6
15,1,15,2,13,589,OH,CVG,6
-5,1,15,2,13,766,OH,BNA,6
-10,1,15,2,13,267,OH,BTV,6
0,1,15,2,18,425,OH,CLE,6
0,1,15,2,7,213,OH,DCA,6
-10,1,15,2,15,508,OH,DTW,6
-6,1,15,2,16,340,OH,PIT,6
-3,1,15,2,16,425,OH,CLE,6
-4,1,16,3,11,213,OH,DCA,5
0,1,16,3,20,213,OH,DCA,5
-5,1,16,3,16,213,OH,DCA,5
-10,1,16,3,20,209,OH,SYR,5
-10,1,16,3,20,264,OH,ROC,5
0,1,16,3,13,760,OH,ATL,5
-5,1,16,3,8,426,OH,RDU,5
5,1,16,3,20,508,OH,DTW,5
-10,1,16,3,14,184,OH,BWI,5
-7,1,16,3,12,264,OH,ROC,5
-5,1,16,3,9,483,OH,CMH,5
15,1,16,3,9,740,OH,ORD,5
-5,1,16,3,6,589,OH,CVG,5
0,1,16,3,19,184,OH,BWI,5
-5,1,16,3,9,267,OH,BTV,5
0,1,16,3,8,425,OH,CLE,5
-5,1,16,3,9,892,OH,STL,5
0,1,16,3,18,892,OH,STL,5
-5,1,16,3,17,1522,OH,AUS,5
0,1,16,3,16,94,OH,PHL,5
8,1,16,3,19,94,OH,PHL,5
-7,1,16,3,19,766,OH,BNA,5
-3,1,16,3,13,144,OH,PVD,5
-10,1,16,3,8,508,OH,DTW,5
-10,1,16,3,16,426,OH,RDU,5
-5,1,16,3,19,340,OH,PIT,5
0,1,16,3,18,213,OH,DCA,5
-10,1,16,3,11,106,OH,BDL,5
-5,1,16,3,8,288,OH,RIC,5
-5,1,16,3,18,106,OH,BDL,5
-5,1,16,3,7,740,OH,ORD,5
-10,1,16,3,11,340,OH,PIT,5
-5,1,16,3,16,740,OH,ORD,5
-10,1,16,3,18,144,OH,PVD,5
-10,1,16,3,16,483,OH,CMH,5
-5,1,16,3,19,740,OH,ORD,5
-10,1,16,3,8,340,OH,PIT,5
0,1,16,3,9,187,OH,BOS,5
38,1,16,3,10,187,OH,BOS,5
-10,1,16,3,12,184,OH,BWI,5
25,1,16,3,14,187,OH,BOS,5
0,1,16,3,20,267,OH,BTV,5
-10,1,16,3,12,106,OH,BDL,5
-4,1,16,3,20,589,OH,CVG,5
5,1,16,3,13,589,OH,CVG,5
-3,1,16,3,13,766,OH,BNA,5
-10,1,16,3,13,267,OH,BTV,5
0,1,16,3,18,425,OH,CLE,5
-2,1,16,3,7,213,OH,DCA,5
0,1,16,3,15,508,OH,DTW,5
-8,1,16,3,16,340,OH,PIT,5
8,1,16,3,16,425,OH,CLE,5
0,1,17,4,20,213,OH,DCA,4
-4,1,17,4,16,213,OH,DCA,4
8,1,17,4,20,209,OH,SYR,4
0,1,17,4,20,264,OH,ROC,4
0,1,17,4,13,760,OH,ATL,4
-10,1,17,4,8,426,OH,RDU,4
-5,1,17,4,20,508,OH,DTW,4
-5,1,17,4,14,184,OH,BWI,4
-10,1,17,4,12,264,OH,ROC,4
-5,1,17,4,9,483,OH,CMH,4
5,1,17,4,9,740,OH,ORD,4
0,1,17,4,6,589,OH,CVG,4
-2,1,17,4,19,184,OH,BWI,4
-10,1,17,4,9,267,OH,BTV,4
-10,1,17,4,8,425,OH,CLE,4
-10,1,17,4,9,892,OH,STL,4
150,1,17,4,18,892,OH,STL,4
0,1,17,4,17,1522,OH,AUS,4
95,1,17,4,19,94,OH,PHL,4
0,1,17,4,19,766,OH,BNA,4
-10,1,17,4,13,144,OH,PVD,4
-5,1,17,4,8,508,OH,DTW,4
-5,1,17,4,16,426,OH,RDU,4
99,1,17,4,19,340,OH,PIT,4
-10,1,17,4,18,213,OH,DCA,4
-10,1,17,4,11,106,OH,BDL,4
0,1,17,4,8,288,OH,RIC,4
-20,1,17,4,18,106,OH,BDL,4
-7,1,17,4,7,740,OH,ORD,4
0,1,17,4,11,340,OH,PIT,4
0,1,17,4,16,740,OH,ORD,4
0,1,17,4,18,144,OH,PVD,4
-10,1,17,4,16,483,OH,CMH,4
45,1,17,4,19,740,OH,ORD,4
20,1,17,4,8,340,OH,PIT,4
0,1,17,4,9,187,OH,BOS,4
0,1,17,4,10,187,OH,BOS,4
-5,1,17,4,12,184,OH,BWI,4
40,1,17,4,14,187,OH,BOS,4
25,1,17,4,20,267,OH,BTV,4
-9,1,17,4,12,106,OH,BDL,4
91,1,17,4,20,589,OH,CVG,4
-5,1,17,4,13,589,OH,CVG,4
-7,1,17,4,13,766,OH,BNA,4
-5,1,17,4,13,267,OH,BTV,4
12,1,17,4,18,425,OH,CLE,4
-6,1,17,4,7,213,OH,DCA,4
-10,1,17,4,15,508,OH,DTW,4
-3,1,17,4,16,340,OH,PIT,4
21,1,17,4,16,425,OH,CLE,4
-10,1,18,5,11,213,OH,DCA,3
-10,1,18,5,20,213,OH,DCA,3
-5,1,18,5,16,213,OH,DCA,3
-8,1,18,5,20,209,OH,SYR,3
0,1,18,5,20,264,OH,ROC,3
10,1,18,5,13,760,OH,ATL,3
30,1,18,5,8,426,OH,RDU,3
10,1,18,5,20,508,OH,DTW,3
-5,1,18,5,14,184,OH,BWI,3
-7,1,18,5,12,264,OH,ROC,3
0,1,18,5,9,483,OH,CMH,3
79,1,18,5,9,740,OH,ORD,3
0,1,18,5,6,589,OH,CVG,3
0,1,18,5,19,184,OH,BWI,3
-2,1,18,5,9,267,OH,BTV,3
0,1,18,5,8,425,OH,CLE,3
30,1,18,5,9,892,OH,STL,3
0,1,18,5,18,892,OH,STL,3
-5,1,18,5,18,426,OH,RDU,3
27,1,18,5,17,1522,OH,AUS,3
18,1,18,5,19,94,OH,PHL,3
0,1,18,5,19,766,OH,BNA,3
0,1,18,5,13,144,OH,PVD,3
0,1,18,5,16,426,OH,RDU,3
-3,1,18,5,19,340,OH,PIT,3
0,1,18,5,18,213,OH,DCA,3
-10,1,18,5,11,106,OH,BDL,3
39,1,18,5,8,288,OH,RIC,3
0,1,18,5,18,106,OH,BDL,3
-5,1,18,5,7,740,OH,ORD,3
-4,1,18,5,11,340,OH,PIT,3
5,1,18,5,16,740,OH,ORD,3
25,1,18,5,18,144,OH,PVD,3
0,1,18,5,16,483,OH,CMH,3
0,1,18,5,19,740,OH,ORD,3
25,1,18,5,8,340,OH,PIT,3
0,1,18,5,9,187,OH,BOS,3
0,1,18,5,10,187,OH,BOS,3
0,1,18,5,12,184,OH,BWI,3
-1,1,18,5,14,187,OH,BOS,3
0,1,18,5,20,267,OH,BTV,3
38,1,18,5,12,106,OH,BDL,3
19,1,18,5,20,589,OH,CVG,3
0,1,18,5,13,589,OH,CVG,3
65,1,18,5,13,766,OH,BNA,3
-6,1,18,5,13,267,OH,BTV,3
9,1,18,5,18,425,OH,CLE,3
0,1,18,5,7,213,OH,DCA,3
0,1,18,5,15,508,OH,DTW,3
-3,1,18,5,16,340,OH,PIT,3
-5,1,18,5,16,425,OH,CLE,3
0,1,19,6,11,213,OH,DCA,2
15,1,19,6,16,213,OH,DCA,2
30,1,19,6,20,209,OH,SYR,2
122,1,19,6,13,760,OH,ATL,2
0,1,19,6,19,187,OH,BOS,2
-3,1,19,6,20,508,OH,DTW,2
0,1,19,6,12,264,OH,ROC,2
12,1,19,6,9,483,OH,CMH,2
-5,1,19,6,9,740,OH,ORD,2
15,1,19,6,6,589,OH,CVG,2
20,1,19,6,9,267,OH,BTV,2
10,1,19,6,8,425,OH,CLE,2
0,1,19,6,18,892,OH,STL,2
-3,1,19,6,18,426,OH,RDU,2
0,1,19,6,17,1522,OH,AUS,2
0,1,19,6,19,94,OH,PHL,2
0,1,19,6,19,766,OH,BNA,2
-5,1,19,6,13,144,OH,PVD,2
12,1,19,6,8,508,OH,DTW,2
-5,1,19,6,16,426,OH,RDU,2
0,1,19,6,19,340,OH,PIT,2
0,1,19,6,19,213,OH,DCA,2
-4,1,19,6,11,106,OH,BDL,2
-2,1,19,6,8,288,OH,RIC,2
0,1,19,6,18,106,OH,BDL,2
5,1,19,6,11,340,OH,PIT,2
-5,1,19,6,16,740,OH,ORD,2
-5,1,19,6,18,144,OH,PVD,2
10,1,19,6,19,740,OH,ORD,2
0,1,19,6,8,340,OH,PIT,2
-5,1,19,6,9,187,OH,BOS,2
2,1,19,6,10,187,OH,BOS,2
-1,1,19,6,12,184,OH,BWI,2
-10,1,19,6,14,187,OH,BOS,2
17,1,19,6,20,267,OH,BTV,2
-10,1,19,6,12,106,OH,BDL,2
-7,1,19,6,20,589,OH,CVG,2
-7,1,19,6,13,589,OH,CVG,2
-5,1,19,6,13,267,OH,BTV,2
-5,1,19,6,18,425,OH,CLE,2
-5,1,19,6,19,664,OH,IND,2
-5,1,19,6,7,213,OH,DCA,2
0,1,19,6,15,508,OH,DTW,2
-2,1,19,6,16,425,OH,CLE,2
-5,1,19,6,8,187,OH,BOS,2
0,1,20,7,11,213,OH,DCA,1
18,1,20,7,20,213,OH,DCA,1
-5,1,20,7,16,213,OH,DCA,1
30,1,20,7,20,209,OH,SYR,1
0,1,20,7,20,264,OH,ROC,1
0,1,20,7,13,760,OH,ATL,1
35,1,20,7,20,508,OH,DTW,1
53,1,20,7,14,184,OH,BWI,1
-4,1,20,7,12,264,OH,ROC,1
-10,1,20,7,9,483,OH,CMH,1
0,1,20,7,9,740,OH,ORD,1
0,1,20,7,6,589,OH,CVG,1
0,1,20,7,19,184,OH,BWI,1
-10,1,20,7,18,892,OH,STL,1
0,1,20,7,17,1522,OH,AUS,1
-26,1,20,7,16,94,OH,PHL,1
-10,1,20,7,19,94,OH,PHL,1
65,1,20,7,19,766,OH,BNA,1
12,1,20,7,13,144,OH,PVD,1
-7,1,20,7,16,426,OH,RDU,1
-3,1,20,7,19,340,OH,PIT,1
45,1,20,7,18,213,OH,DCA,1
-10,1,20,7,18,106,OH,BDL,1
-2,1,20,7,11,340,OH,PIT,1
13,1,20,7,16,740,OH,ORD,1
-10,1,20,7,18,144,OH,PVD,1
0,1,20,7,16,483,OH,CMH,1
50,1,20,7,19,740,OH,ORD,1
0,1,20,7,9,187,OH,BOS,1
0,1,20,7,12,184,OH,BWI,1
35,1,20,7,14,187,OH,BOS,1
0,1,20,7,20,267,OH,BTV,1
0,1,20,7,12,106,OH,BDL,1
0,1,20,7,20,589,OH,CVG,1
-2,1,20,7,13,589,OH,CVG,1
0,1,20,7,13,267,OH,BTV,1
-8,1,20,7,18,425,OH,CLE,1
0,1,20,7,15,508,OH,DTW,1
0,1,20,7,16,340,OH,PIT,1
26,1,20,7,16,425,OH,CLE,1
55,1,21,1,11,213,OH,DCA,0
0,1,21,1,20,213,OH,DCA,0
40,1,21,1,16,213,OH,DCA,0
0,1,21,1,20,209,OH,SYR,0
-5,1,21,1,20,264,OH,ROC,0
0,1,21,1,13,760,OH,ATL,0
0,1,21,1,8,426,OH,RDU,0
20,1,21,1,20,508,OH,DTW,0
-10,1,21,1,14,184,OH,BWI,0
8,1,21,1,12,264,OH,ROC,0
-7,1,21,1,9,483,OH,CMH,0
-5,1,21,1,9,740,OH,ORD,0
-5,1,21,1,6,589,OH,CVG,0
0,1,21,1,19,184,OH,BWI,0
-5,1,21,1,9,267,OH,BTV,0
-5,1,21,1,8,425,OH,CLE,0
-10,1,21,1,9,892,OH,STL,0
-10,1,21,1,18,892,OH,STL,0
0,1,21,1,17,1522,OH,AUS,0
-10,1,21,1,16,94,OH,PHL,0
15,1,21,1,19,94,OH,PHL,0
-5,1,21,1,19,766,OH,BNA,0
0,1,21,1,13,144,OH,PVD,0
-5,1,21,1,8,508,OH,DTW,0
0,1,21,1,16,426,OH,RDU,0
39,1,21,1,19,340,OH,PIT,0
0,1,21,1,18,213,OH,DCA,0
-10,1,21,1,11,106,OH,BDL,0
2,1,21,1,8,288,OH,RIC,0
-7,1,21,1,18,106,OH,BDL,0
-5,1,21,1,7,740,OH,ORD,0
139,1,21,1,11,340,OH,PIT,0
0,1,21,1,16,740,OH,ORD,0
0,1,21,1,18,144,OH,PVD,0
190,1,21,1,16,483,OH,CMH,0
180,1,21,1,19,740,OH,ORD,0
-10,1,21,1,8,340,OH,PIT,0
-5,1,21,1,9,187,OH,BOS,0
5,1,21,1,10,187,OH,BOS,0
140,1,21,1,12,184,OH,BWI,0
0,1,21,1,14,187,OH,BOS,0
25,1,21,1,20,267,OH,BTV,0
0,1,21,1,12,106,OH,BDL,0
163,1,21,1,20,589,OH,CVG,0
-1,1,21,1,13,589,OH,CVG,0
55,1,21,1,13,766,OH,BNA,0
20,1,21,1,13,267,OH,BTV,0
-7,1,21,1,18,425,OH,CLE,0
-10,1,21,1,7,213,OH,DCA,0
5,1,21,1,15,508,OH,DTW,0
-4,1,21,1,16,340,OH,PIT,0
-3,1,21,1,16,425,OH,CLE,0
35,1,22,2,11,213,OH,DCA,1
25,1,22,2,20,213,OH,DCA,1
40,1,22,2,20,209,OH,SYR,1
145,1,22,2,20,264,OH,ROC,1
0,1,22,2,13,760,OH,ATL,1
0,1,22,2,8,426,OH,RDU,1
44,1,22,2,20,508,OH,DTW,1
0,1,22,2,14,184,OH,BWI,1
-10,1,22,2,12,264,OH,ROC,1
-5,1,22,2,9,483,OH,CMH,1
0,1,22,2,9,740,OH,ORD,1
0,1,22,2,6,589,OH,CVG,1
-5,1,22,2,19,184,OH,BWI,1
-10,1,22,2,9,267,OH,BTV,1
58,1,22,2,18,892,OH,STL,1
10,1,22,2,17,1522,OH,AUS,1
54,1,22,2,16,94,OH,PHL,1
115,1,22,2,19,94,OH,PHL,1
47,1,22,2,19,766,OH,BNA,1
-10,1,22,2,13,144,OH,PVD,1
-10,1,22,2,8,508,OH,DTW,1
12,1,22,2,16,426,OH,RDU,1
0,1,22,2,19,340,OH,PIT,1
0,1,22,2,18,213,OH,DCA,1
-10,1,22,2,11,106,OH,BDL,1
-3,1,22,2,8,288,OH,RIC,1
15,1,22,2,18,106,OH,BDL,1
-10,1,22,2,7,740,OH,ORD,1
-10,1,22,2,11,340,OH,PIT,1
55,1,22,2,16,740,OH,ORD,1
0,1,22,2,18,144,OH,PVD,1
-3,1,22,2,16,483,OH,CMH,1
122,1,22,2,19,740,OH,ORD,1
-5,1,22,2,9,187,OH,BOS,1
-7,1,22,2,10,187,OH,BOS,1
-10,1,22,2,12,184,OH,BWI,1
27,1,22,2,14,187,OH,BOS,1
15,1,22,2,20,267,OH,BTV,1
29,1,22,2,12,106,OH,BDL,1
0,1,22,2,20,589,OH,CVG,1
0,1,22,2,13,589,OH,CVG,1
5,1,22,2,13,766,OH,BNA,1
0,1,22,2,13,267,OH,BTV,1
-3,1,22,2,18,425,OH,CLE,1
0,1,22,2,7,213,OH,DCA,1
-5,1,22,2,15,508,OH,DTW,1
22,1,22,2,16,340,OH,PIT,1
-6,1,22,2,16,425,OH,CLE,1
-10,1,23,3,11,213,OH,DCA,2
-5,1,23,3,20,213,OH,DCA,2
-10,1,23,3,16,213,OH,DCA,2
-5,1,23,3,20,209,OH,SYR,2
-8,1,23,3,20,264,OH,ROC,2
26,1,23,3,13,760,OH,ATL,2
-5,1,23,3,8,426,OH,RDU,2
105,1,23,3,20,508,OH,DTW,2
-5,1,23,3,14,184,OH,BWI,2
-10,1,23,3,12,264,OH,ROC,2
-10,1,23,3,9,483,OH,CMH,2
-10,1,23,3,9,740,OH,ORD,2
0,1,23,3,6,589,OH,CVG,2
-10,1,23,3,19,184,OH,BWI,2
-11,1,23,3,9,267,OH,BTV,2
0,1,23,3,8,425,OH,CLE,2
-3,1,23,3,9,892,OH,STL,2
-6,1,23,3,18,892,OH,STL,2
0,1,23,3,17,1522,OH,AUS,2
0,1,23,3,16,94,OH,PHL,2
-5,1,23,3,19,94,OH,PHL,2
0,1,23,3,19,766,OH,BNA,2
-8,1,23,3,13,144,OH,PVD,2
0,1,23,3,8,508,OH,DTW,2
-11,1,23,3,16,426,OH,RDU,2
-1,1,23,3,19,340,OH,PIT,2
-10,1,23,3,18,213,OH,DCA,2
0,1,23,3,11,106,OH,BDL,2
47,1,23,3,8,288,OH,RIC,2
0,1,23,3,18,106,OH,BDL,2
-6,1,23,3,7,740,OH,ORD,2
-8,1,23,3,11,340,OH,PIT,2
62,1,23,3,16,740,OH,ORD,2
-5,1,23,3,18,144,OH,PVD,2
-10,1,23,3,16,483,OH,CMH,2
20,1,23,3,19,740,OH,ORD,2
15,1,23,3,8,340,OH,PIT,2
0,1,23,3,9,187,OH,BOS,2
20,1,23,3,10,187,OH,BOS,2
0,1,23,3,12,184,OH,BWI,2
0,1,23,3,14,187,OH,BOS,2
-5,1,23,3,20,267,OH,BTV,2
-4,1,23,3,12,106,OH,BDL,2
0,1,23,3,20,589,OH,CVG,2
0,1,23,3,13,589,OH,CVG,2
-7,1,23,3,13,766,OH,BNA,2
0,1,23,3,13,267,OH,BTV,2
-10,1,23,3,18,425,OH,CLE,2
-10,1,23,3,7,213,OH,DCA,2
-2,1,23,3,15,508,OH,DTW,2
-7,1,23,3,16,340,OH,PIT,2
-9,1,23,3,16,425,OH,CLE,2
-10,1,24,4,11,213,OH,DCA,3
-5,1,24,4,20,213,OH,DCA,3
-10,1,24,4,16,213,OH,DCA,3
-10,1,24,4,20,209,OH,SYR,3
13,1,24,4,20,264,OH,ROC,3
0,1,24,4,13,760,OH,ATL,3
-5,1,24,4,8,426,OH,RDU,3
-10,1,24,4,20,508,OH,DTW,3
-7,1,24,4,14,184,OH,BWI,3
-10,1,24,4,12,264,OH,ROC,3
9,1,24,4,9,483,OH,CMH,3
-2,1,24,4,9,740,OH,ORD,3
-5,1,24,4,6,589,OH,CVG,3
0,1,24,4,19,184,OH,BWI,3
-10,1,24,4,9,267,OH,BTV,3
9,1,24,4,8,425,OH,CLE,3
-5,1,24,4,9,892,OH,STL,3
0,1,24,4,18,892,OH,STL,3
-5,1,24,4,17,1522,OH,AUS,3
29,1,24,4,16,94,OH,PHL,3
-10,1,24,4,19,94,OH,PHL,3
0,1,24,4,19,766,OH,BNA,3
-10,1,24,4,13,144,OH,PVD,3
-10,1,24,4,8,508,OH,DTW,3
50,1,24,4,16,426,OH,RDU,3
0,1,24,4,19,340,OH,PIT,3
-10,1,24,4,18,213,OH,DCA,3
-10,1,24,4,11,106,OH,BDL,3
7,1,24,4,8,288,OH,RIC,3
-8,1,24,4,18,106,OH,BDL,3
0,1,24,4,7,740,OH,ORD,3
-6,1,24,4,11,340,OH,PIT,3
50,1,24,4,16,740,OH,ORD,3
7,1,24,4,18,144,OH,PVD,3
-5,1,24,4,16,483,OH,CMH,3
-5,1,24,4,19,740,OH,ORD,3
-10,1,24,4,8,340,OH,PIT,3
0,1,24,4,9,187,OH,BOS,3
-5,1,24,4,10,187,OH,BOS,3
-10,1,24,4,12,184,OH,BWI,3
0,1,24,4,14,187,OH,BOS,3
0,1,24,4,20,267,OH,BTV,3
-10,1,24,4,12,106,OH,BDL,3
-7,1,24,4,20,589,OH,CVG,3
-5,1,24,4,13,589,OH,CVG,3
-10,1,24,4,13,766,OH,BNA,3
-5,1,24,4,13,267,OH,BTV,3
-5,1,24,4,18,425,OH,CLE,3
-5,1,24,4,7,213,OH,DCA,3
-10,1,24,4,15,508,OH,DTW,3
-7,1,24,4,16,340,OH,PIT,3
-9,1,24,4,16,425,OH,CLE,3
-10,1,25,5,11,213,OH,DCA,4
-3,1,25,5,20,213,OH,DCA,4
-10,1,25,5,16,213,OH,DCA,4
-5,1,25,5,20,209,OH,SYR,4
15,1,25,5,20,264,OH,ROC,4
-5,1,25,5,13,760,OH,ATL,4
-9,1,25,5,8,426,OH,RDU,4
0,1,25,5,20,508,OH,DTW,4
12,1,25,5,14,184,OH,BWI,4
-6,1,25,5,12,264,OH,ROC,4
20,1,25,5,9,483,OH,CMH,4
-5,1,25,5,9,740,OH,ORD,4
-1,1,25,5,6,589,OH,CVG,4
0,1,25,5,19,184,OH,BWI,4
-7,1,25,5,9,267,OH,BTV,4
-5,1,25,5,8,425,OH,CLE,4
55,1,25,5,9,892,OH,STL,4
15,1,25,5,18,892,OH,STL,4
-5,1,25,5,18,426,OH,RDU,4
10,1,25,5,17,1522,OH,AUS,4
-10,1,25,5,19,94,OH,PHL,4
5,1,25,5,19,766,OH,BNA,4
-10,1,25,5,13,144,OH,PVD,4
115,1,25,5,8,508,OH,DTW,4
-10,1,25,5,16,426,OH,RDU,4
-3,1,25,5,19,340,OH,PIT,4
0,1,25,5,18,213,OH,DCA,4
-8,1,25,5,11,106,OH,BDL,4
17,1,25,5,8,288,OH,RIC,4
0,1,25,5,18,106,OH,BDL,4
-7,1,25,5,7,740,OH,ORD,4
-8,1,25,5,11,340,OH,PIT,4
40,1,25,5,16,740,OH,ORD,4
-5,1,25,5,18,144,OH,PVD,4
47,1,25,5,16,483,OH,CMH,4
-10,1,25,5,19,740,OH,ORD,4
30,1,25,5,8,340,OH,PIT,4
0,1,25,5,9,187,OH,BOS,4
0,1,25,5,10,187,OH,BOS,4
-10,1,25,5,12,184,OH,BWI,4
44,1,25,5,14,187,OH,BOS,4
-8,1,25,5,20,267,OH,BTV,4
-10,1,25,5,12,106,OH,BDL,4
28,1,25,5,20,589,OH,CVG,4
-5,1,25,5,13,589,OH,CVG,4
-10,1,25,5,13,766,OH,BNA,4
-5,1,25,5,13,267,OH,BTV,4
0,1,25,5,18,425,OH,CLE,4
-5,1,25,5,7,213,OH,DCA,4
-10,1,25,5,15,508,OH,DTW,4
-10,1,25,5,16,340,OH,PIT,4
-9,1,25,5,16,425,OH,CLE,4
-8,1,26,6,11,213,OH,DCA,5
-5,1,26,6,16,213,OH,DCA,5
-10,1,26,6,20,209,OH,SYR,5
0,1,26,6,13,760,OH,ATL,5
-3,1,26,6,19,187,OH,BOS,5
45,1,26,6,20,508,OH,DTW,5
-10,1,26,6,12,264,OH,ROC,5
15,1,26,6,9,483,OH,CMH,5
0,1,26,6,9,740,OH,ORD,5
0,1,26,6,6,589,OH,CVG,5
0,1,26,6,9,267,OH,BTV,5
15,1,26,6,8,425,OH,CLE,5
-2,1,26,6,18,892,OH,STL,5
-5,1,26,6,18,426,OH,RDU,5
0,1,26,6,17,1522,OH,AUS,5
60,1,26,6,19,94,OH,PHL,5
-5,1,26,6,19,766,OH,BNA,5
-8,1,26,6,13,144,OH,PVD,5
-5,1,26,6,8,508,OH,DTW,5
0,1,26,6,16,426,OH,RDU,5
0,1,26,6,19,340,OH,PIT,5
30,1,26,6,19,213,OH,DCA,5
-3,1,26,6,11,106,OH,BDL,5
0,1,26,6,8,288,OH,RIC,5
0,1,26,6,18,106,OH,BDL,5
-6,1,26,6,11,340,OH,PIT,5
-10,1,26,6,16,740,OH,ORD,5
-10,1,26,6,18,144,OH,PVD,5
0,1,26,6,19,740,OH,ORD,5
-5,1,26,6,8,340,OH,PIT,5
25,1,26,6,9,187,OH,BOS,5
-1,1,26,6,10,187,OH,BOS,5
-5,1,26,6,12,184,OH,BWI,5
35,1,26,6,14,187,OH,BOS,5
0,1,26,6,20,267,OH,BTV,5
0,1,26,6,12,106,OH,BDL,5
-9,1,26,6,20,589,OH,CVG,5
0,1,26,6,13,589,OH,CVG,5
-5,1,26,6,13,267,OH,BTV,5
-1,1,26,6,18,425,OH,CLE,5
-4,1,26,6,19,664,OH,IND,5
0,1,26,6,7,213,OH,DCA,5
0,1,26,6,15,508,OH,DTW,5
-10,1,26,6,16,425,OH,CLE,5
-10,1,26,6,8,187,OH,BOS,5
-5,1,27,7,11,213,OH,DCA,6
0,1,27,7,20,213,OH,DCA,6
0,1,27,7,16,213,OH,DCA,6
-2,1,27,7,20,209,OH,SYR,6
0,1,27,7,20,264,OH,ROC,6
-3,1,27,7,13,760,OH,ATL,6
15,1,27,7,20,508,OH,DTW,6
-5,1,27,7,14,184,OH,BWI,6
-10,1,27,7,12,264,OH,ROC,6
-10,1,27,7,9,483,OH,CMH,6
-10,1,27,7,9,740,OH,ORD,6
6,1,27,7,6,589,OH,CVG,6
-8,1,27,7,19,184,OH,BWI,6
-5,1,27,7,18,892,OH,STL,6
8,1,27,7,17,1522,OH,AUS,6
0,1,27,7,16,94,OH,PHL,6
15,1,27,7,19,94,OH,PHL,6
-10,1,27,7,19,766,OH,BNA,6
2,1,27,7,13,144,OH,PVD,6
-2,1,27,7,16,426,OH,RDU,6
-1,1,27,7,19,340,OH,PIT,6
0,1,27,7,18,213,OH,DCA,6
-10,1,27,7,18,106,OH,BDL,6
0,1,27,7,11,340,OH,PIT,6
28,1,27,7,16,740,OH,ORD,6
0,1,27,7,18,144,OH,PVD,6
55,1,27,7,16,483,OH,CMH,6
-5,1,27,7,19,740,OH,ORD,6
0,1,27,7,9,187,OH,BOS,6
42,1,27,7,12,184,OH,BWI,6
10,1,27,7,14,187,OH,BOS,6
37,1,27,7,20,267,OH,BTV,6
18,1,27,7,12,106,OH,BDL,6
62,1,27,7,20,589,OH,CVG,6
15,1,27,7,13,589,OH,CVG,6
0,1,27,7,13,267,OH,BTV,6
-6,1,27,7,18,425,OH,CLE,6
0,1,27,7,15,508,OH,DTW,6
0,1,27,7,16,340,OH,PIT,6
-4,1,27,7,16,425,OH,CLE,6
15,1,28,1,11,213,OH,DCA,7
0,1,28,1,20,213,OH,DCA,7
30,1,28,1,16,213,OH,DCA,7
-10,1,28,1,20,209,OH,SYR,7
-5,1,28,1,20,264,OH,ROC,7
0,1,28,1,13,760,OH,ATL,7
-8,1,28,1,8,426,OH,RDU,7
-2,1,28,1,20,508,OH,DTW,7
0,1,28,1,14,184,OH,BWI,7
5,1,28,1,12,264,OH,ROC,7
0,1,28,1,9,483,OH,CMH,7
-10,1,28,1,9,740,OH,ORD,7
0,1,28,1,6,589,OH,CVG,7
-2,1,28,1,19,184,OH,BWI,7
-10,1,28,1,9,267,OH,BTV,7
-5,1,28,1,8,425,OH,CLE,7
6,1,28,1,9,892,OH,STL,7
0,1,28,1,18,892,OH,STL,7
20,1,28,1,17,1522,OH,AUS,7
-9,1,28,1,16,94,OH,PHL,7
-5,1,28,1,19,94,OH,PHL,7
0,1,28,1,19,766,OH,BNA,7
-10,1,28,1,13,144,OH,PVD,7
0,1,28,1,8,508,OH,DTW,7
0,1,28,1,16,426,OH,RDU,7
-1,1,28,1,19,340,OH,PIT,7
0,1,28,1,18,213,OH,DCA,7
0,1,28,1,11,106,OH,BDL,7
5,1,28,1,8,288,OH,RIC,7
-5,1,28,1,18,106,OH,BDL,7
0,1,28,1,7,740,OH,ORD,7
-8,1,28,1,11,340,OH,PIT,7
55,1,28,1,16,740,OH,ORD,7
-5,1,28,1,18,144,OH,PVD,7
-2,1,28,1,16,483,OH,CMH,7
105,1,28,1,19,740,OH,ORD,7
0,1,28,1,8,340,OH,PIT,7
0,1,28,1,9,187,OH,BOS,7
-10,1,28,1,10,187,OH,BOS,7
-10,1,28,1,12,184,OH,BWI,7
0,1,28,1,14,187,OH,BOS,7
-5,1,28,1,20,267,OH,BTV,7
16,1,28,1,12,106,OH,BDL,7
0,1,28,1,20,589,OH,CVG,7
0,1,28,1,13,589,OH,CVG,7
-5,1,28,1,13,766,OH,BNA,7
-10,1,28,1,13,267,OH,BTV,7
-8,1,28,1,18,425,OH,CLE,7
-10,1,28,1,7,213,OH,DCA,7
0,1,28,1,15,508,OH,DTW,7
37,1,28,1,16,340,OH,PIT,7
-1,1,28,1,16,425,OH,CLE,7
-10,1,29,2,11,213,OH,DCA,8
-5,1,29,2,20,213,OH,DCA,8
-10,1,29,2,16,213,OH,DCA,8
-5,1,29,2,13,760,OH,ATL,8
-5,1,29,2,8,426,OH,RDU,8
35,1,29,2,20,508,OH,DTW,8
-6,1,29,2,14,184,OH,BWI,8
-2,1,29,2,12,264,OH,ROC,8
-5,1,29,2,9,483,OH,CMH,8
-10,1,29,2,9,740,OH,ORD,8
-5,1,29,2,6,589,OH,CVG,8
-5,1,29,2,19,184,OH,BWI,8
-10,1,29,2,9,267,OH,BTV,8
-5,1,29,2,18,892,OH,STL,8
-1,1,29,2,17,1522,OH,AUS,8
-9,1,29,2,16,94,OH,PHL,8
-5,1,29,2,19,94,OH,PHL,8
25,1,29,2,19,766,OH,BNA,8
-1,1,29,2,13,144,OH,PVD,8
-10,1,29,2,8,508,OH,DTW,8
-5,1,29,2,16,426,OH,RDU,8
0,1,29,2,19,340,OH,PIT,8
10,1,29,2,18,213,OH,DCA,8
-15,1,29,2,11,106,OH,BDL,8
-10,1,29,2,8,288,OH,RIC,8
-17,1,29,2,18,106,OH,BDL,8
8,1,29,2,7,740,OH,ORD,8
0,1,29,2,11,340,OH,PIT,8
40,1,29,2,16,740,OH,ORD,8
-7,1,29,2,18,144,OH,PVD,8
-5,1,29,2,16,483,OH,CMH,8
129,1,29,2,19,740,OH,ORD,8
10,1,29,2,9,187,OH,BOS,8
-5,1,29,2,10,187,OH,BOS,8
-10,1,29,2,12,184,OH,BWI,8
0,1,29,2,14,187,OH,BOS,8
-10,1,29,2,20,267,OH,BTV,8
-7,1,29,2,12,106,OH,BDL,8
14,1,29,2,20,589,OH,CVG,8
-5,1,29,2,13,589,OH,CVG,8
105,1,29,2,13,766,OH,BNA,8
-10,1,29,2,13,267,OH,BTV,8
-6,1,29,2,18,425,OH,CLE,8
0,1,29,2,7,213,OH,DCA,8
-10,1,29,2,15,508,OH,DTW,8
-5,1,29,2,16,340,OH,PIT,8
-9,1,29,2,16,425,OH,CLE,8
-5,1,30,3,11,213,OH,DCA,9
0,1,30,3,20,213,OH,DCA,9
0,1,30,3,20,209,OH,SYR,9
-10,1,30,3,20,264,OH,ROC,9
0,1,30,3,13,760,OH,ATL,9
-10,1,30,3,20,508,OH,DTW,9
-2,1,30,3,12,264,OH,ROC,9
0,1,30,3,9,483,OH,CMH,9
68,1,30,3,9,740,OH,ORD,9
-10,1,30,3,6,589,OH,CVG,9
-5,1,30,3,19,184,OH,BWI,9
-10,1,30,3,9,267,OH,BTV,9
-3,1,30,3,8,425,OH,CLE,9
35,1,30,3,9,892,OH,STL,9
-10,1,30,3,18,892,OH,STL,9
9,1,30,3,17,1522,OH,AUS,9
-4,1,30,3,16,94,OH,PHL,9
0,1,30,3,19,94,OH,PHL,9
0,1,30,3,19,766,OH,BNA,9
-10,1,30,3,13,144,OH,PVD,9
-10,1,30,3,8,508,OH,DTW,9
-10,1,30,3,16,426,OH,RDU,9
-2,1,30,3,19,340,OH,PIT,9
-11,1,30,3,11,106,OH,BDL,9
-10,1,30,3,18,106,OH,BDL,9
-10,1,30,3,7,740,OH,ORD,9
85,1,30,3,11,340,OH,PIT,9
-5,1,30,3,16,740,OH,ORD,9
-10,1,30,3,16,483,OH,CMH,9
0,1,30,3,19,740,OH,ORD,9
-3,1,30,3,8,340,OH,PIT,9
-10,1,30,3,9,187,OH,BOS,9
0,1,30,3,10,187,OH,BOS,9
-10,1,30,3,12,184,OH,BWI,9
-10,1,30,3,20,267,OH,BTV,9
-4,1,30,3,12,106,OH,BDL,9
49,1,30,3,20,589,OH,CVG,9
-5,1,30,3,13,589,OH,CVG,9
-7,1,30,3,13,766,OH,BNA,9
-10,1,30,3,13,267,OH,BTV,9
0,1,30,3,18,425,OH,CLE,9
0,1,30,3,7,213,OH,DCA,9
0,1,30,3,15,508,OH,DTW,9
-10,1,30,3,16,340,OH,PIT,9
-9,1,30,3,16,425,OH,CLE,9
0,1,31,4,11,213,OH,DCA,10
0,1,31,4,20,213,OH,DCA,10
-7,1,31,4,16,213,OH,DCA,10
0,1,31,4,20,209,OH,SYR,10
0,1,31,4,20,264,OH,ROC,10
-1,1,31,4,13,760,OH,ATL,10
-9,1,31,4,8,426,OH,RDU,10
-5,1,31,4,20,508,OH,DTW,10
-7,1,31,4,14,184,OH,BWI,10
20,1,31,4,12,264,OH,ROC,10
-7,1,31,4,9,483,OH,CMH,10
-5,1,31,4,6,589,OH,CVG,10
-5,1,31,4,19,184,OH,BWI,10
-10,1,31,4,9,267,OH,BTV,10
-10,1,31,4,8,425,OH,CLE,10
-5,1,31,4,9,892,OH,STL,10
-5,1,31,4,18,892,OH,STL,10
0,1,31,4,17,1522,OH,AUS,10
-4,1,31,4,16,94,OH,PHL,10
0,1,31,4,19,94,OH,PHL,10
0,1,31,4,19,766,OH,BNA,10
7,1,31,4,13,144,OH,PVD,10
-5,1,31,4,8,508,OH,DTW,10
0,1,31,4,16,426,OH,RDU,10
-4,1,31,4,19,340,OH,PIT,10
-4,1,31,4,18,213,OH,DCA,10
0,1,31,4,11,106,OH,BDL,10
-5,1,31,4,8,288,OH,RIC,10
-10,1,31,4,18,106,OH,BDL,10
-10,1,31,4,7,740,OH,ORD,10
-5,1,31,4,11,340,OH,PIT,10
145,1,31,4,18,144,OH,PVD,10
0,1,31,4,16,483,OH,CMH,10
-10,1,31,4,8,340,OH,PIT,10
-10,1,31,4,9,187,OH,BOS,10
0,1,31,4,10,187,OH,BOS,10
0,1,31,4,12,184,OH,BWI,10
0,1,31,4,14,187,OH,BOS,10
-10,1,31,4,20,267,OH,BTV,10
-6,1,31,4,12,106,OH,BDL,10
-2,1,31,4,20,589,OH,CVG,10
0,1,31,4,13,589,OH,CVG,10
-10,1,31,4,13,766,OH,BNA,10
-10,1,31,4,13,267,OH,BTV,10
-6,1,31,4,18,425,OH,CLE,10
100,1,31,4,7,213,OH,DCA,10
0,1,31,4,15,508,OH,DTW,10
-10,1,31,4,16,340,OH,PIT,10
-10,1,31,4,16,425,OH,CLE,10
2,1,1,2,6,2586,UA,SFO,0
-1,1,2,3,6,2586,UA,SFO,1
-1,1,3,4,6,2586,UA,SFO,2
25,1,4,5,6,2586,UA,SFO,3
18,1,5,6,6,2586,UA,SFO,4
-2,1,6,7,6,2586,UA,SFO,5
6,1,7,1,6,2586,UA,SFO,6
1,1,8,2,6,2586,UA,SFO,7
-1,1,9,3,6,2586,UA,SFO,8
-5,1,10,4,6,2586,UA,SFO,9
-6,1,11,5,6,2586,UA,SFO,10
-5,1,12,6,6,2586,UA,SFO,9
1,1,15,2,6,2586,UA,SFO,6
41,1,16,3,6,2586,UA,SFO,5
-2,1,17,4,6,2586,UA,SFO,4
-6,1,18,5,6,2586,UA,SFO,3
-2,1,19,6,6,2586,UA,SFO,2
-2,1,21,1,6,2586,UA,SFO,0
-2,1,22,2,6,2586,UA,SFO,1
-6,1,24,4,6,2586,UA,SFO,3
4,1,25,5,6,2586,UA,SFO,4
-4,1,26,6,6,2586,UA,SFO,5
-5,1,28,1,6,2586,UA,SFO,7
-5,1,29,2,6,2586,UA,SFO,8
-5,1,30,3,6,2586,UA,SFO,9
-3,1,31,4,6,2586,UA,SFO,10
3,1,2,3,7,2586,UA,SFO,1
12,1,3,4,7,2586,UA,SFO,2
9,1,4,5,7,2586,UA,SFO,3
5,1,5,6,7,2586,UA,SFO,4
2,1,6,7,7,2586,UA,SFO,5
184,1,1,2,21,2586,UA,SFO,0
43,1,2,3,21,2586,UA,SFO,1
0,1,3,4,21,2586,UA,SFO,2
106,1,4,5,21,2586,UA,SFO,3
58,1,5,6,21,2586,UA,SFO,4
28,1,6,7,21,2586,UA,SFO,5
2,1,7,1,20,2586,UA,SFO,6
78,1,8,2,20,2586,UA,SFO,7
2,1,9,3,20,2586,UA,SFO,8
-2,1,10,4,20,2586,UA,SFO,9
117,1,11,5,20,2586,UA,SFO,10
-7,1,13,7,20,2586,UA,SFO,8
81,1,14,1,20,2586,UA,SFO,7
7,1,15,2,20,2586,UA,SFO,6
12,1,16,3,20,2586,UA,SFO,5
17,1,17,4,20,2586,UA,SFO,4
22,1,18,5,20,2586,UA,SFO,3
1,1,20,7,20,2586,UA,SFO,1
58,1,21,1,20,2586,UA,SFO,0
-5,1,22,2,20,2586,UA,SFO,1
2,1,23,3,20,2586,UA,SFO,2
-7,1,24,4,20,2586,UA,SFO,3
-2,1,25,5,20,2586,UA,SFO,4
6,1,27,7,20,2586,UA,SFO,6
-12,1,28,1,20,2586,UA,SFO,7
-6,1,29,2,20,2586,UA,SFO,8
-4,1,30,3,20,2586,UA,SFO,9
-7,1,31,4,20,2586,UA,SFO,10
-2,1,1,2,11,2586,UA,SFO,0
-8,1,2,3,11,2586,UA,SFO,1
-1,1,3,4,11,2586,UA,SFO,2
24,1,4,5,11,2586,UA,SFO,3
40,1,5,6,11,2586,UA,SFO,4
4,1,6,7,11,2586,UA,SFO,5
0,1,7,1,11,2586,UA,SFO,6
29,1,8,2,11,2586,UA,SFO,7
141,1,9,3,11,2586,UA,SFO,8
-4,1,10,4,11,2586,UA,SFO,9
-3,1,11,5,11,2586,UA,SFO,10
-2,1,12,6,11,2586,UA,SFO,9
-7,1,13,7,11,2586,UA,SFO,8
12,1,14,1,11,2586,UA,SFO,7
4,1,15,2,11,2586,UA,SFO,6
-3,1,16,3,11,2586,UA,SFO,5
1,1,17,4,11,2586,UA,SFO,4
-4,1,18,5,11,2586,UA,SFO,3
5,1,19,6,11,2586,UA,SFO,2
0,1,20,7,11,2586,UA,SFO,1
-3,1,21,1,11,2586,UA,SFO,0
-6,1,22,2,11,2586,UA,SFO,1
-4,1,23,3,11,2586,UA,SFO,2
-4,1,24,4,11,2586,UA,SFO,3
24,1,25,5,11,2586,UA,SFO,4
185,1,26,6,11,2586,UA,SFO,5
-4,1,27,7,11,2586,UA,SFO,6
-3,1,28,1,11,2586,UA,SFO,7
-3,1,29,2,11,2586,UA,SFO,8
-9,1,30,3,11,2586,UA,SFO,9
-3,1,31,4,11,2586,UA,SFO,10
17,1,1,2,15,2586,UA,SFO,0
0,1,2,3,15,2586,UA,SFO,1
71,1,3,4,15,2586,UA,SFO,2
-1,1,4,5,15,2586,UA,SFO,3
196,1,5,6,15,2586,UA,SFO,4
-5,1,6,7,15,2586,UA,SFO,5
-10,1,7,1,15,2586,UA,SFO,6
-4,1,8,2,15,2586,UA,SFO,7
0,1,9,3,15,2586,UA,SFO,8
70,1,10,4,15,2586,UA,SFO,9
19,1,11,5,15,2586,UA,SFO,10
2,1,12,6,15,2586,UA,SFO,9
-12,1,13,7,15,2586,UA,SFO,8
-1,1,14,1,15,2586,UA,SFO,7
9,1,15,2,15,2586,UA,SFO,6
-9,1,16,3,15,2586,UA,SFO,5
173,1,17,4,15,2586,UA,SFO,4
2,1,18,5,15,2586,UA,SFO,3
-7,1,20,7,15,2586,UA,SFO,1
26,1,21,1,15,2586,UA,SFO,0
-7,1,22,2,15,2586,UA,SFO,1
0,1,23,3,15,2586,UA,SFO,2
-7,1,24,4,15,2586,UA,SFO,3
3,1,25,5,15,2586,UA,SFO,4
-3,1,26,6,15,2586,UA,SFO,5
-8,1,27,7,15,2586,UA,SFO,6
-7,1,28,1,15,2586,UA,SFO,7
-3,1,29,2,15,2586,UA,SFO,8
0,1,30,3,15,2586,UA,SFO,9
19,1,31,4,15,2586,UA,SFO,10
-4,1,1,2,17,2586,UA,SFO,0
1,1,2,3,17,2586,UA,SFO,1
347,1,3,4,17,2586,UA,SFO,2
3,1,4,5,17,2586,UA,SFO,3
35,1,5,6,17,2586,UA,SFO,4
37,1,6,7,17,2586,UA,SFO,5
15,1,7,1,17,2586,UA,SFO,6
-3,1,8,2,17,2586,UA,SFO,7
-6,1,9,3,17,2586,UA,SFO,8
-3,1,10,4,17,2586,UA,SFO,9
-4,1,11,5,17,2586,UA,SFO,10
-4,1,12,6,17,2586,UA,SFO,9
2,1,13,7,17,2586,UA,SFO,8
-3,1,14,1,17,2586,UA,SFO,7
1,1,15,2,17,2586,UA,SFO,6
-8,1,16,3,17,2586,UA,SFO,5
50,1,18,5,17,2586,UA,SFO,3
1,1,19,6,17,2586,UA,SFO,2
-7,1,20,7,17,2586,UA,SFO,1
30,1,21,1,17,2586,UA,SFO,0
0,1,22,2,17,2586,UA,SFO,1
-4,1,23,3,17,2586,UA,SFO,2
-1,1,24,4,17,2586,UA,SFO,3
42,1,25,5,17,2586,UA,SFO,4
52,1,26,6,17,2586,UA,SFO,5
0,1,27,7,17,2586,UA,SFO,6
4,1,28,1,17,2586,UA,SFO,7
-3,1,29,2,17,2586,UA,SFO,8
-1,1,30,3,17,2586,UA,SFO,9
0,1,31,4,17,2586,UA,SFO,10
-3,1,1,2,19,2586,UA,SFO,0
188,1,2,3,19,2586,UA,SFO,1
20,1,3,4,19,2586,UA,SFO,2
4,1,5,6,19,2586,UA,SFO,4
7,1,6,7,19,2586,UA,SFO,5
5,1,7,1,19,2586,UA,SFO,6
-1,1,8,2,19,2586,UA,SFO,7
22,1,9,3,19,2586,UA,SFO,8
-2,1,10,4,19,2586,UA,SFO,9
152,1,11,5,19,2586,UA,SFO,10
4,1,13,7,19,2586,UA,SFO,8
30,1,14,1,19,2586,UA,SFO,7
1,1,15,2,19,2586,UA,SFO,6
13,1,16,3,19,2586,UA,SFO,5
12,1,17,4,19,2586,UA,SFO,4
1,1,18,5,19,2586,UA,SFO,3
-1,1,20,7,19,2586,UA,SFO,1
49,1,21,1,19,2586,UA,SFO,0
-3,1,22,2,19,2586,UA,SFO,1
-3,1,23,3,19,2586,UA,SFO,2
-1,1,24,4,19,2586,UA,SFO,3
9,1,25,5,19,2586,UA,SFO,4
45,1,27,7,19,2586,UA,SFO,6
15,1,28,1,19,2586,UA,SFO,7
0,1,29,2,19,2586,UA,SFO,8
-1,1,30,3,19,2586,UA,SFO,9
10,1,31,4,19,2586,UA,SFO,10
-2,1,1,2,8,2475,UA,LAX,0
-2,1,2,3,8,2475,UA,LAX,1
48,1,3,4,8,2475,UA,LAX,2
2,1,4,5,8,2475,UA,LAX,3
-1,1,5,6,8,2475,UA,LAX,4
22,1,6,7,8,2475,UA,LAX,5
-1,1,7,1,8,2475,UA,LAX,6
-1,1,8,2,8,2475,UA,LAX,7
5,1,9,3,8,2475,UA,LAX,8
-3,1,10,4,8,2475,UA,LAX,9
9,1,11,5,8,2475,UA,LAX,10
-7,1,12,6,8,2475,UA,LAX,9
-4,1,13,7,8,2475,UA,LAX,8
-7,1,15,2,8,2475,UA,LAX,6
1,1,16,3,8,2475,UA,LAX,5
-2,1,17,4,8,2475,UA,LAX,4
-1,1,18,5,8,2475,UA,LAX,3
-4,1,20,7,8,2475,UA,LAX,1
-10,1,21,1,8,2475,UA,LAX,0
-1,1,22,2,8,2475,UA,LAX,1
-8,1,23,3,8,2475,UA,LAX,2
1,1,24,4,8,2475,UA,LAX,3
-11,1,25,5,8,2475,UA,LAX,4
-10,1,26,6,8,2475,UA,LAX,5
-6,1,27,7,8,2475,UA,LAX,6
-6,1,28,1,8,2475,UA,LAX,7
-2,1,29,2,8,2475,UA,LAX,8
0,1,31,4,8,2475,UA,LAX,10
-5,1,1,2,11,2475,UA,LAX,0
239,1,2,3,11,2475,UA,LAX,1
4,1,3,4,11,2475,UA,LAX,2
8,1,4,5,11,2475,UA,LAX,3
1,1,6,7,11,2475,UA,LAX,5
-4,1,1,2,15,2475,UA,LAX,0
118,1,2,3,15,2475,UA,LAX,1
26,1,3,4,15,2475,UA,LAX,2
76,1,4,5,15,2475,UA,LAX,3
2,1,5,6,15,2475,UA,LAX,4
-4,1,6,7,15,2475,UA,LAX,5
3,1,7,1,15,2475,UA,LAX,6
-5,1,8,2,15,2475,UA,LAX,7
-7,1,9,3,15,2475,UA,LAX,8
2,1,10,4,15,2475,UA,LAX,9
-3,1,11,5,15,2475,UA,LAX,10
26,1,12,6,15,2475,UA,LAX,9
-3,1,13,7,15,2475,UA,LAX,8
29,1,14,1,15,2475,UA,LAX,7
-6,1,15,2,15,2475,UA,LAX,6
-5,1,16,3,15,2475,UA,LAX,5
-5,1,17,4,15,2475,UA,LAX,4
-6,1,18,5,15,2475,UA,LAX,3
12,1,19,6,15,2475,UA,LAX,2
7,1,20,7,15,2475,UA,LAX,1
54,1,21,1,15,2475,UA,LAX,0
-5,1,22,2,15,2475,UA,LAX,1
-5,1,23,3,15,2475,UA,LAX,2
-3,1,24,4,15,2475,UA,LAX,3
-1,1,25,5,15,2475,UA,LAX,4
-2,1,26,6,15,2475,UA,LAX,5
2,1,27,7,15,2475,UA,LAX,6
-9,1,28,1,15,2475,UA,LAX,7
1,1,29,2,15,2475,UA,LAX,8
-1,1,30,3,15,2475,UA,LAX,9
-4,1,31,4,15,2475,UA,LAX,10
1,1,1,2,19,2475,UA,LAX,0
139,1,2,3,19,2475,UA,LAX,1
15,1,3,4,19,2475,UA,LAX,2
25,1,5,6,19,2475,UA,LAX,4
43,1,6,7,19,2475,UA,LAX,5
2,1,7,1,19,2475,UA,LAX,6
220,1,8,2,19,2475,UA,LAX,7
-6,1,9,3,19,2475,UA,LAX,8
1,1,10,4,19,2475,UA,LAX,9
157,1,11,5,19,2475,UA,LAX,10
6,1,13,7,19,2475,UA,LAX,8
55,1,14,1,19,2475,UA,LAX,7
11,1,15,2,19,2475,UA,LAX,6
-3,1,16,3,19,2475,UA,LAX,5
-5,1,17,4,19,2475,UA,LAX,4
59,1,18,5,19,2475,UA,LAX,3
-3,1,20,7,19,2475,UA,LAX,1
0,1,21,1,19,2475,UA,LAX,0
0,1,22,2,19,2475,UA,LAX,1
9,1,23,3,19,2475,UA,LAX,2
9,1,24,4,19,2475,UA,LAX,3
14,1,25,5,19,2475,UA,LAX,4
6,1,27,7,19,2475,UA,LAX,6
-6,1,28,1,19,2475,UA,LAX,7
-5,1,29,2,19,2475,UA,LAX,8
0,1,30,3,19,2475,UA,LAX,9
0,1,31,4,19,2475,UA,LAX,10
5,1,1,2,20,2475,UA,LAX,0
0,1,2,3,20,2475,UA,LAX,1
99,1,3,4,20,2475,UA,LAX,2
41,1,4,5,20,2475,UA,LAX,3
9,1,5,6,20,2475,UA,LAX,4
-2,1,6,7,20,2475,UA,LAX,5
94,1,19,6,9,2475,UA,LAX,2
-3,1,26,6,9,2475,UA,LAX,5
14,1,15,2,9,2475,UA,LAX,6
-5,1,16,3,9,2475,UA,LAX,5
-7,1,17,4,9,2475,UA,LAX,4
47,1,18,5,9,2475,UA,LAX,3
-7,1,20,7,9,2475,UA,LAX,1
-4,1,21,1,9,2475,UA,LAX,0
26,1,22,2,9,2475,UA,LAX,1
-6,1,23,3,9,2475,UA,LAX,2
17,1,24,4,9,2475,UA,LAX,3
0,1,25,5,9,2475,UA,LAX,4
-11,1,27,7,9,2475,UA,LAX,6
-4,1,28,1,9,2475,UA,LAX,7
0,1,29,2,9,2475,UA,LAX,8
-1,1,30,3,9,2475,UA,LAX,9
-2,1,31,4,9,2475,UA,LAX,10
3,1,7,1,11,2475,UA,LAX,6
49,1,9,3,11,2475,UA,LAX,8
-6,1,10,4,11,2475,UA,LAX,9
-2,1,11,5,11,2475,UA,LAX,10
1,1,12,6,11,2475,UA,LAX,9
-4,1,13,7,11,2475,UA,LAX,8
34,1,14,1,11,2475,UA,LAX,7
44,1,15,2,11,2475,UA,LAX,6
-4,1,16,3,11,2475,UA,LAX,5
0,1,17,4,11,2475,UA,LAX,4
-6,1,18,5,11,2475,UA,LAX,3
-7,1,19,6,11,2475,UA,LAX,2
-5,1,20,7,11,2475,UA,LAX,1
-4,1,21,1,11,2475,UA,LAX,0
-4,1,22,2,11,2475,UA,LAX,1
-8,1,23,3,11,2475,UA,LAX,2
-5,1,24,4,11,2475,UA,LAX,3
25,1,25,5,11,2475,UA,LAX,4
-3,1,26,6,11,2475,UA,LAX,5
4,1,27,7,11,2475,UA,LAX,6
-4,1,28,1,11,2475,UA,LAX,7
-1,1,29,2,11,2475,UA,LAX,8
-6,1,30,3,11,2475,UA,LAX,9
-5,1,31,4,11,2475,UA,LAX,10
29,1,1,2,17,2475,UA,LAX,0
117,1,2,3,17,2475,UA,LAX,1
2,1,3,4,17,2475,UA,LAX,2
276,1,4,5,17,2475,UA,LAX,3
-4,1,5,6,17,2475,UA,LAX,4
0,1,6,7,17,2475,UA,LAX,5
-1,1,7,1,17,2475,UA,LAX,6
22,1,8,2,17,2475,UA,LAX,7
-3,1,9,3,17,2475,UA,LAX,8
8,1,10,4,17,2475,UA,LAX,9
1,1,11,5,17,2475,UA,LAX,10
-3,1,12,6,17,2475,UA,LAX,9
25,1,13,7,17,2475,UA,LAX,8
36,1,14,1,17,2475,UA,LAX,7
-3,1,15,2,17,2475,UA,LAX,6
12,1,16,3,17,2475,UA,LAX,5
13,1,17,4,17,2475,UA,LAX,4
-1,1,18,5,17,2475,UA,LAX,3
138,1,19,6,17,2475,UA,LAX,2
16,1,20,7,17,2475,UA,LAX,1
-1,1,21,1,17,2475,UA,LAX,0
74,1,22,2,17,2475,UA,LAX,1
-5,1,23,3,17,2475,UA,LAX,2
32,1,24,4,17,2475,UA,LAX,3
178,1,25,5,17,2475,UA,LAX,4
-7,1,26,6,17,2475,UA,LAX,5
-3,1,27,7,17,2475,UA,LAX,6
0,1,28,1,17,2475,UA,LAX,7
-2,1,29,2,17,2475,UA,LAX,8
-1,1,30,3,17,2475,UA,LAX,9
-4,1,31,4,17,2475,UA,LAX,10
1,1,8,2,7,2586,UA,SFO,7
15,1,9,3,7,2586,UA,SFO,8
6,1,10,4,7,2586,UA,SFO,9
22,1,11,5,7,2586,UA,SFO,10
-2,1,12,6,7,2586,UA,SFO,9
0,1,13,7,7,2586,UA,SFO,8
23,1,15,2,7,2586,UA,SFO,6
7,1,16,3,7,2586,UA,SFO,5
0,1,17,4,7,2586,UA,SFO,4
6,1,18,5,7,2586,UA,SFO,3
6,1,19,6,7,2586,UA,SFO,2
3,1,20,7,7,2586,UA,SFO,1
16,1,21,1,7,2586,UA,SFO,0
-6,1,22,2,7,2586,UA,SFO,1
9,1,23,3,7,2586,UA,SFO,2
-7,1,24,4,7,2586,UA,SFO,3
-3,1,25,5,7,2586,UA,SFO,4
-4,1,26,6,7,2586,UA,SFO,5
1,1,27,7,7,2586,UA,SFO,6
-3,1,28,1,7,2586,UA,SFO,7
-5,1,29,2,7,2586,UA,SFO,8
-4,1,30,3,7,2586,UA,SFO,9
-3,1,31,4,7,2586,UA,SFO,10
1,1,1,2,6,2475,UA,LAX,0
0,1,2,3,6,2475,UA,LAX,1
22,1,4,5,6,2475,UA,LAX,3
59,1,5,6,6,2475,UA,LAX,4
2,1,7,1,6,2475,UA,LAX,6
-3,1,8,2,6,2475,UA,LAX,7
2,1,9,3,6,2475,UA,LAX,8
-1,1,10,4,6,2475,UA,LAX,9
-2,1,11,5,6,2475,UA,LAX,10
-1,1,12,6,6,2475,UA,LAX,9
-7,1,13,7,6,2475,UA,LAX,8
80,1,15,2,6,2475,UA,LAX,6
-2,1,16,3,6,2475,UA,LAX,5
-3,1,17,4,6,2475,UA,LAX,4
1,1,18,5,6,2475,UA,LAX,3
-2,1,19,6,6,2475,UA,LAX,2
0,1,20,7,6,2475,UA,LAX,1
-7,1,21,1,6,2475,UA,LAX,0
-4,1,22,2,6,2475,UA,LAX,1
-4,1,23,3,6,2475,UA,LAX,2
-2,1,24,4,6,2475,UA,LAX,3
2,1,25,5,6,2475,UA,LAX,4
-5,1,26,6,6,2475,UA,LAX,5
-10,1,27,7,6,2475,UA,LAX,6
0,1,28,1,6,2475,UA,LAX,7
-1,1,29,2,6,2475,UA,LAX,8
-7,1,30,3,6,2475,UA,LAX,9
-4,1,31,4,6,2475,UA,LAX,10
-2,1,1,2,8,2586,UA,SFO,0
-7,1,2,3,8,2586,UA,SFO,1
3,1,3,4,8,2586,UA,SFO,2
1,1,4,5,8,2586,UA,SFO,3
1,1,6,7,8,2586,UA,SFO,5
-3,1,7,1,8,2586,UA,SFO,6
0,1,8,2,8,2586,UA,SFO,7
1,1,9,3,8,2586,UA,SFO,8
4,1,10,4,8,2586,UA,SFO,9
7,1,11,5,8,2586,UA,SFO,10
-3,1,12,6,8,2586,UA,SFO,9
-4,1,13,7,8,2586,UA,SFO,8
1,1,15,2,8,2586,UA,SFO,6
-8,1,16,3,8,2586,UA,SFO,5
-8,1,17,4,8,2586,UA,SFO,4
-2,1,18,5,8,2586,UA,SFO,3
0,1,19,6,8,2586,UA,SFO,2
3,1,20,7,8,2586,UA,SFO,1
1,1,21,1,8,2586,UA,SFO,0
2,1,22,2,8,2586,UA,SFO,1
5,1,23,3,8,2586,UA,SFO,2
-4,1,24,4,8,2586,UA,SFO,3
-3,1,25,5,8,2586,UA,SFO,4
23,1,26,6,8,2586,UA,SFO,5
-5,1,27,7,8,2586,UA,SFO,6
2,1,28,1,8,2586,UA,SFO,7
1,1,29,2,8,2586,UA,SFO,8
5,1,30,3,8,2586,UA,SFO,9
-7,1,31,4,8,2586,UA,SFO,10
19,1,1,2,20,2248,US,LAS,0
1,1,1,2,7,2248,US,LAS,0
-6,1,1,2,9,2248,US,LAS,0
-3,1,1,2,17,2153,US,PHX,0
7,1,1,2,6,2153,US,PHX,0
2,1,1,2,9,2153,US,PHX,0
35,1,2,3,20,2248,US,LAS,1
9,1,2,3,7,2248,US,LAS,1
3,1,2,3,9,2248,US,LAS,1
12,1,2,3,17,2153,US,PHX,1
-1,1,2,3,6,2153,US,PHX,1
0,1,2,3,9,2153,US,PHX,1
-3,1,3,4,20,2248,US,LAS,2
-2,1,3,4,7,2248,US,LAS,2
-4,1,3,4,9,2248,US,LAS,2
8,1,3,4,17,2153,US,PHX,2
7,1,3,4,6,2153,US,PHX,2
-1,1,3,4,9,2153,US,PHX,2
68,1,4,5,20,2248,US,LAS,3
1,1,4,5,7,2248,US,LAS,3
3,1,4,5,9,2248,US,LAS,3
-8,1,4,5,17,2153,US,PHX,3
20,1,4,5,6,2153,US,PHX,3
14,1,4,5,9,2153,US,PHX,3
-7,1,5,6,7,2248,US,LAS,4
-4,1,5,6,9,2248,US,LAS,4
11,1,5,6,17,2153,US,PHX,4
-3,1,5,6,9,2153,US,PHX,4
0,1,5,6,6,2153,US,PHX,4
3,1,6,7,20,2248,US,LAS,5
0,1,6,7,7,2248,US,LAS,5
3,1,6,7,9,2248,US,LAS,5
-4,1,6,7,17,2153,US,PHX,5
29,1,6,7,6,2153,US,PHX,5
-2,1,6,7,9,2153,US,PHX,5
0,1,7,1,7,2248,US,LAS,6
7,1,7,1,9,2248,US,LAS,6
32,1,7,1,17,2153,US,PHX,6
4,1,7,1,6,2153,US,PHX,6
2,1,7,1,9,2153,US,PHX,6
0,1,8,2,7,2248,US,LAS,7
-4,1,8,2,9,2248,US,LAS,7
-9,1,8,2,17,2153,US,PHX,7
3,1,8,2,6,2153,US,PHX,7
-1,1,8,2,9,2153,US,PHX,7
51,1,9,3,20,2248,US,LAS,8
22,1,9,3,7,2248,US,LAS,8
3,1,9,3,9,2248,US,LAS,8
0,1,9,3,17,2153,US,PHX,8
-4,1,9,3,6,2153,US,PHX,8
10,1,9,3,9,2153,US,PHX,8
26,1,10,4,20,2248,US,LAS,9
-10,1,10,4,7,2248,US,LAS,9
2,1,10,4,9,2248,US,LAS,9
-2,1,10,4,17,2153,US,PHX,9
-3,1,10,4,6,2153,US,PHX,9
0,1,10,4,9,2153,US,PHX,9
118,1,11,5,20,2248,US,LAS,10
-8,1,11,5,7,2248,US,LAS,10
39,1,11,5,9,2248,US,LAS,10
-2,1,11,5,17,2153,US,PHX,10
-4,1,11,5,6,2153,US,PHX,10
209,1,11,5,9,2153,US,PHX,10
-7,1,12,6,7,2248,US,LAS,9
-3,1,12,6,9,2248,US,LAS,9
-4,1,12,6,6,2153,US,PHX,9
14,1,12,6,9,2153,US,PHX,9
4,1,13,7,20,2248,US,LAS,8
-3,1,13,7,7,2248,US,LAS,8
-3,1,13,7,9,2248,US,LAS,8
13,1,13,7,17,2153,US,PHX,8
5,1,13,7,6,2153,US,PHX,8
-5,1,13,7,9,2153,US,PHX,8
-5,1,14,1,7,2248,US,LAS,7
5,1,14,1,17,2153,US,PHX,7
5,1,14,1,6,2153,US,PHX,7
-7,1,15,2,7,2248,US,LAS,6
-1,1,15,2,9,2248,US,LAS,6
97,1,15,2,17,2153,US,PHX,6
1,1,15,2,6,2153,US,PHX,6
10,1,15,2,9,2153,US,PHX,6
22,1,16,3,20,2248,US,LAS,5
-3,1,16,3,7,2248,US,LAS,5
-1,1,16,3,9,2248,US,LAS,5
1,1,16,3,17,2153,US,PHX,5
-2,1,16,3,6,2153,US,PHX,5
4,1,16,3,9,2153,US,PHX,5
21,1,17,4,20,2248,US,LAS,4
-3,1,17,4,7,2248,US,LAS,4
2,1,17,4,9,2248,US,LAS,4
7,1,17,4,17,2153,US,PHX,4
3,1,17,4,6,2153,US,PHX,4
26,1,17,4,9,2153,US,PHX,4
35,1,18,5,20,2248,US,LAS,3
4,1,18,5,7,2248,US,LAS,3
16,1,18,5,9,2248,US,LAS,3
-3,1,18,5,17,2153,US,PHX,3
3,1,18,5,6,2153,US,PHX,3
2,1,18,5,9,2153,US,PHX,3
-4,1,19,6,7,2248,US,LAS,2
-3,1,19,6,9,2248,US,LAS,2
7,1,19,6,6,2153,US,PHX,2
5,1,19,6,9,2153,US,PHX,2
-9,1,20,7,20,2248,US,LAS,1
-5,1,20,7,7,2248,US,LAS,1
10,1,20,7,9,2248,US,LAS,1
-4,1,20,7,17,2153,US,PHX,1
10,1,20,7,6,2153,US,PHX,1
0,1,20,7,9,2153,US,PHX,1
-8,1,21,1,7,2248,US,LAS,0
-6,1,21,1,9,2248,US,LAS,0
-8,1,21,1,17,2153,US,PHX,0
-4,1,21,1,6,2153,US,PHX,0
-4,1,21,1,9,2153,US,PHX,0
-10,1,22,2,7,2248,US,LAS,1
-1,1,22,2,9,2248,US,LAS,1
-3,1,22,2,17,2153,US,PHX,1
-4,1,22,2,6,2153,US,PHX,1
2,1,22,2,9,2153,US,PHX,1
3,1,23,3,20,2248,US,LAS,2
-10,1,23,3,7,2248,US,LAS,2
-2,1,23,3,9,2248,US,LAS,2
-5,1,23,3,17,2153,US,PHX,2
-1,1,23,3,6,2153,US,PHX,2
4,1,23,3,9,2153,US,PHX,2
3,1,24,4,20,2248,US,LAS,3
-5,1,24,4,7,2248,US,LAS,3
-7,1,24,4,9,2248,US,LAS,3
9,1,24,4,17,2153,US,PHX,3
-3,1,24,4,6,2153,US,PHX,3
5,1,24,4,9,2153,US,PHX,3
-3,1,25,5,20,2248,US,LAS,4
-7,1,25,5,7,2248,US,LAS,4
-5,1,25,5,9,2248,US,LAS,4
-3,1,25,5,17,2153,US,PHX,4
-2,1,25,5,6,2153,US,PHX,4
-5,1,25,5,9,2153,US,PHX,4
-10,1,26,6,7,2248,US,LAS,5
1,1,26,6,9,2248,US,LAS,5
-7,1,26,6,6,2153,US,PHX,5
14,1,26,6,9,2153,US,PHX,5
55,1,27,7,20,2248,US,LAS,6
-6,1,27,7,7,2248,US,LAS,6
33,1,27,7,9,2248,US,LAS,6
-2,1,27,7,17,2153,US,PHX,6
-5,1,27,7,6,2153,US,PHX,6
6,1,27,7,9,2153,US,PHX,6
-4,1,28,1,7,2248,US,LAS,7
4,1,28,1,9,2248,US,LAS,7
0,1,28,1,17,2153,US,PHX,7
-1,1,28,1,6,2153,US,PHX,7
12,1,28,1,9,2153,US,PHX,7
0,1,29,2,7,2248,US,LAS,8
7,1,29,2,9,2248,US,LAS,8
-9,1,29,2,17,2153,US,PHX,8
-3,1,29,2,6,2153,US,PHX,8
-4,1,29,2,9,2153,US,PHX,8
-8,1,30,3,20,2248,US,LAS,9
-7,1,30,3,7,2248,US,LAS,9
-4,1,30,3,9,2248,US,LAS,9
11,1,30,3,17,2153,US,PHX,9
-5,1,30,3,6,2153,US,PHX,9
6,1,30,3,9,2153,US,PHX,9
25,1,31,4,20,2248,US,LAS,10
0,1,31,4,7,2248,US,LAS,10
-2,1,31,4,9,2248,US,LAS,10
7,1,31,4,17,2153,US,PHX,10
3,1,31,4,6,2153,US,PHX,10
-4,1,31,4,9,2153,US,PHX,10
-3,1,15,2,18,1090,DL,MIA,6
-4,1,15,2,6,760,DL,ATL,6
-6,1,15,2,11,944,DL,MCO,6
3,1,15,2,16,589,DL,CVG,6
10,1,15,2,15,760,DL,ATL,6
-10,1,15,2,21,944,DL,MCO,6
2,1,15,2,15,1005,DL,TPA,6
-3,1,15,2,8,1069,DL,FLL,6
14,1,16,3,8,760,DL,ATL,5
30,1,16,3,16,2475,DL,LAX,5
1,1,16,3,18,2586,DL,SFO,5
2,1,16,3,16,944,DL,MCO,5
-7,1,16,3,16,1989,DL,SLC,5
-5,1,16,3,13,2475,DL,LAX,5
-5,1,16,3,19,1005,DL,TPA,5
-4,1,16,3,16,2421,DL,SEA,5
-2,1,16,3,16,2446,DL,SAN,5
-4,1,16,3,19,2475,DL,LAX,5
204,1,16,3,18,760,DL,ATL,5
-6,1,16,3,16,760,DL,ATL,5
-3,1,16,3,16,1069,DL,FLL,5
-6,1,16,3,16,2586,DL,SFO,5
-3,1,16,3,15,1989,DL,SLC,5
-2,1,16,3,7,2475,DL,LAX,5
-2,1,16,3,8,2475,DL,LAX,5
-13,1,16,3,8,2586,DL,SFO,5
-2,1,16,3,8,2421,DL,SEA,5
48,1,16,3,12,2248,DL,LAS,5
-3,1,16,3,8,2248,DL,LAS,5
-5,1,16,3,17,2248,DL,LAS,5
-4,1,16,3,19,2248,DL,LAS,5
-6,1,16,3,16,2454,DL,PDX,5
-3,1,16,3,8,2153,DL,PHX,5
0,1,16,3,16,187,DL,BOS,5
-5,1,16,3,19,1069,DL,FLL,5
17,1,16,3,8,1597,DL,SJU,5
-5,1,16,3,6,1989,DL,SLC,5
-4,1,16,3,18,1090,DL,MIA,5
-5,1,16,3,6,760,DL,ATL,5
-6,1,16,3,11,944,DL,MCO,5
-5,1,16,3,16,589,DL,CVG,5
-2,1,16,3,15,760,DL,ATL,5
-2,1,16,3,21,944,DL,MCO,5
-9,1,16,3,15,1005,DL,TPA,5
13,1,16,3,8,1069,DL,FLL,5
6,1,16,3,8,944,DL,MCO,5
2,1,17,4,8,760,DL,ATL,4
285,1,17,4,16,2475,DL,LAX,4
-5,1,17,4,18,2586,DL,SFO,4
-5,1,17,4,16,944,DL,MCO,4
2,1,17,4,16,1989,DL,SLC,4
2,1,17,4,13,2475,DL,LAX,4
208,1,17,4,19,1005,DL,TPA,4
-1,1,17,4,16,2421,DL,SEA,4
28,1,17,4,16,2446,DL,SAN,4
-3,1,17,4,19,2475,DL,LAX,4
59,1,17,4,18,760,DL,ATL,4
9,1,17,4,16,760,DL,ATL,4
3,1,17,4,16,1069,DL,FLL,4
23,1,17,4,16,2586,DL,SFO,4
3,1,17,4,15,1989,DL,SLC,4
-1,1,17,4,7,2475,DL,LAX,4
-2,1,17,4,8,2475,DL,LAX,4
32,1,17,4,8,2586,DL,SFO,4
-4,1,17,4,8,2421,DL,SEA,4
82,1,17,4,12,2248,DL,LAS,4
-1,1,17,4,8,2248,DL,LAS,4
73,1,17,4,17,2248,DL,LAS,4
-2,1,17,4,19,2248,DL,LAS,4
-2,1,17,4,16,2454,DL,PDX,4
5,1,17,4,8,2153,DL,PHX,4
83,1,17,4,16,187,DL,BOS,4
20,1,17,4,19,1069,DL,FLL,4
-3,1,17,4,8,1597,DL,SJU,4
1,1,17,4,6,1989,DL,SLC,4
-1,1,17,4,18,1090,DL,MIA,4
-4,1,17,4,6,760,DL,ATL,4
-2,1,17,4,10,1090,DL,MIA,4
0,1,17,4,11,944,DL,MCO,4
6,1,17,4,19,1989,DL,SLC,4
-5,1,17,4,16,589,DL,CVG,4
83,1,17,4,15,760,DL,ATL,4
-1,1,17,4,21,944,DL,MCO,4
-1,1,17,4,15,1005,DL,TPA,4
0,1,17,4,8,1069,DL,FLL,4
0,1,17,4,11,1069,DL,FLL,4
0,1,17,4,8,944,DL,MCO,4
4,1,17,4,8,1005,DL,TPA,4
20,1,18,5,8,760,DL,ATL,3
11,1,18,5,16,2475,DL,LAX,3
-3,1,18,5,18,2586,DL,SFO,3
32,1,18,5,16,944,DL,MCO,3
15,1,18,5,16,1989,DL,SLC,3
5,1,18,5,13,2475,DL,LAX,3
9,1,18,5,19,1005,DL,TPA,3
0,1,18,5,16,2421,DL,SEA,3
4,1,18,5,16,2446,DL,SAN,3
35,1,18,5,19,2475,DL,LAX,3
11,1,18,5,18,760,DL,ATL,3
11,1,18,5,16,760,DL,ATL,3
-3,1,18,5,16,1069,DL,FLL,3
65,1,18,5,16,2586,DL,SFO,3
0,1,18,5,15,1989,DL,SLC,3
-2,1,18,5,8,2475,DL,LAX,3
0,1,18,5,8,2586,DL,SFO,3
-4,1,18,5,8,2421,DL,SEA,3
1,1,18,5,12,2248,DL,LAS,3
-4,1,18,5,8,2248,DL,LAS,3
-4,1,18,5,17,2248,DL,LAS,3
1,1,18,5,19,2248,DL,LAS,3
-3,1,18,5,19,2153,DL,PHX,3
-4,1,18,5,8,1626,DL,DEN,3
-5,1,18,5,16,2454,DL,PDX,3
-3,1,18,5,8,2153,DL,PHX,3
38,1,18,5,16,187,DL,BOS,3
6,1,18,5,19,1069,DL,FLL,3
2,1,18,5,8,1597,DL,SJU,3
10,1,18,5,6,1989,DL,SLC,3
25,1,18,5,18,1090,DL,MIA,3
1,1,18,5,6,760,DL,ATL,3
-5,1,18,5,10,1090,DL,MIA,3
26,1,18,5,11,944,DL,MCO,3
7,1,18,5,19,1989,DL,SLC,3
5,1,18,5,16,589,DL,CVG,3
29,1,18,5,15,760,DL,ATL,3
-4,1,18,5,21,944,DL,MCO,3
-5,1,18,5,15,1005,DL,TPA,3
1,1,18,5,8,1069,DL,FLL,3
-5,1,18,5,11,1069,DL,FLL,3
191,1,18,5,8,944,DL,MCO,3
-5,1,18,5,8,1005,DL,TPA,3
4,1,19,6,8,760,DL,ATL,2
59,1,19,6,16,2475,DL,LAX,2
-1,1,19,6,18,2586,DL,SFO,2
5,1,19,6,16,944,DL,MCO,2
4,1,19,6,16,1989,DL,SLC,2
-1,1,19,6,19,1005,DL,TPA,2
-2,1,19,6,16,2421,DL,SEA,2
44,1,19,6,16,2446,DL,SAN,2
13,1,19,6,19,2475,DL,LAX,2
5,1,19,6,18,760,DL,ATL,2
0,1,19,6,16,760,DL,ATL,2
-6,1,19,6,16,1069,DL,FLL,2
6,1,19,6,8,2475,DL,LAX,2
-7,1,19,6,8,2586,DL,SFO,2
-2,1,19,6,8,2421,DL,SEA,2
-1,1,19,6,12,2248,DL,LAS,2
12,1,19,6,8,2248,DL,LAS,2
-4,1,19,6,17,2248,DL,LAS,2
-1,1,19,6,16,2454,DL,PDX,2
62,1,19,6,16,187,DL,BOS,2
-6,1,19,6,8,1623,DL,STT,2
54,1,19,6,19,1069,DL,FLL,2
-3,1,19,6,8,1597,DL,SJU,2
20,1,19,6,18,1090,DL,MIA,2
-1,1,19,6,6,760,DL,ATL,2
-2,1,19,6,6,1989,DL,SLC,2
7,1,19,6,11,944,DL,MCO,2
7,1,19,6,16,589,DL,CVG,2
145,1,19,6,15,760,DL,ATL,2
3,1,19,6,21,944,DL,MCO,2
74,1,19,6,15,1005,DL,TPA,2
32,1,19,6,12,1749,DL,HDN,2
-5,1,19,6,8,1069,DL,FLL,2
27,1,19,6,11,1069,DL,FLL,2
0,1,19,6,8,1005,DL,TPA,2
11,1,20,7,8,760,DL,ATL,1
48,1,20,7,16,2475,DL,LAX,1
-2,1,20,7,18,2586,DL,SFO,1
-1,1,20,7,16,944,DL,MCO,1
-3,1,20,7,16,1989,DL,SLC,1
52,1,20,7,13,2475,DL,LAX,1
0,1,20,7,19,1005,DL,TPA,1
5,1,20,7,16,2421,DL,SEA,1
12,1,20,7,16,2446,DL,SAN,1
2,1,20,7,19,2475,DL,LAX,1
0,1,20,7,18,760,DL,ATL,1
30,1,20,7,16,760,DL,ATL,1
-2,1,20,7,16,1069,DL,FLL,1
-5,1,20,7,16,2586,DL,SFO,1
26,1,20,7,15,1989,DL,SLC,1
-1,1,20,7,8,2475,DL,LAX,1
0,1,20,7,8,2586,DL,SFO,1
14,1,20,7,12,2248,DL,LAS,1
-2,1,20,7,8,2248,DL,LAS,1
-5,1,20,7,17,2248,DL,LAS,1
-3,1,20,7,19,2248,DL,LAS,1
-2,1,20,7,19,2153,DL,PHX,1
-4,1,20,7,8,1626,DL,DEN,1
-6,1,20,7,16,2454,DL,PDX,1
11,1,20,7,8,2153,DL,PHX,1
30,1,20,7,16,187,DL,BOS,1
4,1,20,7,19,1069,DL,FLL,1
-1,1,20,7,8,1597,DL,SJU,1
2,1,20,7,6,1989,DL,SLC,1
-5,1,20,7,18,1090,DL,MIA,1
-3,1,20,7,6,760,DL,ATL,1
-6,1,20,7,10,1090,DL,MIA,1
2,1,20,7,11,944,DL,MCO,1
-5,1,20,7,19,1989,DL,SLC,1
10,1,20,7,16,589,DL,CVG,1
-4,1,20,7,15,760,DL,ATL,1
-1,1,20,7,21,944,DL,MCO,1
-3,1,20,7,15,1005,DL,TPA,1
-2,1,20,7,8,1069,DL,FLL,1
-3,1,20,7,11,1069,DL,FLL,1
4,1,20,7,8,944,DL,MCO,1
-7,1,20,7,8,1005,DL,TPA,1
4,1,21,1,8,760,DL,ATL,0
19,1,21,1,16,2475,DL,LAX,0
62,1,21,1,18,2586,DL,SFO,0
80,1,21,1,16,944,DL,MCO,0
-1,1,21,1,16,1989,DL,SLC,0
7,1,21,1,13,2475,DL,LAX,0
-4,1,21,1,19,1005,DL,TPA,0
-7,1,21,1,16,2421,DL,SEA,0
7,1,21,1,16,2446,DL,SAN,0
13,1,21,1,19,2475,DL,LAX,0
5,1,21,1,18,760,DL,ATL,0
10,1,21,1,16,760,DL,ATL,0
-3,1,21,1,16,1069,DL,FLL,0
16,1,21,1,16,2586,DL,SFO,0
8,1,21,1,15,1989,DL,SLC,0
-6,1,21,1,7,2475,DL,LAX,0
-6,1,21,1,8,2475,DL,LAX,0
4,1,21,1,8,2586,DL,SFO,0
-5,1,21,1,8,2421,DL,SEA,0
0,1,21,1,12,2248,DL,LAS,0
5,1,21,1,8,2248,DL,LAS,0
-1,1,21,1,17,2248,DL,LAS,0
-2,1,21,1,19,2248,DL,LAS,0
-7,1,21,1,8,1626,DL,DEN,0
-4,1,21,1,16,2454,DL,PDX,0
-4,1,21,1,8,2153,DL,PHX,0
5,1,21,1,16,187,DL,BOS,0
7,1,21,1,19,1069,DL,FLL,0
-9,1,21,1,8,1597,DL,SJU,0
-4,1,21,1,6,1989,DL,SLC,0
9,1,21,1,18,1090,DL,MIA,0
-2,1,21,1,6,760,DL,ATL,0
-5,1,21,1,10,1090,DL,MIA,0
-3,1,21,1,11,944,DL,MCO,0
15,1,21,1,19,1989,DL,SLC,0
73,1,21,1,16,589,DL,CVG,0
-2,1,21,1,15,760,DL,ATL,0
-3,1,21,1,21,944,DL,MCO,0
-6,1,21,1,15,1005,DL,TPA,0
-3,1,21,1,8,1069,DL,FLL,0
-2,1,21,1,11,1069,DL,FLL,0
-2,1,21,1,8,944,DL,MCO,0
-5,1,21,1,8,1005,DL,TPA,0
11,1,22,2,8,760,DL,ATL,1
0,1,22,2,16,2475,DL,LAX,1
5,1,22,2,18,2586,DL,SFO,1
-3,1,22,2,16,944,DL,MCO,1
-5,1,22,2,16,1989,DL,SLC,1
-1,1,22,2,13,2475,DL,LAX,1
-4,1,22,2,19,1005,DL,TPA,1
0,1,22,2,16,2421,DL,SEA,1
0,1,22,2,16,2446,DL,SAN,1
-6,1,22,2,19,2475,DL,LAX,1
-7,1,22,2,18,760,DL,ATL,1
0,1,22,2,16,760,DL,ATL,1
-4,1,22,2,16,1069,DL,FLL,1
-4,1,22,2,16,2586,DL,SFO,1
-8,1,22,2,7,2475,DL,LAX,1
-6,1,22,2,8,2475,DL,LAX,1
-3,1,22,2,8,2586,DL,SFO,1
-3,1,22,2,8,2421,DL,SEA,1
-1,1,22,2,8,2248,DL,LAS,1
-5,1,22,2,17,2248,DL,LAS,1
-4,1,22,2,19,2248,DL,LAS,1
-1,1,22,2,16,2454,DL,PDX,1
-8,1,22,2,8,2153,DL,PHX,1
0,1,22,2,16,187,DL,BOS,1
-4,1,22,2,19,1069,DL,FLL,1
-1,1,22,2,8,1597,DL,SJU,1
16,1,22,2,6,1989,DL,SLC,1
-3,1,22,2,18,1090,DL,MIA,1
-2,1,22,2,6,760,DL,ATL,1
-2,1,22,2,11,944,DL,MCO,1
2,1,22,2,16,589,DL,CVG,1
-5,1,22,2,15,760,DL,ATL,1
-2,1,22,2,21,944,DL,MCO,1
-5,1,22,2,15,1005,DL,TPA,1
-6,1,22,2,8,1069,DL,FLL,1
7,1,23,3,8,760,DL,ATL,2
-2,1,23,3,16,2475,DL,LAX,2
-5,1,23,3,18,2586,DL,SFO,2
-2,1,23,3,16,944,DL,MCO,2
-4,1,23,3,16,1989,DL,SLC,2
-4,1,23,3,13,2475,DL,LAX,2
-6,1,23,3,19,1005,DL,TPA,2
-4,1,23,3,16,2421,DL,SEA,2
-1,1,23,3,16,2446,DL,SAN,2
0,1,23,3,19,2475,DL,LAX,2
-4,1,23,3,18,760,DL,ATL,2
-2,1,23,3,16,760,DL,ATL,2
8,1,23,3,16,1069,DL,FLL,2
-4,1,23,3,16,2586,DL,SFO,2
0,1,23,3,15,1989,DL,SLC,2
-3,1,23,3,7,2475,DL,LAX,2
-6,1,23,3,8,2475,DL,LAX,2
0,1,23,3,8,2586,DL,SFO,2
-6,1,23,3,8,2421,DL,SEA,2
-6,1,23,3,12,2248,DL,LAS,2
-4,1,23,3,8,2248,DL,LAS,2
-4,1,23,3,17,2248,DL,LAS,2
92,1,23,3,19,2248,DL,LAS,2
-3,1,23,3,16,2454,DL,PDX,2
-11,1,23,3,8,2153,DL,PHX,2
9,1,23,3,16,187,DL,BOS,2
-5,1,23,3,19,1069,DL,FLL,2
-4,1,23,3,8,1597,DL,SJU,2
1,1,23,3,6,1989,DL,SLC,2
-1,1,23,3,18,1090,DL,MIA,2
-6,1,23,3,6,760,DL,ATL,2
-5,1,23,3,11,944,DL,MCO,2
-2,1,23,3,16,589,DL,CVG,2
-4,1,23,3,15,760,DL,ATL,2
-5,1,23,3,21,944,DL,MCO,2
-2,1,23,3,15,1005,DL,TPA,2
-8,1,23,3,8,1069,DL,FLL,2
-3,1,23,3,8,944,DL,MCO,2
6,1,24,4,8,760,DL,ATL,3
21,1,24,4,16,2475,DL,LAX,3
8,1,24,4,18,2586,DL,SFO,3
-2,1,24,4,16,944,DL,MCO,3
3,1,24,4,16,1989,DL,SLC,3
-3,1,24,4,13,2475,DL,LAX,3
20,1,24,4,19,1005,DL,TPA,3
8,1,24,4,16,2421,DL,SEA,3
0,1,24,4,16,2446,DL,SAN,3
19,1,24,4,19,2475,DL,LAX,3
0,1,24,4,18,760,DL,ATL,3
-2,1,24,4,16,760,DL,ATL,3
9,1,24,4,16,1069,DL,FLL,3
-2,1,24,4,16,2586,DL,SFO,3
-2,1,24,4,15,1989,DL,SLC,3
12,1,24,4,7,2475,DL,LAX,3
-5,1,24,4,8,2475,DL,LAX,3
-5,1,24,4,8,2586,DL,SFO,3
1,1,24,4,8,2421,DL,SEA,3
-1,1,24,4,12,2248,DL,LAS,3
-4,1,24,4,8,2248,DL,LAS,3
-6,1,24,4,17,2248,DL,LAS,3
-5,1,24,4,19,2248,DL,LAS,3
-4,1,24,4,16,2454,DL,PDX,3
147,1,24,4,8,2153,DL,PHX,3
2,1,24,4,16,187,DL,BOS,3
21,1,24,4,19,1069,DL,FLL,3
-5,1,24,4,8,1597,DL,SJU,3
-3,1,24,4,6,1989,DL,SLC,3
-3,1,24,4,18,1090,DL,MIA,3
-5,1,24,4,6,760,DL,ATL,3
-1,1,24,4,10,1090,DL,MIA,3
-5,1,24,4,11,944,DL,MCO,3
8,1,24,4,19,1989,DL,SLC,3
-1,1,24,4,16,589,DL,CVG,3
15,1,24,4,15,760,DL,ATL,3
-4,1,24,4,21,944,DL,MCO,3
-4,1,24,4,15,1005,DL,TPA,3
-3,1,24,4,8,1069,DL,FLL,3
0,1,24,4,11,1069,DL,FLL,3
-2,1,24,4,8,944,DL,MCO,3
-3,1,24,4,8,1005,DL,TPA,3
2,1,25,5,8,760,DL,ATL,4
11,1,25,5,16,2475,DL,LAX,4
108,1,25,5,18,2586,DL,SFO,4
-2,1,25,5,16,944,DL,MCO,4
0,1,25,5,16,1989,DL,SLC,4
-1,1,25,5,13,2475,DL,LAX,4
30,1,25,5,19,1005,DL,TPA,4
2,1,25,5,16,2421,DL,SEA,4
0,1,25,5,16,2446,DL,SAN,4
-4,1,25,5,19,2475,DL,LAX,4
-2,1,25,5,18,760,DL,ATL,4
-2,1,25,5,16,760,DL,ATL,4
4,1,25,5,16,1069,DL,FLL,4
2,1,25,5,15,1989,DL,SLC,4
-5,1,25,5,7,2475,DL,LAX,4
-6,1,25,5,8,2475,DL,LAX,4
-3,1,25,5,8,2586,DL,SFO,4
-7,1,25,5,8,2421,DL,SEA,4
-3,1,25,5,12,2248,DL,LAS,4
-3,1,25,5,8,2248,DL,LAS,4
-4,1,25,5,17,2248,DL,LAS,4
-3,1,25,5,19,2248,DL,LAS,4
-4,1,25,5,16,2454,DL,PDX,4
-4,1,25,5,8,2153,DL,PHX,4
-3,1,25,5,16,187,DL,BOS,4
-3,1,25,5,19,1069,DL,FLL,4
67,1,25,5,8,1597,DL,SJU,4
-4,1,25,5,6,1989,DL,SLC,4
-3,1,25,5,18,1090,DL,MIA,4
-3,1,25,5,6,760,DL,ATL,4
-3,1,25,5,10,1090,DL,MIA,4
-7,1,25,5,11,944,DL,MCO,4
21,1,25,5,19,1989,DL,SLC,4
-3,1,25,5,16,589,DL,CVG,4
27,1,25,5,15,760,DL,ATL,4
-6,1,25,5,21,944,DL,MCO,4
-5,1,25,5,15,1005,DL,TPA,4
13,1,25,5,8,1069,DL,FLL,4
-1,1,25,5,11,1069,DL,FLL,4
-5,1,25,5,8,944,DL,MCO,4
-3,1,25,5,8,1005,DL,TPA,4
11,1,26,6,8,760,DL,ATL,5
1,1,26,6,16,2475,DL,LAX,5
-5,1,26,6,18,2586,DL,SFO,5
7,1,26,6,16,944,DL,MCO,5
-5,1,26,6,16,1989,DL,SLC,5
28,1,26,6,19,1005,DL,TPA,5
-3,1,26,6,16,2421,DL,SEA,5
-5,1,26,6,16,2446,DL,SAN,5
3,1,26,6,19,2475,DL,LAX,5
6,1,26,6,18,760,DL,ATL,5
-3,1,26,6,16,760,DL,ATL,5
14,1,26,6,16,1069,DL,FLL,5
-2,1,26,6,8,2475,DL,LAX,5
-3,1,26,6,8,2586,DL,SFO,5
-6,1,26,6,8,2421,DL,SEA,5
-7,1,26,6,12,2248,DL,LAS,5
-3,1,26,6,8,2248,DL,LAS,5
44,1,26,6,17,2248,DL,LAS,5
-1,1,26,6,16,2454,DL,PDX,5
-5,1,26,6,16,187,DL,BOS,5
0,1,26,6,8,1623,DL,STT,5
-3,1,26,6,19,1069,DL,FLL,5
51,1,26,6,8,1597,DL,SJU,5
-3,1,26,6,18,1090,DL,MIA,5
-7,1,26,6,6,760,DL,ATL,5
7,1,26,6,6,1989,DL,SLC,5
-4,1,26,6,11,944,DL,MCO,5
-1,1,26,6,16,589,DL,CVG,5
5,1,26,6,15,760,DL,ATL,5
-5,1,26,6,21,944,DL,MCO,5
-4,1,26,6,15,1005,DL,TPA,5
-4,1,26,6,12,1749,DL,HDN,5
-6,1,26,6,8,1069,DL,FLL,5
-8,1,26,6,11,1069,DL,FLL,5
-5,1,26,6,8,1005,DL,TPA,5
8,1,27,7,8,760,DL,ATL,6
23,1,27,7,16,2475,DL,LAX,6
-2,1,27,7,18,2586,DL,SFO,6
27,1,27,7,16,944,DL,MCO,6
0,1,27,7,16,1989,DL,SLC,6
36,1,27,7,13,2475,DL,LAX,6
53,1,27,7,19,1005,DL,TPA,6
3,1,27,7,16,2421,DL,SEA,6
-1,1,27,7,16,2446,DL,SAN,6
4,1,27,7,19,2475,DL,LAX,6
6,1,27,7,18,760,DL,ATL,6
-3,1,27,7,16,760,DL,ATL,6
31,1,27,7,16,1069,DL,FLL,6
0,1,27,7,16,2586,DL,SFO,6
0,1,27,7,15,1989,DL,SLC,6
-5,1,27,7,8,2475,DL,LAX,6
-2,1,27,7,8,2586,DL,SFO,6
-3,1,27,7,8,2421,DL,SEA,6
-5,1,27,7,12,2248,DL,LAS,6
-4,1,27,7,8,2248,DL,LAS,6
60,1,27,7,17,2248,DL,LAS,6
79,1,27,7,19,2248,DL,LAS,6
-2,1,27,7,8,1626,DL,DEN,6
-5,1,27,7,16,2454,DL,PDX,6
-4,1,27,7,8,2153,DL,PHX,6
68,1,27,7,16,187,DL,BOS,6
14,1,27,7,19,1069,DL,FLL,6
-1,1,27,7,8,1597,DL,SJU,6
-4,1,27,7,6,1989,DL,SLC,6
32,1,27,7,18,1090,DL,MIA,6
-2,1,27,7,6,760,DL,ATL,6
-5,1,27,7,10,1090,DL,MIA,6
-2,1,27,7,11,944,DL,MCO,6
0,1,27,7,19,1989,DL,SLC,6
14,1,27,7,16,589,DL,CVG,6
26,1,27,7,15,760,DL,ATL,6
76,1,27,7,21,944,DL,MCO,6
-1,1,27,7,15,1005,DL,TPA,6
-5,1,27,7,8,1069,DL,FLL,6
-3,1,27,7,11,1069,DL,FLL,6
-2,1,27,7,8,944,DL,MCO,6
-5,1,27,7,8,1005,DL,TPA,6
4,1,28,1,8,760,DL,ATL,7
-5,1,28,1,16,2475,DL,LAX,7
-3,1,28,1,18,2586,DL,SFO,7
19,1,28,1,16,944,DL,MCO,7
-2,1,28,1,16,1989,DL,SLC,7
-4,1,28,1,13,2475,DL,LAX,7
-4,1,28,1,19,1005,DL,TPA,7
-1,1,28,1,16,2421,DL,SEA,7
3,1,28,1,16,2446,DL,SAN,7
-4,1,28,1,19,2475,DL,LAX,7
49,1,28,1,18,760,DL,ATL,7
1,1,28,1,16,760,DL,ATL,7
10,1,28,1,16,1069,DL,FLL,7
-1,1,28,1,16,2586,DL,SFO,7
-5,1,28,1,15,1989,DL,SLC,7
-8,1,28,1,7,2475,DL,LAX,7
-2,1,28,1,8,2475,DL,LAX,7
-2,1,28,1,8,2586,DL,SFO,7
21,1,28,1,8,2421,DL,SEA,7
99,1,28,1,12,2248,DL,LAS,7
-2,1,28,1,8,2248,DL,LAS,7
-4,1,28,1,17,2248,DL,LAS,7
-2,1,28,1,19,2248,DL,LAS,7
-5,1,28,1,16,2454,DL,PDX,7
-1,1,28,1,8,2153,DL,PHX,7
-4,1,28,1,16,187,DL,BOS,7
2,1,28,1,19,1069,DL,FLL,7
-3,1,28,1,8,1597,DL,SJU,7
-5,1,28,1,6,1989,DL,SLC,7
-1,1,28,1,18,1090,DL,MIA,7
-5,1,28,1,6,760,DL,ATL,7
-1,1,28,1,10,1090,DL,MIA,7
-1,1,28,1,11,944,DL,MCO,7
104,1,28,1,19,1989,DL,SLC,7
8,1,28,1,16,589,DL,CVG,7
-2,1,28,1,15,760,DL,ATL,7
-5,1,28,1,21,944,DL,MCO,7
-4,1,28,1,15,1005,DL,TPA,7
-5,1,28,1,8,1069,DL,FLL,7
-2,1,28,1,11,1069,DL,FLL,7
-6,1,28,1,8,944,DL,MCO,7
-6,1,28,1,8,1005,DL,TPA,7
6,1,29,2,8,760,DL,ATL,8
-4,1,29,2,16,2475,DL,LAX,8
17,1,29,2,18,2586,DL,SFO,8
-5,1,29,2,16,944,DL,MCO,8
3,1,29,2,16,1989,DL,SLC,8
-1,1,29,2,13,2475,DL,LAX,8
-2,1,29,2,16,2421,DL,SEA,8
-2,1,29,2,16,2446,DL,SAN,8
-3,1,29,2,19,2475,DL,LAX,8
3,1,29,2,18,760,DL,ATL,8
-4,1,29,2,16,760,DL,ATL,8
18,1,29,2,16,1069,DL,FLL,8
-5,1,29,2,16,2586,DL,SFO,8
-4,1,29,2,7,2475,DL,LAX,8
-3,1,29,2,8,2475,DL,LAX,8
-3,1,29,2,8,2586,DL,SFO,8
-3,1,29,2,8,2421,DL,SEA,8
-1,1,29,2,8,2248,DL,LAS,8
-4,1,29,2,17,2248,DL,LAS,8
0,1,29,2,19,2248,DL,LAS,8
-5,1,29,2,16,2454,DL,PDX,8
-5,1,29,2,8,2153,DL,PHX,8
-1,1,29,2,16,187,DL,BOS,8
-5,1,29,2,19,1069,DL,FLL,8
-8,1,29,2,8,1597,DL,SJU,8
-4,1,29,2,6,1989,DL,SLC,8
-4,1,29,2,18,1090,DL,MIA,8
1,1,29,2,6,760,DL,ATL,8
-3,1,29,2,11,944,DL,MCO,8
-5,1,29,2,16,589,DL,CVG,8
-5,1,29,2,15,760,DL,ATL,8
-3,1,29,2,21,944,DL,MCO,8
10,1,29,2,15,1005,DL,TPA,8
-2,1,29,2,8,1069,DL,FLL,8
64,1,30,3,8,760,DL,ATL,9
1,1,30,3,16,2475,DL,LAX,9
16,1,30,3,18,2586,DL,SFO,9
-4,1,30,3,16,944,DL,MCO,9
-4,1,30,3,16,1989,DL,SLC,9
-4,1,30,3,13,2475,DL,LAX,9
-2,1,30,3,19,1005,DL,TPA,9
-1,1,30,3,16,2421,DL,SEA,9
-2,1,30,3,16,2446,DL,SAN,9
-5,1,30,3,19,2475,DL,LAX,9
-4,1,30,3,18,760,DL,ATL,9
-3,1,30,3,16,760,DL,ATL,9
-1,1,30,3,16,1069,DL,FLL,9
-5,1,30,3,16,2586,DL,SFO,9
-1,1,30,3,15,1989,DL,SLC,9
41,1,30,3,7,2475,DL,LAX,9
2,1,30,3,8,2475,DL,LAX,9
0,1,30,3,8,2586,DL,SFO,9
-3,1,30,3,8,2421,DL,SEA,9
-2,1,30,3,12,2248,DL,LAS,9
-3,1,30,3,8,2248,DL,LAS,9
12,1,30,3,17,2248,DL,LAS,9
2,1,30,3,19,2248,DL,LAS,9
-6,1,30,3,19,2153,DL,PHX,9
-5,1,30,3,16,2454,DL,PDX,9
-5,1,30,3,8,2153,DL,PHX,9
0,1,30,3,19,1069,DL,FLL,9
-1,1,30,3,8,1597,DL,SJU,9
-4,1,30,3,6,1989,DL,SLC,9
-3,1,30,3,18,1090,DL,MIA,9
-7,1,30,3,6,760,DL,ATL,9
-4,1,30,3,11,944,DL,MCO,9
-3,1,30,3,16,589,DL,CVG,9
26,1,30,3,15,760,DL,ATL,9
5,1,30,3,21,944,DL,MCO,9
-5,1,30,3,15,1005,DL,TPA,9
-7,1,30,3,8,1069,DL,FLL,9
-2,1,30,3,8,944,DL,MCO,9
153,1,31,4,8,760,DL,ATL,10
6,1,31,4,16,2475,DL,LAX,10
55,1,31,4,18,2586,DL,SFO,10
1,1,31,4,16,944,DL,MCO,10
3,1,31,4,16,1989,DL,SLC,10
23,1,31,4,13,2475,DL,LAX,10
-1,1,31,4,19,1005,DL,TPA,10
-2,1,31,4,16,2421,DL,SEA,10
-4,1,31,4,16,2446,DL,SAN,10
101,1,31,4,19,2475,DL,LAX,10
-2,1,31,4,18,760,DL,ATL,10
-4,1,31,4,16,760,DL,ATL,10
-1,1,31,4,16,1069,DL,FLL,10
27,1,31,4,16,2586,DL,SFO,10
-4,1,31,4,15,1989,DL,SLC,10
-6,1,31,4,7,2475,DL,LAX,10
-1,1,31,4,8,2475,DL,LAX,10
9,1,31,4,8,2586,DL,SFO,10
-3,1,31,4,8,2421,DL,SEA,10
-5,1,31,4,12,2248,DL,LAS,10
3,1,31,4,8,2248,DL,LAS,10
8,1,31,4,17,2248,DL,LAS,10
55,1,31,4,19,2248,DL,LAS,10
0,1,31,4,19,2153,DL,PHX,10
-2,1,31,4,8,1626,DL,DEN,10
-6,1,31,4,16,2454,DL,PDX,10
-2,1,31,4,8,2153,DL,PHX,10
-4,1,31,4,16,187,DL,BOS,10
50,1,31,4,19,1069,DL,FLL,10
-1,1,31,4,8,1597,DL,SJU,10
-3,1,31,4,6,1989,DL,SLC,10
-1,1,31,4,18,1090,DL,MIA,10
-5,1,31,4,19,187,DL,BOS,10
-5,1,31,4,6,760,DL,ATL,10
-1,1,31,4,10,1090,DL,MIA,10
0,1,31,4,11,944,DL,MCO,10
13,1,31,4,19,1989,DL,SLC,10
-3,1,31,4,16,589,DL,CVG,10
1,1,31,4,15,760,DL,ATL,10
17,1,31,4,21,944,DL,MCO,10
-2,1,31,4,15,1005,DL,TPA,10
-6,1,31,4,8,1069,DL,FLL,10
-2,1,31,4,11,1069,DL,FLL,10
-3,1,31,4,8,944,DL,MCO,10
-5,1,31,4,8,1005,DL,TPA,10
