205,12,1,1,18,228,YV,IAD,4
-4,12,1,1,9,228,YV,IAD,4
95,12,1,1,21,228,YV,IAD,4
-2,12,2,2,18,228,YV,IAD,5
-5,12,2,2,9,228,YV,IAD,5
15,12,2,2,21,228,YV,IAD,5
74,12,3,3,18,228,YV,IAD,6
-2,12,3,3,9,228,YV,IAD,6
2,12,3,3,21,228,YV,IAD,6
35,12,4,4,18,228,YV,IAD,7
-1,12,4,4,9,228,YV,IAD,7
0,12,4,4,21,228,YV,IAD,7
11,12,5,5,18,228,YV,IAD,8
-10,12,5,5,9,228,YV,IAD,8
-12,12,5,5,21,228,YV,IAD,8
-4,12,6,6,9,228,YV,IAD,9
240,12,7,7,18,228,YV,IAD,10
0,12,7,7,9,228,YV,IAD,10
71,12,7,7,21,228,YV,IAD,10
95,12,7,7,14,228,YV,IAD,10
4,12,8,1,18,228,YV,IAD,11
4,12,8,1,9,228,YV,IAD,11
-9,12,8,1,21,228,YV,IAD,11
-3,12,9,2,18,228,YV,IAD,12
-8,12,9,2,9,228,YV,IAD,12
14,12,9,2,21,228,YV,IAD,12
40,12,10,3,18,228,YV,IAD,13
-5,12,10,3,9,228,YV,IAD,13
58,12,10,3,21,228,YV,IAD,13
163,12,11,4,18,228,YV,IAD,14
-5,12,11,4,9,228,YV,IAD,14
98,12,11,4,21,228,YV,IAD,14
22,12,12,5,18,228,YV,IAD,13
-10,12,12,5,9,228,YV,IAD,13
58,12,12,5,21,228,YV,IAD,13
-10,12,13,6,9,228,YV,IAD,12
58,12,14,7,18,228,YV,IAD,11
0,12,14,7,9,228,YV,IAD,11
-10,12,14,7,21,228,YV,IAD,11
108,12,14,7,14,228,YV,IAD,11
85,12,15,1,18,228,YV,IAD,10
-7,12,15,1,9,228,YV,IAD,10
-1,12,15,1,21,228,YV,IAD,10
26,12,16,2,18,228,YV,IAD,9
-5,12,16,2,9,228,YV,IAD,9
13,12,16,2,21,228,YV,IAD,9
56,12,17,3,18,228,YV,IAD,8
-11,12,17,3,9,228,YV,IAD,8
46,12,17,3,21,228,YV,IAD,8
-2,12,18,4,9,228,YV,IAD,7
-3,12,18,4,21,228,YV,IAD,7
-1,12,18,4,6,228,YV,IAD,7
10,12,18,4,20,228,YV,IAD,7
-1,12,19,5,9,228,YV,IAD,6
7,12,20,6,9,228,YV,IAD,5
77,12,20,6,21,228,YV,IAD,5
10,12,20,6,20,228,YV,IAD,5
21,12,21,7,9,228,YV,IAD,4
178,12,21,7,21,228,YV,IAD,4
95,12,21,7,20,228,YV,IAD,4
6,12,22,1,9,228,YV,IAD,3
21,12,22,1,21,228,YV,IAD,3
56,12,22,1,20,228,YV,IAD,3
19,12,23,2,9,228,YV,IAD,2
3,12,23,2,21,228,YV,IAD,2
0,12,23,2,20,228,YV,IAD,2
-1,12,24,3,9,228,YV,IAD,1
205,12,24,3,19,228,YV,IAD,1
75,12,24,3,21,228,YV,IAD,1
-15,12,25,4,19,228,YV,IAD,0
-6,12,25,4,14,228,YV,IAD,0
3,12,26,5,9,228,YV,IAD,1
-10,12,26,5,21,228,YV,IAD,1
-10,12,26,5,20,228,YV,IAD,1
19,12,27,6,9,228,YV,IAD,2
122,12,27,6,21,228,YV,IAD,2
-5,12,27,6,20,228,YV,IAD,2
-6,12,28,7,9,228,YV,IAD,3
22,12,28,7,21,228,YV,IAD,3
-4,12,28,7,20,228,YV,IAD,3
-4,12,29,1,9,228,YV,IAD,4
-9,12,29,1,21,228,YV,IAD,4
-3,12,29,1,20,228,YV,IAD,4
-2,12,30,2,9,228,YV,IAD,5
56,12,30,2,21,228,YV,IAD,5
-5,12,30,2,20,228,YV,IAD,5
-13,12,31,3,20,228,YV,IAD,6
0,12,17,3,9,508,NW,DTW,8
25,12,1,1,8,425,OH,CLE,4
30,12,1,1,9,483,OH,CMH,4
152,12,1,1,19,508,OH,DTW,4
60,12,1,1,8,508,OH,DTW,4
20,12,1,1,14,288,OH,RIC,4
85,12,1,1,17,94,OH,PHL,4
20,12,1,1,16,426,OH,RDU,4
20,12,1,1,11,892,OH,STL,4
75,12,1,1,19,425,OH,CLE,4
20,12,1,1,16,184,OH,BWI,4
125,12,1,1,18,892,OH,STL,4
0,12,1,1,15,145,OH,ALB,4
0,12,1,1,9,740,OH,ORD,4
15,12,1,1,9,184,OH,BWI,4
11,12,1,1,8,589,OH,CVG,4
20,12,1,1,9,766,OH,BNA,4
0,12,1,1,14,426,OH,RDU,4
60,12,1,1,8,213,OH,DCA,4
33,12,1,1,22,187,OH,BOS,4
110,12,1,1,20,382,OH,BGR,4
0,12,1,1,16,483,OH,CMH,4
0,12,1,1,8,426,OH,RDU,4
65,12,1,1,19,766,OH,BNA,4
160,12,1,1,20,589,OH,CVG,4
130,12,1,1,20,740,OH,ORD,4
-5,12,1,1,13,213,OH,DCA,4
15,12,1,1,19,1391,OH,DFW,4
125,12,1,1,18,213,OH,DCA,4
0,12,1,1,16,508,OH,DTW,4
75,12,1,1,12,301,OH,BUF,4
50,12,1,1,15,144,OH,PVD,4
0,12,1,1,13,425,OH,CLE,4
30,12,1,1,7,740,OH,ORD,4
0,12,1,1,13,426,OH,RDU,4
-10,12,1,1,11,382,OH,BGR,4
14,12,1,1,14,187,OH,BOS,4
30,12,1,1,16,213,OH,DCA,4
80,12,1,1,21,213,OH,DCA,4
65,12,1,1,8,187,OH,BOS,4
140,12,1,1,19,187,OH,BOS,4
133,12,1,1,12,740,OH,ORD,4
205,12,1,1,13,1028,OH,MSP,4
46,12,1,1,19,340,OH,PIT,4
105,12,1,1,21,301,OH,BUF,4
130,12,1,1,20,1028,OH,MSP,4
55,12,1,1,15,228,OH,IAD,4
0,12,2,2,8,425,OH,CLE,5
90,12,2,2,9,483,OH,CMH,5
0,12,2,2,19,508,OH,DTW,5
-5,12,2,2,8,508,OH,DTW,5
0,12,2,2,14,288,OH,RIC,5
-4,12,2,2,17,94,OH,PHL,5
-10,12,2,2,16,426,OH,RDU,5
0,12,2,2,19,425,OH,CLE,5
-10,12,2,2,16,184,OH,BWI,5
0,12,2,2,18,892,OH,STL,5
-10,12,2,2,15,145,OH,ALB,5
10,12,2,2,9,740,OH,ORD,5
5,12,2,2,8,589,OH,CVG,5
-10,12,2,2,9,766,OH,BNA,5
6,12,2,2,16,340,OH,PIT,5
-10,12,2,2,14,426,OH,RDU,5
-2,12,2,2,8,213,OH,DCA,5
-10,12,2,2,22,187,OH,BOS,5
6,12,2,2,16,740,OH,ORD,5
-5,12,2,2,20,382,OH,BGR,5
-5,12,2,2,16,483,OH,CMH,5
27,12,2,2,8,426,OH,RDU,5
0,12,2,2,19,766,OH,BNA,5
-5,12,2,2,20,589,OH,CVG,5
8,12,2,2,20,740,OH,ORD,5
55,12,2,2,13,213,OH,DCA,5
10,12,2,2,19,1391,OH,DFW,5
0,12,2,2,18,213,OH,DCA,5
140,12,2,2,16,508,OH,DTW,5
-5,12,2,2,12,301,OH,BUF,5
0,12,2,2,15,144,OH,PVD,5
-9,12,2,2,13,425,OH,CLE,5
-2,12,2,2,7,740,OH,ORD,5
0,12,2,2,13,426,OH,RDU,5
-10,12,2,2,11,382,OH,BGR,5
0,12,2,2,14,187,OH,BOS,5
-2,12,2,2,16,213,OH,DCA,5
0,12,2,2,21,213,OH,DCA,5
0,12,2,2,8,187,OH,BOS,5
-10,12,2,2,9,187,OH,BOS,5
0,12,2,2,19,187,OH,BOS,5
23,12,2,2,12,740,OH,ORD,5
0,12,2,2,13,1028,OH,MSP,5
25,12,2,2,19,340,OH,PIT,5
-5,12,2,2,21,301,OH,BUF,5
0,12,2,2,19,1417,OH,IAH,5
30,12,2,2,20,1028,OH,MSP,5
10,12,2,2,15,228,OH,IAD,5
-10,12,3,3,8,425,OH,CLE,6
-2,12,3,3,9,483,OH,CMH,6
0,12,3,3,19,508,OH,DTW,6
0,12,3,3,8,508,OH,DTW,6
-2,12,3,3,14,288,OH,RIC,6
0,12,3,3,17,94,OH,PHL,6
-5,12,3,3,16,426,OH,RDU,6
-7,12,3,3,11,892,OH,STL,6
-5,12,3,3,19,425,OH,CLE,6
0,12,3,3,16,184,OH,BWI,6
55,12,3,3,18,892,OH,STL,6
-5,12,3,3,15,145,OH,ALB,6
-5,12,3,3,9,740,OH,ORD,6
-5,12,3,3,9,184,OH,BWI,6
0,12,3,3,8,589,OH,CVG,6
-5,12,3,3,9,766,OH,BNA,6
-10,12,3,3,16,340,OH,PIT,6
0,12,3,3,14,426,OH,RDU,6
-5,12,3,3,8,213,OH,DCA,6
-10,12,3,3,22,187,OH,BOS,6
0,12,3,3,16,740,OH,ORD,6
0,12,3,3,20,382,OH,BGR,6
-10,12,3,3,16,483,OH,CMH,6
-7,12,3,3,8,426,OH,RDU,6
-5,12,3,3,19,766,OH,BNA,6
-8,12,3,3,20,589,OH,CVG,6
40,12,3,3,20,740,OH,ORD,6
-5,12,3,3,13,213,OH,DCA,6
0,12,3,3,19,1391,OH,DFW,6
0,12,3,3,18,213,OH,DCA,6
-2,12,3,3,16,508,OH,DTW,6
-5,12,3,3,12,301,OH,BUF,6
-10,12,3,3,15,144,OH,PVD,6
-10,12,3,3,13,425,OH,CLE,6
-10,12,3,3,7,740,OH,ORD,6
0,12,3,3,13,426,OH,RDU,6
0,12,3,3,11,382,OH,BGR,6
-5,12,3,3,14,187,OH,BOS,6
0,12,3,3,16,213,OH,DCA,6
0,12,3,3,21,213,OH,DCA,6
-5,12,3,3,8,187,OH,BOS,6
16,12,3,3,19,187,OH,BOS,6
0,12,3,3,12,740,OH,ORD,6
40,12,3,3,13,1028,OH,MSP,6
-5,12,3,3,19,340,OH,PIT,6
0,12,3,3,21,301,OH,BUF,6
0,12,3,3,19,1417,OH,IAH,6
-4,12,3,3,20,1028,OH,MSP,6
-10,12,3,3,15,228,OH,IAD,6
0,12,4,4,8,425,OH,CLE,7
-10,12,4,4,9,483,OH,CMH,7
0,12,4,4,19,508,OH,DTW,7
0,12,4,4,8,508,OH,DTW,7
-7,12,4,4,14,288,OH,RIC,7
-10,12,4,4,17,94,OH,PHL,7
0,12,4,4,16,426,OH,RDU,7
-5,12,4,4,11,892,OH,STL,7
13,12,4,4,19,425,OH,CLE,7
-10,12,4,4,16,184,OH,BWI,7
17,12,4,4,18,892,OH,STL,7
-5,12,4,4,15,145,OH,ALB,7
-5,12,4,4,9,740,OH,ORD,7
15,12,4,4,9,184,OH,BWI,7
-4,12,4,4,8,589,OH,CVG,7
-10,12,4,4,9,766,OH,BNA,7
-10,12,4,4,16,340,OH,PIT,7
-10,12,4,4,14,426,OH,RDU,7
0,12,4,4,8,213,OH,DCA,7
10,12,4,4,22,187,OH,BOS,7
-9,12,4,4,16,740,OH,ORD,7
-10,12,4,4,20,382,OH,BGR,7
-10,12,4,4,16,483,OH,CMH,7
-5,12,4,4,8,426,OH,RDU,7
0,12,4,4,19,766,OH,BNA,7
-5,12,4,4,20,589,OH,CVG,7
0,12,4,4,20,740,OH,ORD,7
-10,12,4,4,13,213,OH,DCA,7
-5,12,4,4,19,1391,OH,DFW,7
0,12,4,4,18,213,OH,DCA,7
0,12,4,4,16,508,OH,DTW,7
0,12,4,4,12,301,OH,BUF,7
-8,12,4,4,15,144,OH,PVD,7
0,12,4,4,13,425,OH,CLE,7
0,12,4,4,7,740,OH,ORD,7
-4,12,4,4,13,426,OH,RDU,7
-10,12,4,4,11,382,OH,BGR,7
-10,12,4,4,14,187,OH,BOS,7
-15,12,4,4,16,213,OH,DCA,7
-10,12,4,4,21,213,OH,DCA,7
-5,12,4,4,8,187,OH,BOS,7
45,12,4,4,19,187,OH,BOS,7
-3,12,4,4,12,740,OH,ORD,7
-5,12,4,4,13,1028,OH,MSP,7
15,12,4,4,19,340,OH,PIT,7
0,12,4,4,21,301,OH,BUF,7
-9,12,4,4,19,1417,OH,IAH,7
0,12,4,4,20,1028,OH,MSP,7
-5,12,4,4,15,228,OH,IAD,7
-2,12,5,5,8,425,OH,CLE,8
-5,12,5,5,9,483,OH,CMH,8
10,12,5,5,19,508,OH,DTW,8
-10,12,5,5,8,508,OH,DTW,8
-5,12,5,5,14,288,OH,RIC,8
25,12,5,5,17,94,OH,PHL,8
0,12,5,5,16,426,OH,RDU,8
-10,12,5,5,11,892,OH,STL,8
-2,12,5,5,19,425,OH,CLE,8
0,12,5,5,16,184,OH,BWI,8
0,12,5,5,18,892,OH,STL,8
-10,12,5,5,15,145,OH,ALB,8
-5,12,5,5,9,740,OH,ORD,8
-10,12,5,5,9,184,OH,BWI,8
-5,12,5,5,8,589,OH,CVG,8
-5,12,5,5,9,766,OH,BNA,8
0,12,5,5,16,340,OH,PIT,8
0,12,5,5,14,426,OH,RDU,8
30,12,5,5,8,213,OH,DCA,8
-10,12,5,5,22,187,OH,BOS,8
-6,12,5,5,16,740,OH,ORD,8
-5,12,5,5,20,382,OH,BGR,8
10,12,5,5,16,483,OH,CMH,8
0,12,5,5,8,426,OH,RDU,8
0,12,5,5,19,766,OH,BNA,8
-5,12,5,5,20,589,OH,CVG,8
25,12,5,5,20,740,OH,ORD,8
0,12,5,5,13,213,OH,DCA,8
0,12,5,5,19,1391,OH,DFW,8
-5,12,5,5,18,213,OH,DCA,8
-10,12,5,5,16,508,OH,DTW,8
19,12,5,5,12,301,OH,BUF,8
-5,12,5,5,15,144,OH,PVD,8
-11,12,5,5,13,425,OH,CLE,8
0,12,5,5,7,740,OH,ORD,8
-5,12,5,5,13,426,OH,RDU,8
-10,12,5,5,11,382,OH,BGR,8
-10,12,5,5,14,187,OH,BOS,8
0,12,5,5,16,213,OH,DCA,8
0,12,5,5,21,213,OH,DCA,8
-10,12,5,5,8,187,OH,BOS,8
15,12,5,5,19,187,OH,BOS,8
-8,12,5,5,12,740,OH,ORD,8
0,12,5,5,13,1028,OH,MSP,8
25,12,5,5,19,340,OH,PIT,8
-10,12,5,5,21,301,OH,BUF,8
0,12,5,5,19,1417,OH,IAH,8
60,12,5,5,20,1028,OH,MSP,8
-10,12,5,5,15,228,OH,IAD,8
55,12,6,6,8,425,OH,CLE,9
0,12,6,6,9,483,OH,CMH,9
-5,12,6,6,8,426,OH,RDU,9
0,12,6,6,19,508,OH,DTW,9
-10,12,6,6,8,508,OH,DTW,9
0,12,6,6,14,288,OH,RIC,9
0,12,6,6,17,94,OH,PHL,9
0,12,6,6,16,426,OH,RDU,9
-5,12,6,6,11,892,OH,STL,9
30,12,6,6,19,425,OH,CLE,9
0,12,6,6,16,184,OH,BWI,9
-5,12,6,6,18,892,OH,STL,9
-7,12,6,6,9,740,OH,ORD,9
-5,12,6,6,9,184,OH,BWI,9
0,12,6,6,8,589,OH,CVG,9
-7,12,6,6,14,740,OH,ORD,9
-2,12,6,6,9,766,OH,BNA,9
-5,12,6,6,16,340,OH,PIT,9
0,12,6,6,8,213,OH,DCA,9
0,12,6,6,22,187,OH,BOS,9
-9,12,6,6,16,740,OH,ORD,9
0,12,6,6,20,382,OH,BGR,9
-10,12,6,6,12,483,OH,CMH,9
-5,12,6,6,19,766,OH,BNA,9
85,12,6,6,20,589,OH,CVG,9
25,12,6,6,20,740,OH,ORD,9
0,12,6,6,13,213,OH,DCA,9
5,12,6,6,18,1391,OH,DFW,9
-10,12,6,6,18,213,OH,DCA,9
-5,12,6,6,16,508,OH,DTW,9
-10,12,6,6,15,144,OH,PVD,9
-9,12,6,6,13,425,OH,CLE,9
-5,12,6,6,13,426,OH,RDU,9
-10,12,6,6,11,382,OH,BGR,9
15,12,6,6,16,213,OH,DCA,9
0,12,6,6,21,213,OH,DCA,9
-3,12,6,6,8,187,OH,BOS,9
-10,12,6,6,9,187,OH,BOS,9
0,12,6,6,14,187,OH,BOS,9
5,12,6,6,19,187,OH,BOS,9
-8,12,6,6,12,740,OH,ORD,9
15,12,6,6,13,1028,OH,MSP,9
0,12,6,6,19,340,OH,PIT,9
0,12,6,6,21,301,OH,BUF,9
0,12,6,6,19,1417,OH,IAH,9
45,12,6,6,20,1028,OH,MSP,9
-5,12,6,6,15,228,OH,IAD,9
0,12,7,7,8,425,OH,CLE,10
0,12,7,7,9,483,OH,CMH,10
25,12,7,7,19,508,OH,DTW,10
0,12,7,7,8,508,OH,DTW,10
25,12,7,7,14,288,OH,RIC,10
30,12,7,7,17,94,OH,PHL,10
18,12,7,7,16,426,OH,RDU,10
0,12,7,7,11,892,OH,STL,10
0,12,7,7,19,425,OH,CLE,10
0,12,7,7,16,184,OH,BWI,10
50,12,7,7,18,892,OH,STL,10
-5,12,7,7,15,145,OH,ALB,10
0,12,7,7,9,740,OH,ORD,10
0,12,7,7,9,184,OH,BWI,10
16,12,7,7,8,589,OH,CVG,10
0,12,7,7,9,766,OH,BNA,10
10,12,7,7,16,340,OH,PIT,10
106,12,7,7,14,426,OH,RDU,10
-5,12,7,7,8,213,OH,DCA,10
-2,12,7,7,22,187,OH,BOS,10
0,12,7,7,16,740,OH,ORD,10
0,12,7,7,13,589,OH,CVG,10
20,12,7,7,20,382,OH,BGR,10
-5,12,7,7,16,483,OH,CMH,10
-9,12,7,7,8,426,OH,RDU,10
0,12,7,7,19,766,OH,BNA,10
-2,12,7,7,20,589,OH,CVG,10
100,12,7,7,20,740,OH,ORD,10
0,12,7,7,13,213,OH,DCA,10
20,12,7,7,19,1391,OH,DFW,10
0,12,7,7,18,213,OH,DCA,10
-5,12,7,7,16,508,OH,DTW,10
-1,12,7,7,12,301,OH,BUF,10
0,12,7,7,15,144,OH,PVD,10
0,12,7,7,13,425,OH,CLE,10
0,12,7,7,7,740,OH,ORD,10
33,12,7,7,13,426,OH,RDU,10
-5,12,7,7,11,382,OH,BGR,10
20,12,7,7,14,187,OH,BOS,10
0,12,7,7,16,213,OH,DCA,10
98,12,7,7,21,213,OH,DCA,10
0,12,7,7,8,187,OH,BOS,10
95,12,7,7,19,187,OH,BOS,10
-10,12,7,7,12,740,OH,ORD,10
0,12,7,7,13,1028,OH,MSP,10
0,12,7,7,19,340,OH,PIT,10
110,12,7,7,21,301,OH,BUF,10
0,12,7,7,19,1417,OH,IAH,10
85,12,7,7,20,1028,OH,MSP,10
109,12,7,7,15,228,OH,IAD,10
-10,12,8,1,8,425,OH,CLE,11
-10,12,8,1,9,483,OH,CMH,11
0,12,8,1,19,508,OH,DTW,11
75,12,8,1,8,508,OH,DTW,11
0,12,8,1,14,288,OH,RIC,11
-5,12,8,1,17,94,OH,PHL,11
-10,12,8,1,16,426,OH,RDU,11
0,12,8,1,11,892,OH,STL,11
0,12,8,1,19,425,OH,CLE,11
-5,12,8,1,16,184,OH,BWI,11
-5,12,8,1,18,892,OH,STL,11
-10,12,8,1,15,145,OH,ALB,11
-5,12,8,1,9,740,OH,ORD,11
-5,12,8,1,9,184,OH,BWI,11
16,12,8,1,8,589,OH,CVG,11
0,12,8,1,9,766,OH,BNA,11
0,12,8,1,16,340,OH,PIT,11
0,12,8,1,14,426,OH,RDU,11
23,12,8,1,8,213,OH,DCA,11
-10,12,8,1,22,187,OH,BOS,11
-5,12,8,1,16,740,OH,ORD,11
73,12,8,1,20,382,OH,BGR,11
-5,12,8,1,16,483,OH,CMH,11
-5,12,8,1,8,426,OH,RDU,11
20,12,8,1,19,766,OH,BNA,11
25,12,8,1,20,740,OH,ORD,11
-10,12,8,1,13,213,OH,DCA,11
-5,12,8,1,19,1391,OH,DFW,11
0,12,8,1,18,213,OH,DCA,11
-4,12,8,1,16,508,OH,DTW,11
0,12,8,1,12,301,OH,BUF,11
5,12,8,1,15,144,OH,PVD,11
-10,12,8,1,13,425,OH,CLE,11
0,12,8,1,7,740,OH,ORD,11
0,12,8,1,13,426,OH,RDU,11
-10,12,8,1,11,382,OH,BGR,11
0,12,8,1,14,187,OH,BOS,11
0,12,8,1,16,213,OH,DCA,11
0,12,8,1,21,213,OH,DCA,11
-3,12,8,1,8,187,OH,BOS,11
60,12,8,1,19,187,OH,BOS,11
0,12,8,1,12,740,OH,ORD,11
0,12,8,1,13,1028,OH,MSP,11
-5,12,8,1,19,340,OH,PIT,11
-5,12,8,1,21,301,OH,BUF,11
8,12,8,1,19,1417,OH,IAH,11
76,12,8,1,16,589,OH,CVG,11
30,12,8,1,20,1028,OH,MSP,11
0,12,8,1,15,228,OH,IAD,11
-5,12,9,2,8,425,OH,CLE,12
20,12,9,2,9,483,OH,CMH,12
-10,12,9,2,19,508,OH,DTW,12
-5,12,9,2,8,508,OH,DTW,12
0,12,9,2,14,288,OH,RIC,12
-5,12,9,2,17,94,OH,PHL,12
-5,12,9,2,16,426,OH,RDU,12
65,12,9,2,19,425,OH,CLE,12
-5,12,9,2,16,184,OH,BWI,12
-5,12,9,2,18,892,OH,STL,12
-8,12,9,2,15,145,OH,ALB,12
-1,12,9,2,9,740,OH,ORD,12
10,12,9,2,8,589,OH,CVG,12
-8,12,9,2,9,766,OH,BNA,12
-5,12,9,2,16,340,OH,PIT,12
-4,12,9,2,14,426,OH,RDU,12
0,12,9,2,8,213,OH,DCA,12
30,12,9,2,22,187,OH,BOS,12
61,12,9,2,16,740,OH,ORD,12
-5,12,9,2,20,382,OH,BGR,12
0,12,9,2,16,483,OH,CMH,12
15,12,9,2,8,426,OH,RDU,12
-5,12,9,2,19,766,OH,BNA,12
-5,12,9,2,20,589,OH,CVG,12
0,12,9,2,20,740,OH,ORD,12
-5,12,9,2,13,213,OH,DCA,12
-5,12,9,2,19,1391,OH,DFW,12
0,12,9,2,18,213,OH,DCA,12
-5,12,9,2,16,508,OH,DTW,12
-10,12,9,2,12,301,OH,BUF,12
-5,12,9,2,15,144,OH,PVD,12
-9,12,9,2,13,425,OH,CLE,12
-10,12,9,2,7,740,OH,ORD,12
0,12,9,2,13,426,OH,RDU,12
0,12,9,2,11,382,OH,BGR,12
10,12,9,2,14,187,OH,BOS,12
-5,12,9,2,16,213,OH,DCA,12
30,12,9,2,21,213,OH,DCA,12
0,12,9,2,8,187,OH,BOS,12
0,12,9,2,9,187,OH,BOS,12
-5,12,9,2,19,187,OH,BOS,12
-10,12,9,2,12,740,OH,ORD,12
25,12,9,2,13,1028,OH,MSP,12
-5,12,9,2,19,340,OH,PIT,12
95,12,9,2,21,301,OH,BUF,12
0,12,9,2,19,1417,OH,IAH,12
135,12,9,2,20,1028,OH,MSP,12
-5,12,9,2,15,228,OH,IAD,12
-10,12,10,3,8,425,OH,CLE,13
-10,12,10,3,9,483,OH,CMH,13
25,12,10,3,8,508,OH,DTW,13
10,12,10,3,14,288,OH,RIC,13
35,12,10,3,17,94,OH,PHL,13
0,12,10,3,16,426,OH,RDU,13
-14,12,10,3,11,892,OH,STL,13
35,12,10,3,16,184,OH,BWI,13
-5,12,10,3,15,145,OH,ALB,13
80,12,10,3,9,740,OH,ORD,13
-5,12,10,3,9,184,OH,BWI,13
-5,12,10,3,8,589,OH,CVG,13
-5,12,10,3,9,766,OH,BNA,13
60,12,10,3,16,340,OH,PIT,13
-5,12,10,3,14,426,OH,RDU,13
-5,12,10,3,8,213,OH,DCA,13
0,12,10,3,22,187,OH,BOS,13
6,12,10,3,16,740,OH,ORD,13
-5,12,10,3,16,483,OH,CMH,13
-10,12,10,3,8,426,OH,RDU,13
25,12,10,3,19,766,OH,BNA,13
62,12,10,3,20,589,OH,CVG,13
46,12,10,3,20,740,OH,ORD,13
-5,12,10,3,13,213,OH,DCA,13
0,12,10,3,19,1391,OH,DFW,13
120,12,10,3,18,213,OH,DCA,13
-5,12,10,3,16,508,OH,DTW,13
0,12,10,3,12,301,OH,BUF,13
15,12,10,3,15,144,OH,PVD,13
-9,12,10,3,13,425,OH,CLE,13
0,12,10,3,7,740,OH,ORD,13
-14,12,10,3,13,426,OH,RDU,13
0,12,10,3,11,382,OH,BGR,13
-10,12,10,3,14,187,OH,BOS,13
0,12,10,3,16,213,OH,DCA,13
120,12,10,3,21,213,OH,DCA,13
0,12,10,3,8,187,OH,BOS,13
0,12,10,3,19,187,OH,BOS,13
-12,12,10,3,12,740,OH,ORD,13
8,12,10,3,13,1028,OH,MSP,13
0,12,10,3,19,340,OH,PIT,13
-5,12,10,3,19,1417,OH,IAH,13
75,12,10,3,20,1028,OH,MSP,13
8,12,10,3,15,228,OH,IAD,13
0,12,11,4,8,425,OH,CLE,14
-5,12,11,4,9,483,OH,CMH,14
165,12,11,4,19,508,OH,DTW,14
15,12,11,4,8,508,OH,DTW,14
-3,12,11,4,14,288,OH,RIC,14
-10,12,11,4,17,94,OH,PHL,14
-10,12,11,4,16,426,OH,RDU,14
-10,12,11,4,11,892,OH,STL,14
30,12,11,4,19,425,OH,CLE,14
240,12,11,4,18,892,OH,STL,14
-5,12,11,4,15,145,OH,ALB,14
20,12,11,4,9,740,OH,ORD,14
0,12,11,4,9,184,OH,BWI,14
0,12,11,4,8,589,OH,CVG,14
-5,12,11,4,9,766,OH,BNA,14
-5,12,11,4,16,340,OH,PIT,14
0,12,11,4,14,426,OH,RDU,14
0,12,11,4,8,213,OH,DCA,14
0,12,11,4,22,187,OH,BOS,14
-10,12,11,4,16,483,OH,CMH,14
-5,12,11,4,8,426,OH,RDU,14
20,12,11,4,19,766,OH,BNA,14
80,12,11,4,20,740,OH,ORD,14
0,12,11,4,13,213,OH,DCA,14
58,12,11,4,19,1391,OH,DFW,14
0,12,11,4,18,213,OH,DCA,14
0,12,11,4,16,508,OH,DTW,14
0,12,11,4,12,301,OH,BUF,14
100,12,11,4,15,144,OH,PVD,14
-5,12,11,4,13,425,OH,CLE,14
-10,12,11,4,7,740,OH,ORD,14
0,12,11,4,13,426,OH,RDU,14
0,12,11,4,11,382,OH,BGR,14
0,12,11,4,14,187,OH,BOS,14
-5,12,11,4,16,213,OH,DCA,14
80,12,11,4,21,213,OH,DCA,14
0,12,11,4,8,187,OH,BOS,14
110,12,11,4,19,187,OH,BOS,14
-13,12,11,4,12,740,OH,ORD,14
25,12,11,4,13,1028,OH,MSP,14
108,12,11,4,19,340,OH,PIT,14
-5,12,11,4,21,301,OH,BUF,14
63,12,11,4,19,1417,OH,IAH,14
150,12,11,4,20,1028,OH,MSP,14
55,12,12,5,8,425,OH,CLE,13
0,12,12,5,9,483,OH,CMH,13
43,12,12,5,19,508,OH,DTW,13
40,12,12,5,8,508,OH,DTW,13
10,12,12,5,14,288,OH,RIC,13
-2,12,12,5,17,94,OH,PHL,13
-5,12,12,5,16,426,OH,RDU,13
-10,12,12,5,11,892,OH,STL,13
-2,12,12,5,19,425,OH,CLE,13
0,12,12,5,16,184,OH,BWI,13
-5,12,12,5,18,892,OH,STL,13
-5,12,12,5,15,145,OH,ALB,13
0,12,12,5,9,740,OH,ORD,13
0,12,12,5,9,184,OH,BWI,13
-5,12,12,5,8,589,OH,CVG,13
20,12,12,5,9,766,OH,BNA,13
0,12,12,5,16,340,OH,PIT,13
-1,12,12,5,14,426,OH,RDU,13
-7,12,12,5,8,213,OH,DCA,13
0,12,12,5,22,187,OH,BOS,13
51,12,12,5,16,740,OH,ORD,13
0,12,12,5,20,382,OH,BGR,13
0,12,12,5,16,483,OH,CMH,13
-10,12,12,5,8,426,OH,RDU,13
10,12,12,5,19,766,OH,BNA,13
35,12,12,5,20,589,OH,CVG,13
49,12,12,5,20,740,OH,ORD,13
-10,12,12,5,13,213,OH,DCA,13
0,12,12,5,19,1391,OH,DFW,13
-5,12,12,5,18,213,OH,DCA,13
14,12,12,5,16,508,OH,DTW,13
0,12,12,5,12,301,OH,BUF,13
20,12,12,5,15,144,OH,PVD,13
-5,12,12,5,13,425,OH,CLE,13
77,12,12,5,13,426,OH,RDU,13
35,12,12,5,14,187,OH,BOS,13
0,12,12,5,16,213,OH,DCA,13
40,12,12,5,21,213,OH,DCA,13
165,12,12,5,8,187,OH,BOS,13
-5,12,12,5,19,187,OH,BOS,13
-9,12,12,5,12,740,OH,ORD,13
0,12,12,5,13,1028,OH,MSP,13
43,12,12,5,19,340,OH,PIT,13
0,12,12,5,21,301,OH,BUF,13
63,12,12,5,19,1417,OH,IAH,13
100,12,12,5,20,1028,OH,MSP,13
-5,12,12,5,15,228,OH,IAD,13
-10,12,13,6,8,425,OH,CLE,12
0,12,13,6,9,483,OH,CMH,12
0,12,13,6,8,426,OH,RDU,12
0,12,13,6,19,508,OH,DTW,12
-5,12,13,6,14,288,OH,RIC,12
67,12,13,6,17,94,OH,PHL,12
-5,12,13,6,16,426,OH,RDU,12
-5,12,13,6,11,892,OH,STL,12
0,12,13,6,19,425,OH,CLE,12
15,12,13,6,16,184,OH,BWI,12
95,12,13,6,18,892,OH,STL,12
0,12,13,6,9,740,OH,ORD,12
0,12,13,6,9,184,OH,BWI,12
11,12,13,6,8,589,OH,CVG,12
-5,12,13,6,13,740,OH,ORD,12
0,12,13,6,9,766,OH,BNA,12
-5,12,13,6,15,340,OH,PIT,12
0,12,13,6,8,213,OH,DCA,12
10,12,13,6,22,187,OH,BOS,12
0,12,13,6,16,740,OH,ORD,12
-5,12,13,6,20,382,OH,BGR,12
-5,12,13,6,12,483,OH,CMH,12
0,12,13,6,19,766,OH,BNA,12
11,12,13,6,20,589,OH,CVG,12
-5,12,13,6,20,740,OH,ORD,12
0,12,13,6,13,213,OH,DCA,12
35,12,13,6,18,1391,OH,DFW,12
0,12,13,6,18,213,OH,DCA,12
-3,12,13,6,16,508,OH,DTW,12
105,12,13,6,15,144,OH,PVD,12
-5,12,13,6,13,425,OH,CLE,12
-4,12,13,6,13,426,OH,RDU,12
0,12,13,6,11,382,OH,BGR,12
-5,12,13,6,16,213,OH,DCA,12
15,12,13,6,21,213,OH,DCA,12
-5,12,13,6,8,187,OH,BOS,12
-10,12,13,6,9,187,OH,BOS,12
0,12,13,6,14,187,OH,BOS,12
5,12,13,6,19,187,OH,BOS,12
-10,12,13,6,12,740,OH,ORD,12
-10,12,13,6,13,1028,OH,MSP,12
115,12,13,6,19,340,OH,PIT,12
0,12,13,6,21,301,OH,BUF,12
0,12,13,6,19,1417,OH,IAH,12
0,12,13,6,8,508,OH,DTW,12
25,12,13,6,20,1028,OH,MSP,12
-5,12,13,6,15,228,OH,IAD,12
0,12,14,7,8,425,OH,CLE,11
-5,12,14,7,9,483,OH,CMH,11
25,12,14,7,19,508,OH,DTW,11
0,12,14,7,14,288,OH,RIC,11
-5,12,14,7,16,426,OH,RDU,11
-10,12,14,7,11,892,OH,STL,11
-10,12,14,7,19,425,OH,CLE,11
0,12,14,7,16,184,OH,BWI,11
25,12,14,7,18,892,OH,STL,11
61,12,14,7,14,145,OH,ALB,11
-10,12,14,7,9,740,OH,ORD,11
-10,12,14,7,9,184,OH,BWI,11
-8,12,14,7,8,589,OH,CVG,11
0,12,14,7,9,766,OH,BNA,11
-10,12,14,7,15,340,OH,PIT,11
26,12,14,7,14,426,OH,RDU,11
0,12,14,7,8,213,OH,DCA,11
-5,12,14,7,22,187,OH,BOS,11
-4,12,14,7,16,740,OH,ORD,11
0,12,14,7,13,589,OH,CVG,11
0,12,14,7,20,382,OH,BGR,11
-10,12,14,7,16,483,OH,CMH,11
0,12,14,7,8,426,OH,RDU,11
60,12,14,7,19,766,OH,BNA,11
45,12,14,7,20,589,OH,CVG,11
6,12,14,7,20,740,OH,ORD,11
-10,12,14,7,13,213,OH,DCA,11
15,12,14,7,19,1391,OH,DFW,11
10,12,14,7,18,213,OH,DCA,11
0,12,14,7,16,508,OH,DTW,11
0,12,14,7,12,301,OH,BUF,11
-10,12,14,7,15,144,OH,PVD,11
-3,12,14,7,13,425,OH,CLE,11
20,12,14,7,7,740,OH,ORD,11
-4,12,14,7,13,426,OH,RDU,11
0,12,14,7,11,382,OH,BGR,11
0,12,14,7,13,187,OH,BOS,11
-5,12,14,7,16,213,OH,DCA,11
25,12,14,7,21,213,OH,DCA,11
-10,12,14,7,8,187,OH,BOS,11
50,12,14,7,19,187,OH,BOS,11
50,12,14,7,12,740,OH,ORD,11
20,12,14,7,13,1028,OH,MSP,11
0,12,14,7,19,340,OH,PIT,11
85,12,14,7,21,301,OH,BUF,11
30,12,14,7,19,1417,OH,IAH,11
-5,12,14,7,8,508,OH,DTW,11
75,12,14,7,20,1028,OH,MSP,11
-7,12,14,7,15,228,OH,IAD,11
-6,12,15,1,8,425,OH,CLE,10
0,12,15,1,9,483,OH,CMH,10
45,12,15,1,19,508,OH,DTW,10
133,12,15,1,14,288,OH,RIC,10
140,12,15,1,17,94,OH,PHL,10
-10,12,15,1,16,426,OH,RDU,10
0,12,15,1,11,892,OH,STL,10
45,12,15,1,19,425,OH,CLE,10
0,12,15,1,16,184,OH,BWI,10
35,12,15,1,18,892,OH,STL,10
-7,12,15,1,15,145,OH,ALB,10
-5,12,15,1,9,740,OH,ORD,10
0,12,15,1,9,184,OH,BWI,10
0,12,15,1,8,589,OH,CVG,10
0,12,15,1,9,766,OH,BNA,10
10,12,15,1,15,340,OH,PIT,10
-14,12,15,1,14,426,OH,RDU,10
10,12,15,1,8,213,OH,DCA,10
-10,12,15,1,22,187,OH,BOS,10
0,12,15,1,16,740,OH,ORD,10
30,12,15,1,20,382,OH,BGR,10
-5,12,15,1,16,483,OH,CMH,10
-4,12,15,1,8,426,OH,RDU,10
55,12,15,1,19,766,OH,BNA,10
8,12,15,1,20,740,OH,ORD,10
0,12,15,1,13,213,OH,DCA,10
60,12,15,1,19,1391,OH,DFW,10
-5,12,15,1,18,213,OH,DCA,10
-5,12,15,1,16,508,OH,DTW,10
0,12,15,1,12,301,OH,BUF,10
0,12,15,1,15,144,OH,PVD,10
-10,12,15,1,13,425,OH,CLE,10
0,12,15,1,7,740,OH,ORD,10
-7,12,15,1,13,426,OH,RDU,10
-10,12,15,1,11,382,OH,BGR,10
-4,12,15,1,13,187,OH,BOS,10
-5,12,15,1,16,213,OH,DCA,10
20,12,15,1,21,213,OH,DCA,10
0,12,15,1,8,187,OH,BOS,10
182,12,15,1,19,187,OH,BOS,10
45,12,15,1,12,740,OH,ORD,10
30,12,15,1,13,1028,OH,MSP,10
0,12,15,1,19,340,OH,PIT,10
0,12,15,1,21,301,OH,BUF,10
30,12,15,1,19,1417,OH,IAH,10
-10,12,15,1,16,589,OH,CVG,10
20,12,15,1,8,508,OH,DTW,10
10,12,15,1,20,1028,OH,MSP,10
0,12,15,1,15,228,OH,IAD,10
-10,12,16,2,8,425,OH,CLE,9
0,12,16,2,9,483,OH,CMH,9
-5,12,16,2,19,508,OH,DTW,9
95,12,16,2,14,288,OH,RIC,9
40,12,16,2,17,94,OH,PHL,9
0,12,16,2,16,426,OH,RDU,9
0,12,16,2,19,425,OH,CLE,9
0,12,16,2,16,184,OH,BWI,9
20,12,16,2,18,892,OH,STL,9
50,12,16,2,15,145,OH,ALB,9
0,12,16,2,9,740,OH,ORD,9
-10,12,16,2,8,589,OH,CVG,9
-10,12,16,2,9,766,OH,BNA,9
44,12,16,2,15,340,OH,PIT,9
11,12,16,2,14,426,OH,RDU,9
0,12,16,2,8,213,OH,DCA,9
110,12,16,2,22,187,OH,BOS,9
141,12,16,2,16,740,OH,ORD,9
110,12,16,2,20,382,OH,BGR,9
-5,12,16,2,16,483,OH,CMH,9
16,12,16,2,8,426,OH,RDU,9
0,12,16,2,19,766,OH,BNA,9
100,12,16,2,20,589,OH,CVG,9
180,12,16,2,20,740,OH,ORD,9
-10,12,16,2,13,213,OH,DCA,9
240,12,16,2,19,1391,OH,DFW,9
-10,12,16,2,18,213,OH,DCA,9
80,12,16,2,16,508,OH,DTW,9
0,12,16,2,12,301,OH,BUF,9
0,12,16,2,15,144,OH,PVD,9
55,12,16,2,13,425,OH,CLE,9
-5,12,16,2,7,740,OH,ORD,9
0,12,16,2,13,426,OH,RDU,9
-17,12,16,2,11,382,OH,BGR,9
76,12,16,2,13,187,OH,BOS,9
30,12,16,2,16,213,OH,DCA,9
-10,12,16,2,8,187,OH,BOS,9
-5,12,16,2,9,187,OH,BOS,9
0,12,16,2,19,187,OH,BOS,9
0,12,16,2,12,740,OH,ORD,9
10,12,16,2,13,1028,OH,MSP,9
0,12,16,2,19,340,OH,PIT,9
-5,12,16,2,21,301,OH,BUF,9
68,12,16,2,19,1417,OH,IAH,9
0,12,16,2,8,508,OH,DTW,9
150,12,16,2,20,1028,OH,MSP,9
-7,12,16,2,15,228,OH,IAD,9
25,12,17,3,8,425,OH,CLE,8
0,12,17,3,9,483,OH,CMH,8
0,12,17,3,19,508,OH,DTW,8
0,12,17,3,14,288,OH,RIC,8
-5,12,17,3,16,426,OH,RDU,8
-5,12,17,3,11,892,OH,STL,8
0,12,17,3,19,425,OH,CLE,8
0,12,17,3,16,184,OH,BWI,8
25,12,17,3,18,892,OH,STL,8
-10,12,17,3,15,145,OH,ALB,8
45,12,17,3,9,740,OH,ORD,8
25,12,17,3,9,184,OH,BWI,8
-5,12,17,3,8,589,OH,CVG,8
24,12,17,3,9,766,OH,BNA,8
15,12,17,3,15,340,OH,PIT,8
9,12,17,3,14,426,OH,RDU,8
57,12,17,3,8,213,OH,DCA,8
91,12,17,3,16,740,OH,ORD,8
15,12,17,3,20,382,OH,BGR,8
-10,12,17,3,16,483,OH,CMH,8
0,12,17,3,8,426,OH,RDU,8
-5,12,17,3,19,766,OH,BNA,8
115,12,17,3,20,740,OH,ORD,8
0,12,17,3,13,213,OH,DCA,8
35,12,17,3,19,1391,OH,DFW,8
102,12,17,3,18,213,OH,DCA,8
20,12,17,3,16,508,OH,DTW,8
65,12,17,3,12,301,OH,BUF,8
35,12,17,3,15,144,OH,PVD,8
50,12,17,3,13,425,OH,CLE,8
0,12,17,3,7,740,OH,ORD,8
0,12,17,3,13,426,OH,RDU,8
-10,12,17,3,11,382,OH,BGR,8
-3,12,17,3,13,187,OH,BOS,8
105,12,17,3,16,213,OH,DCA,8
48,12,17,3,21,213,OH,DCA,8
11,12,17,3,8,187,OH,BOS,8
135,12,17,3,19,187,OH,BOS,8
145,12,17,3,12,740,OH,ORD,8
75,12,17,3,13,1028,OH,MSP,8
45,12,17,3,19,340,OH,PIT,8
70,12,17,3,21,301,OH,BUF,8
27,12,17,3,13,589,OH,CVG,8
70,12,17,3,19,426,OH,RDU,8
0,12,17,3,8,508,OH,DTW,8
65,12,17,3,20,1028,OH,MSP,8
0,12,17,3,15,228,OH,IAD,8
-5,12,18,4,9,228,OH,IAD,7
0,12,18,4,9,483,OH,CMH,7
10,12,18,4,8,508,OH,DTW,7
0,12,18,4,20,508,OH,DTW,7
0,12,18,4,19,766,OH,BNA,7
-10,12,18,4,14,288,OH,RIC,7
30,12,18,4,17,94,OH,PHL,7
-5,12,18,4,11,382,OH,BGR,7
0,12,18,4,15,228,OH,IAD,7
-7,12,18,4,9,425,OH,CLE,7
-8,12,18,4,13,425,OH,CLE,7
35,12,18,4,19,425,OH,CLE,7
-10,12,18,4,11,892,OH,STL,7
0,12,18,4,21,301,OH,BUF,7
125,12,18,4,16,184,OH,BWI,7
0,12,18,4,18,892,OH,STL,7
0,12,18,4,9,740,OH,ORD,7
10,12,18,4,9,766,OH,BNA,7
-10,12,18,4,15,340,OH,PIT,7
6,12,18,4,14,426,OH,RDU,7
0,12,18,4,8,213,OH,DCA,7
-5,12,18,4,22,187,OH,BOS,7
-9,12,18,4,13,589,OH,CVG,7
0,12,18,4,20,382,OH,BGR,7
50,12,18,4,16,483,OH,CMH,7
-2,12,18,4,8,426,OH,RDU,7
55,12,18,4,13,213,OH,DCA,7
15,12,18,4,19,1391,OH,DFW,7
10,12,18,4,18,213,OH,DCA,7
10,12,18,4,16,508,OH,DTW,7
-5,12,18,4,12,301,OH,BUF,7
-10,12,18,4,15,144,OH,PVD,7
10,12,18,4,7,740,OH,ORD,7
30,12,18,4,13,426,OH,RDU,7
0,12,18,4,13,187,OH,BOS,7
135,12,18,4,16,213,OH,DCA,7
0,12,18,4,21,213,OH,DCA,7
-5,12,18,4,8,187,OH,BOS,7
70,12,18,4,19,187,OH,BOS,7
-5,12,18,4,12,740,OH,ORD,7
15,12,18,4,13,1028,OH,MSP,7
-10,12,18,4,19,340,OH,PIT,7
0,12,18,4,16,426,OH,RDU,7
0,12,18,4,19,1417,OH,IAH,7
0,12,18,4,15,274,OH,PWM,7
102,12,18,4,20,1028,OH,MSP,7
-5,12,19,5,9,228,OH,IAD,6
0,12,19,5,9,483,OH,CMH,6
55,12,19,5,14,288,OH,RIC,6
0,12,19,5,11,382,OH,BGR,6
25,12,19,5,9,425,OH,CLE,6
0,12,19,5,13,425,OH,CLE,6
60,12,19,5,11,892,OH,STL,6
65,12,19,5,21,301,OH,BUF,6
-5,12,19,5,9,740,OH,ORD,6
-10,12,19,5,9,766,OH,BNA,6
0,12,19,5,15,340,OH,PIT,6
0,12,19,5,8,213,OH,DCA,6
0,12,19,5,8,426,OH,RDU,6
150,12,19,5,18,213,OH,DCA,6
15,12,19,5,7,740,OH,ORD,6
15,12,19,5,16,213,OH,DCA,6
0,12,19,5,8,187,OH,BOS,6
55,12,19,5,16,426,OH,RDU,6
174,12,20,6,9,228,OH,IAD,5
445,12,20,6,9,483,OH,CMH,5
30,12,20,6,11,382,OH,BGR,5
79,12,20,6,15,228,OH,IAD,5
25,12,20,6,9,425,OH,CLE,5
295,12,20,6,13,425,OH,CLE,5
325,12,20,6,19,425,OH,CLE,5
90,12,20,6,11,892,OH,STL,5
395,12,20,6,16,184,OH,BWI,5
40,12,20,6,9,740,OH,ORD,5
65,12,20,6,9,766,OH,BNA,5
125,12,20,6,15,340,OH,PIT,5
85,12,20,6,8,213,OH,DCA,5
200,12,20,6,16,483,OH,CMH,5
49,12,20,6,8,426,OH,RDU,5
120,12,20,6,13,213,OH,DCA,5
135,12,20,6,19,1391,OH,DFW,5
465,12,20,6,18,213,OH,DCA,5
415,12,20,6,16,508,OH,DTW,5
130,12,20,6,12,301,OH,BUF,5
90,12,20,6,15,144,OH,PVD,5
130,12,20,6,7,740,OH,ORD,5
148,12,20,6,13,426,OH,RDU,5
250,12,20,6,21,213,OH,DCA,5
80,12,20,6,8,187,OH,BOS,5
35,12,20,6,12,740,OH,ORD,5
115,12,20,6,13,1028,OH,MSP,5
500,12,20,6,16,426,OH,RDU,5
184,12,20,6,19,1417,OH,IAH,5
80,12,20,6,15,274,OH,PWM,5
145,12,21,7,20,508,OH,DTW,4
110,12,21,7,19,766,OH,BNA,4
120,12,21,7,14,288,OH,RIC,4
245,12,21,7,17,94,OH,PHL,4
65,12,21,7,15,228,OH,IAD,4
115,12,21,7,13,425,OH,CLE,4
155,12,21,7,19,425,OH,CLE,4
0,12,21,7,11,892,OH,STL,4
170,12,21,7,16,184,OH,BWI,4
90,12,21,7,9,740,OH,ORD,4
30,12,21,7,8,589,OH,CVG,4
203,12,21,7,16,340,OH,PIT,4
21,12,21,7,14,426,OH,RDU,4
105,12,21,7,22,187,OH,BOS,4
40,12,21,7,17,740,OH,ORD,4
362,12,21,7,13,589,OH,CVG,4
78,12,21,7,16,483,OH,CMH,4
70,12,21,7,13,213,OH,DCA,4
229,12,21,7,18,213,OH,DCA,4
130,12,21,7,16,508,OH,DTW,4
100,12,21,7,15,144,OH,PVD,4
-5,12,21,7,13,426,OH,RDU,4
68,12,21,7,16,213,OH,DCA,4
35,12,21,7,20,740,OH,ORD,4
200,12,21,7,19,187,OH,BOS,4
50,12,21,7,12,740,OH,ORD,4
100,12,21,7,13,1028,OH,MSP,4
20,12,21,7,16,426,OH,RDU,4
210,12,21,7,20,1028,OH,MSP,4
30,12,22,1,9,228,OH,IAD,3
110,12,22,1,9,483,OH,CMH,3
210,12,22,1,8,508,OH,DTW,3
175,12,22,1,20,508,OH,DTW,3
105,12,22,1,19,766,OH,BNA,3
170,12,22,1,14,288,OH,RIC,3
165,12,22,1,17,94,OH,PHL,3
0,12,22,1,11,382,OH,BGR,3
45,12,22,1,15,228,OH,IAD,3
0,12,22,1,9,425,OH,CLE,3
130,12,22,1,13,425,OH,CLE,3
140,12,22,1,19,425,OH,CLE,3
115,12,22,1,16,184,OH,BWI,3
100,12,22,1,18,892,OH,STL,3
14,12,22,1,9,740,OH,ORD,3
90,12,22,1,9,766,OH,BNA,3
80,12,22,1,15,340,OH,PIT,3
16,12,22,1,14,426,OH,RDU,3
0,12,22,1,8,213,OH,DCA,3
100,12,22,1,22,187,OH,BOS,3
361,12,22,1,16,740,OH,ORD,3
25,12,22,1,20,382,OH,BGR,3
95,12,22,1,16,483,OH,CMH,3
81,12,22,1,8,426,OH,RDU,3
106,12,22,1,20,589,OH,CVG,3
125,12,22,1,13,213,OH,DCA,3
120,12,22,1,19,1391,OH,DFW,3
0,12,22,1,18,213,OH,DCA,3
125,12,22,1,16,508,OH,DTW,3
95,12,22,1,15,144,OH,PVD,3
25,12,22,1,7,740,OH,ORD,3
55,12,22,1,13,426,OH,RDU,3
121,12,22,1,13,187,OH,BOS,3
15,12,22,1,16,213,OH,DCA,3
155,12,22,1,20,740,OH,ORD,3
40,12,22,1,21,213,OH,DCA,3
20,12,22,1,8,187,OH,BOS,3
0,12,22,1,12,740,OH,ORD,3
130,12,22,1,13,1028,OH,MSP,3
150,12,22,1,19,340,OH,PIT,3
45,12,22,1,16,426,OH,RDU,3
185,12,22,1,19,1417,OH,IAH,3
280,12,22,1,20,1028,OH,MSP,3
50,12,23,2,9,228,OH,IAD,2
15,12,23,2,9,483,OH,CMH,2
180,12,23,2,8,508,OH,DTW,2
105,12,23,2,20,508,OH,DTW,2
0,12,23,2,19,766,OH,BNA,2
0,12,23,2,14,288,OH,RIC,2
25,12,23,2,17,94,OH,PHL,2
0,12,23,2,11,382,OH,BGR,2
0,12,23,2,15,228,OH,IAD,2
0,12,23,2,9,425,OH,CLE,2
15,12,23,2,13,425,OH,CLE,2
85,12,23,2,19,425,OH,CLE,2
-10,12,23,2,11,892,OH,STL,2
45,12,23,2,21,301,OH,BUF,2
0,12,23,2,16,184,OH,BWI,2
95,12,23,2,18,892,OH,STL,2
0,12,23,2,9,740,OH,ORD,2
25,12,23,2,9,766,OH,BNA,2
25,12,23,2,15,340,OH,PIT,2
-10,12,23,2,14,426,OH,RDU,2
25,12,23,2,8,213,OH,DCA,2
170,12,23,2,22,187,OH,BOS,2
125,12,23,2,17,740,OH,ORD,2
157,12,23,2,13,589,OH,CVG,2
35,12,23,2,20,382,OH,BGR,2
0,12,23,2,16,483,OH,CMH,2
-4,12,23,2,8,426,OH,RDU,2
0,12,23,2,13,213,OH,DCA,2
0,12,23,2,19,1391,OH,DFW,2
0,12,23,2,18,213,OH,DCA,2
36,12,23,2,16,508,OH,DTW,2
25,12,23,2,12,301,OH,BUF,2
0,12,23,2,15,106,OH,BDL,2
0,12,23,2,15,144,OH,PVD,2
10,12,23,2,7,740,OH,ORD,2
0,12,23,2,13,426,OH,RDU,2
21,12,23,2,13,187,OH,BOS,2
45,12,23,2,16,213,OH,DCA,2
140,12,23,2,20,740,OH,ORD,2
60,12,23,2,21,213,OH,DCA,2
60,12,23,2,8,187,OH,BOS,2
165,12,23,2,19,187,OH,BOS,2
50,12,23,2,13,1028,OH,MSP,2
8,12,23,2,19,340,OH,PIT,2
0,12,23,2,16,426,OH,RDU,2
-40,12,23,2,19,1417,OH,IAH,2
111,12,23,2,20,1028,OH,MSP,2
-5,12,24,3,9,228,OH,IAD,1
0,12,24,3,9,483,OH,CMH,1
65,12,24,3,8,508,OH,DTW,1
165,12,24,3,20,508,OH,DTW,1
175,12,24,3,19,766,OH,BNA,1
55,12,24,3,11,382,OH,BGR,1
0,12,24,3,9,425,OH,CLE,1
115,12,24,3,13,425,OH,CLE,1
205,12,24,3,19,425,OH,CLE,1
-10,12,24,3,9,187,OH,BOS,1
120,12,24,3,16,184,OH,BWI,1
255,12,24,3,18,892,OH,STL,1
18,12,24,3,9,740,OH,ORD,1
80,12,24,3,9,766,OH,BNA,1
-5,12,24,3,8,213,OH,DCA,1
122,12,24,3,13,589,OH,CVG,1
95,12,24,3,20,382,OH,BGR,1
136,12,24,3,8,426,OH,RDU,1
130,12,24,3,20,589,OH,CVG,1
375,12,24,3,13,213,OH,DCA,1
210,12,24,3,19,1391,OH,DFW,1
230,12,24,3,18,213,OH,DCA,1
190,12,24,3,13,508,OH,DTW,1
145,12,24,3,12,301,OH,BUF,1
80,12,24,3,15,144,OH,PVD,1
135,12,24,3,7,740,OH,ORD,1
56,12,24,3,14,187,OH,BOS,1
95,12,24,3,18,740,OH,ORD,1
35,12,24,3,8,187,OH,BOS,1
0,12,24,3,19,187,OH,BOS,1
110,12,24,3,13,1028,OH,MSP,1
55,12,24,3,19,340,OH,PIT,1
215,12,24,3,16,426,OH,RDU,1
70,12,24,3,19,1417,OH,IAH,1
110,12,24,3,18,301,OH,BUF,1
180,12,24,3,20,1028,OH,MSP,1
10,12,25,4,9,483,OH,CMH,0
0,12,25,4,20,508,OH,DTW,0
40,12,25,4,19,766,OH,BNA,0
0,12,25,4,14,288,OH,RIC,0
10,12,25,4,17,94,OH,PHL,0
0,12,25,4,11,382,OH,BGR,0
-10,12,25,4,13,425,OH,CLE,0
-5,12,25,4,19,425,OH,CLE,0
0,12,25,4,21,301,OH,BUF,0
0,12,25,4,16,184,OH,BWI,0
0,12,25,4,18,892,OH,STL,0
-5,12,25,4,9,740,OH,ORD,0
-5,12,25,4,8,589,OH,CVG,0
10,12,25,4,9,766,OH,BNA,0
-1,12,25,4,15,340,OH,PIT,0
0,12,25,4,22,187,OH,BOS,0
16,12,25,4,16,740,OH,ORD,0
0,12,25,4,13,589,OH,CVG,0
50,12,25,4,20,382,OH,BGR,0
0,12,25,4,8,426,OH,RDU,0
-10,12,25,4,13,213,OH,DCA,0
110,12,25,4,19,1391,OH,DFW,0
0,12,25,4,18,213,OH,DCA,0
0,12,25,4,13,508,OH,DTW,0
0,12,25,4,12,301,OH,BUF,0
0,12,25,4,15,144,OH,PVD,0
0,12,25,4,13,426,OH,RDU,0
55,12,25,4,14,187,OH,BOS,0
0,12,25,4,11,589,OH,CVG,0
45,12,25,4,15,589,OH,CVG,0
15,12,25,4,16,213,OH,DCA,0
25,12,25,4,20,740,OH,ORD,0
-4,12,25,4,21,213,OH,DCA,0
20,12,25,4,8,187,OH,BOS,0
0,12,25,4,19,187,OH,BOS,0
90,12,25,4,12,740,OH,ORD,0
0,12,25,4,13,1028,OH,MSP,0
55,12,25,4,19,340,OH,PIT,0
15,12,25,4,16,426,OH,RDU,0
70,12,25,4,19,1417,OH,IAH,0
42,12,25,4,20,1028,OH,MSP,0
0,12,26,5,9,228,OH,IAD,1
0,12,26,5,9,483,OH,CMH,1
-10,12,26,5,8,508,OH,DTW,1
68,12,26,5,20,508,OH,DTW,1
9,12,26,5,19,766,OH,BNA,1
0,12,26,5,14,288,OH,RIC,1
75,12,26,5,17,94,OH,PHL,1
-10,12,26,5,11,382,OH,BGR,1
-5,12,26,5,15,228,OH,IAD,1
0,12,26,5,9,425,OH,CLE,1
0,12,26,5,13,425,OH,CLE,1
20,12,26,5,19,425,OH,CLE,1
-10,12,26,5,11,892,OH,STL,1
15,12,26,5,21,301,OH,BUF,1
10,12,26,5,16,184,OH,BWI,1
15,12,26,5,18,892,OH,STL,1
0,12,26,5,9,740,OH,ORD,1
0,12,26,5,9,766,OH,BNA,1
50,12,26,5,15,340,OH,PIT,1
-9,12,26,5,14,426,OH,RDU,1
-10,12,26,5,8,213,OH,DCA,1
57,12,26,5,22,187,OH,BOS,1
76,12,26,5,16,740,OH,ORD,1
12,12,26,5,13,589,OH,CVG,1
0,12,26,5,20,382,OH,BGR,1
0,12,26,5,16,483,OH,CMH,1
0,12,26,5,8,426,OH,RDU,1
75,12,26,5,20,589,OH,CVG,1
30,12,26,5,13,213,OH,DCA,1
90,12,26,5,19,1391,OH,DFW,1
30,12,26,5,18,213,OH,DCA,1
40,12,26,5,16,508,OH,DTW,1
-5,12,26,5,12,301,OH,BUF,1
5,12,26,5,15,106,OH,BDL,1
0,12,26,5,15,144,OH,PVD,1
-5,12,26,5,7,740,OH,ORD,1
0,12,26,5,13,426,OH,RDU,1
-5,12,26,5,13,187,OH,BOS,1
45,12,26,5,16,213,OH,DCA,1
55,12,26,5,20,740,OH,ORD,1
18,12,26,5,21,213,OH,DCA,1
40,12,26,5,8,187,OH,BOS,1
40,12,26,5,19,187,OH,BOS,1
80,12,26,5,12,740,OH,ORD,1
0,12,26,5,13,1028,OH,MSP,1
70,12,26,5,19,340,OH,PIT,1
0,12,26,5,16,426,OH,RDU,1
108,12,26,5,19,1417,OH,IAH,1
45,12,26,5,20,1028,OH,MSP,1
-5,12,27,6,9,228,OH,IAD,2
0,12,27,6,9,483,OH,CMH,2
0,12,27,6,9,508,OH,DTW,2
115,12,27,6,19,766,OH,BNA,2
100,12,27,6,14,288,OH,RIC,2
35,12,27,6,17,94,OH,PHL,2
0,12,27,6,11,382,OH,BGR,2
35,12,27,6,15,228,OH,IAD,2
90,12,27,6,9,425,OH,CLE,2
0,12,27,6,13,425,OH,CLE,2
214,12,27,6,19,425,OH,CLE,2
-5,12,27,6,11,892,OH,STL,2
115,12,27,6,21,301,OH,BUF,2
0,12,27,6,9,740,OH,ORD,2
14,12,27,6,9,766,OH,BNA,2
80,12,27,6,15,340,OH,PIT,2
171,12,27,6,14,426,OH,RDU,2
20,12,27,6,8,213,OH,DCA,2
119,12,27,6,22,187,OH,BOS,2
55,12,27,6,17,740,OH,ORD,2
25,12,27,6,20,382,OH,BGR,2
20,12,27,6,16,483,OH,CMH,2
0,12,27,6,8,426,OH,RDU,2
125,12,27,6,20,589,OH,CVG,2
75,12,27,6,13,213,OH,DCA,2
125,12,27,6,19,1391,OH,DFW,2
35,12,27,6,18,213,OH,DCA,2
0,12,27,6,16,508,OH,DTW,2
0,12,27,6,12,301,OH,BUF,2
115,12,27,6,15,144,OH,PVD,2
-5,12,27,6,7,740,OH,ORD,2
10,12,27,6,13,426,OH,RDU,2
55,12,27,6,13,187,OH,BOS,2
20,12,27,6,16,213,OH,DCA,2
135,12,27,6,21,213,OH,DCA,2
0,12,27,6,8,187,OH,BOS,2
0,12,27,6,12,740,OH,ORD,2
0,12,27,6,13,1028,OH,MSP,2
275,12,27,6,19,340,OH,PIT,2
65,12,27,6,16,426,OH,RDU,2
190,12,27,6,19,1417,OH,IAH,2
185,12,27,6,20,1028,OH,MSP,2
0,12,28,7,9,228,OH,IAD,3
130,12,28,7,8,508,OH,DTW,3
5,12,28,7,20,508,OH,DTW,3
0,12,28,7,19,766,OH,BNA,3
70,12,28,7,17,94,OH,PHL,3
30,12,28,7,11,382,OH,BGR,3
25,12,28,7,15,228,OH,IAD,3
-5,12,28,7,9,425,OH,CLE,3
20,12,28,7,13,425,OH,CLE,3
100,12,28,7,19,425,OH,CLE,3
0,12,28,7,11,892,OH,STL,3
25,12,28,7,21,301,OH,BUF,3
55,12,28,7,16,184,OH,BWI,3
0,12,28,7,18,892,OH,STL,3
-2,12,28,7,9,740,OH,ORD,3
15,12,28,7,9,766,OH,BNA,3
0,12,28,7,16,340,OH,PIT,3
0,12,28,7,14,426,OH,RDU,3
-10,12,28,7,8,213,OH,DCA,3
-10,12,28,7,22,187,OH,BOS,3
40,12,28,7,17,740,OH,ORD,3
0,12,28,7,13,589,OH,CVG,3
-10,12,28,7,20,382,OH,BGR,3
50,12,28,7,16,483,OH,CMH,3
51,12,28,7,8,426,OH,RDU,3
125,12,28,7,13,213,OH,DCA,3
60,12,28,7,19,1391,OH,DFW,3
0,12,28,7,18,213,OH,DCA,3
130,12,28,7,16,508,OH,DTW,3
-5,12,28,7,12,301,OH,BUF,3
120,12,28,7,15,144,OH,PVD,3
50,12,28,7,7,740,OH,ORD,3
80,12,28,7,13,426,OH,RDU,3
21,12,28,7,13,187,OH,BOS,3
15,12,28,7,16,213,OH,DCA,3
80,12,28,7,20,740,OH,ORD,3
14,12,28,7,21,213,OH,DCA,3
-10,12,28,7,8,187,OH,BOS,3
20,12,28,7,19,187,OH,BOS,3
0,12,28,7,12,740,OH,ORD,3
130,12,28,7,13,1028,OH,MSP,3
115,12,28,7,16,426,OH,RDU,3
0,12,28,7,19,1417,OH,IAH,3
15,12,28,7,15,274,OH,PWM,3
147,12,28,7,20,1028,OH,MSP,3
0,12,29,1,9,228,OH,IAD,4
-6,12,29,1,9,483,OH,CMH,4
72,12,29,1,8,508,OH,DTW,4
0,12,29,1,20,508,OH,DTW,4
-5,12,29,1,19,766,OH,BNA,4
28,12,29,1,14,288,OH,RIC,4
6,12,29,1,17,94,OH,PHL,4
-10,12,29,1,11,382,OH,BGR,4
30,12,29,1,15,228,OH,IAD,4
5,12,29,1,9,425,OH,CLE,4
-10,12,29,1,13,425,OH,CLE,4
0,12,29,1,19,425,OH,CLE,4
0,12,29,1,11,892,OH,STL,4
0,12,29,1,21,301,OH,BUF,4
0,12,29,1,16,184,OH,BWI,4
25,12,29,1,18,892,OH,STL,4
0,12,29,1,9,740,OH,ORD,4
0,12,29,1,9,766,OH,BNA,4
-5,12,29,1,15,340,OH,PIT,4
-10,12,29,1,14,426,OH,RDU,4
-10,12,29,1,8,213,OH,DCA,4
-5,12,29,1,22,187,OH,BOS,4
15,12,29,1,17,740,OH,ORD,4
0,12,29,1,13,589,OH,CVG,4
-10,12,29,1,20,382,OH,BGR,4
-3,12,29,1,16,483,OH,CMH,4
0,12,29,1,8,426,OH,RDU,4
40,12,29,1,13,213,OH,DCA,4
140,12,29,1,19,1391,OH,DFW,4
0,12,29,1,18,213,OH,DCA,4
0,12,29,1,16,508,OH,DTW,4
15,12,29,1,12,301,OH,BUF,4
15,12,29,1,15,144,OH,PVD,4
45,12,29,1,7,740,OH,ORD,4
20,12,29,1,13,426,OH,RDU,4
46,12,29,1,13,187,OH,BOS,4
145,12,29,1,16,213,OH,DCA,4
5,12,29,1,20,740,OH,ORD,4
30,12,29,1,21,213,OH,DCA,4
-5,12,29,1,8,187,OH,BOS,4
110,12,29,1,19,187,OH,BOS,4
153,12,29,1,12,740,OH,ORD,4
-5,12,29,1,13,1028,OH,MSP,4
100,12,29,1,19,340,OH,PIT,4
-5,12,29,1,16,426,OH,RDU,4
115,12,29,1,19,1417,OH,IAH,4
-5,12,29,1,15,274,OH,PWM,4
79,12,29,1,20,1028,OH,MSP,4
-2,12,30,2,9,228,OH,IAD,5
-5,12,30,2,9,483,OH,CMH,5
105,12,30,2,8,508,OH,DTW,5
0,12,30,2,20,508,OH,DTW,5
5,12,30,2,19,766,OH,BNA,5
130,12,30,2,14,288,OH,RIC,5
25,12,30,2,17,94,OH,PHL,5
-2,12,30,2,11,382,OH,BGR,5
20,12,30,2,15,228,OH,IAD,5
-10,12,30,2,9,425,OH,CLE,5
-5,12,30,2,13,425,OH,CLE,5
-5,12,30,2,19,425,OH,CLE,5
55,12,30,2,11,892,OH,STL,5
40,12,30,2,21,301,OH,BUF,5
50,12,30,2,16,184,OH,BWI,5
13,12,30,2,18,892,OH,STL,5
35,12,30,2,9,740,OH,ORD,5
-1,12,30,2,9,766,OH,BNA,5
0,12,30,2,15,340,OH,PIT,5
-4,12,30,2,14,426,OH,RDU,5
75,12,30,2,8,213,OH,DCA,5
-10,12,30,2,22,187,OH,BOS,5
6,12,30,2,16,740,OH,ORD,5
9,12,30,2,13,589,OH,CVG,5
125,12,30,2,20,382,OH,BGR,5
-10,12,30,2,16,483,OH,CMH,5
0,12,30,2,8,426,OH,RDU,5
14,12,30,2,20,589,OH,CVG,5
10,12,30,2,13,213,OH,DCA,5
80,12,30,2,19,1391,OH,DFW,5
0,12,30,2,18,213,OH,DCA,5
35,12,30,2,16,508,OH,DTW,5
10,12,30,2,12,301,OH,BUF,5
-5,12,30,2,15,106,OH,BDL,5
0,12,30,2,15,144,OH,PVD,5
-5,12,30,2,7,740,OH,ORD,5
15,12,30,2,13,426,OH,RDU,5
76,12,30,2,13,187,OH,BOS,5
180,12,30,2,16,213,OH,DCA,5
18,12,30,2,21,213,OH,DCA,5
0,12,30,2,8,187,OH,BOS,5
60,12,30,2,19,187,OH,BOS,5
-10,12,30,2,12,740,OH,ORD,5
45,12,30,2,13,1028,OH,MSP,5
95,12,30,2,19,340,OH,PIT,5
0,12,30,2,16,426,OH,RDU,5
61,12,30,2,19,1417,OH,IAH,5
90,12,30,2,20,1028,OH,MSP,5
175,12,31,3,9,483,OH,CMH,6
0,12,31,3,8,508,OH,DTW,6
85,12,31,3,20,508,OH,DTW,6
75,12,31,3,19,766,OH,BNA,6
-10,12,31,3,11,382,OH,BGR,6
0,12,31,3,9,425,OH,CLE,6
85,12,31,3,19,425,OH,CLE,6
20,12,31,3,16,184,OH,BWI,6
35,12,31,3,18,892,OH,STL,6
95,12,31,3,9,740,OH,ORD,6
15,12,31,3,9,766,OH,BNA,6
30,12,31,3,8,213,OH,DCA,6
-5,12,31,3,22,187,OH,BOS,6
47,12,31,3,13,589,OH,CVG,6
76,12,31,3,8,426,OH,RDU,6
60,12,31,3,20,589,OH,CVG,6
135,12,31,3,19,1391,OH,DFW,6
80,12,31,3,13,508,OH,DTW,6
70,12,31,3,13,426,OH,RDU,6
45,12,31,3,20,740,OH,ORD,6
0,12,31,3,8,187,OH,BOS,6
150,12,31,3,19,187,OH,BOS,6
85,12,31,3,12,740,OH,ORD,6
0,12,31,3,13,1028,OH,MSP,6
71,12,31,3,19,1417,OH,IAH,6
80,12,31,3,20,1028,OH,MSP,6
29,12,1,1,6,2586,UA,SFO,4
-2,12,2,2,6,2586,UA,SFO,5
-2,12,3,3,6,2586,UA,SFO,6
1,12,4,4,6,2586,UA,SFO,7
-5,12,5,5,6,2586,UA,SFO,8
-1,12,6,6,6,2586,UA,SFO,9
-2,12,7,7,6,2586,UA,SFO,10
-1,12,8,1,6,2586,UA,SFO,11
0,12,9,2,6,2586,UA,SFO,12
-2,12,10,3,6,2586,UA,SFO,13
-10,12,11,4,6,2586,UA,SFO,14
-6,12,12,5,6,2586,UA,SFO,13
-5,12,13,6,6,2586,UA,SFO,12
-2,12,14,7,6,2586,UA,SFO,11
0,12,15,1,6,2586,UA,SFO,10
3,12,16,2,6,2586,UA,SFO,9
-4,12,17,3,6,2586,UA,SFO,8
-1,12,18,4,6,2586,UA,SFO,7
-5,12,19,5,6,2586,UA,SFO,6
3,12,20,6,6,2586,UA,SFO,5
4,12,21,7,6,2586,UA,SFO,4
1,12,22,1,6,2586,UA,SFO,3
-2,12,23,2,6,2586,UA,SFO,2
-2,12,24,3,6,2586,UA,SFO,1
-1,12,25,4,6,2586,UA,SFO,0
12,12,26,5,6,2586,UA,SFO,1
8,12,27,6,6,2586,UA,SFO,2
-6,12,28,7,6,2586,UA,SFO,3
-3,12,29,1,6,2586,UA,SFO,4
-2,12,30,2,6,2586,UA,SFO,5
0,12,31,3,6,2586,UA,SFO,6
-4,12,1,1,7,2586,UA,SFO,4
-2,12,2,2,7,2586,UA,SFO,5
12,12,3,3,7,2586,UA,SFO,6
-6,12,4,4,7,2586,UA,SFO,7
-3,12,5,5,7,2586,UA,SFO,8
-4,12,6,6,7,2586,UA,SFO,9
-8,12,7,7,7,2586,UA,SFO,10
-4,12,8,1,7,2586,UA,SFO,11
-1,12,9,2,7,2586,UA,SFO,12
-3,12,10,3,7,2586,UA,SFO,13
-2,12,11,4,7,2586,UA,SFO,14
-2,12,12,5,7,2586,UA,SFO,13
-7,12,13,6,7,2586,UA,SFO,12
-2,12,14,7,7,2586,UA,SFO,11
1,12,15,1,7,2586,UA,SFO,10
-3,12,16,2,7,2586,UA,SFO,9
0,12,17,3,7,2586,UA,SFO,8
0,12,18,4,7,2586,UA,SFO,7
-7,12,19,5,7,2586,UA,SFO,6
12,12,20,6,7,2586,UA,SFO,5
0,12,21,7,7,2586,UA,SFO,4
0,12,22,1,7,2586,UA,SFO,3
-6,12,23,2,7,2586,UA,SFO,2
0,12,24,3,7,2586,UA,SFO,1
13,12,26,5,7,2586,UA,SFO,1
-2,12,27,6,7,2586,UA,SFO,2
0,12,28,7,7,2586,UA,SFO,3
-5,12,29,1,7,2586,UA,SFO,4
-2,12,30,2,7,2586,UA,SFO,5
7,12,31,3,7,2586,UA,SFO,6
28,12,1,1,20,2586,UA,SFO,4
-1,12,1,1,11,2586,UA,SFO,4
-2,12,2,2,11,2586,UA,SFO,5
-3,12,3,3,11,2586,UA,SFO,6
-4,12,4,4,11,2586,UA,SFO,7
4,12,5,5,11,2586,UA,SFO,8
14,12,6,6,11,2586,UA,SFO,9
-7,12,7,7,11,2586,UA,SFO,10
-5,12,8,1,11,2586,UA,SFO,11
-4,12,9,2,11,2586,UA,SFO,12
-6,12,10,3,11,2586,UA,SFO,13
-2,12,11,4,11,2586,UA,SFO,14
-4,12,12,5,11,2586,UA,SFO,13
-3,12,13,6,11,2586,UA,SFO,12
9,12,14,7,11,2586,UA,SFO,11
-1,12,15,1,11,2586,UA,SFO,10
-6,12,16,2,11,2586,UA,SFO,9
1,12,17,3,11,2586,UA,SFO,8
-1,12,18,4,11,2586,UA,SFO,7
4,12,19,5,11,2586,UA,SFO,6
2,12,20,6,11,2586,UA,SFO,5
1,12,21,7,11,2586,UA,SFO,4
-3,12,22,1,11,2586,UA,SFO,3
0,12,23,2,11,2586,UA,SFO,2
45,12,24,3,11,2586,UA,SFO,1
0,12,25,4,11,2586,UA,SFO,0
0,12,26,5,11,2586,UA,SFO,1
30,12,27,6,11,2586,UA,SFO,2
0,12,28,7,11,2586,UA,SFO,3
-5,12,29,1,11,2586,UA,SFO,4
15,12,30,2,11,2586,UA,SFO,5
-2,12,31,3,11,2586,UA,SFO,6
-1,12,1,1,15,2586,UA,SFO,4
2,12,2,2,15,2586,UA,SFO,5
-2,12,3,3,15,2586,UA,SFO,6
-3,12,4,4,15,2586,UA,SFO,7
-4,12,5,5,15,2586,UA,SFO,8
-8,12,6,6,15,2586,UA,SFO,9
-1,12,7,7,15,2586,UA,SFO,10
-4,12,8,1,15,2586,UA,SFO,11
16,12,9,2,15,2586,UA,SFO,12
14,12,10,3,15,2586,UA,SFO,13
-5,12,11,4,15,2586,UA,SFO,14
61,12,12,5,15,2586,UA,SFO,13
4,12,13,6,15,2586,UA,SFO,12
-2,12,14,7,15,2586,UA,SFO,11
-3,12,15,1,15,2586,UA,SFO,10
105,12,16,2,15,2586,UA,SFO,9
-7,12,17,3,15,2586,UA,SFO,8
0,12,18,4,15,2586,UA,SFO,7
-3,12,19,5,15,2586,UA,SFO,6
8,12,20,6,15,2586,UA,SFO,5
5,12,21,7,15,2586,UA,SFO,4
216,12,22,1,15,2586,UA,SFO,3
9,12,23,2,15,2586,UA,SFO,2
9,12,24,3,14,2586,UA,SFO,1
-1,12,26,5,15,2586,UA,SFO,1
-5,12,27,6,15,2586,UA,SFO,2
0,12,28,7,15,2586,UA,SFO,3
4,12,29,1,15,2586,UA,SFO,4
2,12,30,2,15,2586,UA,SFO,5
3,12,2,2,20,2586,UA,SFO,5
-3,12,3,3,20,2586,UA,SFO,6
-5,12,4,4,20,2586,UA,SFO,7
46,12,5,5,20,2586,UA,SFO,8
-3,12,7,7,20,2586,UA,SFO,10
-4,12,8,1,20,2586,UA,SFO,11
48,12,9,2,20,2586,UA,SFO,12
110,12,10,3,20,2586,UA,SFO,13
82,12,11,4,20,2586,UA,SFO,14
45,12,12,5,20,2586,UA,SFO,13
-1,12,14,7,20,2586,UA,SFO,11
12,12,15,1,20,2586,UA,SFO,10
9,12,16,2,20,2586,UA,SFO,9
0,12,17,3,20,2586,UA,SFO,8
1,12,18,4,20,2586,UA,SFO,7
190,12,19,5,20,2586,UA,SFO,6
112,12,20,6,20,2586,UA,SFO,5
58,12,21,7,20,2586,UA,SFO,4
6,12,22,1,20,2586,UA,SFO,3
0,12,23,2,20,2586,UA,SFO,2
2,12,26,5,20,2586,UA,SFO,1
8,12,27,6,20,2586,UA,SFO,2
-1,12,28,7,20,2586,UA,SFO,3
-6,12,29,1,20,2586,UA,SFO,4
-3,12,30,2,20,2586,UA,SFO,5
24,12,1,1,8,2475,UA,LAX,4
-2,12,2,2,8,2475,UA,LAX,5
-3,12,3,3,8,2475,UA,LAX,6
-5,12,4,4,8,2475,UA,LAX,7
-2,12,5,5,8,2475,UA,LAX,8
47,12,6,6,8,2475,UA,LAX,9
-7,12,7,7,8,2475,UA,LAX,10
-6,12,8,1,8,2475,UA,LAX,11
-5,12,9,2,8,2475,UA,LAX,12
-11,12,10,3,8,2475,UA,LAX,13
-3,12,11,4,8,2475,UA,LAX,14
0,12,12,5,8,2475,UA,LAX,13
-7,12,13,6,8,2475,UA,LAX,12
-7,12,14,7,8,2475,UA,LAX,11
-3,12,15,1,8,2475,UA,LAX,10
0,12,16,2,8,2475,UA,LAX,9
-1,12,17,3,8,2475,UA,LAX,8
-3,12,18,4,8,2475,UA,LAX,7
0,12,19,5,8,2475,UA,LAX,6
9,12,20,6,8,2475,UA,LAX,5
14,12,21,7,8,2475,UA,LAX,4
-3,12,22,1,8,2475,UA,LAX,3
18,12,23,2,8,2475,UA,LAX,2
78,12,24,3,8,2475,UA,LAX,1
-2,12,25,4,8,2475,UA,LAX,0
-5,12,26,5,8,2475,UA,LAX,1
-5,12,27,6,8,2475,UA,LAX,2
-2,12,28,7,8,2475,UA,LAX,3
-5,12,29,1,8,2475,UA,LAX,4
-5,12,30,2,8,2475,UA,LAX,5
0,12,31,3,8,2475,UA,LAX,6
4,12,18,4,17,2475,UA,LAX,7
307,12,19,5,17,2475,UA,LAX,6
3,12,20,6,17,2475,UA,LAX,5
1,12,21,7,17,2475,UA,LAX,4
33,12,22,1,17,2475,UA,LAX,3
7,12,23,2,17,2475,UA,LAX,2
-1,12,24,3,17,2475,UA,LAX,1
-4,12,25,4,17,2475,UA,LAX,0
-5,12,26,5,17,2475,UA,LAX,1
61,12,27,6,17,2475,UA,LAX,2
-3,12,28,7,17,2475,UA,LAX,3
36,12,29,1,17,2475,UA,LAX,4
-4,12,30,2,17,2475,UA,LAX,5
11,12,31,3,17,2475,UA,LAX,6
23,12,1,1,15,2475,UA,LAX,4
2,12,2,2,15,2475,UA,LAX,5
-4,12,3,3,15,2475,UA,LAX,6
-2,12,4,4,15,2475,UA,LAX,7
3,12,5,5,15,2475,UA,LAX,8
-6,12,6,6,15,2475,UA,LAX,9
-5,12,7,7,15,2475,UA,LAX,10
-3,12,8,1,15,2475,UA,LAX,11
-4,12,9,2,15,2475,UA,LAX,12
2,12,10,3,15,2475,UA,LAX,13
4,12,11,4,15,2475,UA,LAX,14
-4,12,12,5,15,2475,UA,LAX,13
13,12,13,6,15,2475,UA,LAX,12
-5,12,14,7,15,2475,UA,LAX,11
-5,12,15,1,15,2475,UA,LAX,10
-3,12,16,2,15,2475,UA,LAX,9
2,12,17,3,15,2475,UA,LAX,8
-1,12,18,4,15,2475,UA,LAX,7
10,12,19,5,15,2475,UA,LAX,6
0,12,20,6,15,2475,UA,LAX,5
0,12,21,7,15,2475,UA,LAX,4
3,12,22,1,15,2475,UA,LAX,3
0,12,23,2,15,2475,UA,LAX,2
4,12,24,3,15,2475,UA,LAX,1
18,12,25,4,15,2475,UA,LAX,0
0,12,26,5,15,2475,UA,LAX,1
-5,12,27,6,15,2475,UA,LAX,2
0,12,28,7,15,2475,UA,LAX,3
-5,12,29,1,15,2475,UA,LAX,4
-3,12,30,2,15,2475,UA,LAX,5
-2,12,1,1,18,2475,UA,LAX,4
132,12,2,2,18,2475,UA,LAX,5
-4,12,3,3,18,2475,UA,LAX,6
46,12,4,4,18,2475,UA,LAX,7
4,12,5,5,18,2475,UA,LAX,8
-2,12,7,7,18,2475,UA,LAX,10
-2,12,8,1,18,2475,UA,LAX,11
-1,12,9,2,18,2475,UA,LAX,12
71,12,10,3,18,2475,UA,LAX,13
50,12,11,4,18,2475,UA,LAX,14
-1,12,12,5,18,2475,UA,LAX,13
-6,12,14,7,18,2475,UA,LAX,11
102,12,15,1,18,2475,UA,LAX,10
44,12,16,2,18,2475,UA,LAX,9
46,12,17,3,18,2475,UA,LAX,8
9,12,18,4,18,2475,UA,LAX,7
12,12,20,6,18,2475,UA,LAX,5
59,12,21,7,18,2475,UA,LAX,4
43,12,22,1,18,2475,UA,LAX,3
1,12,23,2,18,2475,UA,LAX,2
1,12,26,5,18,2475,UA,LAX,1
34,12,27,6,18,2475,UA,LAX,2
-1,12,28,7,18,2475,UA,LAX,3
-6,12,29,1,18,2475,UA,LAX,4
4,12,30,2,18,2475,UA,LAX,5
23,12,1,1,11,2475,UA,LAX,4
1,12,2,2,11,2475,UA,LAX,5
-5,12,3,3,11,2475,UA,LAX,6
-1,12,4,4,11,2475,UA,LAX,7
0,12,5,5,11,2475,UA,LAX,8
-1,12,6,6,11,2475,UA,LAX,9
-1,12,7,7,11,2475,UA,LAX,10
-5,12,8,1,11,2475,UA,LAX,11
-4,12,9,2,11,2475,UA,LAX,12
-8,12,10,3,11,2475,UA,LAX,13
0,12,11,4,11,2475,UA,LAX,14
-6,12,12,5,11,2475,UA,LAX,13
-3,12,13,6,11,2475,UA,LAX,12
0,12,14,7,11,2475,UA,LAX,11
-2,12,15,1,11,2475,UA,LAX,10
0,12,16,2,11,2475,UA,LAX,9
-2,12,17,3,11,2475,UA,LAX,8
-3,12,18,4,11,2475,UA,LAX,7
-3,12,19,5,11,2475,UA,LAX,6
3,12,20,6,11,2475,UA,LAX,5
0,12,21,7,11,2475,UA,LAX,4
0,12,22,1,11,2475,UA,LAX,3
-4,12,23,2,11,2475,UA,LAX,2
6,12,24,3,11,2475,UA,LAX,1
-3,12,25,4,11,2475,UA,LAX,0
-3,12,26,5,11,2475,UA,LAX,1
-1,12,27,6,11,2475,UA,LAX,2
-1,12,28,7,11,2475,UA,LAX,3
-2,12,29,1,11,2475,UA,LAX,4
-2,12,30,2,11,2475,UA,LAX,5
-1,12,31,3,11,2475,UA,LAX,6
0,12,1,1,17,2475,UA,LAX,4
-1,12,2,2,17,2475,UA,LAX,5
-2,12,3,3,17,2475,UA,LAX,6
29,12,4,4,17,2475,UA,LAX,7
9,12,5,5,17,2475,UA,LAX,8
64,12,6,6,17,2475,UA,LAX,9
4,12,7,7,17,2475,UA,LAX,10
-2,12,8,1,17,2475,UA,LAX,11
1,12,9,2,17,2475,UA,LAX,12
6,12,10,3,17,2475,UA,LAX,13
44,12,11,4,17,2475,UA,LAX,14
3,12,12,5,17,2475,UA,LAX,13
-6,12,13,6,17,2475,UA,LAX,12
-2,12,14,7,17,2475,UA,LAX,11
51,12,15,1,17,2475,UA,LAX,10
0,12,16,2,17,2475,UA,LAX,9
46,12,17,3,17,2475,UA,LAX,8
18,12,1,1,17,2586,UA,SFO,4
-7,12,2,2,17,2586,UA,SFO,5
-8,12,3,3,17,2586,UA,SFO,6
0,12,4,4,17,2586,UA,SFO,7
29,12,5,5,17,2586,UA,SFO,8
-3,12,6,6,17,2586,UA,SFO,9
4,12,7,7,17,2586,UA,SFO,10
0,12,8,1,17,2586,UA,SFO,11
-6,12,9,2,17,2586,UA,SFO,12
-4,12,10,3,17,2586,UA,SFO,13
2,12,11,4,17,2586,UA,SFO,14
0,12,12,5,17,2586,UA,SFO,13
9,12,13,6,17,2586,UA,SFO,12
-4,12,14,7,17,2586,UA,SFO,11
28,12,15,1,17,2586,UA,SFO,10
4,12,16,2,17,2586,UA,SFO,9
6,12,17,3,17,2586,UA,SFO,8
13,12,18,4,17,2586,UA,SFO,7
411,12,19,5,17,2586,UA,SFO,6
315,12,20,6,17,2586,UA,SFO,5
2,12,21,7,17,2586,UA,SFO,4
22,12,22,1,17,2586,UA,SFO,3
26,12,23,2,17,2586,UA,SFO,2
-4,12,25,4,17,2586,UA,SFO,0
19,12,26,5,17,2586,UA,SFO,1
1,12,27,6,17,2586,UA,SFO,2
-2,12,28,7,17,2586,UA,SFO,3
-1,12,29,1,17,2586,UA,SFO,4
-4,12,30,2,17,2586,UA,SFO,5
2,12,1,1,6,2475,UA,LAX,4
-6,12,2,2,6,2475,UA,LAX,5
-5,12,3,3,6,2475,UA,LAX,6
-4,12,4,4,6,2475,UA,LAX,7
3,12,5,5,6,2475,UA,LAX,8
16,12,6,6,6,2475,UA,LAX,9
45,12,7,7,6,2475,UA,LAX,10
-6,12,8,1,6,2475,UA,LAX,11
-9,12,9,2,6,2475,UA,LAX,12
-6,12,10,3,6,2475,UA,LAX,13
1,12,11,4,6,2475,UA,LAX,14
-1,12,12,5,6,2475,UA,LAX,13
-1,12,13,6,6,2475,UA,LAX,12
3,12,14,7,6,2475,UA,LAX,11
0,12,15,1,6,2475,UA,LAX,10
3,12,16,2,6,2475,UA,LAX,9
-3,12,17,3,6,2475,UA,LAX,8
-2,12,18,4,6,2475,UA,LAX,7
-2,12,19,5,6,2475,UA,LAX,6
1,12,20,6,6,2475,UA,LAX,5
4,12,21,7,6,2475,UA,LAX,4
-1,12,22,1,6,2475,UA,LAX,3
-4,12,23,2,6,2475,UA,LAX,2
115,12,24,3,6,2475,UA,LAX,1
2,12,25,4,6,2475,UA,LAX,0
5,12,26,5,6,2475,UA,LAX,1
-2,12,27,6,6,2475,UA,LAX,2
3,12,28,7,6,2475,UA,LAX,3
-2,12,29,1,6,2475,UA,LAX,4
-1,12,30,2,6,2475,UA,LAX,5
-2,12,31,3,6,2475,UA,LAX,6
0,12,1,1,8,2586,UA,SFO,4
-2,12,2,2,8,2586,UA,SFO,5
24,12,3,3,8,2586,UA,SFO,6
83,12,4,4,8,2586,UA,SFO,7
-5,12,5,5,8,2586,UA,SFO,8
0,12,6,6,8,2586,UA,SFO,9
3,12,7,7,8,2586,UA,SFO,10
0,12,8,1,8,2586,UA,SFO,11
0,12,9,2,8,2586,UA,SFO,12
-1,12,10,3,8,2586,UA,SFO,13
-3,12,11,4,8,2586,UA,SFO,14
36,12,12,5,8,2586,UA,SFO,13
-2,12,13,6,8,2586,UA,SFO,12
-3,12,14,7,8,2586,UA,SFO,11
0,12,15,1,8,2586,UA,SFO,10
20,12,16,2,8,2586,UA,SFO,9
-2,12,17,3,8,2586,UA,SFO,8
2,12,18,4,8,2586,UA,SFO,7
-8,12,19,5,8,2586,UA,SFO,6
2,12,20,6,8,2586,UA,SFO,5
3,12,21,7,8,2586,UA,SFO,4
-1,12,22,1,8,2586,UA,SFO,3
-1,12,23,2,8,2586,UA,SFO,2
17,12,24,3,8,2586,UA,SFO,1
-1,12,25,4,8,2586,UA,SFO,0
-5,12,26,5,8,2586,UA,SFO,1
0,12,27,6,8,2586,UA,SFO,2
1,12,28,7,8,2586,UA,SFO,3
-2,12,29,1,8,2586,UA,SFO,4
1,12,30,2,8,2586,UA,SFO,5
-6,12,31,3,8,2586,UA,SFO,6
5,12,1,1,9,541,US,CLT,4
-2,12,1,1,7,2248,US,LAS,4
17,12,1,1,17,2248,US,LAS,4
-1,12,1,1,6,2153,US,PHX,4
49,12,1,1,15,2153,US,PHX,4
7,12,1,1,9,2153,US,PHX,4
-6,12,2,2,9,541,US,CLT,5
-3,12,2,2,7,2248,US,LAS,5
26,12,2,2,17,2248,US,LAS,5
3,12,2,2,6,2153,US,PHX,5
64,12,2,2,15,2153,US,PHX,5
9,12,2,2,9,2153,US,PHX,5
-5,12,3,3,9,541,US,CLT,6
1,12,3,3,7,2248,US,LAS,6
-4,12,3,3,17,2248,US,LAS,6
4,12,3,3,9,2153,US,PHX,6
37,12,3,3,15,2153,US,PHX,6
-8,12,4,4,9,541,US,CLT,7
-7,12,4,4,7,2248,US,LAS,7
-1,12,4,4,17,2248,US,LAS,7
-7,12,4,4,6,2153,US,PHX,7
3,12,4,4,9,2153,US,PHX,7
-5,12,4,4,15,2153,US,PHX,7
-5,12,5,5,9,541,US,CLT,8
0,12,5,5,7,2248,US,LAS,8
32,12,5,5,17,2248,US,LAS,8
-5,12,5,5,6,2153,US,PHX,8
-7,12,5,5,9,2153,US,PHX,8
0,12,5,5,15,2153,US,PHX,8
1,12,6,6,7,2248,US,LAS,9
7,12,6,6,17,2248,US,LAS,9
9,12,6,6,6,2153,US,PHX,9
1,12,6,6,9,2153,US,PHX,9
-1,12,7,7,9,541,US,CLT,10
-2,12,7,7,7,2248,US,LAS,10
-9,12,7,7,17,2248,US,LAS,10
0,12,7,7,6,2153,US,PHX,10
2,12,7,7,9,2153,US,PHX,10
0,12,7,7,15,2153,US,PHX,10
-4,12,8,1,9,541,US,CLT,11
9,12,8,1,7,2248,US,LAS,11
-8,12,8,1,17,2248,US,LAS,11
-2,12,8,1,6,2153,US,PHX,11
-1,12,8,1,9,2153,US,PHX,11
-6,12,8,1,15,2153,US,PHX,11
-8,12,9,2,9,541,US,CLT,12
-4,12,9,2,7,2248,US,LAS,12
-9,12,9,2,17,2248,US,LAS,12
-7,12,9,2,6,2153,US,PHX,12
-3,12,9,2,9,2153,US,PHX,12
-8,12,9,2,15,2153,US,PHX,12
-8,12,10,3,9,541,US,CLT,13
-5,12,10,3,7,2248,US,LAS,13
44,12,10,3,17,2248,US,LAS,13
-11,12,10,3,6,2153,US,PHX,13
-6,12,10,3,9,2153,US,PHX,13
32,12,10,3,15,2153,US,PHX,13
-3,12,11,4,9,541,US,CLT,14
-6,12,11,4,7,2248,US,LAS,14
67,12,11,4,17,2248,US,LAS,14
-5,12,11,4,6,2153,US,PHX,14
5,12,11,4,9,2153,US,PHX,14
62,12,11,4,15,2153,US,PHX,14
-8,12,12,5,9,541,US,CLT,13
55,12,12,5,7,2248,US,LAS,13
-6,12,12,5,17,2248,US,LAS,13
-10,12,12,5,6,2153,US,PHX,13
-8,12,12,5,9,2153,US,PHX,13
-1,12,12,5,15,2153,US,PHX,13
-8,12,13,6,9,541,US,CLT,12
-5,12,13,6,7,2248,US,LAS,12
-7,12,13,6,17,2248,US,LAS,12
-6,12,13,6,6,2153,US,PHX,12
-3,12,13,6,9,2153,US,PHX,12
-2,12,14,7,9,541,US,CLT,11
-9,12,14,7,7,2248,US,LAS,11
-11,12,14,7,17,2248,US,LAS,11
-3,12,14,7,6,2153,US,PHX,11
-2,12,14,7,9,2153,US,PHX,11
1,12,14,7,15,2153,US,PHX,11
-3,12,15,1,9,541,US,CLT,10
26,12,15,1,7,2248,US,LAS,10
-6,12,15,1,17,2248,US,LAS,10
-8,12,15,1,6,2153,US,PHX,10
-3,12,15,1,9,2153,US,PHX,10
72,12,15,1,15,2153,US,PHX,10
-5,12,16,2,9,541,US,CLT,9
-2,12,16,2,7,2248,US,LAS,9
4,12,16,2,17,2248,US,LAS,9
-2,12,16,2,6,2153,US,PHX,9
-2,12,16,2,9,2153,US,PHX,9
57,12,16,2,15,2153,US,PHX,9
-5,12,17,3,9,541,US,CLT,8
-9,12,17,3,7,2248,US,LAS,8
7,12,17,3,17,2248,US,LAS,8
6,12,17,3,6,2153,US,PHX,8
0,12,17,3,9,2153,US,PHX,8
19,12,17,3,15,2153,US,PHX,8
11,12,18,4,9,541,US,CLT,7
57,12,18,4,7,2248,US,LAS,7
2,12,18,4,17,2248,US,LAS,7
18,12,18,4,6,2153,US,PHX,7
16,12,18,4,15,2153,US,PHX,7
5,12,18,4,9,2153,US,PHX,7
18,12,19,5,9,541,US,CLT,6
6,12,19,5,7,2248,US,LAS,6
23,12,19,5,6,2153,US,PHX,6
28,12,19,5,9,2153,US,PHX,6
110,12,20,6,9,541,US,CLT,5
195,12,20,6,7,2248,US,LAS,5
48,12,20,6,17,2248,US,LAS,5
50,12,20,6,6,2153,US,PHX,5
91,12,20,6,9,2153,US,PHX,5
409,12,20,6,15,2153,US,PHX,5
7,12,21,7,9,541,US,CLT,4
25,12,21,7,17,2248,US,LAS,4
17,12,21,7,6,2153,US,PHX,4
33,12,21,7,15,2153,US,PHX,4
10,12,21,7,9,2153,US,PHX,4
43,12,22,1,9,541,US,CLT,3
124,12,22,1,7,2248,US,LAS,3
34,12,22,1,17,2248,US,LAS,3
11,12,22,1,6,2153,US,PHX,3
50,12,22,1,15,2153,US,PHX,3
31,12,22,1,9,2153,US,PHX,3
27,12,23,2,9,541,US,CLT,2
21,12,23,2,7,2248,US,LAS,2
1,12,23,2,17,2248,US,LAS,2
10,12,23,2,6,2153,US,PHX,2
8,12,23,2,15,2153,US,PHX,2
18,12,23,2,9,2153,US,PHX,2
18,12,24,3,9,541,US,CLT,1
8,12,24,3,7,2248,US,LAS,1
216,12,24,3,17,2248,US,LAS,1
7,12,24,3,6,2153,US,PHX,1
303,12,24,3,15,2153,US,PHX,1
17,12,24,3,9,2153,US,PHX,1
10,12,25,4,9,541,US,CLT,0
11,12,25,4,7,2248,US,LAS,0
2,12,25,4,17,2248,US,LAS,0
1,12,25,4,15,2153,US,PHX,0
5,12,25,4,9,2153,US,PHX,0
0,12,26,5,9,541,US,CLT,1
11,12,26,5,7,2248,US,LAS,1
0,12,26,5,17,2248,US,LAS,1
5,12,26,5,6,2153,US,PHX,1
5,12,26,5,15,2153,US,PHX,1
-2,12,26,5,9,2153,US,PHX,1
17,12,27,6,9,541,US,CLT,2
8,12,27,6,7,2248,US,LAS,2
24,12,27,6,17,2248,US,LAS,2
0,12,27,6,6,2153,US,PHX,2
81,12,27,6,15,2153,US,PHX,2
10,12,27,6,9,2153,US,PHX,2
24,12,28,7,9,541,US,CLT,3
3,12,28,7,7,2248,US,LAS,3
6,12,28,7,17,2248,US,LAS,3
98,12,28,7,6,2153,US,PHX,3
34,12,28,7,15,2153,US,PHX,3
-3,12,28,7,9,2153,US,PHX,3
12,12,29,1,9,541,US,CLT,4
12,12,29,1,7,2248,US,LAS,4
38,12,29,1,17,2248,US,LAS,4
24,12,29,1,6,2153,US,PHX,4
-4,12,29,1,15,2153,US,PHX,4
7,12,29,1,9,2153,US,PHX,4
5,12,30,2,9,541,US,CLT,5
5,12,30,2,7,2248,US,LAS,5
-2,12,30,2,17,2248,US,LAS,5
4,12,30,2,6,2153,US,PHX,5
25,12,30,2,15,2153,US,PHX,5
18,12,30,2,9,2153,US,PHX,5
3,12,31,3,9,541,US,CLT,6
1,12,31,3,7,2248,US,LAS,6
21,12,31,3,17,2248,US,LAS,6
21,12,31,3,6,2153,US,PHX,6
53,12,31,3,9,2153,US,PHX,6
-4,12,13,6,8,1069,DL,FLL,12
1,12,13,6,8,944,DL,MCO,12
-2,12,13,6,20,944,DL,MCO,12
16,12,13,6,10,1090,DL,MIA,12
-5,12,13,6,13,1005,DL,TPA,12
36,12,13,6,18,1005,DL,TPA,12
-5,12,14,7,13,944,DL,MCO,11
6,12,14,7,8,2475,DL,LAX,11
-3,12,14,7,16,187,DL,BOS,11
40,12,14,7,19,2586,DL,SFO,11
4,12,14,7,16,2475,DL,LAX,11
0,12,14,7,13,2475,DL,LAX,11
39,12,14,7,20,2475,DL,LAX,11
-3,12,14,7,8,1090,DL,MIA,11
5,12,14,7,19,1090,DL,MIA,11
121,12,14,7,15,1989,DL,SLC,11
-4,12,14,7,16,944,DL,MCO,11
-3,12,14,7,19,1069,DL,FLL,11
0,12,14,7,16,2446,DL,SAN,11
40,12,14,7,16,2586,DL,SFO,11
15,12,14,7,18,2475,DL,LAX,11
-3,12,14,7,16,589,DL,CVG,11
2,12,14,7,17,2248,DL,LAS,11
-5,12,14,7,17,2421,DL,SEA,11
1,12,14,7,18,760,DL,ATL,11
-5,12,14,7,13,1069,DL,FLL,11
3,12,14,7,18,1626,DL,DEN,11
1,12,14,7,8,760,DL,ATL,11
4,12,14,7,16,760,DL,ATL,11
-2,12,14,7,8,1597,DL,SJU,11
-4,12,14,7,11,2475,DL,LAX,11
0,12,14,7,8,2248,DL,LAS,11
-4,12,14,7,9,2248,DL,LAS,11
-3,12,14,7,20,2248,DL,LAS,11
-4,12,14,7,8,2421,DL,SEA,11
3,12,14,7,19,2421,DL,SEA,11
0,12,14,7,17,2153,DL,PHX,11
-3,12,14,7,19,2454,DL,PDX,11
0,12,14,7,7,1989,DL,SLC,11
16,12,14,7,9,1989,DL,SLC,11
76,12,14,7,13,760,DL,ATL,11
-4,12,14,7,6,760,DL,ATL,11
3,12,14,7,19,1989,DL,SLC,11
-3,12,14,7,8,1069,DL,FLL,11
-1,12,14,7,10,1069,DL,FLL,11
-5,12,14,7,8,944,DL,MCO,11
-1,12,14,7,20,944,DL,MCO,11
2,12,14,7,10,1090,DL,MIA,11
-4,12,14,7,13,1005,DL,TPA,11
44,12,14,7,18,1005,DL,TPA,11
3,12,15,1,13,944,DL,MCO,10
7,12,15,1,8,2475,DL,LAX,10
-4,12,15,1,16,187,DL,BOS,10
22,12,15,1,19,2586,DL,SFO,10
0,12,15,1,16,2475,DL,LAX,10
4,12,15,1,13,2475,DL,LAX,10
85,12,15,1,20,2475,DL,LAX,10
-2,12,15,1,8,1090,DL,MIA,10
26,12,15,1,19,1090,DL,MIA,10
5,12,15,1,15,1989,DL,SLC,10
-5,12,15,1,16,944,DL,MCO,10
-3,12,15,1,19,1069,DL,FLL,10
-4,12,15,1,16,2446,DL,SAN,10
-7,12,15,1,8,2586,DL,SFO,10
-5,12,15,1,16,2586,DL,SFO,10
0,12,15,1,18,2475,DL,LAX,10
-4,12,15,1,17,2248,DL,LAS,10
-4,12,15,1,17,2421,DL,SEA,10
2,12,15,1,18,760,DL,ATL,10
0,12,15,1,13,1069,DL,FLL,10
-2,12,15,1,18,1626,DL,DEN,10
-3,12,15,1,8,760,DL,ATL,10
-4,12,15,1,16,760,DL,ATL,10
36,12,15,1,8,1597,DL,SJU,10
1,12,15,1,7,2475,DL,LAX,10
-5,12,15,1,11,2475,DL,LAX,10
1,12,15,1,8,2586,DL,SFO,10
12,12,15,1,9,2248,DL,LAS,10
-2,12,15,1,20,2248,DL,LAS,10
0,12,15,1,8,2421,DL,SEA,10
5,12,15,1,19,2421,DL,SEA,10
-3,12,15,1,17,2153,DL,PHX,10
-4,12,15,1,19,2454,DL,PDX,10
-5,12,15,1,7,1989,DL,SLC,10
1,12,15,1,9,1989,DL,SLC,10
1,12,15,1,15,760,DL,ATL,10
-2,12,15,1,6,760,DL,ATL,10
13,12,15,1,19,1989,DL,SLC,10
-2,12,15,1,8,1069,DL,FLL,10
-6,12,15,1,10,1069,DL,FLL,10
-1,12,15,1,8,944,DL,MCO,10
119,12,15,1,20,944,DL,MCO,10
-5,12,15,1,10,1090,DL,MIA,10
10,12,15,1,13,1005,DL,TPA,10
-2,12,15,1,18,1005,DL,TPA,10
-2,12,16,2,13,944,DL,MCO,9
-3,12,16,2,8,2475,DL,LAX,9
-1,12,16,2,16,187,DL,BOS,9
-2,12,16,2,19,2586,DL,SFO,9
38,12,16,2,16,2475,DL,LAX,9
-1,12,16,2,13,2475,DL,LAX,9
89,12,16,2,20,2475,DL,LAX,9
4,12,16,2,19,1090,DL,MIA,9
60,12,16,2,15,1989,DL,SLC,9
22,12,16,2,16,944,DL,MCO,9
-4,12,16,2,19,1069,DL,FLL,9
17,12,16,2,16,2446,DL,SAN,9
1,12,16,2,16,2586,DL,SFO,9
1,12,16,2,18,2475,DL,LAX,9
-8,12,16,2,16,589,DL,CVG,9
1,12,16,2,17,2248,DL,LAS,9
1,12,16,2,17,2421,DL,SEA,9
4,12,16,2,18,760,DL,ATL,9
0,12,16,2,13,1069,DL,FLL,9
27,12,16,2,18,1626,DL,DEN,9
-4,12,16,2,8,760,DL,ATL,9
-5,12,16,2,16,760,DL,ATL,9
-5,12,16,2,8,1597,DL,SJU,9
-1,12,16,2,7,2475,DL,LAX,9
11,12,16,2,11,2475,DL,LAX,9
-5,12,16,2,8,2248,DL,LAS,9
-5,12,16,2,9,2248,DL,LAS,9
1,12,16,2,8,2421,DL,SEA,9
11,12,16,2,19,2421,DL,SEA,9
-1,12,16,2,17,2153,DL,PHX,9
42,12,16,2,19,2454,DL,PDX,9
0,12,16,2,7,1989,DL,SLC,9
-9,12,16,2,9,1989,DL,SLC,9
55,12,16,2,13,760,DL,ATL,9
4,12,16,2,6,760,DL,ATL,9
0,12,16,2,19,1989,DL,SLC,9
-4,12,16,2,8,1069,DL,FLL,9
-7,12,16,2,8,944,DL,MCO,9
39,12,16,2,20,944,DL,MCO,9
-1,12,16,2,10,1090,DL,MIA,9
7,12,16,2,13,1005,DL,TPA,9
54,12,16,2,18,1005,DL,TPA,9
7,12,17,3,13,944,DL,MCO,8
0,12,17,3,8,2475,DL,LAX,8
58,12,17,3,16,187,DL,BOS,8
-2,12,17,3,19,2586,DL,SFO,8
17,12,17,3,16,2475,DL,LAX,8
23,12,17,3,13,2475,DL,LAX,8
5,12,17,3,20,2475,DL,LAX,8
11,12,17,3,18,1090,DL,MIA,8
26,12,17,3,15,1989,DL,SLC,8
217,12,17,3,16,944,DL,MCO,8
3,12,17,3,19,1069,DL,FLL,8
-4,12,17,3,16,2446,DL,SAN,8
8,12,17,3,8,2586,DL,SFO,8
20,12,17,3,16,2586,DL,SFO,8
20,12,17,3,18,2475,DL,LAX,8
63,12,17,3,16,589,DL,CVG,8
18,12,17,3,17,2248,DL,LAS,8
13,12,17,3,17,2421,DL,SEA,8
0,12,17,3,18,760,DL,ATL,8
-5,12,17,3,13,1069,DL,FLL,8
3,12,17,3,18,1626,DL,DEN,8
3,12,17,3,8,760,DL,ATL,8
17,12,17,3,16,760,DL,ATL,8
-4,12,17,3,8,1597,DL,SJU,8
-2,12,17,3,7,2475,DL,LAX,8
5,12,17,3,11,2475,DL,LAX,8
-4,12,17,3,8,2586,DL,SFO,8
-4,12,17,3,8,2248,DL,LAS,8
0,12,17,3,9,2248,DL,LAS,8
10,12,17,3,8,2421,DL,SEA,8
11,12,17,3,19,2421,DL,SEA,8
23,12,17,3,17,2153,DL,PHX,8
10,12,17,3,19,2454,DL,PDX,8
-3,12,17,3,7,1989,DL,SLC,8
-3,12,17,3,9,1989,DL,SLC,8
5,12,17,3,13,760,DL,ATL,8
0,12,17,3,6,760,DL,ATL,8
12,12,17,3,19,1989,DL,SLC,8
14,12,17,3,8,1069,DL,FLL,8
-2,12,17,3,8,944,DL,MCO,8
20,12,17,3,20,944,DL,MCO,8
4,12,17,3,10,1090,DL,MIA,8
8,12,17,3,13,1005,DL,TPA,8
-5,12,17,3,18,1005,DL,TPA,8
-3,12,18,4,13,944,DL,MCO,7
5,12,18,4,8,2475,DL,LAX,7
-6,12,18,4,16,187,DL,BOS,7
21,12,18,4,19,2586,DL,SFO,7
0,12,18,4,16,2475,DL,LAX,7
26,12,18,4,13,2475,DL,LAX,7
-2,12,18,4,8,1090,DL,MIA,7
-5,12,18,4,18,1090,DL,MIA,7
-3,12,18,4,15,1989,DL,SLC,7
-6,12,18,4,16,944,DL,MCO,7
13,12,18,4,19,1069,DL,FLL,7
8,12,18,4,16,2446,DL,SAN,7
13,12,18,4,16,2586,DL,SFO,7
8,12,18,4,18,2475,DL,LAX,7
6,12,18,4,17,589,DL,CVG,7
-5,12,18,4,16,2248,DL,LAS,7
7,12,18,4,16,2421,DL,SEA,7
6,12,18,4,18,760,DL,ATL,7
1,12,18,4,15,1069,DL,FLL,7
-1,12,18,4,18,1626,DL,DEN,7
-1,12,18,4,8,760,DL,ATL,7
10,12,18,4,16,760,DL,ATL,7
12,12,18,4,8,1597,DL,SJU,7
0,12,18,4,7,2475,DL,LAX,7
-5,12,18,4,11,2475,DL,LAX,7
-3,12,18,4,8,2248,DL,LAS,7
-4,12,18,4,9,2248,DL,LAS,7
41,12,18,4,20,2248,DL,LAS,7
-1,12,18,4,8,2421,DL,SEA,7
15,12,18,4,19,2421,DL,SEA,7
11,12,18,4,16,2153,DL,PHX,7
-5,12,18,4,19,2454,DL,PDX,7
16,12,18,4,6,1989,DL,SLC,7
-5,12,18,4,9,1989,DL,SLC,7
16,12,18,4,13,760,DL,ATL,7
-4,12,18,4,6,760,DL,ATL,7
0,12,18,4,19,1989,DL,SLC,7
0,12,18,4,8,1069,DL,FLL,7
-6,12,18,4,8,944,DL,MCO,7
8,12,18,4,20,944,DL,MCO,7
0,12,18,4,10,1090,DL,MIA,7
29,12,18,4,13,1005,DL,TPA,7
1,12,18,4,18,1005,DL,TPA,7
70,12,19,5,13,944,DL,MCO,6
7,12,19,5,8,2475,DL,LAX,6
128,12,19,5,19,2586,DL,SFO,6
15,12,19,5,13,2475,DL,LAX,6
148,12,19,5,8,1090,DL,MIA,6
1,12,19,5,16,1989,DL,SLC,6
203,12,19,5,19,1069,DL,FLL,6
4,12,19,5,16,2446,DL,SAN,6
30,12,19,5,8,2586,DL,SFO,6
202,12,19,5,18,2475,DL,LAX,6
106,12,19,5,17,589,DL,CVG,6
55,12,19,5,16,2248,DL,LAS,6
46,12,19,5,16,2421,DL,SEA,6
109,12,19,5,18,760,DL,ATL,6
170,12,19,5,18,1626,DL,DEN,6
-1,12,19,5,8,760,DL,ATL,6
15,12,19,5,16,760,DL,ATL,6
-4,12,19,5,8,1597,DL,SJU,6
-5,12,19,5,7,2475,DL,LAX,6
0,12,19,5,11,2475,DL,LAX,6
-1,12,19,5,8,2586,DL,SFO,6
-4,12,19,5,8,2248,DL,LAS,6
-4,12,19,5,9,2248,DL,LAS,6
154,12,19,5,20,2248,DL,LAS,6
3,12,19,5,8,2421,DL,SEA,6
72,12,19,5,19,2421,DL,SEA,6
170,12,19,5,19,2454,DL,PDX,6
-4,12,19,5,6,1989,DL,SLC,6
-3,12,19,5,9,1989,DL,SLC,6
112,12,19,5,13,760,DL,ATL,6
-2,12,19,5,6,760,DL,ATL,6
177,12,19,5,19,1989,DL,SLC,6
-2,12,19,5,8,1069,DL,FLL,6
-5,12,19,5,8,944,DL,MCO,6
322,12,19,5,20,944,DL,MCO,6
0,12,19,5,10,1090,DL,MIA,6
55,12,19,5,13,1005,DL,TPA,6
79,12,20,6,13,944,DL,MCO,5
110,12,20,6,8,2475,DL,LAX,5
382,12,20,6,19,2586,DL,SFO,5
5,12,20,6,16,2475,DL,LAX,5
31,12,20,6,13,2475,DL,LAX,5
105,12,20,6,8,1090,DL,MIA,5
46,12,20,6,19,1090,DL,MIA,5
93,12,20,6,15,1989,DL,SLC,5
40,12,20,6,16,944,DL,MCO,5
258,12,20,6,19,1069,DL,FLL,5
218,12,20,6,16,2446,DL,SAN,5
4,12,20,6,8,2586,DL,SFO,5
16,12,20,6,16,2586,DL,SFO,5
25,12,20,6,18,2475,DL,LAX,5
383,12,20,6,17,589,DL,CVG,5
134,12,20,6,16,2248,DL,LAS,5
15,12,20,6,16,2421,DL,SEA,5
177,12,20,6,18,760,DL,ATL,5
113,12,20,6,19,1626,DL,DEN,5
189,12,20,6,8,760,DL,ATL,5
200,12,20,6,16,760,DL,ATL,5
195,12,20,6,8,1597,DL,SJU,5
50,12,20,6,8,1623,DL,STT,5
58,12,20,6,8,2248,DL,LAS,5
115,12,20,6,20,2248,DL,LAS,5
252,12,20,6,19,2421,DL,SEA,5
55,12,20,6,16,2153,DL,PHX,5
45,12,20,6,6,1989,DL,SLC,5
178,12,20,6,9,1989,DL,SLC,5
24,12,20,6,13,760,DL,ATL,5
15,12,20,6,6,760,DL,ATL,5
177,12,20,6,19,1989,DL,SLC,5
70,12,20,6,8,1069,DL,FLL,5
33,12,20,6,8,944,DL,MCO,5
385,12,20,6,20,944,DL,MCO,5
335,12,20,6,10,1090,DL,MIA,5
0,12,20,6,13,1005,DL,TPA,5
131,12,20,6,19,1005,DL,TPA,5
161,12,21,7,13,944,DL,MCO,4
33,12,21,7,8,2475,DL,LAX,4
123,12,21,7,16,187,DL,BOS,4
56,12,21,7,19,2586,DL,SFO,4
90,12,21,7,16,2475,DL,LAX,4
14,12,21,7,13,2475,DL,LAX,4
25,12,21,7,7,1090,DL,MIA,4
18,12,21,7,19,1090,DL,MIA,4
30,12,21,7,16,1989,DL,SLC,4
80,12,21,7,16,944,DL,MCO,4
0,12,21,7,19,1069,DL,FLL,4
87,12,21,7,17,2446,DL,SAN,4
122,12,21,7,16,2586,DL,SFO,4
28,12,21,7,18,2475,DL,LAX,4
-2,12,21,7,17,589,DL,CVG,4
0,12,21,7,16,2248,DL,LAS,4
249,12,21,7,16,2421,DL,SEA,4
8,12,21,7,18,760,DL,ATL,4
25,12,21,7,15,1069,DL,FLL,4
0,12,21,7,18,1626,DL,DEN,4
48,12,21,7,8,760,DL,ATL,4
560,12,21,7,16,760,DL,ATL,4
21,12,21,7,8,1597,DL,SJU,4
15,12,21,7,8,1623,DL,STT,4
42,12,21,7,11,2475,DL,LAX,4
33,12,21,7,8,2248,DL,LAS,4
3,12,21,7,9,2248,DL,LAS,4
-1,12,21,7,20,2248,DL,LAS,4
23,12,21,7,8,2421,DL,SEA,4
24,12,21,7,19,2421,DL,SEA,4
0,12,21,7,16,2153,DL,PHX,4
0,12,21,7,19,2454,DL,PDX,4
11,12,21,7,6,1989,DL,SLC,4
55,12,21,7,9,1989,DL,SLC,4
35,12,21,7,13,760,DL,ATL,4
14,12,21,7,6,760,DL,ATL,4
6,12,21,7,19,1989,DL,SLC,4
33,12,21,7,7,1069,DL,FLL,4
48,12,21,7,20,944,DL,MCO,4
2,12,21,7,10,1090,DL,MIA,4
58,12,21,7,13,1005,DL,TPA,4
17,12,21,7,18,1005,DL,TPA,4
21,12,22,1,13,944,DL,MCO,3
0,12,22,1,8,2475,DL,LAX,3
30,12,22,1,16,187,DL,BOS,3
7,12,22,1,19,2586,DL,SFO,3
159,12,22,1,16,2475,DL,LAX,3
13,12,22,1,13,2475,DL,LAX,3
152,12,22,1,19,1090,DL,MIA,3
6,12,22,1,15,1989,DL,SLC,3
6,12,22,1,16,944,DL,MCO,3
12,12,22,1,19,1069,DL,FLL,3
13,12,22,1,16,2446,DL,SAN,3
20,12,22,1,8,2586,DL,SFO,3
0,12,22,1,16,2586,DL,SFO,3
33,12,22,1,18,2475,DL,LAX,3
9,12,22,1,17,589,DL,CVG,3
77,12,22,1,16,2248,DL,LAS,3
38,12,22,1,16,2421,DL,SEA,3
91,12,22,1,18,760,DL,ATL,3
28,12,22,1,15,1069,DL,FLL,3
68,12,22,1,18,1626,DL,DEN,3
11,12,22,1,8,760,DL,ATL,3
26,12,22,1,16,760,DL,ATL,3
236,12,22,1,8,1597,DL,SJU,3
1,12,22,1,7,2475,DL,LAX,3
-4,12,22,1,11,2475,DL,LAX,3
-1,12,22,1,8,2586,DL,SFO,3
5,12,22,1,8,2248,DL,LAS,3
26,12,22,1,9,2248,DL,LAS,3
12,12,22,1,20,2248,DL,LAS,3
14,12,22,1,8,2421,DL,SEA,3
45,12,22,1,19,2421,DL,SEA,3
12,12,22,1,16,2153,DL,PHX,3
19,12,22,1,6,1989,DL,SLC,3
25,12,22,1,9,1989,DL,SLC,3
17,12,22,1,13,760,DL,ATL,3
14,12,22,1,6,760,DL,ATL,3
19,12,22,1,19,1989,DL,SLC,3
10,12,22,1,8,1069,DL,FLL,3
5,12,22,1,8,944,DL,MCO,3
39,12,22,1,20,944,DL,MCO,3
-6,12,22,1,10,1090,DL,MIA,3
30,12,22,1,13,1005,DL,TPA,3
15,12,22,1,18,1005,DL,TPA,3
-5,12,23,2,13,944,DL,MCO,2
17,12,23,2,8,2475,DL,LAX,2
-3,12,23,2,16,187,DL,BOS,2
-2,12,23,2,19,2586,DL,SFO,2
56,12,23,2,16,2475,DL,LAX,2
0,12,23,2,13,2475,DL,LAX,2
-4,12,23,2,8,1090,DL,MIA,2
52,12,23,2,19,1090,DL,MIA,2
21,12,23,2,16,1989,DL,SLC,2
32,12,23,2,16,944,DL,MCO,2
1,12,23,2,19,1069,DL,FLL,2
45,12,23,2,16,2446,DL,SAN,2
33,12,23,2,16,2586,DL,SFO,2
-1,12,23,2,18,2475,DL,LAX,2
-3,12,23,2,17,589,DL,CVG,2
3,12,23,2,16,2248,DL,LAS,2
3,12,23,2,16,2421,DL,SEA,2
13,12,23,2,18,760,DL,ATL,2
24,12,23,2,15,1069,DL,FLL,2
21,12,23,2,18,1626,DL,DEN,2
45,12,23,2,8,760,DL,ATL,2
48,12,23,2,16,760,DL,ATL,2
30,12,23,2,8,1597,DL,SJU,2
-6,12,23,2,7,2475,DL,LAX,2
-5,12,23,2,11,2475,DL,LAX,2
20,12,23,2,8,2248,DL,LAS,2
4,12,23,2,9,2248,DL,LAS,2
-4,12,23,2,20,2248,DL,LAS,2
-1,12,23,2,8,2421,DL,SEA,2
4,12,23,2,19,2421,DL,SEA,2
3,12,23,2,16,2153,DL,PHX,2
5,12,23,2,19,2454,DL,PDX,2
20,12,23,2,6,1989,DL,SLC,2
9,12,23,2,9,1989,DL,SLC,2
0,12,23,2,13,760,DL,ATL,2
-1,12,23,2,6,760,DL,ATL,2
23,12,23,2,19,1989,DL,SLC,2
-3,12,23,2,8,1069,DL,FLL,2
4,12,23,2,8,944,DL,MCO,2
14,12,23,2,20,944,DL,MCO,2
-3,12,23,2,10,1090,DL,MIA,2
-6,12,23,2,13,1005,DL,TPA,2
-6,12,23,2,18,1005,DL,TPA,2
-5,12,24,3,13,944,DL,MCO,1
18,12,24,3,8,2475,DL,LAX,1
196,12,24,3,16,187,DL,BOS,1
-5,12,24,3,19,2586,DL,SFO,1
0,12,24,3,16,2475,DL,LAX,1
17,12,24,3,13,2475,DL,LAX,1
-4,12,24,3,8,1090,DL,MIA,1
-5,12,24,3,18,1090,DL,MIA,1
-4,12,24,3,16,1989,DL,SLC,1
7,12,24,3,16,944,DL,MCO,1
7,12,24,3,19,1069,DL,FLL,1
34,12,24,3,16,2446,DL,SAN,1
5,12,24,3,8,2586,DL,SFO,1
10,12,24,3,18,2475,DL,LAX,1
5,12,24,3,17,589,DL,CVG,1
-2,12,24,3,16,2248,DL,LAS,1
17,12,24,3,18,760,DL,ATL,1
47,12,24,3,15,1069,DL,FLL,1
36,12,24,3,18,1626,DL,DEN,1
0,12,24,3,8,760,DL,ATL,1
40,12,24,3,16,760,DL,ATL,1
8,12,24,3,8,1597,DL,SJU,1
-2,12,24,3,7,2475,DL,LAX,1
-2,12,24,3,11,2475,DL,LAX,1
13,12,24,3,8,2586,DL,SFO,1
-4,12,24,3,8,2248,DL,LAS,1
3,12,24,3,9,2248,DL,LAS,1
14,12,24,3,8,2421,DL,SEA,1
-5,12,24,3,19,2421,DL,SEA,1
3,12,24,3,16,2153,DL,PHX,1
-5,12,24,3,19,2454,DL,PDX,1
-1,12,24,3,6,1989,DL,SLC,1
-3,12,24,3,9,1989,DL,SLC,1
6,12,24,3,13,760,DL,ATL,1
-3,12,24,3,6,760,DL,ATL,1
0,12,24,3,8,1069,DL,FLL,1
-4,12,24,3,8,944,DL,MCO,1
-3,12,24,3,20,944,DL,MCO,1
-2,12,24,3,10,1090,DL,MIA,1
6,12,24,3,13,1005,DL,TPA,1
-1,12,24,3,18,1005,DL,TPA,1
19,12,25,4,13,944,DL,MCO,0
-1,12,25,4,8,2475,DL,LAX,0
-2,12,25,4,16,187,DL,BOS,0
-1,12,25,4,16,2475,DL,LAX,0
15,12,25,4,13,2475,DL,LAX,0
-6,12,25,4,8,1090,DL,MIA,0
-5,12,25,4,18,1090,DL,MIA,0
-2,12,25,4,16,1989,DL,SLC,0
-3,12,25,4,16,944,DL,MCO,0
-1,12,25,4,19,1069,DL,FLL,0
-2,12,25,4,16,2446,DL,SAN,0
-2,12,25,4,16,2586,DL,SFO,0
23,12,25,4,18,2475,DL,LAX,0
-2,12,25,4,17,589,DL,CVG,0
-6,12,25,4,16,2248,DL,LAS,0
-5,12,25,4,16,2421,DL,SEA,0
-1,12,25,4,18,760,DL,ATL,0
-1,12,25,4,15,1069,DL,FLL,0
-4,12,25,4,18,1626,DL,DEN,0
4,12,25,4,8,760,DL,ATL,0
25,12,25,4,16,760,DL,ATL,0
-7,12,25,4,8,1597,DL,SJU,0
93,12,25,4,11,2475,DL,LAX,0
-2,12,25,4,8,2248,DL,LAS,0
0,12,25,4,20,2248,DL,LAS,0
0,12,25,4,8,2421,DL,SEA,0
-4,12,25,4,16,2153,DL,PHX,0
4,12,25,4,19,2454,DL,PDX,0
0,12,25,4,6,1989,DL,SLC,0
11,12,25,4,9,1989,DL,SLC,0
7,12,25,4,13,760,DL,ATL,0
-4,12,25,4,6,760,DL,ATL,0
8,12,25,4,19,1989,DL,SLC,0
0,12,25,4,8,1069,DL,FLL,0
0,12,25,4,8,944,DL,MCO,0
0,12,25,4,20,944,DL,MCO,0
1,12,25,4,10,1090,DL,MIA,0
4,12,25,4,13,1005,DL,TPA,0
-3,12,25,4,18,1005,DL,TPA,0
-8,12,26,5,13,944,DL,MCO,1
2,12,26,5,8,2475,DL,LAX,1
-4,12,26,5,16,187,DL,BOS,1
0,12,26,5,19,2586,DL,SFO,1
17,12,26,5,16,2475,DL,LAX,1
105,12,26,5,13,2475,DL,LAX,1
-4,12,26,5,8,1090,DL,MIA,1
118,12,26,5,19,1090,DL,MIA,1
12,12,26,5,16,1989,DL,SLC,1
23,12,26,5,16,944,DL,MCO,1
-4,12,26,5,19,1069,DL,FLL,1
7,12,26,5,16,2446,DL,SAN,1
1,12,26,5,8,2586,DL,SFO,1
-5,12,26,5,16,2586,DL,SFO,1
8,12,26,5,18,2475,DL,LAX,1
5,12,26,5,17,589,DL,CVG,1
-3,12,26,5,16,2248,DL,LAS,1
-3,12,26,5,16,2421,DL,SEA,1
27,12,26,5,18,760,DL,ATL,1
-3,12,26,5,15,1069,DL,FLL,1
2,12,26,5,18,1626,DL,DEN,1
-3,12,26,5,8,760,DL,ATL,1
21,12,26,5,16,760,DL,ATL,1
-7,12,26,5,8,1597,DL,SJU,1
3,12,26,5,8,1623,DL,STT,1
-2,12,26,5,7,2475,DL,LAX,1
-7,12,26,5,11,2475,DL,LAX,1
-4,12,26,5,8,2586,DL,SFO,1
-5,12,26,5,8,2248,DL,LAS,1
0,12,26,5,9,2248,DL,LAS,1
76,12,26,5,20,2248,DL,LAS,1
88,12,26,5,8,2421,DL,SEA,1
5,12,26,5,19,2421,DL,SEA,1
-5,12,26,5,16,2153,DL,PHX,1
-4,12,26,5,19,2454,DL,PDX,1
-3,12,26,5,6,1989,DL,SLC,1
-2,12,26,5,9,1989,DL,SLC,1
47,12,26,5,13,760,DL,ATL,1
-1,12,26,5,6,760,DL,ATL,1
0,12,26,5,19,1989,DL,SLC,1
-4,12,26,5,8,1069,DL,FLL,1
-1,12,26,5,8,944,DL,MCO,1
208,12,26,5,20,944,DL,MCO,1
-4,12,26,5,10,1090,DL,MIA,1
-1,12,26,5,13,1005,DL,TPA,1
14,12,26,5,18,1005,DL,TPA,1
-3,12,27,6,13,944,DL,MCO,2
26,12,27,6,8,2475,DL,LAX,2
46,12,27,6,16,187,DL,BOS,2
34,12,27,6,19,2586,DL,SFO,2
-1,12,27,6,16,2475,DL,LAX,2
34,12,27,6,13,2475,DL,LAX,2
55,12,27,6,8,1090,DL,MIA,2
0,12,27,6,19,1090,DL,MIA,2
0,12,27,6,15,1989,DL,SLC,2
32,12,27,6,16,944,DL,MCO,2
47,12,27,6,19,1069,DL,FLL,2
2,12,27,6,16,2446,DL,SAN,2
10,12,27,6,8,2586,DL,SFO,2
-3,12,27,6,16,2586,DL,SFO,2
-4,12,27,6,18,2475,DL,LAX,2
6,12,27,6,17,589,DL,CVG,2
-2,12,27,6,16,2248,DL,LAS,2
-1,12,27,6,16,2421,DL,SEA,2
8,12,27,6,18,760,DL,ATL,2
48,12,27,6,15,1069,DL,FLL,2
23,12,27,6,19,1626,DL,DEN,2
15,12,27,6,8,760,DL,ATL,2
0,12,27,6,16,760,DL,ATL,2
51,12,27,6,8,1597,DL,SJU,2
11,12,27,6,8,1623,DL,STT,2
-1,12,27,6,8,2248,DL,LAS,2
107,12,27,6,20,2248,DL,LAS,2
25,12,27,6,16,2153,DL,PHX,2
-1,12,27,6,19,2454,DL,PDX,2
21,12,27,6,6,1989,DL,SLC,2
20,12,27,6,9,1989,DL,SLC,2
32,12,27,6,13,760,DL,ATL,2
-1,12,27,6,6,760,DL,ATL,2
-2,12,27,6,19,1989,DL,SLC,2
13,12,27,6,8,1069,DL,FLL,2
2,12,27,6,8,944,DL,MCO,2
-5,12,27,6,20,944,DL,MCO,2
0,12,27,6,10,1090,DL,MIA,2
-3,12,27,6,13,1005,DL,TPA,2
-5,12,27,6,19,1005,DL,TPA,2
1,12,28,7,13,944,DL,MCO,3
19,12,28,7,8,2475,DL,LAX,3
73,12,28,7,16,187,DL,BOS,3
-1,12,28,7,19,2586,DL,SFO,3
36,12,28,7,16,2475,DL,LAX,3
38,12,28,7,13,2475,DL,LAX,3
0,12,28,7,7,1090,DL,MIA,3
23,12,28,7,19,1090,DL,MIA,3
-3,12,28,7,16,1989,DL,SLC,3
-2,12,28,7,16,944,DL,MCO,3
16,12,28,7,19,1069,DL,FLL,3
10,12,28,7,17,2446,DL,SAN,3
-1,12,28,7,16,2586,DL,SFO,3
-4,12,28,7,18,2475,DL,LAX,3
40,12,28,7,17,589,DL,CVG,3
2,12,28,7,16,2248,DL,LAS,3
-2,12,28,7,16,2421,DL,SEA,3
6,12,28,7,18,760,DL,ATL,3
28,12,28,7,15,1069,DL,FLL,3
10,12,28,7,18,1626,DL,DEN,3
0,12,28,7,8,760,DL,ATL,3
0,12,28,7,16,760,DL,ATL,3
2,12,28,7,8,1597,DL,SJU,3
4,12,28,7,8,1623,DL,STT,3
16,12,28,7,11,2475,DL,LAX,3
7,12,28,7,8,2248,DL,LAS,3
-3,12,28,7,9,2248,DL,LAS,3
-4,12,28,7,20,2248,DL,LAS,3
-4,12,28,7,8,2421,DL,SEA,3
-1,12,28,7,19,2421,DL,SEA,3
23,12,28,7,16,2153,DL,PHX,3
-5,12,28,7,19,2454,DL,PDX,3
-3,12,28,7,6,1989,DL,SLC,3
5,12,28,7,9,1989,DL,SLC,3
18,12,28,7,13,760,DL,ATL,3
-4,12,28,7,6,760,DL,ATL,3
-6,12,28,7,19,1989,DL,SLC,3
1,12,28,7,7,1069,DL,FLL,3
24,12,28,7,8,944,DL,MCO,3
-5,12,28,7,20,944,DL,MCO,3
-1,12,28,7,10,1090,DL,MIA,3
-6,12,28,7,13,1005,DL,TPA,3
22,12,28,7,18,1005,DL,TPA,3
-7,12,29,1,13,944,DL,MCO,4
1,12,29,1,8,2475,DL,LAX,4
-5,12,29,1,16,187,DL,BOS,4
40,12,29,1,19,2586,DL,SFO,4
-1,12,29,1,16,2475,DL,LAX,4
51,12,29,1,13,2475,DL,LAX,4
-5,12,29,1,8,1090,DL,MIA,4
23,12,29,1,19,1090,DL,MIA,4
-1,12,29,1,15,1989,DL,SLC,4
10,12,29,1,16,944,DL,MCO,4
0,12,29,1,19,1069,DL,FLL,4
-3,12,29,1,16,2446,DL,SAN,4
-1,12,29,1,8,2586,DL,SFO,4
1,12,29,1,16,2586,DL,SFO,4
0,12,29,1,18,2475,DL,LAX,4
-3,12,29,1,17,589,DL,CVG,4
-2,12,29,1,16,2248,DL,LAS,4
1,12,29,1,16,2421,DL,SEA,4
-1,12,29,1,18,760,DL,ATL,4
3,12,29,1,15,1069,DL,FLL,4
7,12,29,1,18,1626,DL,DEN,4
-2,12,29,1,8,760,DL,ATL,4
9,12,29,1,16,760,DL,ATL,4
-1,12,29,1,8,1597,DL,SJU,4
-3,12,29,1,7,2475,DL,LAX,4
-2,12,29,1,11,2475,DL,LAX,4
-3,12,29,1,8,2586,DL,SFO,4
35,12,29,1,8,2248,DL,LAS,4
-1,12,29,1,9,2248,DL,LAS,4
15,12,29,1,20,2248,DL,LAS,4
0,12,29,1,8,2421,DL,SEA,4
0,12,29,1,19,2421,DL,SEA,4
-1,12,29,1,16,2153,DL,PHX,4
-5,12,29,1,19,2454,DL,PDX,4
-1,12,29,1,6,1989,DL,SLC,4
-4,12,29,1,9,1989,DL,SLC,4
27,12,29,1,13,760,DL,ATL,4
0,12,29,1,6,760,DL,ATL,4
18,12,29,1,19,1989,DL,SLC,4
-6,12,29,1,8,1069,DL,FLL,4
-6,12,29,1,8,944,DL,MCO,4
-4,12,29,1,20,944,DL,MCO,4
1,12,29,1,10,1090,DL,MIA,4
-2,12,29,1,13,1005,DL,TPA,4
1,12,29,1,18,1005,DL,TPA,4
0,12,30,2,13,944,DL,MCO,5
4,12,30,2,8,2475,DL,LAX,5
-5,12,30,2,16,187,DL,BOS,5
5,12,30,2,19,2586,DL,SFO,5
16,12,30,2,16,2475,DL,LAX,5
42,12,30,2,13,2475,DL,LAX,5
-5,12,30,2,8,1090,DL,MIA,5
-4,12,30,2,19,1090,DL,MIA,5
-5,12,30,2,15,1989,DL,SLC,5
-1,12,30,2,16,944,DL,MCO,5
6,12,30,2,19,1069,DL,FLL,5
-4,12,30,2,16,2446,DL,SAN,5
66,12,30,2,16,2586,DL,SFO,5
31,12,30,2,18,2475,DL,LAX,5
-8,12,30,2,17,589,DL,CVG,5
17,12,30,2,16,2248,DL,LAS,5
20,12,30,2,16,2421,DL,SEA,5
52,12,30,2,18,760,DL,ATL,5
9,12,30,2,15,1069,DL,FLL,5
13,12,30,2,18,1626,DL,DEN,5
-2,12,30,2,8,760,DL,ATL,5
9,12,30,2,16,760,DL,ATL,5
-2,12,30,2,8,1597,DL,SJU,5
2,12,30,2,7,2475,DL,LAX,5
-4,12,30,2,11,2475,DL,LAX,5
-3,12,30,2,8,2248,DL,LAS,5
-1,12,30,2,9,2248,DL,LAS,5
-4,12,30,2,20,2248,DL,LAS,5
0,12,30,2,8,2421,DL,SEA,5
21,12,30,2,19,2421,DL,SEA,5
16,12,30,2,16,2153,DL,PHX,5
0,12,30,2,19,2454,DL,PDX,5
0,12,30,2,6,1989,DL,SLC,5
0,12,30,2,9,1989,DL,SLC,5
-3,12,30,2,13,760,DL,ATL,5
-4,12,30,2,6,760,DL,ATL,5
1,12,30,2,19,1989,DL,SLC,5
0,12,30,2,8,1069,DL,FLL,5
-3,12,30,2,8,944,DL,MCO,5
-1,12,30,2,20,944,DL,MCO,5
-1,12,30,2,10,1090,DL,MIA,5
-2,12,30,2,13,1005,DL,TPA,5
17,12,30,2,18,1005,DL,TPA,5
1,12,31,3,13,944,DL,MCO,6
26,12,31,3,8,2475,DL,LAX,6
4,12,31,3,19,2586,DL,SFO,6
3,12,31,3,16,2475,DL,LAX,6
18,12,31,3,13,2475,DL,LAX,6
-1,12,31,3,8,1090,DL,MIA,6
11,12,31,3,18,1090,DL,MIA,6
-3,12,31,3,15,1989,DL,SLC,6
-1,12,31,3,19,1069,DL,FLL,6
-1,12,31,3,8,2586,DL,SFO,6
-4,12,31,3,18,2475,DL,LAX,6
13,12,31,3,17,589,DL,CVG,6
74,12,31,3,18,760,DL,ATL,6
10,12,31,3,15,1069,DL,FLL,6
2,12,31,3,18,1626,DL,DEN,6
-3,12,31,3,8,760,DL,ATL,6
-3,12,31,3,16,760,DL,ATL,6
-3,12,31,3,8,1597,DL,SJU,6
58,12,31,3,7,2475,DL,LAX,6
1,12,31,3,11,2475,DL,LAX,6
-5,12,31,3,8,2586,DL,SFO,6
-2,12,31,3,8,2248,DL,LAS,6
-4,12,31,3,9,2248,DL,LAS,6
-2,12,31,3,8,2421,DL,SEA,6
53,12,31,3,16,2153,DL,PHX,6
-5,12,31,3,6,1989,DL,SLC,6
-5,12,31,3,9,1989,DL,SLC,6
-4,12,31,3,13,760,DL,ATL,6
0,12,31,3,6,760,DL,ATL,6
-2,12,31,3,8,1069,DL,FLL,6
-5,12,31,3,8,944,DL,MCO,6
-4,12,31,3,20,944,DL,MCO,6
1,12,31,3,10,1090,DL,MIA,6
-1,12,31,3,13,1005,DL,TPA,6
12,12,31,3,18,1005,DL,TPA,6
