-4,3,1,6,6,2586,UA,SFO,12
-2,3,9,7,6,2586,UA,SFO,20
1,3,10,1,6,2586,UA,SFO,21
-10,3,11,2,6,2586,UA,SFO,22
1,3,12,3,6,2586,UA,SFO,23
-4,3,13,4,6,2586,UA,SFO,24
-5,3,14,5,6,2586,UA,SFO,25
10,3,15,6,6,2586,UA,SFO,26
0,3,16,7,6,2586,UA,SFO,27
-4,3,17,1,6,2586,UA,SFO,28
-11,3,18,2,6,2586,UA,SFO,29
-6,3,19,3,6,2586,UA,SFO,30
-3,3,20,4,6,2586,UA,SFO,31
0,3,21,5,6,2586,UA,SFO,32
0,3,22,6,6,2586,UA,SFO,33
0,3,23,7,6,2586,UA,SFO,34
-1,3,24,1,6,2586,UA,SFO,35
45,3,25,2,6,2586,UA,SFO,36
-10,3,26,3,6,2586,UA,SFO,37
-5,3,27,4,6,2586,UA,SFO,38
10,3,28,5,6,2586,UA,SFO,39
7,3,30,7,6,2586,UA,SFO,41
0,3,31,1,6,2586,UA,SFO,42
-1,3,2,7,21,2586,UA,SFO,13
37,3,9,7,21,2586,UA,SFO,20
-3,3,16,7,21,2586,UA,SFO,27
-4,3,23,7,21,2586,UA,SFO,34
-3,3,30,7,21,2586,UA,SFO,41
162,3,31,1,21,2586,UA,SFO,42
-4,3,1,6,11,2586,UA,SFO,12
0,3,2,7,11,2586,UA,SFO,13
-4,3,3,1,11,2586,UA,SFO,14
-2,3,4,2,11,2586,UA,SFO,15
-8,3,5,3,11,2586,UA,SFO,16
-5,3,6,4,11,2586,UA,SFO,17
-1,3,7,5,11,2586,UA,SFO,18
-3,3,8,6,11,2586,UA,SFO,19
-7,3,9,7,11,2586,UA,SFO,20
-4,3,10,1,11,2586,UA,SFO,21
39,3,11,2,11,2586,UA,SFO,22
-7,3,12,3,11,2586,UA,SFO,23
0,3,13,4,11,2586,UA,SFO,24
-4,3,14,5,11,2586,UA,SFO,25
-3,3,15,6,11,2586,UA,SFO,26
-4,3,16,7,11,2586,UA,SFO,27
-4,3,17,1,11,2586,UA,SFO,28
4,3,18,2,11,2586,UA,SFO,29
-1,3,19,3,11,2586,UA,SFO,30
-1,3,20,4,11,2586,UA,SFO,31
-1,3,21,5,11,2586,UA,SFO,32
8,3,22,6,11,2586,UA,SFO,33
-8,3,23,7,11,2586,UA,SFO,34
-11,3,24,1,11,2586,UA,SFO,35
3,3,25,2,11,2586,UA,SFO,36
-8,3,26,3,11,2586,UA,SFO,37
1,3,27,4,11,2586,UA,SFO,38
-4,3,28,5,11,2586,UA,SFO,39
-2,3,29,6,11,2586,UA,SFO,40
-1,3,30,7,11,2586,UA,SFO,41
6,3,31,1,11,2586,UA,SFO,42
-10,3,1,6,15,2586,UA,SFO,12
-6,3,2,7,15,2586,UA,SFO,13
6,3,3,1,15,2586,UA,SFO,14
0,3,4,2,15,2586,UA,SFO,15
1,3,5,3,15,2586,UA,SFO,16
-4,3,6,4,15,2586,UA,SFO,17
7,3,7,5,15,2586,UA,SFO,18
2,3,8,6,15,2586,UA,SFO,19
-7,3,9,7,15,2586,UA,SFO,20
1,3,10,1,15,2586,UA,SFO,21
3,3,11,2,15,2586,UA,SFO,22
-1,3,12,3,15,2586,UA,SFO,23
1,3,13,4,15,2586,UA,SFO,24
-3,3,14,5,15,2586,UA,SFO,25
-6,3,15,6,15,2586,UA,SFO,26
-1,3,16,7,15,2586,UA,SFO,27
152,3,17,1,15,2586,UA,SFO,28
-7,3,18,2,15,2586,UA,SFO,29
4,3,19,3,15,2586,UA,SFO,30
-6,3,20,4,15,2586,UA,SFO,31
-5,3,21,5,15,2586,UA,SFO,32
-5,3,22,6,15,2586,UA,SFO,33
2,3,23,7,15,2586,UA,SFO,34
-1,3,24,1,15,2586,UA,SFO,35
87,3,25,2,15,2586,UA,SFO,36
2,3,26,3,15,2586,UA,SFO,37
-4,3,27,4,15,2586,UA,SFO,38
-3,3,28,5,15,2586,UA,SFO,39
1,3,29,6,15,2586,UA,SFO,40
-1,3,30,7,15,2586,UA,SFO,41
-3,3,31,1,15,2586,UA,SFO,42
1,3,1,6,17,2586,UA,SFO,12
9,3,2,7,17,2586,UA,SFO,13
1,3,3,1,17,2586,UA,SFO,14
7,3,4,2,17,2586,UA,SFO,15
5,3,5,3,17,2586,UA,SFO,16
-3,3,6,4,17,2586,UA,SFO,17
21,3,7,5,17,2586,UA,SFO,18
70,3,8,6,17,2586,UA,SFO,19
20,3,9,7,17,2586,UA,SFO,20
19,3,10,1,17,2586,UA,SFO,21
24,3,11,2,17,2586,UA,SFO,22
9,3,12,3,17,2586,UA,SFO,23
14,3,13,4,17,2586,UA,SFO,24
7,3,14,5,17,2586,UA,SFO,25
0,3,15,6,17,2586,UA,SFO,26
-5,3,16,7,17,2586,UA,SFO,27
202,3,17,1,17,2586,UA,SFO,28
-7,3,18,2,17,2586,UA,SFO,29
68,3,19,3,17,2586,UA,SFO,30
0,3,20,4,17,2586,UA,SFO,31
-2,3,21,5,17,2586,UA,SFO,32
-1,3,22,6,17,2586,UA,SFO,33
-7,3,23,7,17,2586,UA,SFO,34
-3,3,24,1,17,2586,UA,SFO,35
86,3,25,2,17,2586,UA,SFO,36
-4,3,26,3,17,2586,UA,SFO,37
-2,3,27,4,17,2586,UA,SFO,38
-2,3,28,5,17,2586,UA,SFO,39
89,3,29,6,17,2586,UA,SFO,40
-6,3,30,7,17,2586,UA,SFO,41
-2,3,31,1,17,2586,UA,SFO,42
14,3,2,7,19,2586,UA,SFO,13
14,3,3,1,19,2586,UA,SFO,14
93,3,4,2,19,2586,UA,SFO,15
13,3,5,3,19,2586,UA,SFO,16
-4,3,6,4,19,2586,UA,SFO,17
26,3,7,5,19,2586,UA,SFO,18
150,3,9,7,19,2586,UA,SFO,20
11,3,10,1,19,2586,UA,SFO,21
26,3,11,2,19,2586,UA,SFO,22
-3,3,12,3,19,2586,UA,SFO,23
-5,3,13,4,19,2586,UA,SFO,24
13,3,14,5,19,2586,UA,SFO,25
36,3,16,7,19,2586,UA,SFO,27
57,3,17,1,19,2586,UA,SFO,28
5,3,18,2,19,2586,UA,SFO,29
48,3,19,3,19,2586,UA,SFO,30
-5,3,20,4,19,2586,UA,SFO,31
22,3,21,5,19,2586,UA,SFO,32
-1,3,23,7,19,2586,UA,SFO,34
60,3,24,1,19,2586,UA,SFO,35
68,3,25,2,19,2586,UA,SFO,36
-1,3,26,3,19,2586,UA,SFO,37
-5,3,27,4,19,2586,UA,SFO,38
19,3,28,5,19,2586,UA,SFO,39
96,3,30,7,20,2586,UA,SFO,41
130,3,31,1,20,2586,UA,SFO,42
-4,3,1,6,8,2475,UA,LAX,12
0,3,2,7,7,2475,UA,LAX,13
0,3,3,1,7,2475,UA,LAX,14
-1,3,4,2,7,2475,UA,LAX,15
-2,3,5,3,7,2475,UA,LAX,16
-6,3,6,4,7,2475,UA,LAX,17
-8,3,7,5,7,2475,UA,LAX,18
-3,3,8,6,8,2475,UA,LAX,19
1,3,9,7,7,2475,UA,LAX,20
0,3,10,1,7,2475,UA,LAX,21
-1,3,11,2,7,2475,UA,LAX,22
-8,3,12,3,7,2475,UA,LAX,23
0,3,13,4,7,2475,UA,LAX,24
0,3,14,5,7,2475,UA,LAX,25
-6,3,15,6,8,2475,UA,LAX,26
4,3,16,7,7,2475,UA,LAX,27
-8,3,17,1,7,2475,UA,LAX,28
1,3,18,2,7,2475,UA,LAX,29
1,3,19,3,7,2475,UA,LAX,30
2,3,20,4,7,2475,UA,LAX,31
-2,3,21,5,7,2475,UA,LAX,32
-4,3,22,6,8,2475,UA,LAX,33
-2,3,23,7,7,2475,UA,LAX,34
-4,3,24,1,7,2475,UA,LAX,35
0,3,25,2,7,2475,UA,LAX,36
0,3,26,3,7,2475,UA,LAX,37
0,3,27,4,7,2475,UA,LAX,38
4,3,28,5,7,2475,UA,LAX,39
-5,3,29,6,8,2475,UA,LAX,40
-4,3,30,7,6,2475,UA,LAX,41
-4,3,31,1,6,2475,UA,LAX,42
1,3,1,6,15,2475,UA,LAX,12
-7,3,2,7,15,2475,UA,LAX,13
11,3,3,1,15,2475,UA,LAX,14
-4,3,4,2,15,2475,UA,LAX,15
-7,3,5,3,15,2475,UA,LAX,16
58,3,6,4,15,2475,UA,LAX,17
-3,3,7,5,15,2475,UA,LAX,18
8,3,8,6,15,2475,UA,LAX,19
0,3,9,7,15,2475,UA,LAX,20
-7,3,10,1,15,2475,UA,LAX,21
22,3,11,2,15,2475,UA,LAX,22
-3,3,12,3,15,2475,UA,LAX,23
10,3,13,4,15,2475,UA,LAX,24
16,3,14,5,15,2475,UA,LAX,25
-10,3,15,6,15,2475,UA,LAX,26
-3,3,16,7,15,2475,UA,LAX,27
-9,3,17,1,15,2475,UA,LAX,28
4,3,18,2,15,2475,UA,LAX,29
-5,3,19,3,15,2475,UA,LAX,30
-6,3,20,4,15,2475,UA,LAX,31
18,3,21,5,15,2475,UA,LAX,32
-12,3,22,6,15,2475,UA,LAX,33
5,3,23,7,15,2475,UA,LAX,34
-7,3,24,1,15,2475,UA,LAX,35
-2,3,25,2,15,2475,UA,LAX,36
-4,3,26,3,15,2475,UA,LAX,37
-6,3,27,4,15,2475,UA,LAX,38
-2,3,28,5,15,2475,UA,LAX,39
-8,3,29,6,15,2475,UA,LAX,40
-1,3,30,7,15,2475,UA,LAX,41
4,3,31,1,15,2475,UA,LAX,42
-6,3,1,6,18,2475,UA,LAX,12
8,3,2,7,18,2475,UA,LAX,13
-2,3,3,1,18,2475,UA,LAX,14
101,3,4,2,18,2475,UA,LAX,15
9,3,5,3,18,2475,UA,LAX,16
6,3,6,4,18,2475,UA,LAX,17
91,3,7,5,18,2475,UA,LAX,18
26,3,9,7,18,2475,UA,LAX,20
29,3,10,1,18,2475,UA,LAX,21
4,3,11,2,18,2475,UA,LAX,22
-3,3,12,3,18,2475,UA,LAX,23
26,3,13,4,18,2475,UA,LAX,24
-3,3,14,5,18,2475,UA,LAX,25
59,3,16,7,18,2475,UA,LAX,27
0,3,17,1,18,2475,UA,LAX,28
-2,3,18,2,18,2475,UA,LAX,29
134,3,19,3,18,2475,UA,LAX,30
-2,3,20,4,18,2475,UA,LAX,31
-7,3,21,5,18,2475,UA,LAX,32
-7,3,23,7,18,2475,UA,LAX,34
-6,3,24,1,18,2475,UA,LAX,35
70,3,25,2,18,2475,UA,LAX,36
-8,3,26,3,18,2475,UA,LAX,37
3,3,27,4,18,2475,UA,LAX,38
10,3,28,5,18,2475,UA,LAX,39
-6,3,30,7,18,2475,UA,LAX,41
12,3,31,1,18,2475,UA,LAX,42
48,3,2,7,20,2475,UA,LAX,13
-1,3,3,1,20,2475,UA,LAX,14
84,3,4,2,20,2475,UA,LAX,15
-6,3,5,3,20,2475,UA,LAX,16
0,3,6,4,20,2475,UA,LAX,17
24,3,7,5,20,2475,UA,LAX,18
96,3,9,7,20,2475,UA,LAX,20
4,3,10,1,20,2475,UA,LAX,21
8,3,11,2,20,2475,UA,LAX,22
26,3,12,3,20,2475,UA,LAX,23
-10,3,13,4,20,2475,UA,LAX,24
-4,3,14,5,20,2475,UA,LAX,25
-3,3,16,7,20,2475,UA,LAX,27
-3,3,17,1,20,2475,UA,LAX,28
-5,3,18,2,20,2475,UA,LAX,29
96,3,19,3,20,2475,UA,LAX,30
67,3,20,4,20,2475,UA,LAX,31
-7,3,21,5,20,2475,UA,LAX,32
9,3,23,7,20,2475,UA,LAX,34
-4,3,24,1,20,2475,UA,LAX,35
59,3,25,2,20,2475,UA,LAX,36
-8,3,26,3,20,2475,UA,LAX,37
28,3,27,4,20,2475,UA,LAX,38
14,3,28,5,20,2475,UA,LAX,39
0,3,30,7,20,2475,UA,LAX,41
144,3,31,1,20,2475,UA,LAX,42
0,3,1,6,9,2475,UA,LAX,12
-5,3,2,7,9,2475,UA,LAX,13
-5,3,3,1,9,2475,UA,LAX,14
-5,3,4,2,9,2475,UA,LAX,15
-7,3,5,3,9,2475,UA,LAX,16
11,3,6,4,9,2475,UA,LAX,17
0,3,7,5,9,2475,UA,LAX,18
1,3,8,6,9,2475,UA,LAX,19
-1,3,9,7,9,2475,UA,LAX,20
-5,3,10,1,9,2475,UA,LAX,21
-2,3,11,2,9,2475,UA,LAX,22
-3,3,12,3,9,2475,UA,LAX,23
-3,3,20,4,9,2475,UA,LAX,31
0,3,21,5,9,2475,UA,LAX,32
-6,3,22,6,9,2475,UA,LAX,33
0,3,23,7,9,2475,UA,LAX,34
0,3,24,1,9,2475,UA,LAX,35
-3,3,25,2,9,2475,UA,LAX,36
-2,3,26,3,9,2475,UA,LAX,37
-3,3,27,4,9,2475,UA,LAX,38
-1,3,28,5,9,2475,UA,LAX,39
0,3,29,6,9,2475,UA,LAX,40
-3,3,30,7,9,2475,UA,LAX,41
-3,3,31,1,9,2475,UA,LAX,42
0,3,1,6,11,2475,UA,LAX,12
2,3,2,7,11,2475,UA,LAX,13
-7,3,3,1,11,2475,UA,LAX,14
-7,3,4,2,11,2475,UA,LAX,15
-4,3,5,3,11,2475,UA,LAX,16
-7,3,6,4,11,2475,UA,LAX,17
-4,3,7,5,11,2475,UA,LAX,18
21,3,8,6,11,2475,UA,LAX,19
-2,3,9,7,11,2475,UA,LAX,20
-6,3,10,1,11,2475,UA,LAX,21
-2,3,11,2,11,2475,UA,LAX,22
2,3,12,3,11,2475,UA,LAX,23
-1,3,13,4,11,2475,UA,LAX,24
1,3,14,5,11,2475,UA,LAX,25
-3,3,15,6,11,2475,UA,LAX,26
-3,3,16,7,11,2475,UA,LAX,27
-1,3,17,1,11,2475,UA,LAX,28
-5,3,18,2,11,2475,UA,LAX,29
0,3,19,3,11,2475,UA,LAX,30
3,3,20,4,11,2475,UA,LAX,31
3,3,21,5,11,2475,UA,LAX,32
-4,3,22,6,11,2475,UA,LAX,33
0,3,23,7,11,2475,UA,LAX,34
-3,3,24,1,11,2475,UA,LAX,35
19,3,25,2,11,2475,UA,LAX,36
-3,3,26,3,11,2475,UA,LAX,37
-3,3,27,4,11,2475,UA,LAX,38
3,3,28,5,11,2475,UA,LAX,39
-2,3,29,6,11,2475,UA,LAX,40
-6,3,30,7,11,2475,UA,LAX,41
-8,3,31,1,11,2475,UA,LAX,42
-6,3,29,6,6,2586,UA,SFO,40
3,3,30,7,7,2586,UA,SFO,41
-6,3,31,1,7,2586,UA,SFO,42
-6,3,1,6,17,2475,UA,LAX,12
8,3,2,7,17,2475,UA,LAX,13
-1,3,3,1,17,2475,UA,LAX,14
-6,3,4,2,17,2475,UA,LAX,15
-3,3,5,3,17,2475,UA,LAX,16
0,3,6,4,17,2475,UA,LAX,17
24,3,7,5,17,2475,UA,LAX,18
198,3,8,6,17,2475,UA,LAX,19
52,3,9,7,17,2475,UA,LAX,20
-2,3,10,1,17,2475,UA,LAX,21
-8,3,11,2,17,2475,UA,LAX,22
0,3,12,3,17,2475,UA,LAX,23
8,3,13,4,17,2475,UA,LAX,24
-4,3,14,5,17,2475,UA,LAX,25
-2,3,15,6,17,2475,UA,LAX,26
-4,3,16,7,17,2475,UA,LAX,27
-5,3,17,1,17,2475,UA,LAX,28
2,3,18,2,17,2475,UA,LAX,29
55,3,19,3,17,2475,UA,LAX,30
1,3,20,4,17,2475,UA,LAX,31
-6,3,21,5,17,2475,UA,LAX,32
69,3,22,6,17,2475,UA,LAX,33
-2,3,23,7,17,2475,UA,LAX,34
-8,3,24,1,17,2475,UA,LAX,35
50,3,25,2,17,2475,UA,LAX,36
-3,3,26,3,17,2475,UA,LAX,37
37,3,27,4,17,2475,UA,LAX,38
-4,3,28,5,17,2475,UA,LAX,39
-3,3,29,6,17,2475,UA,LAX,40
-4,3,30,7,17,2475,UA,LAX,41
-3,3,31,1,17,2475,UA,LAX,42
5,3,2,7,6,2586,UA,SFO,13
-2,3,3,1,6,2586,UA,SFO,14
-1,3,4,2,6,2586,UA,SFO,15
-9,3,5,3,6,2586,UA,SFO,16
-1,3,6,4,6,2586,UA,SFO,17
-9,3,7,5,6,2586,UA,SFO,18
-4,3,8,6,6,2586,UA,SFO,19
-5,3,30,7,8,2475,UA,LAX,41
-6,3,31,1,8,2475,UA,LAX,42
1,3,1,6,7,2586,UA,SFO,12
-7,3,2,7,7,2586,UA,SFO,13
-4,3,3,1,7,2586,UA,SFO,14
0,3,4,2,7,2586,UA,SFO,15
4,3,5,3,7,2586,UA,SFO,16
-5,3,6,4,7,2586,UA,SFO,17
-2,3,7,5,7,2586,UA,SFO,18
-4,3,8,6,7,2586,UA,SFO,19
3,3,9,7,7,2586,UA,SFO,20
-1,3,10,1,7,2586,UA,SFO,21
-6,3,11,2,7,2586,UA,SFO,22
0,3,12,3,7,2586,UA,SFO,23
-4,3,13,4,7,2586,UA,SFO,24
-3,3,14,5,7,2586,UA,SFO,25
-3,3,15,6,7,2586,UA,SFO,26
-3,3,16,7,7,2586,UA,SFO,27
-4,3,17,1,7,2586,UA,SFO,28
-4,3,18,2,7,2586,UA,SFO,29
84,3,19,3,7,2586,UA,SFO,30
-4,3,20,4,7,2586,UA,SFO,31
-7,3,21,5,7,2586,UA,SFO,32
-4,3,22,6,7,2586,UA,SFO,33
6,3,23,7,7,2586,UA,SFO,34
-6,3,24,1,7,2586,UA,SFO,35
4,3,25,2,7,2586,UA,SFO,36
0,3,26,3,7,2586,UA,SFO,37
-1,3,27,4,7,2586,UA,SFO,38
-4,3,28,5,7,2586,UA,SFO,39
0,3,29,6,7,2586,UA,SFO,40
61,3,1,6,6,2475,UA,LAX,12
-9,3,3,1,6,2475,UA,LAX,14
0,3,4,2,6,2475,UA,LAX,15
-1,3,5,3,6,2475,UA,LAX,16
-6,3,6,4,6,2475,UA,LAX,17
-7,3,7,5,6,2475,UA,LAX,18
-6,3,8,6,6,2475,UA,LAX,19
-10,3,10,1,6,2475,UA,LAX,21
4,3,11,2,6,2475,UA,LAX,22
-5,3,12,3,6,2475,UA,LAX,23
-1,3,13,4,6,2475,UA,LAX,24
-1,3,14,5,6,2475,UA,LAX,25
-6,3,15,6,6,2475,UA,LAX,26
-2,3,16,7,6,2475,UA,LAX,27
-4,3,17,1,6,2475,UA,LAX,28
-2,3,18,2,6,2475,UA,LAX,29
-2,3,19,3,6,2475,UA,LAX,30
-3,3,20,4,6,2475,UA,LAX,31
0,3,21,5,6,2475,UA,LAX,32
3,3,22,6,6,2475,UA,LAX,33
-3,3,24,1,6,2475,UA,LAX,35
-6,3,25,2,6,2475,UA,LAX,36
-1,3,26,3,6,2475,UA,LAX,37
-5,3,27,4,6,2475,UA,LAX,38
1,3,28,5,6,2475,UA,LAX,39
-5,3,29,6,6,2475,UA,LAX,40
16,3,1,6,8,2586,UA,SFO,12
-5,3,2,7,8,2586,UA,SFO,13
0,3,3,1,8,2586,UA,SFO,14
-6,3,4,2,8,2586,UA,SFO,15
-6,3,5,3,8,2586,UA,SFO,16
-7,3,6,4,8,2586,UA,SFO,17
-4,3,7,5,8,2586,UA,SFO,18
-1,3,8,6,8,2586,UA,SFO,19
-1,3,9,7,8,2586,UA,SFO,20
0,3,10,1,8,2586,UA,SFO,21
-6,3,11,2,8,2586,UA,SFO,22
-2,3,12,3,8,2586,UA,SFO,23
0,3,13,4,8,2586,UA,SFO,24
-6,3,14,5,8,2586,UA,SFO,25
-4,3,15,6,8,2586,UA,SFO,26
-5,3,16,7,8,2586,UA,SFO,27
-8,3,17,1,8,2586,UA,SFO,28
-6,3,18,2,8,2586,UA,SFO,29
10,3,19,3,8,2586,UA,SFO,30
1,3,20,4,8,2586,UA,SFO,31
-5,3,21,5,8,2586,UA,SFO,32
-5,3,22,6,8,2586,UA,SFO,33
13,3,23,7,8,2586,UA,SFO,34
-2,3,24,1,8,2586,UA,SFO,35
-3,3,25,2,8,2586,UA,SFO,36
-2,3,26,3,8,2586,UA,SFO,37
-9,3,27,4,8,2586,UA,SFO,38
-6,3,28,5,8,2586,UA,SFO,39
18,3,29,6,8,2586,UA,SFO,40
-3,3,30,7,8,2586,UA,SFO,41
0,3,31,1,8,2586,UA,SFO,42
225,3,1,6,20,2248,US,LAS,12
0,3,1,6,7,2248,US,LAS,12
-3,3,1,6,9,2248,US,LAS,12
-6,3,1,6,6,2153,US,PHX,12
-9,3,1,6,17,2153,US,PHX,12
13,3,1,6,9,2153,US,PHX,12
76,3,2,7,20,2248,US,LAS,13
-10,3,2,7,7,2248,US,LAS,13
-8,3,2,7,9,2248,US,LAS,13
-2,3,2,7,17,2153,US,PHX,13
-5,3,2,7,9,2153,US,PHX,13
1,3,2,7,6,2153,US,PHX,13
5,3,3,1,20,2248,US,LAS,14
-10,3,3,1,7,2248,US,LAS,14
-5,3,3,1,9,2248,US,LAS,14
-1,3,3,1,17,2153,US,PHX,14
2,3,3,1,9,2153,US,PHX,14
-5,3,3,1,6,2153,US,PHX,14
76,3,4,2,20,2248,US,LAS,15
-10,3,4,2,7,2248,US,LAS,15
15,3,4,2,9,2248,US,LAS,15
32,3,4,2,17,2153,US,PHX,15
-1,3,4,2,9,2153,US,PHX,15
-4,3,4,2,6,2153,US,PHX,15
41,3,5,3,20,2248,US,LAS,16
-7,3,5,3,7,2248,US,LAS,16
-2,3,5,3,9,2248,US,LAS,16
-9,3,5,3,17,2153,US,PHX,16
21,3,5,3,9,2153,US,PHX,16
-5,3,5,3,6,2153,US,PHX,16
17,3,6,4,20,2248,US,LAS,17
-11,3,6,4,7,2248,US,LAS,17
-1,3,6,4,9,2248,US,LAS,17
-5,3,6,4,17,2153,US,PHX,17
-5,3,6,4,9,2153,US,PHX,17
62,3,6,4,6,2153,US,PHX,17
9,3,7,5,20,2248,US,LAS,18
-2,3,7,5,7,2248,US,LAS,18
-7,3,7,5,9,2248,US,LAS,18
17,3,7,5,17,2153,US,PHX,18
-5,3,7,5,9,2153,US,PHX,18
-2,3,7,5,6,2153,US,PHX,18
82,3,8,6,20,2248,US,LAS,19
-8,3,8,6,7,2248,US,LAS,19
-4,3,8,6,9,2248,US,LAS,19
-3,3,8,6,6,2153,US,PHX,19
188,3,8,6,17,2153,US,PHX,19
70,3,8,6,9,2153,US,PHX,19
-3,3,9,7,20,2248,US,LAS,20
-9,3,9,7,7,2248,US,LAS,20
-4,3,9,7,9,2248,US,LAS,20
6,3,9,7,17,2153,US,PHX,20
-5,3,9,7,9,2153,US,PHX,20
-3,3,9,7,6,2153,US,PHX,20
19,3,10,1,20,2248,US,LAS,21
-4,3,10,1,7,2248,US,LAS,21
145,3,10,1,9,2248,US,LAS,21
-1,3,10,1,17,2153,US,PHX,21
2,3,10,1,9,2153,US,PHX,21
0,3,10,1,6,2153,US,PHX,21
-4,3,11,2,20,2248,US,LAS,22
-6,3,11,2,7,2248,US,LAS,22
2,3,11,2,9,2248,US,LAS,22
83,3,11,2,17,2153,US,PHX,22
-6,3,11,2,9,2153,US,PHX,22
-10,3,11,2,6,2153,US,PHX,22
20,3,12,3,20,2248,US,LAS,23
-6,3,12,3,7,2248,US,LAS,23
-7,3,12,3,9,2248,US,LAS,23
-4,3,12,3,17,2153,US,PHX,23
-4,3,12,3,9,2153,US,PHX,23
-4,3,12,3,6,2153,US,PHX,23
0,3,13,4,20,2248,US,LAS,24
-4,3,13,4,7,2248,US,LAS,24
-4,3,13,4,9,2248,US,LAS,24
-7,3,13,4,17,2153,US,PHX,24
-4,3,13,4,9,2153,US,PHX,24
7,3,13,4,6,2153,US,PHX,24
30,3,14,5,20,2248,US,LAS,25
-4,3,14,5,7,2248,US,LAS,25
-7,3,14,5,9,2248,US,LAS,25
-5,3,14,5,17,2153,US,PHX,25
-5,3,14,5,9,2153,US,PHX,25
2,3,14,5,6,2153,US,PHX,25
68,3,15,6,20,2248,US,LAS,26
-4,3,15,6,7,2248,US,LAS,26
4,3,15,6,9,2248,US,LAS,26
-1,3,15,6,6,2153,US,PHX,26
-2,3,15,6,17,2153,US,PHX,26
-3,3,15,6,9,2153,US,PHX,26
192,3,16,7,20,2248,US,LAS,27
-8,3,16,7,7,2248,US,LAS,27
0,3,16,7,9,2248,US,LAS,27
-1,3,16,7,17,2153,US,PHX,27
-1,3,16,7,9,2153,US,PHX,27
4,3,16,7,6,2153,US,PHX,27
28,3,17,1,20,2248,US,LAS,28
-6,3,17,1,7,2248,US,LAS,28
-5,3,17,1,17,2153,US,PHX,28
0,3,17,1,9,2153,US,PHX,28
-5,3,17,1,6,2153,US,PHX,28
-4,3,18,2,20,2248,US,LAS,29
-5,3,18,2,7,2248,US,LAS,29
-4,3,18,2,9,2248,US,LAS,29
-4,3,18,2,17,2153,US,PHX,29
3,3,18,2,9,2153,US,PHX,29
7,3,18,2,6,2153,US,PHX,29
83,3,19,3,20,2248,US,LAS,30
-8,3,19,3,7,2248,US,LAS,30
-6,3,19,3,9,2248,US,LAS,30
47,3,19,3,17,2153,US,PHX,30
0,3,19,3,9,2153,US,PHX,30
-1,3,19,3,6,2153,US,PHX,30
83,3,20,4,20,2248,US,LAS,31
-4,3,20,4,7,2248,US,LAS,31
0,3,20,4,9,2248,US,LAS,31
4,3,20,4,17,2153,US,PHX,31
-8,3,20,4,9,2153,US,PHX,31
7,3,20,4,6,2153,US,PHX,31
21,3,21,5,20,2248,US,LAS,32
-2,3,21,5,7,2248,US,LAS,32
13,3,21,5,9,2248,US,LAS,32
0,3,21,5,17,2153,US,PHX,32
-6,3,21,5,9,2153,US,PHX,32
2,3,21,5,6,2153,US,PHX,32
26,3,22,6,20,2248,US,LAS,33
-2,3,22,6,7,2248,US,LAS,33
-6,3,22,6,9,2248,US,LAS,33
-1,3,22,6,6,2153,US,PHX,33
13,3,22,6,17,2153,US,PHX,33
-5,3,22,6,9,2153,US,PHX,33
11,3,23,7,20,2248,US,LAS,34
-4,3,23,7,7,2248,US,LAS,34
-1,3,23,7,9,2248,US,LAS,34
-7,3,23,7,17,2153,US,PHX,34
-8,3,23,7,9,2153,US,PHX,34
0,3,23,7,6,2153,US,PHX,34
10,3,24,1,20,2248,US,LAS,35
-10,3,24,1,7,2248,US,LAS,35
0,3,24,1,9,2248,US,LAS,35
-3,3,24,1,17,2153,US,PHX,35
-1,3,24,1,9,2153,US,PHX,35
-3,3,24,1,6,2153,US,PHX,35
5,3,25,2,20,2248,US,LAS,36
-8,3,25,2,7,2248,US,LAS,36
-5,3,25,2,9,2248,US,LAS,36
-3,3,25,2,17,2153,US,PHX,36
-3,3,25,2,9,2153,US,PHX,36
2,3,25,2,6,2153,US,PHX,36
-5,3,26,3,20,2248,US,LAS,37
-10,3,26,3,7,2248,US,LAS,37
-1,3,26,3,9,2248,US,LAS,37
17,3,26,3,17,2153,US,PHX,37
-7,3,26,3,9,2153,US,PHX,37
6,3,26,3,6,2153,US,PHX,37
-10,3,27,4,20,2248,US,LAS,38
-8,3,27,4,7,2248,US,LAS,38
-3,3,27,4,9,2248,US,LAS,38
-11,3,27,4,17,2153,US,PHX,38
-8,3,27,4,9,2153,US,PHX,38
-3,3,27,4,6,2153,US,PHX,38
273,3,28,5,20,2248,US,LAS,39
-9,3,28,5,7,2248,US,LAS,39
-4,3,28,5,9,2248,US,LAS,39
-3,3,28,5,17,2153,US,PHX,39
-9,3,28,5,9,2153,US,PHX,39
-6,3,28,5,6,2153,US,PHX,39
-1,3,29,6,20,2248,US,LAS,40
-8,3,29,6,7,2248,US,LAS,40
19,3,29,6,9,2248,US,LAS,40
-3,3,29,6,6,2153,US,PHX,40
-8,3,29,6,17,2153,US,PHX,40
-2,3,29,6,9,2153,US,PHX,40
0,3,30,7,20,2248,US,LAS,41
-3,3,30,7,7,2248,US,LAS,41
-6,3,30,7,9,2248,US,LAS,41
-2,3,30,7,17,2153,US,PHX,41
-1,3,30,7,9,2153,US,PHX,41
-4,3,30,7,6,2153,US,PHX,41
4,3,31,1,20,2248,US,LAS,42
-5,3,31,1,7,2248,US,LAS,42
0,3,31,1,9,2248,US,LAS,42
8,3,31,1,17,2153,US,PHX,42
-2,3,31,1,9,2153,US,PHX,42
-5,3,31,1,6,2153,US,PHX,42
226,3,17,1,15,1005,DL,TPA,28
-3,3,17,1,8,1069,DL,FLL,28
20,3,17,1,11,1069,DL,FLL,28
0,3,17,1,8,944,DL,MCO,28
78,3,17,1,8,1005,DL,TPA,28
80,3,18,2,9,760,DL,ATL,29
-6,3,18,2,16,2475,DL,LAX,29
-3,3,18,2,18,2586,DL,SFO,29
-3,3,18,2,16,944,DL,MCO,29
209,3,18,2,16,2421,DL,SEA,29
0,3,18,2,19,1005,DL,TPA,29
-2,3,18,2,18,760,DL,ATL,29
-2,3,18,2,16,1069,DL,FLL,29
-4,3,18,2,16,2586,DL,SFO,29
20,3,18,2,15,1989,DL,SLC,29
21,3,18,2,16,1989,DL,SLC,29
10,3,18,2,16,760,DL,ATL,29
-7,3,18,2,7,2475,DL,LAX,29
-3,3,18,2,8,2475,DL,LAX,29
-4,3,18,2,16,2446,DL,SAN,29
-5,3,18,2,18,2475,DL,LAX,29
-5,3,18,2,20,2475,DL,LAX,29
-1,3,18,2,8,2586,DL,SFO,29
0,3,18,2,8,2421,DL,SEA,29
-5,3,18,2,8,2248,DL,LAS,29
54,3,18,2,17,2248,DL,LAS,29
5,3,18,2,18,2248,DL,LAS,29
-2,3,18,2,18,2153,DL,PHX,29
-4,3,18,2,8,1626,DL,DEN,29
0,3,18,2,18,2454,DL,PDX,29
-1,3,18,2,11,2475,DL,LAX,29
-2,3,18,2,8,2153,DL,PHX,29
27,3,18,2,16,187,DL,BOS,29
0,3,18,2,19,1069,DL,FLL,29
-5,3,18,2,8,1597,DL,SJU,29
7,3,18,2,15,760,DL,ATL,29
-1,3,18,2,6,1989,DL,SLC,29
-3,3,18,2,19,1090,DL,MIA,29
-5,3,18,2,6,760,DL,ATL,29
-4,3,18,2,10,1090,DL,MIA,29
-5,3,18,2,11,944,DL,MCO,29
2,3,18,2,19,1989,DL,SLC,29
10,3,18,2,16,589,DL,CVG,29
42,3,18,2,20,944,DL,MCO,29
-1,3,18,2,15,1005,DL,TPA,29
-4,3,18,2,8,1069,DL,FLL,29
-5,3,18,2,11,1069,DL,FLL,29
14,3,18,2,8,944,DL,MCO,29
18,3,19,3,9,760,DL,ATL,30
-4,3,19,3,16,2475,DL,LAX,30
54,3,19,3,18,2586,DL,SFO,30
51,3,19,3,16,944,DL,MCO,30
-2,3,19,3,16,2421,DL,SEA,30
153,3,19,3,19,1005,DL,TPA,30
30,3,19,3,18,760,DL,ATL,30
177,3,19,3,16,1069,DL,FLL,30
15,3,19,3,16,2586,DL,SFO,30
39,3,19,3,15,1989,DL,SLC,30
-2,3,19,3,16,1989,DL,SLC,30
36,3,19,3,16,760,DL,ATL,30
-3,3,19,3,7,2475,DL,LAX,30
104,3,19,3,8,2475,DL,LAX,30
1,3,19,3,16,2446,DL,SAN,30
-1,3,19,3,18,2475,DL,LAX,30
25,3,19,3,20,2475,DL,LAX,30
0,3,19,3,8,2586,DL,SFO,30
0,3,19,3,8,2421,DL,SEA,30
-3,3,19,3,12,2248,DL,LAS,30
-3,3,19,3,19,2421,DL,SEA,30
0,3,19,3,8,2248,DL,LAS,30
-1,3,19,3,17,2248,DL,LAS,30
102,3,19,3,18,2248,DL,LAS,30
-5,3,19,3,18,2153,DL,PHX,30
-5,3,19,3,8,1626,DL,DEN,30
0,3,19,3,18,2454,DL,PDX,30
0,3,19,3,11,2475,DL,LAX,30
2,3,19,3,8,2153,DL,PHX,30
98,3,19,3,16,187,DL,BOS,30
82,3,19,3,19,1069,DL,FLL,30
16,3,19,3,8,1597,DL,SJU,30
42,3,19,3,15,760,DL,ATL,30
49,3,19,3,19,1090,DL,MIA,30
-6,3,19,3,6,760,DL,ATL,30
2,3,19,3,10,1090,DL,MIA,30
7,3,19,3,6,1989,DL,SLC,30
-5,3,19,3,11,944,DL,MCO,30
34,3,19,3,19,1989,DL,SLC,30
75,3,19,3,16,589,DL,CVG,30
1,3,19,3,21,944,DL,MCO,30
-3,3,19,3,15,1005,DL,TPA,30
-2,3,19,3,8,1069,DL,FLL,30
0,3,19,3,11,1069,DL,FLL,30
0,3,19,3,8,944,DL,MCO,30
6,3,20,4,9,760,DL,ATL,31
2,3,20,4,16,2475,DL,LAX,31
13,3,20,4,18,2586,DL,SFO,31
40,3,20,4,16,944,DL,MCO,31
0,3,20,4,16,2421,DL,SEA,31
42,3,20,4,19,1005,DL,TPA,31
17,3,20,4,18,760,DL,ATL,31
4,3,20,4,16,1069,DL,FLL,31
-4,3,20,4,16,2586,DL,SFO,31
41,3,20,4,15,1989,DL,SLC,31
1,3,20,4,16,1989,DL,SLC,31
1,3,20,4,16,760,DL,ATL,31
-1,3,20,4,7,2475,DL,LAX,31
0,3,20,4,8,2475,DL,LAX,31
0,3,20,4,16,2446,DL,SAN,31
22,3,20,4,18,2475,DL,LAX,31
140,3,20,4,20,2475,DL,LAX,31
-2,3,20,4,8,2586,DL,SFO,31
0,3,20,4,8,2421,DL,SEA,31
-4,3,20,4,12,2248,DL,LAS,31
9,3,20,4,19,2421,DL,SEA,31
1,3,20,4,8,2248,DL,LAS,31
-5,3,20,4,17,2248,DL,LAS,31
-1,3,20,4,18,2248,DL,LAS,31
13,3,20,4,18,2153,DL,PHX,31
-6,3,20,4,8,1626,DL,DEN,31
31,3,20,4,18,2454,DL,PDX,31
26,3,20,4,11,2475,DL,LAX,31
29,3,20,4,8,2153,DL,PHX,31
17,3,20,4,16,187,DL,BOS,31
-2,3,20,4,19,1069,DL,FLL,31
-3,3,20,4,8,1597,DL,SJU,31
7,3,20,4,15,760,DL,ATL,31
2,3,20,4,6,1989,DL,SLC,31
33,3,20,4,19,1090,DL,MIA,31
-2,3,20,4,6,760,DL,ATL,31
-6,3,20,4,10,1090,DL,MIA,31
-4,3,20,4,11,944,DL,MCO,31
12,3,20,4,19,1989,DL,SLC,31
40,3,20,4,16,589,DL,CVG,31
-3,3,20,4,21,944,DL,MCO,31
-5,3,20,4,15,1005,DL,TPA,31
-5,3,20,4,8,1069,DL,FLL,31
1,3,20,4,11,1069,DL,FLL,31
0,3,20,4,8,944,DL,MCO,31
-3,3,20,4,8,1005,DL,TPA,31
2,3,21,5,9,760,DL,ATL,32
2,3,21,5,16,2475,DL,LAX,32
58,3,21,5,18,2586,DL,SFO,32
37,3,21,5,16,944,DL,MCO,32
-4,3,21,5,16,2421,DL,SEA,32
37,3,21,5,19,1005,DL,TPA,32
7,3,21,5,18,760,DL,ATL,32
-5,3,21,5,16,1069,DL,FLL,32
27,3,21,5,16,2586,DL,SFO,32
0,3,21,5,15,1989,DL,SLC,32
2,3,21,5,16,1989,DL,SLC,32
-2,3,21,5,16,760,DL,ATL,32
7,3,21,5,7,2475,DL,LAX,32
-3,3,21,5,8,2475,DL,LAX,32
8,3,21,5,16,2446,DL,SAN,32
13,3,21,5,18,2475,DL,LAX,32
76,3,21,5,20,2475,DL,LAX,32
13,3,21,5,8,2421,DL,SEA,32
-3,3,21,5,12,2248,DL,LAS,32
-3,3,21,5,19,2421,DL,SEA,32
-5,3,21,5,8,2248,DL,LAS,32
13,3,21,5,17,2248,DL,LAS,32
-2,3,21,5,18,2248,DL,LAS,32
-3,3,21,5,18,2153,DL,PHX,32
-5,3,21,5,8,1626,DL,DEN,32
7,3,21,5,18,2454,DL,PDX,32
0,3,21,5,11,2475,DL,LAX,32
28,3,21,5,8,2153,DL,PHX,32
-2,3,21,5,16,187,DL,BOS,32
31,3,21,5,19,1069,DL,FLL,32
-3,3,21,5,8,1597,DL,SJU,32
-2,3,21,5,15,760,DL,ATL,32
9,3,21,5,6,1989,DL,SLC,32
28,3,21,5,19,1090,DL,MIA,32
-3,3,21,5,6,760,DL,ATL,32
0,3,21,5,10,1090,DL,MIA,32
4,3,21,5,11,944,DL,MCO,32
29,3,21,5,19,1989,DL,SLC,32
15,3,21,5,16,589,DL,CVG,32
-8,3,21,5,21,944,DL,MCO,32
-4,3,21,5,15,1005,DL,TPA,32
0,3,21,5,8,1069,DL,FLL,32
3,3,21,5,11,1069,DL,FLL,32
-2,3,21,5,8,944,DL,MCO,32
-3,3,21,5,8,1005,DL,TPA,32
-1,3,22,6,9,760,DL,ATL,33
-3,3,22,6,16,2475,DL,LAX,33
-5,3,22,6,18,2586,DL,SFO,33
-4,3,22,6,16,944,DL,MCO,33
3,3,22,6,16,2421,DL,SEA,33
3,3,22,6,19,1005,DL,TPA,33
-1,3,22,6,18,760,DL,ATL,33
-4,3,22,6,16,1069,DL,FLL,33
0,3,22,6,15,1989,DL,SLC,33
0,3,22,6,16,1989,DL,SLC,33
-5,3,22,6,16,760,DL,ATL,33
-5,3,22,6,8,2475,DL,LAX,33
-5,3,22,6,17,2446,DL,SAN,33
20,3,22,6,18,2475,DL,LAX,33
-1,3,22,6,20,2475,DL,LAX,33
-6,3,22,6,8,2586,DL,SFO,33
-5,3,22,6,19,2421,DL,SEA,33
-3,3,22,6,8,2248,DL,LAS,33
3,3,22,6,18,2248,DL,LAS,33
-1,3,22,6,17,2153,DL,PHX,33
-4,3,22,6,8,1626,DL,DEN,33
24,3,22,6,19,2454,DL,PDX,33
-6,3,22,6,11,2475,DL,LAX,33
-4,3,22,6,16,187,DL,BOS,33
0,3,22,6,8,1623,DL,STT,33
-3,3,22,6,19,1069,DL,FLL,33
-5,3,22,6,8,1597,DL,SJU,33
-2,3,22,6,15,760,DL,ATL,33
0,3,22,6,19,1090,DL,MIA,33
-2,3,22,6,6,760,DL,ATL,33
-5,3,22,6,10,1090,DL,MIA,33
-5,3,22,6,6,1989,DL,SLC,33
-4,3,22,6,11,944,DL,MCO,33
12,3,22,6,16,589,DL,CVG,33
55,3,22,6,20,944,DL,MCO,33
-5,3,22,6,15,1005,DL,TPA,33
-1,3,22,6,12,1749,DL,HDN,33
-6,3,22,6,8,1069,DL,FLL,33
1,3,22,6,11,1069,DL,FLL,33
-6,3,22,6,8,944,DL,MCO,33
-4,3,22,6,8,1005,DL,TPA,33
-4,3,23,7,9,760,DL,ATL,34
-7,3,23,7,16,2475,DL,LAX,34
1,3,23,7,18,2586,DL,SFO,34
-6,3,23,7,16,944,DL,MCO,34
-1,3,23,7,16,2421,DL,SEA,34
67,3,23,7,19,1005,DL,TPA,34
9,3,23,7,18,760,DL,ATL,34
-3,3,23,7,16,1069,DL,FLL,34
-4,3,23,7,17,2586,DL,SFO,34
4,3,23,7,15,1989,DL,SLC,34
2,3,23,7,16,1989,DL,SLC,34
-3,3,23,7,16,760,DL,ATL,34
-3,3,23,7,8,2475,DL,LAX,34
34,3,23,7,16,2446,DL,SAN,34
-4,3,23,7,18,2475,DL,LAX,34
3,3,23,7,20,2475,DL,LAX,34
-4,3,23,7,8,2586,DL,SFO,34
-2,3,23,7,8,2421,DL,SEA,34
-4,3,23,7,12,2248,DL,LAS,34
-3,3,23,7,19,2421,DL,SEA,34
15,3,23,7,7,2248,DL,LAS,34
-3,3,23,7,17,2248,DL,LAS,34
0,3,23,7,18,2248,DL,LAS,34
5,3,23,7,18,2153,DL,PHX,34
-4,3,23,7,8,1626,DL,DEN,34
2,3,23,7,18,2454,DL,PDX,34
0,3,23,7,11,2475,DL,LAX,34
-5,3,23,7,8,2153,DL,PHX,34
-4,3,23,7,16,187,DL,BOS,34
-1,3,23,7,19,1069,DL,FLL,34
6,3,23,7,8,1597,DL,SJU,34
10,3,23,7,15,760,DL,ATL,34
217,3,23,7,19,1090,DL,MIA,34
-4,3,23,7,6,760,DL,ATL,34
48,3,23,7,10,1090,DL,MIA,34
11,3,23,7,6,1989,DL,SLC,34
-5,3,23,7,11,944,DL,MCO,34
-3,3,23,7,19,1989,DL,SLC,34
7,3,23,7,16,589,DL,CVG,34
-3,3,23,7,21,944,DL,MCO,34
2,3,23,7,15,1005,DL,TPA,34
-4,3,23,7,8,1069,DL,FLL,34
-5,3,23,7,11,1069,DL,FLL,34
-5,3,23,7,8,944,DL,MCO,34
-6,3,23,7,8,1005,DL,TPA,34
60,3,24,1,9,760,DL,ATL,35
-5,3,24,1,16,2475,DL,LAX,35
-12,3,24,1,18,2586,DL,SFO,35
-5,3,24,1,16,944,DL,MCO,35
-2,3,24,1,16,2421,DL,SEA,35
20,3,24,1,19,1005,DL,TPA,35
13,3,24,1,18,760,DL,ATL,35
-6,3,24,1,16,1069,DL,FLL,35
-5,3,24,1,17,2586,DL,SFO,35
14,3,24,1,15,1989,DL,SLC,35
-6,3,24,1,16,1989,DL,SLC,35
-3,3,24,1,16,760,DL,ATL,35
-4,3,24,1,7,2475,DL,LAX,35
0,3,24,1,8,2475,DL,LAX,35
46,3,24,1,16,2446,DL,SAN,35
-2,3,24,1,18,2475,DL,LAX,35
3,3,24,1,20,2475,DL,LAX,35
-3,3,24,1,8,2586,DL,SFO,35
4,3,24,1,8,2421,DL,SEA,35
-6,3,24,1,12,2248,DL,LAS,35
6,3,24,1,19,2421,DL,SEA,35
2,3,24,1,8,2248,DL,LAS,35
-5,3,24,1,17,2248,DL,LAS,35
2,3,24,1,18,2248,DL,LAS,35
4,3,24,1,18,2153,DL,PHX,35
-3,3,24,1,8,1626,DL,DEN,35
16,3,24,1,18,2454,DL,PDX,35
5,3,24,1,11,2475,DL,LAX,35
-4,3,24,1,8,2153,DL,PHX,35
17,3,24,1,16,187,DL,BOS,35
0,3,24,1,19,1069,DL,FLL,35
-2,3,24,1,8,1597,DL,SJU,35
-2,3,24,1,15,760,DL,ATL,35
6,3,24,1,6,1989,DL,SLC,35
4,3,24,1,19,1090,DL,MIA,35
-3,3,24,1,6,760,DL,ATL,35
-2,3,24,1,10,1090,DL,MIA,35
-3,3,24,1,11,944,DL,MCO,35
-3,3,24,1,19,1989,DL,SLC,35
43,3,24,1,16,589,DL,CVG,35
-4,3,24,1,21,944,DL,MCO,35
2,3,24,1,15,1005,DL,TPA,35
-4,3,24,1,8,1069,DL,FLL,35
-6,3,24,1,11,1069,DL,FLL,35
-4,3,24,1,8,944,DL,MCO,35
-8,3,24,1,8,1005,DL,TPA,35
-5,3,25,2,9,760,DL,ATL,36
-3,3,25,2,16,2475,DL,LAX,36
-1,3,25,2,18,2586,DL,SFO,36
-3,3,25,2,16,944,DL,MCO,36
0,3,25,2,16,2421,DL,SEA,36
-3,3,25,2,19,1005,DL,TPA,36
13,3,25,2,18,760,DL,ATL,36
1,3,25,2,16,1069,DL,FLL,36
-5,3,25,2,17,2586,DL,SFO,36
1,3,25,2,15,1989,DL,SLC,36
-5,3,25,2,16,1989,DL,SLC,36
0,3,25,2,16,760,DL,ATL,36
-5,3,25,2,7,2475,DL,LAX,36
-5,3,25,2,8,2475,DL,LAX,36
2,3,25,2,16,2446,DL,SAN,36
2,3,25,2,18,2475,DL,LAX,36
-4,3,25,2,20,2475,DL,LAX,36
-2,3,25,2,8,2586,DL,SFO,36
31,3,25,2,8,2421,DL,SEA,36
-4,3,25,2,8,2248,DL,LAS,36
-5,3,25,2,17,2248,DL,LAS,36
-6,3,25,2,18,2248,DL,LAS,36
2,3,25,2,18,2153,DL,PHX,36
-6,3,25,2,8,1626,DL,DEN,36
-2,3,25,2,18,2454,DL,PDX,36
0,3,25,2,11,2475,DL,LAX,36
2,3,25,2,8,2153,DL,PHX,36
19,3,25,2,16,187,DL,BOS,36
35,3,25,2,19,1069,DL,FLL,36
-4,3,25,2,8,1597,DL,SJU,36
25,3,25,2,15,760,DL,ATL,36
-3,3,25,2,6,1989,DL,SLC,36
-4,3,25,2,19,1090,DL,MIA,36
-5,3,25,2,6,760,DL,ATL,36
-3,3,25,2,10,1090,DL,MIA,36
-2,3,25,2,11,944,DL,MCO,36
11,3,25,2,19,1989,DL,SLC,36
6,3,25,2,16,589,DL,CVG,36
-5,3,25,2,20,944,DL,MCO,36
-1,3,25,2,15,1005,DL,TPA,36
-4,3,25,2,8,1069,DL,FLL,36
-4,3,25,2,11,1069,DL,FLL,36
-4,3,25,2,8,944,DL,MCO,36
-1,3,26,3,9,760,DL,ATL,37
-5,3,26,3,16,2475,DL,LAX,37
0,3,26,3,18,2586,DL,SFO,37
-1,3,26,3,16,944,DL,MCO,37
-1,3,26,3,16,2421,DL,SEA,37
-4,3,26,3,19,1005,DL,TPA,37
7,3,26,3,18,760,DL,ATL,37
-6,3,26,3,16,1069,DL,FLL,37
-4,3,26,3,16,2586,DL,SFO,37
0,3,26,3,15,1989,DL,SLC,37
-2,3,26,3,16,1989,DL,SLC,37
-5,3,26,3,16,760,DL,ATL,37
-6,3,26,3,7,2475,DL,LAX,37
0,3,26,3,8,2475,DL,LAX,37
-4,3,26,3,16,2446,DL,SAN,37
-4,3,26,3,18,2475,DL,LAX,37
49,3,26,3,20,2475,DL,LAX,37
-3,3,26,3,8,2586,DL,SFO,37
-2,3,26,3,8,2421,DL,SEA,37
-5,3,26,3,12,2248,DL,LAS,37
-3,3,26,3,19,2421,DL,SEA,37
36,3,26,3,8,2248,DL,LAS,37
-2,3,26,3,17,2248,DL,LAS,37
-3,3,26,3,18,2248,DL,LAS,37
9,3,26,3,18,2153,DL,PHX,37
-4,3,26,3,8,1626,DL,DEN,37
-5,3,26,3,18,2454,DL,PDX,37
-2,3,26,3,11,2475,DL,LAX,37
-3,3,26,3,8,2153,DL,PHX,37
10,3,26,3,16,187,DL,BOS,37
0,3,26,3,19,1069,DL,FLL,37
6,3,26,3,8,1597,DL,SJU,37
1,3,26,3,15,760,DL,ATL,37
29,3,26,3,19,1090,DL,MIA,37
-2,3,26,3,6,760,DL,ATL,37
-3,3,26,3,10,1090,DL,MIA,37
-6,3,26,3,6,1989,DL,SLC,37
32,3,26,3,11,944,DL,MCO,37
6,3,26,3,19,1989,DL,SLC,37
-5,3,26,3,16,589,DL,CVG,37
-3,3,26,3,21,944,DL,MCO,37
-5,3,26,3,15,1005,DL,TPA,37
0,3,26,3,8,1069,DL,FLL,37
-4,3,26,3,11,1069,DL,FLL,37
-2,3,26,3,8,944,DL,MCO,37
1,3,27,4,9,760,DL,ATL,38
3,3,27,4,16,2475,DL,LAX,38
55,3,27,4,18,2586,DL,SFO,38
-3,3,27,4,16,944,DL,MCO,38
1,3,27,4,16,2421,DL,SEA,38
-2,3,27,4,19,1005,DL,TPA,38
0,3,27,4,18,760,DL,ATL,38
8,3,27,4,16,1069,DL,FLL,38
7,3,27,4,15,1989,DL,SLC,38
40,3,27,4,16,1989,DL,SLC,38
45,3,27,4,16,760,DL,ATL,38
1,3,27,4,7,2475,DL,LAX,38
28,3,27,4,8,2475,DL,LAX,38
-3,3,27,4,16,2446,DL,SAN,38
24,3,27,4,18,2475,DL,LAX,38
41,3,27,4,20,2475,DL,LAX,38
-1,3,27,4,8,2586,DL,SFO,38
-2,3,27,4,8,2421,DL,SEA,38
0,3,27,4,12,2248,DL,LAS,38
-3,3,27,4,19,2421,DL,SEA,38
-2,3,27,4,8,2248,DL,LAS,38
-2,3,27,4,17,2248,DL,LAS,38
18,3,27,4,18,2248,DL,LAS,38
-2,3,27,4,18,2153,DL,PHX,38
-5,3,27,4,8,1626,DL,DEN,38
-2,3,27,4,18,2454,DL,PDX,38
-1,3,27,4,11,2475,DL,LAX,38
-1,3,27,4,8,2153,DL,PHX,38
50,3,27,4,16,187,DL,BOS,38
7,3,27,4,19,1069,DL,FLL,38
-4,3,27,4,8,1597,DL,SJU,38
90,3,27,4,15,760,DL,ATL,38
2,3,27,4,6,1989,DL,SLC,38
110,3,27,4,19,1090,DL,MIA,38
399,3,27,4,10,1090,DL,MIA,38
-5,3,27,4,11,944,DL,MCO,38
0,3,27,4,19,1989,DL,SLC,38
14,3,27,4,16,589,DL,CVG,38
35,3,27,4,21,944,DL,MCO,38
-4,3,27,4,15,1005,DL,TPA,38
10,3,27,4,11,1069,DL,FLL,38
4,3,27,4,8,944,DL,MCO,38
-1,3,28,5,9,760,DL,ATL,39
87,3,28,5,16,2475,DL,LAX,39
9,3,28,5,18,2586,DL,SFO,39
0,3,28,5,16,944,DL,MCO,39
-4,3,28,5,16,2421,DL,SEA,39
23,3,28,5,19,1005,DL,TPA,39
6,3,28,5,18,760,DL,ATL,39
-4,3,28,5,16,1069,DL,FLL,39
30,3,28,5,16,2586,DL,SFO,39
22,3,28,5,15,1989,DL,SLC,39
4,3,28,5,16,1989,DL,SLC,39
-2,3,28,5,16,760,DL,ATL,39
-4,3,28,5,7,2475,DL,LAX,39
-3,3,28,5,8,2475,DL,LAX,39
-5,3,28,5,16,2446,DL,SAN,39
34,3,28,5,18,2475,DL,LAX,39
18,3,28,5,20,2475,DL,LAX,39
2,3,28,5,8,2586,DL,SFO,39
-1,3,28,5,8,2421,DL,SEA,39
-1,3,28,5,12,2248,DL,LAS,39
88,3,28,5,19,2421,DL,SEA,39
-4,3,28,5,8,2248,DL,LAS,39
-5,3,28,5,17,2248,DL,LAS,39
10,3,28,5,18,2248,DL,LAS,39
58,3,28,5,18,2153,DL,PHX,39
-4,3,28,5,8,1626,DL,DEN,39
42,3,28,5,18,2454,DL,PDX,39
2,3,28,5,11,2475,DL,LAX,39
0,3,28,5,8,2153,DL,PHX,39
41,3,28,5,16,187,DL,BOS,39
46,3,28,5,19,1069,DL,FLL,39
2,3,28,5,8,1597,DL,SJU,39
26,3,28,5,15,760,DL,ATL,39
-2,3,28,5,6,1989,DL,SLC,39
33,3,28,5,19,1090,DL,MIA,39
4,3,28,5,6,760,DL,ATL,39
-5,3,28,5,10,1090,DL,MIA,39
-2,3,28,5,11,944,DL,MCO,39
0,3,28,5,19,1989,DL,SLC,39
23,3,28,5,16,589,DL,CVG,39
0,3,28,5,21,944,DL,MCO,39
-6,3,28,5,15,1005,DL,TPA,39
-3,3,28,5,8,1069,DL,FLL,39
56,3,28,5,11,1069,DL,FLL,39
-6,3,28,5,8,944,DL,MCO,39
1,3,28,5,8,1005,DL,TPA,39
-1,3,29,6,9,760,DL,ATL,40
0,3,29,6,16,2475,DL,LAX,40
12,3,29,6,18,2586,DL,SFO,40
-4,3,29,6,16,944,DL,MCO,40
0,3,29,6,16,2421,DL,SEA,40
-5,3,29,6,19,1005,DL,TPA,40
-8,3,29,6,18,760,DL,ATL,40
0,3,29,6,16,1069,DL,FLL,40
14,3,29,6,15,1989,DL,SLC,40
-5,3,29,6,16,1989,DL,SLC,40
8,3,29,6,16,760,DL,ATL,40
-1,3,29,6,8,2475,DL,LAX,40
-5,3,29,6,17,2446,DL,SAN,40
0,3,29,6,18,2475,DL,LAX,40
20,3,29,6,20,2475,DL,LAX,40
-3,3,29,6,8,2586,DL,SFO,40
-3,3,29,6,19,2421,DL,SEA,40
-9,3,29,6,8,2248,DL,LAS,40
1,3,29,6,18,2248,DL,LAS,40
-2,3,29,6,17,2153,DL,PHX,40
-5,3,29,6,8,1626,DL,DEN,40
-1,3,29,6,19,2454,DL,PDX,40
0,3,29,6,11,2475,DL,LAX,40
0,3,29,6,16,187,DL,BOS,40
-6,3,29,6,8,1623,DL,STT,40
13,3,29,6,19,1069,DL,FLL,40
-5,3,29,6,8,1597,DL,SJU,40
15,3,29,6,15,760,DL,ATL,40
5,3,29,6,19,1090,DL,MIA,40
-3,3,29,6,6,760,DL,ATL,40
-4,3,29,6,10,1090,DL,MIA,40
-3,3,29,6,6,1989,DL,SLC,40
-3,3,29,6,11,944,DL,MCO,40
41,3,29,6,16,589,DL,CVG,40
-5,3,29,6,20,944,DL,MCO,40
-5,3,29,6,15,1005,DL,TPA,40
-5,3,29,6,12,1749,DL,HDN,40
-4,3,29,6,8,1069,DL,FLL,40
10,3,29,6,11,1069,DL,FLL,40
-4,3,29,6,8,944,DL,MCO,40
-4,3,29,6,8,1005,DL,TPA,40
-2,3,30,7,8,760,DL,ATL,41
47,3,30,7,16,2475,DL,LAX,41
26,3,30,7,18,2586,DL,SFO,41
29,3,30,7,16,944,DL,MCO,41
22,3,30,7,16,187,DL,BOS,41
0,3,30,7,16,2421,DL,SEA,41
-1,3,30,7,19,1005,DL,TPA,41
40,3,30,7,18,2475,DL,LAX,41
15,3,30,7,18,760,DL,ATL,41
51,3,30,7,16,1069,DL,FLL,41
13,3,30,7,16,2586,DL,SFO,41
19,3,30,7,15,1989,DL,SLC,41
0,3,30,7,16,1989,DL,SLC,41
4,3,30,7,12,760,DL,ATL,41
-3,3,30,7,16,760,DL,ATL,41
7,3,30,7,8,2475,DL,LAX,41
-2,3,30,7,16,2446,DL,SAN,41
0,3,30,7,20,2475,DL,LAX,41
-1,3,30,7,8,2586,DL,SFO,41
12,3,30,7,8,2421,DL,SEA,41
-1,3,30,7,12,2248,DL,LAS,41
5,3,30,7,19,2421,DL,SEA,41
-3,3,30,7,7,2248,DL,LAS,41
-1,3,30,7,17,2248,DL,LAS,41
-5,3,30,7,18,2248,DL,LAS,41
-2,3,30,7,18,2153,DL,PHX,41
-5,3,30,7,8,1626,DL,DEN,41
22,3,30,7,18,2454,DL,PDX,41
-5,3,30,7,11,2475,DL,LAX,41
-5,3,30,7,8,2153,DL,PHX,41
0,3,30,7,19,1069,DL,FLL,41
-6,3,30,7,8,1597,DL,SJU,41
40,3,30,7,15,760,DL,ATL,41
-6,3,30,7,19,1090,DL,MIA,41
-2,3,30,7,6,760,DL,ATL,41
-3,3,30,7,10,1090,DL,MIA,41
-5,3,30,7,6,1989,DL,SLC,41
-6,3,30,7,11,944,DL,MCO,41
35,3,30,7,19,1989,DL,SLC,41
9,3,30,7,16,589,DL,CVG,41
0,3,30,7,21,944,DL,MCO,41
2,3,30,7,15,1005,DL,TPA,41
-6,3,30,7,8,1069,DL,FLL,41
-1,3,30,7,11,1069,DL,FLL,41
-4,3,30,7,8,944,DL,MCO,41
-3,3,30,7,8,1005,DL,TPA,41
-1,3,31,1,8,760,DL,ATL,42
32,3,31,1,16,2475,DL,LAX,42
20,3,31,1,18,2586,DL,SFO,42
0,3,31,1,16,944,DL,MCO,42
81,3,31,1,16,187,DL,BOS,42
-3,3,31,1,16,2421,DL,SEA,42
1,3,31,1,19,1005,DL,TPA,42
-1,3,31,1,18,2475,DL,LAX,42
-5,3,31,1,18,760,DL,ATL,42
1,3,31,1,16,1069,DL,FLL,42
51,3,31,1,16,2586,DL,SFO,42
71,3,31,1,16,589,DL,CVG,42
2,3,31,1,16,1989,DL,SLC,42
-3,3,31,1,16,760,DL,ATL,42
0,3,31,1,7,2475,DL,LAX,42
9,3,31,1,8,2475,DL,LAX,42
0,3,31,1,16,2446,DL,SAN,42
1,3,31,1,20,2475,DL,LAX,42
-3,3,31,1,8,2586,DL,SFO,42
0,3,31,1,8,2421,DL,SEA,42
7,3,31,1,12,2248,DL,LAS,42
-5,3,31,1,19,2421,DL,SEA,42
-2,3,31,1,8,2248,DL,LAS,42
-2,3,31,1,17,2248,DL,LAS,42
32,3,31,1,18,2248,DL,LAS,42
-5,3,31,1,18,2153,DL,PHX,42
-4,3,31,1,8,1626,DL,DEN,42
24,3,31,1,18,2454,DL,PDX,42
24,3,31,1,11,2475,DL,LAX,42
-4,3,31,1,8,2153,DL,PHX,42
9,3,31,1,19,1069,DL,FLL,42
-4,3,31,1,8,1597,DL,SJU,42
42,3,31,1,15,760,DL,ATL,42
-9,3,31,1,6,1989,DL,SLC,42
24,3,31,1,19,1090,DL,MIA,42
-3,3,31,1,6,760,DL,ATL,42
-4,3,31,1,10,1090,DL,MIA,42
-3,3,31,1,11,944,DL,MCO,42
23,3,31,1,19,1989,DL,SLC,42
40,3,31,1,15,1989,DL,SLC,42
-1,3,31,1,21,944,DL,MCO,42
58,3,31,1,15,1005,DL,TPA,42
-4,3,31,1,8,1069,DL,FLL,42
6,3,31,1,11,1069,DL,FLL,42
-3,3,31,1,8,944,DL,MCO,42
1,3,31,1,8,1005,DL,TPA,42
-1,3,1,6,15,184,MQ,BWI,12
9,3,2,7,15,184,MQ,BWI,13
24,3,3,1,15,184,MQ,BWI,14
66,3,4,2,15,184,MQ,BWI,15
-10,3,5,3,15,184,MQ,BWI,16
-6,3,6,4,15,184,MQ,BWI,17
7,3,7,5,15,184,MQ,BWI,18
45,3,9,7,15,184,MQ,BWI,20
9,3,10,1,15,184,MQ,BWI,21
-5,3,11,2,15,184,MQ,BWI,22
-7,3,12,3,15,184,MQ,BWI,23
-7,3,13,4,15,184,MQ,BWI,24
-3,3,14,5,15,184,MQ,BWI,25
-5,3,15,6,15,184,MQ,BWI,26
17,3,16,7,15,184,MQ,BWI,27
-5,3,17,1,15,184,MQ,BWI,28
18,3,18,2,15,184,MQ,BWI,29
-10,3,20,4,15,184,MQ,BWI,31
14,3,21,5,15,184,MQ,BWI,32
197,3,22,6,15,184,MQ,BWI,33
-4,3,23,7,15,184,MQ,BWI,34
-4,3,24,1,15,184,MQ,BWI,35
131,3,25,2,15,184,MQ,BWI,36
-5,3,26,3,15,184,MQ,BWI,37
1,3,27,4,15,184,MQ,BWI,38
-4,3,28,5,15,184,MQ,BWI,39
-6,3,29,6,15,184,MQ,BWI,40
-1,3,30,7,15,184,MQ,BWI,41
-2,3,1,6,17,340,MQ,PIT,12
-8,3,2,7,17,340,MQ,PIT,13
-7,3,3,1,17,340,MQ,PIT,14
53,3,4,2,17,340,MQ,PIT,15
13,3,5,3,17,340,MQ,PIT,16
-6,3,6,4,17,340,MQ,PIT,17
27,3,7,5,17,340,MQ,PIT,18
27,3,9,7,17,340,MQ,PIT,20
-6,3,10,1,17,340,MQ,PIT,21
-5,3,11,2,17,340,MQ,PIT,22
-2,3,12,3,17,340,MQ,PIT,23
-1,3,13,4,17,340,MQ,PIT,24
14,3,14,5,17,340,MQ,PIT,25
-7,3,15,6,17,340,MQ,PIT,26
8,3,16,7,17,340,MQ,PIT,27
126,3,17,1,17,340,MQ,PIT,28
-5,3,18,2,17,340,MQ,PIT,29
17,3,19,3,17,340,MQ,PIT,30
-7,3,20,4,17,340,MQ,PIT,31
18,3,21,5,17,340,MQ,PIT,32
5,3,22,6,17,340,MQ,PIT,33
-3,3,23,7,17,340,MQ,PIT,34
-2,3,24,1,17,340,MQ,PIT,35
1,3,25,2,17,340,MQ,PIT,36
-3,3,26,3,17,340,MQ,PIT,37
78,3,27,4,17,340,MQ,PIT,38
-2,3,28,5,17,340,MQ,PIT,39
-7,3,29,6,17,340,MQ,PIT,40
21,3,30,7,17,340,MQ,PIT,41
-4,3,1,6,18,740,MQ,ORD,12
38,3,2,7,18,740,MQ,ORD,13
-2,3,3,1,18,740,MQ,ORD,14
18,3,4,2,18,740,MQ,ORD,15
-4,3,5,3,18,740,MQ,ORD,16
-5,3,6,4,18,740,MQ,ORD,17
42,3,7,5,18,740,MQ,ORD,18
32,3,9,7,18,740,MQ,ORD,20
-6,3,10,1,18,740,MQ,ORD,21
-2,3,11,2,18,740,MQ,ORD,22
-9,3,12,3,18,740,MQ,ORD,23
3,3,13,4,18,740,MQ,ORD,24
-4,3,14,5,18,740,MQ,ORD,25
-7,3,15,6,18,740,MQ,ORD,26
50,3,16,7,18,740,MQ,ORD,27
37,3,17,1,18,740,MQ,ORD,28
65,3,18,2,18,740,MQ,ORD,29
18,3,19,3,18,740,MQ,ORD,30
25,3,20,4,18,740,MQ,ORD,31
-3,3,22,6,18,740,MQ,ORD,33
-11,3,23,7,18,740,MQ,ORD,34
-11,3,24,1,18,740,MQ,ORD,35
54,3,25,2,18,740,MQ,ORD,36
-5,3,26,3,18,740,MQ,ORD,37
-4,3,28,5,18,740,MQ,ORD,39
3,3,29,6,18,740,MQ,ORD,40
84,3,30,7,18,740,MQ,ORD,41
-2,3,1,6,16,425,MQ,CLE,12
-4,3,2,7,16,425,MQ,CLE,13
-8,3,3,1,16,425,MQ,CLE,14
14,3,4,2,16,425,MQ,CLE,15
-4,3,5,3,16,425,MQ,CLE,16
-11,3,6,4,16,425,MQ,CLE,17
13,3,9,7,16,425,MQ,CLE,20
31,3,10,1,16,425,MQ,CLE,21
-4,3,11,2,16,425,MQ,CLE,22
-5,3,12,3,16,425,MQ,CLE,23
-10,3,13,4,16,425,MQ,CLE,24
6,3,14,5,16,425,MQ,CLE,25
-5,3,15,6,16,425,MQ,CLE,26
-1,3,16,7,16,425,MQ,CLE,27
-8,3,17,1,16,425,MQ,CLE,28
-6,3,18,2,16,425,MQ,CLE,29
-8,3,20,4,16,425,MQ,CLE,31
87,3,21,5,16,425,MQ,CLE,32
-4,3,22,6,16,425,MQ,CLE,33
-6,3,23,7,16,425,MQ,CLE,34
-6,3,24,1,16,425,MQ,CLE,35
-7,3,25,2,16,425,MQ,CLE,36
-9,3,26,3,16,425,MQ,CLE,37
-9,3,27,4,16,425,MQ,CLE,38
7,3,28,5,16,425,MQ,CLE,39
-2,3,29,6,16,425,MQ,CLE,40
24,3,30,7,16,425,MQ,CLE,41
-4,3,1,6,22,187,MQ,BOS,12
-8,3,2,7,22,187,MQ,BOS,13
-7,3,3,1,22,187,MQ,BOS,14
14,3,4,2,22,187,MQ,BOS,15
-4,3,5,3,22,187,MQ,BOS,16
-6,3,6,4,22,187,MQ,BOS,17
1,3,7,5,22,187,MQ,BOS,18
5,3,9,7,22,187,MQ,BOS,20
-10,3,10,1,22,187,MQ,BOS,21
-11,3,11,2,22,187,MQ,BOS,22
-10,3,12,3,22,187,MQ,BOS,23
-6,3,13,4,22,187,MQ,BOS,24
16,3,14,5,22,187,MQ,BOS,25
-8,3,15,6,22,187,MQ,BOS,26
-1,3,16,7,22,187,MQ,BOS,27
-6,3,17,1,22,187,MQ,BOS,28
-5,3,18,2,22,187,MQ,BOS,29
24,3,20,4,22,187,MQ,BOS,31
-3,3,21,5,22,187,MQ,BOS,32
18,3,22,6,22,187,MQ,BOS,33
-7,3,23,7,22,187,MQ,BOS,34
-6,3,24,1,22,187,MQ,BOS,35
-7,3,25,2,22,187,MQ,BOS,36
-4,3,26,3,22,187,MQ,BOS,37
-2,3,27,4,22,187,MQ,BOS,38
59,3,28,5,22,187,MQ,BOS,39
-7,3,29,6,22,187,MQ,BOS,40
-3,3,30,7,22,187,MQ,BOS,41
39,3,31,1,22,187,MQ,BOS,42
7,3,1,6,8,187,MQ,BOS,12
-5,3,2,7,8,187,MQ,BOS,13
-2,3,3,1,8,187,MQ,BOS,14
22,3,4,2,8,187,MQ,BOS,15
227,3,5,3,8,187,MQ,BOS,16
7,3,6,4,8,187,MQ,BOS,17
-6,3,7,5,8,187,MQ,BOS,18
63,3,8,6,8,187,MQ,BOS,19
23,3,9,7,8,187,MQ,BOS,20
-2,3,10,1,8,187,MQ,BOS,21
-5,3,11,2,8,187,MQ,BOS,22
-4,3,12,3,8,187,MQ,BOS,23
-3,3,13,4,8,187,MQ,BOS,24
13,3,14,5,8,187,MQ,BOS,25
-3,3,15,6,8,187,MQ,BOS,26
0,3,16,7,8,187,MQ,BOS,27
-8,3,17,1,8,187,MQ,BOS,28
-2,3,18,2,8,187,MQ,BOS,29
-6,3,19,3,8,187,MQ,BOS,30
-6,3,20,4,8,187,MQ,BOS,31
-3,3,21,5,8,187,MQ,BOS,32
3,3,22,6,8,187,MQ,BOS,33
2,3,23,7,8,187,MQ,BOS,34
-6,3,24,1,8,187,MQ,BOS,35
-5,3,25,2,8,187,MQ,BOS,36
16,3,26,3,8,187,MQ,BOS,37
21,3,27,4,8,187,MQ,BOS,38
-8,3,28,5,8,187,MQ,BOS,39
5,3,29,6,8,187,MQ,BOS,40
-3,3,30,7,8,187,MQ,BOS,41
-8,3,31,1,8,187,MQ,BOS,42
-5,3,1,6,19,187,MQ,BOS,12
-5,3,2,7,19,187,MQ,BOS,13
-10,3,3,1,19,187,MQ,BOS,14
17,3,4,2,19,187,MQ,BOS,15
-6,3,5,3,19,187,MQ,BOS,16
-3,3,6,4,19,187,MQ,BOS,17
62,3,7,5,19,187,MQ,BOS,18
-2,3,9,7,19,187,MQ,BOS,20
-5,3,10,1,19,187,MQ,BOS,21
-3,3,11,2,19,187,MQ,BOS,22
11,3,12,3,19,187,MQ,BOS,23
0,3,13,4,19,187,MQ,BOS,24
29,3,14,5,19,187,MQ,BOS,25
0,3,15,6,19,187,MQ,BOS,26
80,3,16,7,19,187,MQ,BOS,27
16,3,17,1,19,187,MQ,BOS,28
-5,3,18,2,19,187,MQ,BOS,29
0,3,19,3,19,187,MQ,BOS,30
40,3,20,4,19,187,MQ,BOS,31
7,3,21,5,19,187,MQ,BOS,32
-4,3,22,6,19,187,MQ,BOS,33
23,3,23,7,19,187,MQ,BOS,34
5,3,24,1,19,187,MQ,BOS,35
-5,3,25,2,19,187,MQ,BOS,36
-10,3,26,3,19,187,MQ,BOS,37
-4,3,27,4,19,187,MQ,BOS,38
134,3,28,5,19,187,MQ,BOS,39
-7,3,29,6,19,187,MQ,BOS,40
-5,3,30,7,19,187,MQ,BOS,41
26,3,31,1,19,187,MQ,BOS,42
-5,3,1,6,14,187,MQ,BOS,12
0,3,2,7,14,187,MQ,BOS,13
-7,3,3,1,14,187,MQ,BOS,14
-4,3,4,2,14,187,MQ,BOS,15
-5,3,5,3,14,187,MQ,BOS,16
-2,3,6,4,14,187,MQ,BOS,17
-9,3,7,5,14,187,MQ,BOS,18
75,3,8,6,14,187,MQ,BOS,19
-1,3,9,7,14,187,MQ,BOS,20
-3,3,10,1,14,187,MQ,BOS,21
-7,3,11,2,14,187,MQ,BOS,22
-8,3,12,3,14,187,MQ,BOS,23
-6,3,13,4,14,187,MQ,BOS,24
-3,3,14,5,14,187,MQ,BOS,25
10,3,15,6,14,187,MQ,BOS,26
7,3,16,7,14,187,MQ,BOS,27
4,3,17,1,14,187,MQ,BOS,28
-7,3,18,2,14,187,MQ,BOS,29
140,3,19,3,14,187,MQ,BOS,30
2,3,20,4,14,187,MQ,BOS,31
-2,3,22,6,14,187,MQ,BOS,33
1,3,23,7,14,187,MQ,BOS,34
1,3,24,1,14,187,MQ,BOS,35
-5,3,25,2,14,187,MQ,BOS,36
-6,3,26,3,14,187,MQ,BOS,37
-1,3,27,4,14,187,MQ,BOS,38
16,3,28,5,14,187,MQ,BOS,39
-4,3,29,6,14,187,MQ,BOS,40
-1,3,30,7,14,187,MQ,BOS,41
322,3,31,1,14,187,MQ,BOS,42
11,3,1,6,10,187,MQ,BOS,12
-10,3,2,7,10,187,MQ,BOS,13
-5,3,3,1,10,187,MQ,BOS,14
-10,3,4,2,10,187,MQ,BOS,15
-1,3,5,3,10,187,MQ,BOS,16
-3,3,6,4,10,187,MQ,BOS,17
-3,3,7,5,10,187,MQ,BOS,18
-5,3,9,7,10,187,MQ,BOS,20
11,3,10,1,10,187,MQ,BOS,21
-4,3,11,2,10,187,MQ,BOS,22
19,3,12,3,10,187,MQ,BOS,23
-3,3,13,4,10,187,MQ,BOS,24
-5,3,14,5,10,187,MQ,BOS,25
143,3,15,6,10,187,MQ,BOS,26
-11,3,16,7,10,187,MQ,BOS,27
-6,3,17,1,10,187,MQ,BOS,28
-4,3,18,2,10,187,MQ,BOS,29
34,3,19,3,10,187,MQ,BOS,30
45,3,20,4,10,187,MQ,BOS,31
-6,3,21,5,10,187,MQ,BOS,32
-7,3,22,6,10,187,MQ,BOS,33
-7,3,23,7,10,187,MQ,BOS,34
-6,3,25,2,10,187,MQ,BOS,36
-4,3,26,3,10,187,MQ,BOS,37
-5,3,27,4,10,187,MQ,BOS,38
-6,3,29,6,10,187,MQ,BOS,40
-11,3,30,7,10,187,MQ,BOS,41
93,3,31,1,10,187,MQ,BOS,42
-5,3,1,6,15,187,MQ,BOS,12
22,3,15,6,15,187,MQ,BOS,26
-4,3,22,6,15,187,MQ,BOS,33
-8,3,29,6,15,187,MQ,BOS,40
-6,3,1,6,16,426,MQ,RDU,12
-5,3,2,7,16,426,MQ,RDU,13
-5,3,3,1,16,426,MQ,RDU,14
99,3,4,2,16,426,MQ,RDU,15
-5,3,5,3,16,426,MQ,RDU,16
-8,3,6,4,16,426,MQ,RDU,17
69,3,7,5,16,426,MQ,RDU,18
11,3,9,7,16,426,MQ,RDU,20
-5,3,10,1,16,426,MQ,RDU,21
-5,3,11,2,16,426,MQ,RDU,22
-2,3,12,3,16,426,MQ,RDU,23
0,3,13,4,16,426,MQ,RDU,24
0,3,14,5,16,426,MQ,RDU,25
4,3,15,6,16,426,MQ,RDU,26
14,3,16,7,16,426,MQ,RDU,27
-5,3,17,1,16,426,MQ,RDU,28
-2,3,18,2,16,426,MQ,RDU,29
72,3,19,3,16,426,MQ,RDU,30
-1,3,20,4,16,426,MQ,RDU,31
40,3,21,5,16,426,MQ,RDU,32
18,3,22,6,16,426,MQ,RDU,33
-1,3,23,7,16,426,MQ,RDU,34
-8,3,24,1,16,426,MQ,RDU,35
-7,3,25,2,16,426,MQ,RDU,36
-3,3,26,3,16,426,MQ,RDU,37
-5,3,27,4,16,426,MQ,RDU,38
-5,3,28,5,16,426,MQ,RDU,39
-3,3,29,6,16,426,MQ,RDU,40
13,3,30,7,16,426,MQ,RDU,41
33,3,31,1,16,426,MQ,RDU,42
12,3,1,6,18,426,MQ,RDU,12
-4,3,15,6,18,426,MQ,RDU,26
-12,3,22,6,18,426,MQ,RDU,33
-5,3,29,6,18,426,MQ,RDU,40
-4,3,1,6,16,187,MQ,BOS,12
54,3,2,7,16,187,MQ,BOS,13
1,3,3,1,16,187,MQ,BOS,14
-3,3,4,2,16,187,MQ,BOS,15
-9,3,5,3,16,187,MQ,BOS,16
-4,3,6,4,16,187,MQ,BOS,17
28,3,9,7,16,187,MQ,BOS,20
-1,3,10,1,16,187,MQ,BOS,21
-3,3,11,2,16,187,MQ,BOS,22
-1,3,12,3,16,187,MQ,BOS,23
-4,3,13,4,16,187,MQ,BOS,24
8,3,14,5,16,187,MQ,BOS,25
12,3,15,6,16,187,MQ,BOS,26
21,3,16,7,16,187,MQ,BOS,27
-4,3,17,1,16,187,MQ,BOS,28
-3,3,18,2,16,187,MQ,BOS,29
18,3,20,4,16,187,MQ,BOS,31
-1,3,21,5,16,187,MQ,BOS,32
-1,3,22,6,16,187,MQ,BOS,33
4,3,23,7,16,187,MQ,BOS,34
-6,3,24,1,16,187,MQ,BOS,35
-6,3,25,2,16,187,MQ,BOS,36
-4,3,26,3,16,187,MQ,BOS,37
12,3,27,4,16,187,MQ,BOS,38
16,3,28,5,16,187,MQ,BOS,39
-6,3,29,6,16,187,MQ,BOS,40
1,3,30,7,16,187,MQ,BOS,41
10,3,31,1,16,187,MQ,BOS,42
-6,3,1,6,12,426,MQ,RDU,12
20,3,2,7,12,426,MQ,RDU,13
-5,3,3,1,12,426,MQ,RDU,14
-7,3,4,2,12,426,MQ,RDU,15
58,3,5,3,12,426,MQ,RDU,16
-4,3,6,4,12,426,MQ,RDU,17
-7,3,7,5,12,426,MQ,RDU,18
35,3,9,7,12,426,MQ,RDU,20
-2,3,10,1,12,426,MQ,RDU,21
-6,3,11,2,12,426,MQ,RDU,22
-4,3,12,3,12,426,MQ,RDU,23
18,3,13,4,12,426,MQ,RDU,24
-2,3,14,5,12,426,MQ,RDU,25
-4,3,15,6,12,426,MQ,RDU,26
-5,3,16,7,12,426,MQ,RDU,27
-1,3,17,1,12,426,MQ,RDU,28
-3,3,18,2,12,426,MQ,RDU,29
-2,3,20,4,12,426,MQ,RDU,31
5,3,21,5,12,426,MQ,RDU,32
-5,3,22,6,12,426,MQ,RDU,33
-5,3,23,7,12,426,MQ,RDU,34
-1,3,24,1,12,426,MQ,RDU,35
-9,3,25,2,12,426,MQ,RDU,36
-3,3,26,3,12,426,MQ,RDU,37
-3,3,27,4,12,426,MQ,RDU,38
-8,3,28,5,12,426,MQ,RDU,39
-5,3,29,6,12,426,MQ,RDU,40
-9,3,30,7,12,426,MQ,RDU,41
0,3,31,1,12,426,MQ,RDU,42
-1,3,1,6,8,426,MQ,RDU,12
-4,3,2,7,8,426,MQ,RDU,13
-6,3,3,1,8,426,MQ,RDU,14
-6,3,4,2,8,426,MQ,RDU,15
-6,3,5,3,8,426,MQ,RDU,16
-6,3,6,4,8,426,MQ,RDU,17
-10,3,7,5,8,426,MQ,RDU,18
-2,3,8,6,8,426,MQ,RDU,19
16,3,9,7,8,426,MQ,RDU,20
-3,3,10,1,8,426,MQ,RDU,21
-7,3,11,2,8,426,MQ,RDU,22
-12,3,12,3,8,426,MQ,RDU,23
-4,3,13,4,8,426,MQ,RDU,24
157,3,14,5,8,426,MQ,RDU,25
41,3,15,6,8,426,MQ,RDU,26
-2,3,16,7,8,426,MQ,RDU,27
-6,3,17,1,8,426,MQ,RDU,28
-5,3,18,2,8,426,MQ,RDU,29
-5,3,19,3,8,426,MQ,RDU,30
0,3,20,4,8,426,MQ,RDU,31
-7,3,21,5,8,426,MQ,RDU,32
-8,3,22,6,8,426,MQ,RDU,33
-7,3,23,7,8,426,MQ,RDU,34
-6,3,24,1,8,426,MQ,RDU,35
0,3,25,2,8,426,MQ,RDU,36
5,3,26,3,8,426,MQ,RDU,37
-4,3,27,4,8,426,MQ,RDU,38
-3,3,28,5,8,426,MQ,RDU,39
0,3,29,6,8,426,MQ,RDU,40
-8,3,30,7,8,426,MQ,RDU,41
9,3,31,1,8,426,MQ,RDU,42
-3,3,1,6,22,426,MQ,RDU,12
-5,3,2,7,22,426,MQ,RDU,13
-6,3,3,1,22,426,MQ,RDU,14
63,3,4,2,22,426,MQ,RDU,15
4,3,5,3,22,426,MQ,RDU,16
-7,3,6,4,22,426,MQ,RDU,17
5,3,7,5,22,426,MQ,RDU,18
0,3,10,1,22,426,MQ,RDU,21
-9,3,11,2,22,426,MQ,RDU,22
-8,3,12,3,22,426,MQ,RDU,23
-3,3,13,4,22,426,MQ,RDU,24
-8,3,14,5,22,426,MQ,RDU,25
-2,3,15,6,22,426,MQ,RDU,26
12,3,16,7,22,426,MQ,RDU,27
-8,3,17,1,22,426,MQ,RDU,28
-3,3,18,2,22,426,MQ,RDU,29
25,3,19,3,22,426,MQ,RDU,30
0,3,20,4,22,426,MQ,RDU,31
-4,3,21,5,22,426,MQ,RDU,32
-2,3,22,6,22,426,MQ,RDU,33
-4,3,23,7,22,426,MQ,RDU,34
-10,3,24,1,22,426,MQ,RDU,35
-4,3,25,2,22,426,MQ,RDU,36
-6,3,26,3,22,426,MQ,RDU,37
-8,3,27,4,22,426,MQ,RDU,38
21,3,28,5,22,426,MQ,RDU,39
-6,3,29,6,22,426,MQ,RDU,40
-3,3,30,7,22,426,MQ,RDU,41
-6,3,31,1,22,426,MQ,RDU,42
-5,3,1,6,15,426,MQ,RDU,12
-4,3,2,7,15,426,MQ,RDU,13
-1,3,3,1,15,426,MQ,RDU,14
92,3,4,2,15,426,MQ,RDU,15
2,3,5,3,15,426,MQ,RDU,16
-5,3,6,4,15,426,MQ,RDU,17
0,3,7,5,15,426,MQ,RDU,18
58,3,9,7,15,426,MQ,RDU,20
93,3,10,1,15,426,MQ,RDU,21
-2,3,11,2,15,426,MQ,RDU,22
-5,3,12,3,15,426,MQ,RDU,23
-2,3,13,4,15,426,MQ,RDU,24
14,3,14,5,15,426,MQ,RDU,25
7,3,15,6,15,426,MQ,RDU,26
54,3,16,7,15,426,MQ,RDU,27
35,3,17,1,15,426,MQ,RDU,28
-4,3,18,2,15,426,MQ,RDU,29
111,3,19,3,15,426,MQ,RDU,30
3,3,20,4,15,426,MQ,RDU,31
13,3,21,5,15,426,MQ,RDU,32
-4,3,22,6,15,426,MQ,RDU,33
-3,3,23,7,15,426,MQ,RDU,34
14,3,24,1,15,426,MQ,RDU,35
-2,3,25,2,15,426,MQ,RDU,36
-8,3,26,3,15,426,MQ,RDU,37
66,3,27,4,15,426,MQ,RDU,38
-5,3,28,5,15,426,MQ,RDU,39
-4,3,29,6,15,426,MQ,RDU,40
3,3,30,7,15,426,MQ,RDU,41
30,3,31,1,15,426,MQ,RDU,42
45,3,1,6,16,892,MQ,STL,12
10,3,2,7,16,892,MQ,STL,13
62,3,3,1,16,892,MQ,STL,14
27,3,4,2,16,892,MQ,STL,15
-8,3,5,3,16,892,MQ,STL,16
-5,3,6,4,16,892,MQ,STL,17
-12,3,7,5,16,892,MQ,STL,18
158,3,8,6,16,892,MQ,STL,19
-3,3,9,7,16,892,MQ,STL,20
-5,3,10,1,16,892,MQ,STL,21
-5,3,11,2,16,892,MQ,STL,22
-8,3,12,3,16,892,MQ,STL,23
-5,3,13,4,16,892,MQ,STL,24
-5,3,14,5,16,892,MQ,STL,25
0,3,15,6,16,892,MQ,STL,26
-11,3,16,7,16,892,MQ,STL,27
-3,3,17,1,16,892,MQ,STL,28
-9,3,18,2,16,892,MQ,STL,29
81,3,19,3,16,892,MQ,STL,30
6,3,20,4,16,892,MQ,STL,31
33,3,21,5,16,892,MQ,STL,32
-5,3,22,6,16,892,MQ,STL,33
0,3,23,7,16,892,MQ,STL,34
-1,3,24,1,16,892,MQ,STL,35
-5,3,25,2,16,892,MQ,STL,36
-4,3,26,3,16,892,MQ,STL,37
-6,3,27,4,16,892,MQ,STL,38
14,3,28,5,16,892,MQ,STL,39
-2,3,29,6,16,892,MQ,STL,40
-5,3,30,7,16,892,MQ,STL,41
14,3,31,1,16,892,MQ,STL,42
61,3,1,6,20,426,MQ,RDU,12
4,3,15,6,20,426,MQ,RDU,26
-5,3,22,6,20,426,MQ,RDU,33
-6,3,29,6,20,426,MQ,RDU,40
-1,3,1,6,16,213,MQ,DCA,12
-2,3,2,7,16,213,MQ,DCA,13
-3,3,3,1,16,213,MQ,DCA,14
21,3,4,2,16,213,MQ,DCA,15
-6,3,5,3,16,213,MQ,DCA,16
-1,3,6,4,16,213,MQ,DCA,17
-4,3,7,5,16,213,MQ,DCA,18
0,3,9,7,16,213,MQ,DCA,20
-5,3,10,1,16,213,MQ,DCA,21
-2,3,11,2,16,213,MQ,DCA,22
-4,3,12,3,16,213,MQ,DCA,23
-3,3,13,4,16,213,MQ,DCA,24
17,3,14,5,16,213,MQ,DCA,25
7,3,15,6,16,213,MQ,DCA,26
6,3,16,7,16,213,MQ,DCA,27
-5,3,17,1,16,213,MQ,DCA,28
-3,3,18,2,16,213,MQ,DCA,29
27,3,19,3,16,213,MQ,DCA,30
17,3,20,4,16,213,MQ,DCA,31
8,3,21,5,16,213,MQ,DCA,32
-4,3,22,6,16,213,MQ,DCA,33
-5,3,23,7,16,213,MQ,DCA,34
-6,3,24,1,16,213,MQ,DCA,35
-3,3,25,2,16,213,MQ,DCA,36
32,3,26,3,16,213,MQ,DCA,37
-2,3,27,4,16,213,MQ,DCA,38
44,3,28,5,16,213,MQ,DCA,39
-3,3,29,6,16,213,MQ,DCA,40
-3,3,30,7,16,213,MQ,DCA,41
96,3,31,1,16,213,MQ,DCA,42
38,3,1,6,19,213,MQ,DCA,12
-5,3,2,7,19,213,MQ,DCA,13
-10,3,3,1,19,213,MQ,DCA,14
98,3,4,2,19,213,MQ,DCA,15
-1,3,5,3,19,213,MQ,DCA,16
-7,3,6,4,19,213,MQ,DCA,17
102,3,7,5,19,213,MQ,DCA,18
56,3,9,7,19,213,MQ,DCA,20
-9,3,10,1,19,213,MQ,DCA,21
-5,3,11,2,19,213,MQ,DCA,22
-9,3,12,3,19,213,MQ,DCA,23
-7,3,13,4,19,213,MQ,DCA,24
-7,3,14,5,19,213,MQ,DCA,25
33,3,15,6,19,213,MQ,DCA,26
0,3,16,7,19,213,MQ,DCA,27
-1,3,17,1,19,213,MQ,DCA,28
-5,3,18,2,19,213,MQ,DCA,29
82,3,19,3,19,213,MQ,DCA,30
83,3,20,4,19,213,MQ,DCA,31
-2,3,21,5,19,213,MQ,DCA,32
-4,3,22,6,19,213,MQ,DCA,33
53,3,23,7,19,213,MQ,DCA,34
-4,3,24,1,19,213,MQ,DCA,35
-2,3,25,2,19,213,MQ,DCA,36
-6,3,26,3,19,213,MQ,DCA,37
-1,3,27,4,19,213,MQ,DCA,38
-1,3,28,5,19,213,MQ,DCA,39
-5,3,29,6,19,213,MQ,DCA,40
-5,3,30,7,19,213,MQ,DCA,41
130,3,31,1,19,213,MQ,DCA,42
9,3,1,6,22,213,MQ,DCA,12
-8,3,2,7,22,213,MQ,DCA,13
-4,3,3,1,22,213,MQ,DCA,14
8,3,4,2,22,213,MQ,DCA,15
-10,3,5,3,22,213,MQ,DCA,16
-5,3,6,4,22,213,MQ,DCA,17
-2,3,7,5,22,213,MQ,DCA,18
92,3,9,7,22,213,MQ,DCA,20
-5,3,10,1,22,213,MQ,DCA,21
-8,3,11,2,22,213,MQ,DCA,22
-11,3,12,3,22,213,MQ,DCA,23
-8,3,13,4,22,213,MQ,DCA,24
-3,3,14,5,22,213,MQ,DCA,25
-5,3,15,6,22,213,MQ,DCA,26
20,3,16,7,22,213,MQ,DCA,27
-6,3,17,1,22,213,MQ,DCA,28
-8,3,18,2,22,213,MQ,DCA,29
3,3,19,3,22,213,MQ,DCA,30
26,3,20,4,22,213,MQ,DCA,31
0,3,21,5,22,213,MQ,DCA,32
15,3,22,6,22,213,MQ,DCA,33
-10,3,23,7,22,213,MQ,DCA,34
-5,3,24,1,22,213,MQ,DCA,35
-1,3,25,2,22,213,MQ,DCA,36
0,3,26,3,22,213,MQ,DCA,37
-4,3,27,4,22,213,MQ,DCA,38
102,3,28,5,22,213,MQ,DCA,39
-5,3,29,6,22,213,MQ,DCA,40
-1,3,30,7,22,213,MQ,DCA,41
11,3,31,1,22,213,MQ,DCA,42
-7,3,1,6,13,213,MQ,DCA,12
18,3,8,6,13,213,MQ,DCA,19
49,3,15,6,13,213,MQ,DCA,26
-11,3,22,6,13,213,MQ,DCA,33
-4,3,29,6,13,213,MQ,DCA,40
-5,3,2,7,14,213,MQ,DCA,13
18,3,9,7,14,213,MQ,DCA,20
-3,3,16,7,14,213,MQ,DCA,27
-2,3,23,7,14,213,MQ,DCA,34
-9,3,30,7,14,213,MQ,DCA,41
-6,3,1,6,9,213,MQ,DCA,12
-5,3,2,7,9,213,MQ,DCA,13
-5,3,3,1,9,213,MQ,DCA,14
11,3,4,2,9,213,MQ,DCA,15
45,3,5,3,9,213,MQ,DCA,16
-2,3,6,4,9,213,MQ,DCA,17
-6,3,7,5,9,213,MQ,DCA,18
60,3,8,6,9,213,MQ,DCA,19
-1,3,9,7,9,213,MQ,DCA,20
0,3,10,1,10,213,MQ,DCA,21
-1,3,11,2,10,213,MQ,DCA,22
65,3,12,3,10,213,MQ,DCA,23
-1,3,13,4,10,213,MQ,DCA,24
-4,3,14,5,10,213,MQ,DCA,25
59,3,15,6,9,213,MQ,DCA,26
-1,3,16,7,9,213,MQ,DCA,27
18,3,17,1,10,213,MQ,DCA,28
-5,3,18,2,10,213,MQ,DCA,29
-6,3,19,3,10,213,MQ,DCA,30
-5,3,20,4,10,213,MQ,DCA,31
-5,3,21,5,10,213,MQ,DCA,32
-7,3,22,6,9,213,MQ,DCA,33
-3,3,23,7,9,213,MQ,DCA,34
37,3,24,1,10,213,MQ,DCA,35
-6,3,25,2,10,213,MQ,DCA,36
-4,3,26,3,10,213,MQ,DCA,37
-2,3,27,4,10,213,MQ,DCA,38
13,3,28,5,10,213,MQ,DCA,39
1,3,29,6,9,213,MQ,DCA,40
-2,3,30,7,9,213,MQ,DCA,41
26,3,31,1,10,213,MQ,DCA,42
-3,3,1,6,17,1028,NW,MSP,12
11,3,2,7,17,1028,NW,MSP,13
-1,3,3,1,17,1028,NW,MSP,14
99,3,4,2,17,1028,NW,MSP,15
54,3,5,3,17,1028,NW,MSP,16
-1,3,6,4,17,1028,NW,MSP,17
-1,3,7,5,17,1028,NW,MSP,18
279,3,8,6,17,1028,NW,MSP,19
26,3,9,7,17,1028,NW,MSP,20
0,3,10,1,17,1028,NW,MSP,21
-6,3,11,2,17,1028,NW,MSP,22
-7,3,12,3,17,1028,NW,MSP,23
-1,3,13,4,17,1028,NW,MSP,24
-4,3,14,5,17,1028,NW,MSP,25
-6,3,15,6,17,1028,NW,MSP,26
-4,3,16,7,17,1028,NW,MSP,27
-4,3,17,1,17,1028,NW,MSP,28
-2,3,18,2,17,1028,NW,MSP,29
50,3,19,3,17,1028,NW,MSP,30
14,3,20,4,17,1028,NW,MSP,31
21,3,21,5,17,1028,NW,MSP,32
2,3,22,6,17,1028,NW,MSP,33
3,3,23,7,17,1028,NW,MSP,34
1,3,24,1,17,1028,NW,MSP,35
-3,3,25,2,17,1028,NW,MSP,36
-4,3,26,3,17,1028,NW,MSP,37
-6,3,27,4,17,1028,NW,MSP,38
-5,3,28,5,17,1028,NW,MSP,39
0,3,29,6,17,1028,NW,MSP,40
4,3,30,7,17,1028,NW,MSP,41
112,3,31,1,17,1028,NW,MSP,42
-5,3,2,7,11,1028,NW,MSP,13
62,3,3,1,11,1028,NW,MSP,14
-7,3,4,2,11,1028,NW,MSP,15
6,3,5,3,11,1028,NW,MSP,16
-4,3,6,4,11,1028,NW,MSP,17
6,3,7,5,11,1028,NW,MSP,18
-5,3,9,7,11,1028,NW,MSP,20
-1,3,10,1,11,1028,NW,MSP,21
4,3,11,2,11,1028,NW,MSP,22
-3,3,12,3,11,1028,NW,MSP,23
-3,3,13,4,11,1028,NW,MSP,24
-3,3,14,5,11,1028,NW,MSP,25
0,3,16,7,11,1028,NW,MSP,27
27,3,17,1,11,1028,NW,MSP,28
1,3,18,2,11,1028,NW,MSP,29
-3,3,19,3,11,1028,NW,MSP,30
7,3,20,4,11,1028,NW,MSP,31
-3,3,21,5,11,1028,NW,MSP,32
14,3,23,7,11,1028,NW,MSP,34
1,3,24,1,11,1028,NW,MSP,35
-5,3,25,2,11,1028,NW,MSP,36
2,3,26,3,11,1028,NW,MSP,37
-10,3,27,4,11,1028,NW,MSP,38
18,3,28,5,11,1028,NW,MSP,39
-2,3,30,7,11,1028,NW,MSP,41
9,3,31,1,11,1028,NW,MSP,42
-6,3,1,6,8,1028,NW,MSP,12
-9,3,2,7,8,1028,NW,MSP,13
-5,3,3,1,8,1028,NW,MSP,14
34,3,4,2,8,1028,NW,MSP,15
-6,3,5,3,8,1028,NW,MSP,16
-2,3,6,4,8,1028,NW,MSP,17
-1,3,7,5,8,1028,NW,MSP,18
0,3,8,6,8,1028,NW,MSP,19
22,3,9,7,8,1028,NW,MSP,20
-6,3,10,1,8,1028,NW,MSP,21
-6,3,11,2,8,1028,NW,MSP,22
29,3,12,3,8,1028,NW,MSP,23
223,3,13,4,8,1028,NW,MSP,24
-7,3,14,5,8,1028,NW,MSP,25
-5,3,15,6,8,1028,NW,MSP,26
-6,3,16,7,8,1028,NW,MSP,27
-3,3,17,1,8,1028,NW,MSP,28
-3,3,18,2,8,1028,NW,MSP,29
12,3,19,3,8,1028,NW,MSP,30
-2,3,20,4,8,1028,NW,MSP,31
-5,3,21,5,8,1028,NW,MSP,32
-7,3,22,6,8,1028,NW,MSP,33
-5,3,23,7,8,1028,NW,MSP,34
-3,3,24,1,8,1028,NW,MSP,35
0,3,25,2,8,1028,NW,MSP,36
0,3,26,3,8,1028,NW,MSP,37
-4,3,27,4,8,1028,NW,MSP,38
-6,3,28,5,8,1028,NW,MSP,39
2,3,29,6,8,1028,NW,MSP,40
-6,3,30,7,8,1028,NW,MSP,41
-2,3,31,1,8,1028,NW,MSP,42
-7,3,1,6,16,508,NW,DTW,12
-7,3,2,7,16,508,NW,DTW,13
-1,3,3,1,16,508,NW,DTW,14
13,3,4,2,16,508,NW,DTW,15
-5,3,5,3,16,508,NW,DTW,16
-14,3,6,4,16,508,NW,DTW,17
18,3,7,5,16,508,NW,DTW,18
-9,3,9,7,16,508,NW,DTW,20
-6,3,10,1,16,508,NW,DTW,21
-3,3,12,3,16,508,NW,DTW,23
-10,3,13,4,16,508,NW,DTW,24
3,3,14,5,16,508,NW,DTW,25
-4,3,15,6,16,508,NW,DTW,26
-5,3,16,7,16,508,NW,DTW,27
-12,3,17,1,16,508,NW,DTW,28
-6,3,18,2,16,508,NW,DTW,29
13,3,20,4,16,508,NW,DTW,31
-6,3,21,5,16,508,NW,DTW,32
26,3,22,6,16,508,NW,DTW,33
-13,3,23,7,16,508,NW,DTW,34
-3,3,24,1,16,508,NW,DTW,35
-5,3,25,2,16,508,NW,DTW,36
-9,3,26,3,16,508,NW,DTW,37
-6,3,27,4,16,508,NW,DTW,38
-2,3,28,5,16,508,NW,DTW,39
-9,3,29,6,16,508,NW,DTW,40
7,3,30,7,16,508,NW,DTW,41
32,3,31,1,16,508,NW,DTW,42
-9,3,1,6,9,508,NW,DTW,12
-5,3,3,1,9,508,NW,DTW,14
-5,3,4,2,9,508,NW,DTW,15
-5,3,5,3,9,508,NW,DTW,16
-3,3,6,4,9,508,NW,DTW,17
-6,3,7,5,9,508,NW,DTW,18
-8,3,8,6,9,508,NW,DTW,19
-3,3,10,1,9,508,NW,DTW,21
-3,3,11,2,9,508,NW,DTW,22
-4,3,12,3,9,508,NW,DTW,23
-2,3,13,4,9,508,NW,DTW,24
-4,3,14,5,9,508,NW,DTW,25
-2,3,15,6,9,508,NW,DTW,26
-11,3,17,1,9,508,NW,DTW,28
24,3,18,2,9,508,NW,DTW,29
4,3,19,3,9,508,NW,DTW,30
7,3,20,4,9,508,NW,DTW,31
-7,3,21,5,9,508,NW,DTW,32
-9,3,22,6,9,508,NW,DTW,33
-7,3,24,1,9,508,NW,DTW,35
35,3,25,2,9,508,NW,DTW,36
-4,3,26,3,9,508,NW,DTW,37
-3,3,27,4,9,508,NW,DTW,38
-1,3,28,5,9,508,NW,DTW,39
-9,3,29,6,9,508,NW,DTW,40
-5,3,31,1,9,508,NW,DTW,42
6,3,1,6,12,508,NW,DTW,12
2,3,2,7,12,508,NW,DTW,13
-7,3,3,1,12,508,NW,DTW,14
6,3,4,2,12,508,NW,DTW,15
11,3,5,3,12,508,NW,DTW,16
-7,3,6,4,12,508,NW,DTW,17
-6,3,7,5,12,508,NW,DTW,18
203,3,8,6,12,508,NW,DTW,19
8,3,9,7,12,508,NW,DTW,20
-8,3,10,1,12,508,NW,DTW,21
-9,3,11,2,12,508,NW,DTW,22
-4,3,12,3,12,508,NW,DTW,23
-3,3,13,4,12,508,NW,DTW,24
6,3,14,5,12,508,NW,DTW,25
11,3,15,6,12,508,NW,DTW,26
-11,3,16,7,12,508,NW,DTW,27
-11,3,17,1,12,508,NW,DTW,28
-7,3,18,2,12,508,NW,DTW,29
-4,3,19,3,12,508,NW,DTW,30
36,3,20,4,12,508,NW,DTW,31
10,3,21,5,12,508,NW,DTW,32
17,3,22,6,12,508,NW,DTW,33
86,3,23,7,12,508,NW,DTW,34
-3,3,24,1,12,508,NW,DTW,35
3,3,25,2,12,508,NW,DTW,36
-8,3,26,3,12,508,NW,DTW,37
-2,3,27,4,12,508,NW,DTW,38
30,3,28,5,12,508,NW,DTW,39
5,3,29,6,12,508,NW,DTW,40
80,3,30,7,12,508,NW,DTW,41
10,3,31,1,12,508,NW,DTW,42
0,3,1,6,11,213,OH,DCA,12
10,3,1,6,20,213,OH,DCA,12
10,3,1,6,14,301,OH,BUF,12
0,3,1,6,16,213,OH,DCA,12
-2,3,1,6,19,209,OH,SYR,12
15,3,1,6,12,760,OH,ATL,12
0,3,1,6,20,508,OH,DTW,12
14,3,1,6,9,483,OH,CMH,12
20,3,1,6,6,589,OH,CVG,12
-10,3,1,6,9,267,OH,BTV,12
0,3,1,6,19,187,OH,BOS,12
0,3,1,6,18,892,OH,STL,12
-3,3,1,6,13,274,OH,PWM,12
0,3,1,6,19,1522,OH,AUS,12
20,3,1,6,13,187,OH,BOS,12
0,3,1,6,16,301,OH,BUF,12
0,3,1,6,19,94,OH,PHL,12
0,3,1,6,19,766,OH,BNA,12
-4,3,1,6,14,106,OH,BDL,12
-5,3,1,6,16,426,OH,RDU,12
0,3,1,6,14,94,OH,PHL,12
10,3,1,6,19,340,OH,PIT,12
0,3,1,6,11,106,OH,BDL,12
0,3,1,6,18,106,OH,BDL,12
0,3,1,6,11,340,OH,PIT,12
-5,3,1,6,16,740,OH,ORD,12
-5,3,1,6,18,144,OH,PVD,12
5,3,1,6,16,483,OH,CMH,12
0,3,1,6,9,187,OH,BOS,12
0,3,1,6,10,187,OH,BOS,12
34,3,1,6,12,184,OH,BWI,12
49,3,1,6,20,267,OH,BTV,12
30,3,1,6,15,184,OH,BWI,12
110,3,1,6,20,589,OH,CVG,12
50,3,1,6,13,589,OH,CVG,12
0,3,1,6,19,740,OH,ORD,12
45,3,1,6,13,267,OH,BTV,12
-5,3,1,6,19,425,OH,CLE,12
0,3,1,6,15,508,OH,DTW,12
-10,3,1,6,11,228,OH,IAD,12
-4,3,1,6,16,425,OH,CLE,12
-5,3,2,7,12,213,OH,DCA,13
-2,3,2,7,19,209,OH,SYR,13
-6,3,2,7,20,264,OH,ROC,13
0,3,2,7,12,760,OH,ATL,13
-7,3,2,7,20,508,OH,DTW,13
0,3,2,7,13,264,OH,ROC,13
-5,3,2,7,8,483,OH,CMH,13
-5,3,2,7,14,106,OH,BDL,13
5,3,2,7,9,740,OH,ORD,13
0,3,2,7,18,892,OH,STL,13
0,3,2,7,18,144,OH,PVD,13
60,3,2,7,19,1522,OH,AUS,13
0,3,2,7,18,425,OH,CLE,13
-10,3,2,7,12,145,OH,ALB,13
7,3,2,7,13,144,OH,PVD,13
12,3,2,7,16,426,OH,RDU,13
-5,3,2,7,14,228,OH,IAD,13
-5,3,2,7,15,94,OH,PHL,13
-3,3,2,7,19,340,OH,PIT,13
0,3,2,7,18,213,OH,DCA,13
-5,3,2,7,12,184,OH,BWI,13
-10,3,2,7,19,740,OH,ORD,13
0,3,2,7,18,106,OH,BDL,13
45,3,2,7,16,740,OH,ORD,13
33,3,2,7,16,483,OH,CMH,13
0,3,2,7,7,187,OH,BOS,13
-5,3,2,7,9,187,OH,BOS,13
-6,3,2,7,10,187,OH,BOS,13
-8,3,2,7,21,187,OH,BOS,13
-8,3,2,7,21,267,OH,BTV,13
80,3,2,7,19,589,OH,CVG,13
0,3,2,7,13,589,OH,CVG,13
0,3,2,7,13,267,OH,BTV,13
-3,3,2,7,13,301,OH,BUF,13
26,3,2,7,19,187,OH,BOS,13
0,3,2,7,16,508,OH,DTW,13
-10,3,2,7,16,340,OH,PIT,13
-10,3,2,7,16,425,OH,CLE,13
-13,3,2,7,15,184,OH,BWI,13
0,3,3,1,12,213,OH,DCA,14
15,3,3,1,19,209,OH,SYR,14
-10,3,3,1,20,264,OH,ROC,14
18,3,3,1,12,760,OH,ATL,14
-4,3,3,1,8,426,OH,RDU,14
0,3,3,1,20,508,OH,DTW,14
-5,3,3,1,13,264,OH,ROC,14
0,3,3,1,8,483,OH,CMH,14
-7,3,3,1,9,267,OH,BTV,14
10,3,3,1,8,425,OH,CLE,14
-5,3,3,1,14,106,OH,BDL,14
-10,3,3,1,18,144,OH,PVD,14
-10,3,3,1,8,213,OH,DCA,14
0,3,3,1,19,1522,OH,AUS,14
-5,3,3,1,18,425,OH,CLE,14
0,3,3,1,12,145,OH,ALB,14
-10,3,3,1,19,766,OH,BNA,14
37,3,3,1,13,144,OH,PVD,14
-5,3,3,1,8,508,OH,DTW,14
5,3,3,1,16,426,OH,RDU,14
15,3,3,1,15,94,OH,PHL,14
-5,3,3,1,19,340,OH,PIT,14
0,3,3,1,18,213,OH,DCA,14
-7,3,3,1,9,264,OH,ROC,14
0,3,3,1,19,740,OH,ORD,14
0,3,3,1,14,209,OH,SYR,14
0,3,3,1,8,288,OH,RIC,14
0,3,3,1,18,106,OH,BDL,14
14,3,3,1,7,740,OH,ORD,14
95,3,3,1,16,740,OH,ORD,14
-5,3,3,1,16,483,OH,CMH,14
-15,3,3,1,8,340,OH,PIT,14
0,3,3,1,9,187,OH,BOS,14
-2,3,3,1,10,187,OH,BOS,14
40,3,3,1,14,187,OH,BOS,14
-5,3,3,1,21,187,OH,BOS,14
-3,3,3,1,20,267,OH,BTV,14
-10,3,3,1,13,589,OH,CVG,14
0,3,3,1,13,267,OH,BTV,14
19,3,3,1,13,301,OH,BUF,14
70,3,3,1,19,187,OH,BOS,14
81,3,3,1,16,508,OH,DTW,14
0,3,3,1,16,340,OH,PIT,14
50,3,3,1,16,425,OH,CLE,14
5,3,3,1,15,184,OH,BWI,14
-10,3,4,2,12,213,OH,DCA,15
0,3,4,2,20,213,OH,DCA,15
-10,3,4,2,15,213,OH,DCA,15
-7,3,4,2,20,264,OH,ROC,15
21,3,4,2,12,760,OH,ATL,15
0,3,4,2,8,426,OH,RDU,15
-5,3,4,2,20,508,OH,DTW,15
-5,3,4,2,13,264,OH,ROC,15
0,3,4,2,8,483,OH,CMH,15
-10,3,1,6,9,2475,AA,LAX,12
30,3,2,7,9,2475,AA,LAX,13
3,3,3,1,9,2475,AA,LAX,14
-7,3,4,2,9,2475,AA,LAX,15
-2,3,5,3,9,2475,AA,LAX,16
5,3,6,4,9,2475,AA,LAX,17
-10,3,7,5,9,2475,AA,LAX,18
-10,3,8,6,9,2475,AA,LAX,19
-5,3,9,7,9,2475,AA,LAX,20
-4,3,10,1,9,2475,AA,LAX,21
-4,3,11,2,9,2475,AA,LAX,22
112,3,12,3,9,2475,AA,LAX,23
4,3,13,4,9,2475,AA,LAX,24
-5,3,14,5,9,2475,AA,LAX,25
-7,3,15,6,9,2475,AA,LAX,26
-2,3,16,7,9,2475,AA,LAX,27
3,3,17,1,9,2475,AA,LAX,28
2,3,18,2,9,2475,AA,LAX,29
-6,3,19,3,9,2475,AA,LAX,30
-3,3,20,4,9,2475,AA,LAX,31
-6,3,21,5,9,2475,AA,LAX,32
-9,3,22,6,9,2475,AA,LAX,33
-10,3,23,7,9,2475,AA,LAX,34
-7,3,24,1,9,2475,AA,LAX,35
-2,3,25,2,9,2475,AA,LAX,36
0,3,26,3,9,2475,AA,LAX,37
-2,3,27,4,9,2475,AA,LAX,38
-2,3,28,5,9,2475,AA,LAX,39
-11,3,29,6,9,2475,AA,LAX,40
3,3,30,7,9,2475,AA,LAX,41
6,3,31,1,9,2475,AA,LAX,42
-4,3,1,6,12,2475,AA,LAX,12
-10,3,2,7,12,2475,AA,LAX,13
-5,3,3,1,12,2475,AA,LAX,14
-7,3,4,2,12,2475,AA,LAX,15
0,3,5,3,12,2475,AA,LAX,16
-4,3,6,4,12,2475,AA,LAX,17
-7,3,7,5,12,2475,AA,LAX,18
-6,3,8,6,12,2475,AA,LAX,19
-10,3,9,7,12,2475,AA,LAX,20
50,3,10,1,12,2475,AA,LAX,21
-1,3,11,2,12,2475,AA,LAX,22
-10,3,12,3,12,2475,AA,LAX,23
-10,3,13,4,12,2475,AA,LAX,24
-6,3,14,5,12,2475,AA,LAX,25
-5,3,15,6,12,2475,AA,LAX,26
2,3,16,7,12,2475,AA,LAX,27
6,3,17,1,12,2475,AA,LAX,28
12,3,18,2,12,2475,AA,LAX,29
0,3,19,3,12,2475,AA,LAX,30
-8,3,20,4,12,2475,AA,LAX,31
0,3,21,5,12,2475,AA,LAX,32
-6,3,22,6,12,2475,AA,LAX,33
-7,3,23,7,12,2475,AA,LAX,34
-6,3,24,1,12,2475,AA,LAX,35
-6,3,25,2,12,2475,AA,LAX,36
-8,3,26,3,12,2475,AA,LAX,37
-8,3,27,4,12,2475,AA,LAX,38
-5,3,28,5,12,2475,AA,LAX,39
-9,3,29,6,12,2475,AA,LAX,40
12,3,30,7,12,2475,AA,LAX,41
195,3,31,1,12,2475,AA,LAX,42
12,3,1,6,11,2586,AA,SFO,12
0,3,2,7,11,2586,AA,SFO,13
60,3,3,1,11,2586,AA,SFO,14
-1,3,4,2,11,2586,AA,SFO,15
-6,3,5,3,11,2586,AA,SFO,16
-4,3,7,5,11,2586,AA,SFO,18
-5,3,8,6,11,2586,AA,SFO,19
-3,3,9,7,11,2586,AA,SFO,20
-4,3,10,1,11,2586,AA,SFO,21
-6,3,11,2,11,2586,AA,SFO,22
-7,3,12,3,11,2586,AA,SFO,23
-8,3,13,4,11,2586,AA,SFO,24
-3,3,14,5,11,2586,AA,SFO,25
-4,3,15,6,11,2586,AA,SFO,26
-2,3,16,7,11,2586,AA,SFO,27
-1,3,18,2,11,2586,AA,SFO,29
4,3,19,3,11,2586,AA,SFO,30
-5,3,20,4,11,2586,AA,SFO,31
-6,3,22,6,11,2586,AA,SFO,33
-4,3,23,7,11,2586,AA,SFO,34
-7,3,24,1,11,2586,AA,SFO,35
-2,3,25,2,11,2586,AA,SFO,36
20,3,26,3,11,2586,AA,SFO,37
-6,3,27,4,11,2586,AA,SFO,38
-2,3,28,5,11,2586,AA,SFO,39
-2,3,29,6,11,2586,AA,SFO,40
-9,3,30,7,11,2586,AA,SFO,41
-7,3,31,1,11,2586,AA,SFO,42
-8,3,1,6,19,2475,AA,LAX,12
-6,3,2,7,19,2475,AA,LAX,13
1,3,3,1,19,2475,AA,LAX,14
2,3,4,2,19,2475,AA,LAX,15
-6,3,5,3,19,2475,AA,LAX,16
0,3,6,4,19,2475,AA,LAX,17
22,3,7,5,19,2475,AA,LAX,18
61,3,8,6,19,2475,AA,LAX,19
186,3,9,7,19,2475,AA,LAX,20
-3,3,10,1,19,2475,AA,LAX,21
-6,3,11,2,19,2475,AA,LAX,22
10,3,12,3,19,2475,AA,LAX,23
17,3,13,4,19,2475,AA,LAX,24
17,3,14,5,19,2475,AA,LAX,25
16,3,15,6,19,2475,AA,LAX,26
-5,3,16,7,19,2475,AA,LAX,27
-4,3,17,1,19,2475,AA,LAX,28
3,3,18,2,19,2475,AA,LAX,29
114,3,19,3,19,2475,AA,LAX,30
11,3,20,4,19,2475,AA,LAX,31
-5,3,21,5,19,2475,AA,LAX,32
-8,3,22,6,19,2475,AA,LAX,33
2,3,23,7,19,2475,AA,LAX,34
10,3,24,1,19,2475,AA,LAX,35
33,3,25,2,19,2475,AA,LAX,36
-1,3,26,3,19,2475,AA,LAX,37
3,3,27,4,19,2475,AA,LAX,38
1,3,28,5,19,2475,AA,LAX,39
185,3,29,6,19,2475,AA,LAX,40
-4,3,30,7,19,2475,AA,LAX,41
66,3,31,1,19,2475,AA,LAX,42
-3,3,1,6,7,2475,AA,LAX,12
-5,3,2,7,7,2475,AA,LAX,13
-8,3,3,1,7,2475,AA,LAX,14
-1,3,4,2,7,2475,AA,LAX,15
-7,3,5,3,7,2475,AA,LAX,16
-4,3,6,4,7,2475,AA,LAX,17
-1,3,7,5,7,2475,AA,LAX,18
1,3,9,7,7,2475,AA,LAX,20
-3,3,10,1,7,2475,AA,LAX,21
0,3,11,2,7,2475,AA,LAX,22
-1,3,12,3,7,2475,AA,LAX,23
-1,3,13,4,7,2475,AA,LAX,24
-3,3,14,5,7,2475,AA,LAX,25
-3,3,16,7,7,2475,AA,LAX,27
-1,3,17,1,7,2475,AA,LAX,28
-3,3,18,2,7,2475,AA,LAX,29
-2,3,19,3,7,2475,AA,LAX,30
-4,3,20,4,7,2475,AA,LAX,31
-3,3,21,5,7,2475,AA,LAX,32
-1,3,23,7,7,2475,AA,LAX,34
-6,3,24,1,7,2475,AA,LAX,35
-3,3,25,2,7,2475,AA,LAX,36
-2,3,26,3,7,2475,AA,LAX,37
-3,3,27,4,7,2475,AA,LAX,38
11,3,28,5,7,2475,AA,LAX,39
71,3,30,7,7,2475,AA,LAX,41
59,3,31,1,7,2475,AA,LAX,42
1,3,1,6,7,2586,AA,SFO,12
112,3,2,7,7,2586,AA,SFO,13
-10,3,3,1,7,2586,AA,SFO,14
-12,3,4,2,7,2586,AA,SFO,15
0,3,5,3,7,2586,AA,SFO,16
-11,3,6,4,7,2586,AA,SFO,17
1,3,7,5,7,2586,AA,SFO,18
-6,3,8,6,7,2586,AA,SFO,19
-3,3,9,7,7,2586,AA,SFO,20
-6,3,10,1,7,2586,AA,SFO,21
-3,3,11,2,7,2586,AA,SFO,22
39,3,12,3,7,2586,AA,SFO,23
2,3,24,1,7,2586,AA,SFO,35
-6,3,25,2,7,2586,AA,SFO,36
-11,3,26,3,7,2586,AA,SFO,37
0,3,27,4,7,2586,AA,SFO,38
10,3,28,5,7,2586,AA,SFO,39
-3,3,29,6,7,2586,AA,SFO,40
-1,3,30,7,7,2586,AA,SFO,41
21,3,31,1,7,2586,AA,SFO,42
-1,3,1,6,15,2586,AA,SFO,12
-4,3,2,7,15,2586,AA,SFO,13
152,3,3,1,15,2586,AA,SFO,14
-3,3,4,2,15,2586,AA,SFO,15
88,3,5,3,15,2586,AA,SFO,16
-1,3,6,4,15,2586,AA,SFO,17
5,3,7,5,15,2586,AA,SFO,18
9,3,8,6,15,2586,AA,SFO,19
-3,3,9,7,15,2586,AA,SFO,20
-7,3,10,1,15,2586,AA,SFO,21
-4,3,11,2,15,2586,AA,SFO,22
-3,3,12,3,15,2586,AA,SFO,23
67,3,13,4,15,2586,AA,SFO,24
106,3,14,5,15,2586,AA,SFO,25
-5,3,15,6,15,2586,AA,SFO,26
16,3,16,7,15,2586,AA,SFO,27
7,3,17,1,15,2586,AA,SFO,28
1,3,18,2,15,2586,AA,SFO,29
-2,3,19,3,15,2586,AA,SFO,30
11,3,20,4,15,2586,AA,SFO,31
-1,3,21,5,15,2586,AA,SFO,32
-2,3,22,6,15,2586,AA,SFO,33
39,3,23,7,15,2586,AA,SFO,34
53,3,24,1,15,2586,AA,SFO,35
-3,3,25,2,15,2586,AA,SFO,36
4,3,26,3,15,2586,AA,SFO,37
53,3,27,4,15,2586,AA,SFO,38
203,3,28,5,15,2586,AA,SFO,39
4,3,29,6,15,2586,AA,SFO,40
19,3,30,7,15,2586,AA,SFO,41
32,3,31,1,15,2586,AA,SFO,42
89,3,1,6,14,2475,AA,LAX,12
-3,3,2,7,14,2475,AA,LAX,13
-5,3,3,1,14,2475,AA,LAX,14
-5,3,4,2,14,2475,AA,LAX,15
-7,3,5,3,14,2475,AA,LAX,16
6,3,6,4,14,2475,AA,LAX,17
-6,3,7,5,14,2475,AA,LAX,18
-4,3,8,6,14,2475,AA,LAX,19
-4,3,9,7,14,2475,AA,LAX,20
5,3,10,1,14,2475,AA,LAX,21
-2,3,11,2,14,2475,AA,LAX,22
0,3,12,3,14,2475,AA,LAX,23
-2,3,13,4,14,2475,AA,LAX,24
-2,3,14,5,14,2475,AA,LAX,25
13,3,15,6,14,2475,AA,LAX,26
0,3,16,7,14,2475,AA,LAX,27
-6,3,17,1,14,2475,AA,LAX,28
6,3,18,2,14,2475,AA,LAX,29
-1,3,19,3,14,2475,AA,LAX,30
1,3,20,4,14,2475,AA,LAX,31
5,3,21,5,14,2475,AA,LAX,32
-2,3,22,6,14,2475,AA,LAX,33
56,3,23,7,14,2475,AA,LAX,34
73,3,24,1,14,2475,AA,LAX,35
-5,3,25,2,14,2475,AA,LAX,36
-1,3,26,3,14,2475,AA,LAX,37
-1,3,27,4,14,2475,AA,LAX,38
11,3,28,5,14,2475,AA,LAX,39
86,3,29,6,14,2475,AA,LAX,40
89,3,30,7,14,2475,AA,LAX,41
1,3,31,1,14,2475,AA,LAX,42
9,3,1,6,18,2446,AA,SAN,12
4,3,2,7,18,2446,AA,SAN,13
6,3,3,1,18,2446,AA,SAN,14
-1,3,4,2,18,2446,AA,SAN,15
-3,3,5,3,18,2446,AA,SAN,16
16,3,6,4,18,2446,AA,SAN,17
-3,3,7,5,18,2446,AA,SAN,18
54,3,8,6,18,2446,AA,SAN,19
2,3,9,7,18,2446,AA,SAN,20
-2,3,10,1,18,2446,AA,SAN,21
59,3,11,2,18,2446,AA,SAN,22
-3,3,12,3,18,2446,AA,SAN,23
2,3,13,4,18,2446,AA,SAN,24
15,3,14,5,18,2446,AA,SAN,25
-1,3,15,6,18,2446,AA,SAN,26
-2,3,16,7,18,2446,AA,SAN,27
-3,3,17,1,18,2446,AA,SAN,28
-7,3,18,2,18,2446,AA,SAN,29
91,3,19,3,18,2446,AA,SAN,30
-2,3,20,4,18,2446,AA,SAN,31
-8,3,21,5,18,2446,AA,SAN,32
22,3,22,6,18,2446,AA,SAN,33
-1,3,23,7,18,2446,AA,SAN,34
62,3,24,1,18,2446,AA,SAN,35
21,3,25,2,18,2446,AA,SAN,36
6,3,26,3,18,2446,AA,SAN,37
-4,3,27,4,18,2446,AA,SAN,38
28,3,28,5,18,2446,AA,SAN,39
-7,3,29,6,18,2446,AA,SAN,40
-1,3,30,7,18,2446,AA,SAN,41
4,3,31,1,18,2446,AA,SAN,42
27,3,1,6,16,2475,AA,LAX,12
31,3,2,7,16,2475,AA,LAX,13
22,3,3,1,16,2475,AA,LAX,14
-2,3,4,2,16,2475,AA,LAX,15
-4,3,5,3,16,2475,AA,LAX,16
5,3,6,4,16,2475,AA,LAX,17
18,3,7,5,16,2475,AA,LAX,18
61,3,8,6,16,2475,AA,LAX,19
30,3,9,7,16,2475,AA,LAX,20
11,3,10,1,16,2475,AA,LAX,21
8,3,11,2,16,2475,AA,LAX,22
7,3,12,3,16,2475,AA,LAX,23
9,3,13,4,16,2475,AA,LAX,24
7,3,14,5,16,2475,AA,LAX,25
-6,3,15,6,16,2475,AA,LAX,26
4,3,16,7,16,2475,AA,LAX,27
66,3,17,1,16,2475,AA,LAX,28
2,3,18,2,16,2475,AA,LAX,29
8,3,19,3,16,2475,AA,LAX,30
31,3,20,4,16,2475,AA,LAX,31
26,3,21,5,16,2475,AA,LAX,32
24,3,22,6,16,2475,AA,LAX,33
15,3,23,7,16,2475,AA,LAX,34
3,3,24,1,16,2475,AA,LAX,35
22,3,25,2,16,2475,AA,LAX,36
-6,3,26,3,16,2475,AA,LAX,37
-6,3,27,4,16,2475,AA,LAX,38
8,3,28,5,16,2475,AA,LAX,39
4,3,29,6,16,2475,AA,LAX,40
-7,3,30,7,16,2475,AA,LAX,41
5,3,31,1,16,2475,AA,LAX,42
24,3,1,6,17,2586,AA,SFO,12
-4,3,2,7,17,2586,AA,SFO,13
-3,3,3,1,17,2586,AA,SFO,14
-5,3,4,2,17,2586,AA,SFO,15
98,3,5,3,17,2586,AA,SFO,16
-1,3,6,4,17,2586,AA,SFO,17
-1,3,7,5,17,2586,AA,SFO,18
91,3,8,6,17,2586,AA,SFO,19
0,3,9,7,17,2586,AA,SFO,20
81,3,10,1,17,2586,AA,SFO,21
-3,3,11,2,17,2586,AA,SFO,22
2,3,12,3,17,2586,AA,SFO,23
-2,3,13,4,17,2586,AA,SFO,24
9,3,14,5,17,2586,AA,SFO,25
-3,3,15,6,17,2586,AA,SFO,26
-2,3,16,7,17,2586,AA,SFO,27
0,3,17,1,17,2586,AA,SFO,28
-1,3,18,2,17,2586,AA,SFO,29
41,3,19,3,17,2586,AA,SFO,30
0,3,20,4,17,2586,AA,SFO,31
-4,3,21,5,17,2586,AA,SFO,32
23,3,22,6,17,2586,AA,SFO,33
-6,3,23,7,17,2586,AA,SFO,34
6,3,24,1,17,2586,AA,SFO,35
0,3,25,2,17,2586,AA,SFO,36
-1,3,26,3,17,2586,AA,SFO,37
-6,3,27,4,17,2586,AA,SFO,38
0,3,28,5,17,2586,AA,SFO,39
21,3,29,6,17,2586,AA,SFO,40
-2,3,30,7,17,2586,AA,SFO,41
8,3,31,1,17,2586,AA,SFO,42
8,3,1,6,8,2586,AA,SFO,12
17,3,3,1,8,2586,AA,SFO,14
-6,3,4,2,8,2586,AA,SFO,15
-2,3,5,3,8,2586,AA,SFO,16
18,3,6,4,8,2586,AA,SFO,17
-13,3,7,5,8,2586,AA,SFO,18
-4,3,8,6,8,2586,AA,SFO,19
5,3,10,1,8,2586,AA,SFO,21
-6,3,11,2,8,2586,AA,SFO,22
-3,3,12,3,8,2586,AA,SFO,23
9,3,13,4,8,2586,AA,SFO,24
-2,3,14,5,8,2586,AA,SFO,25
-5,3,15,6,8,2586,AA,SFO,26
-6,3,17,1,8,2586,AA,SFO,28
61,3,18,2,8,2586,AA,SFO,29
-10,3,19,3,8,2586,AA,SFO,30
20,3,20,4,8,2586,AA,SFO,31
-4,3,21,5,8,2586,AA,SFO,32
22,3,22,6,8,2586,AA,SFO,33
-11,3,24,1,8,2586,AA,SFO,35
6,3,25,2,8,2586,AA,SFO,36
-4,3,26,3,8,2586,AA,SFO,37
-8,3,27,4,8,2586,AA,SFO,38
-12,3,28,5,8,2586,AA,SFO,39
3,3,29,6,8,2586,AA,SFO,40
-9,3,31,1,8,2586,AA,SFO,42
22,3,1,6,17,2475,AA,LAX,12
2,3,2,7,17,2475,AA,LAX,13
-2,3,3,1,17,2475,AA,LAX,14
-3,3,4,2,17,2475,AA,LAX,15
4,3,5,3,17,2475,AA,LAX,16
1,3,6,4,17,2475,AA,LAX,17
-1,3,7,5,17,2475,AA,LAX,18
30,3,8,6,17,2475,AA,LAX,19
1,3,9,7,17,2475,AA,LAX,20
2,3,10,1,17,2475,AA,LAX,21
-4,3,11,2,17,2475,AA,LAX,22
-1,3,12,3,17,2475,AA,LAX,23
7,3,13,4,17,2475,AA,LAX,24
-3,3,14,5,17,2475,AA,LAX,25
86,3,15,6,17,2475,AA,LAX,26
1,3,16,7,17,2475,AA,LAX,27
-1,3,17,1,17,2475,AA,LAX,28
1,3,18,2,17,2475,AA,LAX,29
135,3,19,3,17,2475,AA,LAX,30
12,3,20,4,17,2475,AA,LAX,31
5,3,21,5,17,2475,AA,LAX,32
-5,3,22,6,17,2475,AA,LAX,33
-2,3,23,7,17,2475,AA,LAX,34
-3,3,24,1,17,2475,AA,LAX,35
-6,3,25,2,17,2475,AA,LAX,36
-4,3,26,3,17,2475,AA,LAX,37
2,3,27,4,17,2475,AA,LAX,38
84,3,28,5,17,2475,AA,LAX,39
33,3,29,6,17,2475,AA,LAX,40
-1,3,30,7,17,2475,AA,LAX,41
53,3,31,1,17,2475,AA,LAX,42
-4,3,1,6,20,2475,AA,LAX,12
69,3,2,7,20,2475,AA,LAX,13
-4,3,3,1,20,2475,AA,LAX,14
1,3,4,2,20,2475,AA,LAX,15
2,3,5,3,20,2475,AA,LAX,16
-5,3,6,4,20,2475,AA,LAX,17
26,3,7,5,20,2475,AA,LAX,18
45,3,8,6,20,2475,AA,LAX,19
4,3,9,7,20,2475,AA,LAX,20
-3,3,10,1,20,2475,AA,LAX,21
15,3,11,2,20,2475,AA,LAX,22
-1,3,12,3,20,2475,AA,LAX,23
18,3,13,4,20,2475,AA,LAX,24
12,3,14,5,20,2475,AA,LAX,25
-7,3,15,6,20,2475,AA,LAX,26
133,3,16,7,20,2475,AA,LAX,27
-2,3,17,1,20,2475,AA,LAX,28
-5,3,18,2,20,2475,AA,LAX,29
146,3,19,3,20,2475,AA,LAX,30
8,3,20,4,20,2475,AA,LAX,31
18,3,21,5,20,2475,AA,LAX,32
-9,3,22,6,20,2475,AA,LAX,33
19,3,23,7,20,2475,AA,LAX,34
-1,3,24,1,20,2475,AA,LAX,35
-3,3,25,2,20,2475,AA,LAX,36
-7,3,26,3,20,2475,AA,LAX,37
2,3,27,4,20,2475,AA,LAX,38
7,3,28,5,20,2475,AA,LAX,39
7,3,29,6,20,2475,AA,LAX,40
105,3,30,7,20,2475,AA,LAX,41
80,3,31,1,20,2475,AA,LAX,42
-4,3,1,6,6,2475,AA,LAX,12
-2,3,2,7,6,2475,AA,LAX,13
7,3,3,1,6,2475,AA,LAX,14
31,3,4,2,6,2475,AA,LAX,15
-6,3,5,3,6,2475,AA,LAX,16
-5,3,6,4,6,2475,AA,LAX,17
-2,3,7,5,6,2475,AA,LAX,18
-4,3,8,6,6,2475,AA,LAX,19
-5,3,9,7,6,2475,AA,LAX,20
-2,3,10,1,6,2475,AA,LAX,21
13,3,11,2,6,2475,AA,LAX,22
-3,3,12,3,6,2475,AA,LAX,23
17,3,13,4,6,2475,AA,LAX,24
-2,3,14,5,6,2475,AA,LAX,25
-3,3,15,6,6,2475,AA,LAX,26
0,3,16,7,6,2475,AA,LAX,27
-2,3,17,1,6,2475,AA,LAX,28
-1,3,18,2,6,2475,AA,LAX,29
-1,3,19,3,6,2475,AA,LAX,30
-7,3,20,4,6,2475,AA,LAX,31
-3,3,21,5,6,2475,AA,LAX,32
0,3,22,6,6,2475,AA,LAX,33
11,3,23,7,6,2475,AA,LAX,34
-5,3,24,1,6,2475,AA,LAX,35
-7,3,25,2,6,2475,AA,LAX,36
-11,3,26,3,6,2475,AA,LAX,37
-8,3,27,4,6,2475,AA,LAX,38
-4,3,28,5,6,2475,AA,LAX,39
6,3,29,6,6,2475,AA,LAX,40
-2,3,30,7,6,2475,AA,LAX,41
-6,3,31,1,6,2475,AA,LAX,42
22,3,1,6,16,2248,AA,LAS,12
177,3,2,7,16,2248,AA,LAS,13
52,3,3,1,16,2248,AA,LAS,14
13,3,4,2,16,2248,AA,LAS,15
-1,3,5,3,16,2248,AA,LAS,16
-3,3,6,4,16,2248,AA,LAS,17
24,3,7,5,16,2248,AA,LAS,18
77,3,8,6,16,2248,AA,LAS,19
8,3,9,7,16,2248,AA,LAS,20
50,3,10,1,16,2248,AA,LAS,21
0,3,11,2,16,2248,AA,LAS,22
-3,3,12,3,16,2248,AA,LAS,23
-1,3,13,4,16,2248,AA,LAS,24
16,3,14,5,16,2248,AA,LAS,25
-9,3,15,6,16,2248,AA,LAS,26
1,3,16,7,16,2248,AA,LAS,27
0,3,17,1,16,2248,AA,LAS,28
34,3,18,2,16,2248,AA,LAS,29
40,3,19,3,16,2248,AA,LAS,30
-5,3,20,4,16,2248,AA,LAS,31
212,3,21,5,16,2248,AA,LAS,32
78,3,22,6,16,2248,AA,LAS,33
131,3,23,7,16,2248,AA,LAS,34
30,3,24,1,16,2248,AA,LAS,35
28,3,25,2,16,2248,AA,LAS,36
9,3,26,3,16,2248,AA,LAS,37
28,3,27,4,16,2248,AA,LAS,38
12,3,28,5,16,2248,AA,LAS,39
18,3,29,6,16,2248,AA,LAS,40
-3,3,30,7,16,2248,AA,LAS,41
7,3,31,1,16,2248,AA,LAS,42
-2,3,1,6,17,2421,AA,SEA,12
-5,3,2,7,17,2421,AA,SEA,13
77,3,3,1,17,2421,AA,SEA,14
0,3,4,2,17,2421,AA,SEA,15
155,3,5,3,17,2421,AA,SEA,16
39,3,6,4,17,2421,AA,SEA,17
-1,3,7,5,17,2421,AA,SEA,18
113,3,8,6,17,2421,AA,SEA,19
-2,3,9,7,17,2421,AA,SEA,20
-6,3,10,1,17,2421,AA,SEA,21
-1,3,11,2,17,2421,AA,SEA,22
-1,3,12,3,17,2421,AA,SEA,23
5,3,13,4,17,2421,AA,SEA,24
26,3,14,5,17,2421,AA,SEA,25
43,3,15,6,17,2421,AA,SEA,26
2,3,16,7,17,2421,AA,SEA,27
18,3,17,1,17,2421,AA,SEA,28
76,3,18,2,17,2421,AA,SEA,29
76,3,19,3,17,2421,AA,SEA,30
10,3,20,4,17,2421,AA,SEA,31
17,3,21,5,17,2421,AA,SEA,32
91,3,22,6,17,2421,AA,SEA,33
56,3,23,7,17,2421,AA,SEA,34
43,3,24,1,17,2421,AA,SEA,35
-1,3,25,2,17,2421,AA,SEA,36
-4,3,26,3,17,2421,AA,SEA,37
-2,3,27,4,17,2421,AA,SEA,38
38,3,28,5,17,2421,AA,SEA,39
41,3,29,6,17,2421,AA,SEA,40
2,3,30,7,17,2421,AA,SEA,41
6,3,31,1,17,2421,AA,SEA,42
33,3,1,6,17,1391,AA,DFW,12
25,3,2,7,17,1391,AA,DFW,13
31,3,3,1,17,1391,AA,DFW,14
18,3,4,2,17,1391,AA,DFW,15
-2,3,5,3,17,1391,AA,DFW,16
24,3,7,5,17,1391,AA,DFW,18
829,3,8,6,17,1391,AA,DFW,19
-1,3,9,7,17,1391,AA,DFW,20
-3,3,10,1,17,1391,AA,DFW,21
36,3,11,2,17,1391,AA,DFW,22
23,3,12,3,17,1391,AA,DFW,23
0,3,13,4,17,1391,AA,DFW,24
19,3,14,5,17,1391,AA,DFW,25
10,3,15,6,17,1391,AA,DFW,26
-2,3,16,7,17,1391,AA,DFW,27
-2,3,17,1,17,1391,AA,DFW,28
150,3,19,3,17,1391,AA,DFW,30
-7,3,20,4,17,1391,AA,DFW,31
63,3,21,5,17,1391,AA,DFW,32
-3,3,22,6,17,1391,AA,DFW,33
74,3,23,7,17,1391,AA,DFW,34
7,3,24,1,17,1391,AA,DFW,35
0,3,25,2,17,1391,AA,DFW,36
-4,3,26,3,17,1391,AA,DFW,37
1,3,28,5,17,1391,AA,DFW,39
12,3,29,6,17,1391,AA,DFW,40
41,3,31,1,17,1391,AA,DFW,42
-6,3,1,6,11,1090,AA,MIA,12
31,3,2,7,11,1090,AA,MIA,13
3,3,3,1,11,1090,AA,MIA,14
154,3,4,2,11,1090,AA,MIA,15
-4,3,5,3,11,1090,AA,MIA,16
-6,3,6,4,11,1090,AA,MIA,17
42,3,7,5,11,1090,AA,MIA,18
-2,3,8,6,11,1090,AA,MIA,19
11,3,9,7,11,1090,AA,MIA,20
2,3,10,1,11,1090,AA,MIA,21
2,3,11,2,11,1090,AA,MIA,22
22,3,12,3,11,1090,AA,MIA,23
-1,3,13,4,11,1090,AA,MIA,24
0,3,14,5,11,1090,AA,MIA,25
-3,3,15,6,11,1090,AA,MIA,26
-8,3,16,7,11,1090,AA,MIA,27
10,3,17,1,11,1090,AA,MIA,28
-5,3,19,3,11,1090,AA,MIA,30
0,3,20,4,11,1090,AA,MIA,31
-8,3,21,5,11,1090,AA,MIA,32
0,3,22,6,11,1090,AA,MIA,33
-3,3,23,7,11,1090,AA,MIA,34
-5,3,24,1,11,1090,AA,MIA,35
-3,3,25,2,11,1090,AA,MIA,36
-7,3,26,3,11,1090,AA,MIA,37
243,3,28,5,11,1090,AA,MIA,39
21,3,29,6,11,1090,AA,MIA,40
-1,3,30,7,11,1090,AA,MIA,41
352,3,31,1,11,1090,AA,MIA,42
27,3,1,6,18,1090,AA,MIA,12
157,3,2,7,18,1090,AA,MIA,13
-6,3,3,1,18,1090,AA,MIA,14
29,3,4,2,18,1090,AA,MIA,15
50,3,5,3,18,1090,AA,MIA,16
140,3,6,4,18,1090,AA,MIA,17
79,3,7,5,18,1090,AA,MIA,18
143,3,8,6,18,1090,AA,MIA,19
24,3,9,7,18,1090,AA,MIA,20
45,3,10,1,18,1090,AA,MIA,21
75,3,11,2,18,1090,AA,MIA,22
141,3,12,3,18,1090,AA,MIA,23
80,3,13,4,18,1090,AA,MIA,24
28,3,14,5,18,1090,AA,MIA,25
291,3,15,6,18,1090,AA,MIA,26
12,3,16,7,18,1090,AA,MIA,27
44,3,17,1,18,1090,AA,MIA,28
27,3,18,2,18,1090,AA,MIA,29
76,3,19,3,18,1090,AA,MIA,30
200,3,20,4,18,1090,AA,MIA,31
220,3,21,5,18,1090,AA,MIA,32
77,3,22,6,18,1090,AA,MIA,33
64,3,23,7,18,1090,AA,MIA,34
-6,3,24,1,18,1090,AA,MIA,35
-6,3,25,2,18,1090,AA,MIA,36
81,3,27,4,18,1090,AA,MIA,38
88,3,28,5,18,1090,AA,MIA,39
13,3,29,6,18,1090,AA,MIA,40
38,3,30,7,18,1090,AA,MIA,41
67,3,31,1,18,1090,AA,MIA,42
6,3,1,6,14,1597,AA,SJU,12
32,3,2,7,14,1597,AA,SJU,13
-5,3,3,1,14,1597,AA,SJU,14
-9,3,4,2,14,1597,AA,SJU,15
-1,3,5,3,14,1597,AA,SJU,16
-3,3,6,4,14,1597,AA,SJU,17
0,3,7,5,14,1597,AA,SJU,18
62,3,8,6,14,1597,AA,SJU,19
89,3,9,7,14,1597,AA,SJU,20
-9,3,10,1,14,1597,AA,SJU,21
-1,3,12,3,14,1597,AA,SJU,23
1,3,13,4,14,1597,AA,SJU,24
260,3,14,5,14,1597,AA,SJU,25
239,3,15,6,14,1597,AA,SJU,26
527,3,16,7,14,1597,AA,SJU,27
41,3,17,1,14,1597,AA,SJU,28
-7,3,18,2,14,1597,AA,SJU,29
12,3,19,3,14,1597,AA,SJU,30
-2,3,20,4,14,1597,AA,SJU,31
199,3,21,5,14,1597,AA,SJU,32
-6,3,22,6,14,1597,AA,SJU,33
0,3,23,7,14,1597,AA,SJU,34
-5,3,24,1,14,1597,AA,SJU,35
-3,3,25,2,14,1597,AA,SJU,36
-5,3,26,3,14,1597,AA,SJU,37
38,3,27,4,14,1597,AA,SJU,38
106,3,28,5,14,1597,AA,SJU,39
0,3,29,6,14,1597,AA,SJU,40
2,3,30,7,14,1597,AA,SJU,41
130,3,31,1,14,1597,AA,SJU,42
2,3,1,6,7,1623,AA,STT,12
3,3,2,7,7,1623,AA,STT,13
-7,3,3,1,7,1623,AA,STT,14
7,3,4,2,7,1623,AA,STT,15
-6,3,5,3,7,1623,AA,STT,16
-1,3,6,4,7,1623,AA,STT,17
-13,3,7,5,7,1623,AA,STT,18
0,3,8,6,7,1623,AA,STT,19
0,3,9,7,7,1623,AA,STT,20
-15,3,10,1,7,1623,AA,STT,21
24,3,11,2,7,1623,AA,STT,22
-7,3,12,3,7,1623,AA,STT,23
-8,3,13,4,7,1623,AA,STT,24
-3,3,14,5,7,1623,AA,STT,25
-1,3,16,7,7,1623,AA,STT,27
9,3,17,1,7,1623,AA,STT,28
-8,3,18,2,7,1623,AA,STT,29
-2,3,19,3,7,1623,AA,STT,30
0,3,20,4,7,1623,AA,STT,31
-1,3,21,5,7,1623,AA,STT,32
-13,3,22,6,7,1623,AA,STT,33
4,3,23,7,7,1623,AA,STT,34
2,3,24,1,7,1623,AA,STT,35
-6,3,25,2,7,1623,AA,STT,36
9,3,26,3,7,1623,AA,STT,37
-5,3,27,4,7,1623,AA,STT,38
-8,3,28,5,7,1623,AA,STT,39
7,3,29,6,7,1623,AA,STT,40
10,3,30,7,7,1623,AA,STT,41
-6,3,31,1,7,1623,AA,STT,42
-5,3,1,6,9,1597,AA,SJU,12
-10,3,2,7,9,1597,AA,SJU,13
58,3,3,1,9,1597,AA,SJU,14
21,3,4,2,9,1597,AA,SJU,15
-5,3,6,4,9,1597,AA,SJU,17
-2,3,8,6,9,1597,AA,SJU,19
10,3,10,1,9,1597,AA,SJU,21
-6,3,11,2,9,1597,AA,SJU,22
25,3,13,4,9,1597,AA,SJU,24
-4,3,15,6,9,1597,AA,SJU,26
-5,3,16,7,9,1597,AA,SJU,27
-7,3,17,1,9,1597,AA,SJU,28
7,3,18,2,9,1597,AA,SJU,29
-7,3,20,4,9,1597,AA,SJU,31
-3,3,22,6,9,1597,AA,SJU,33
-1,3,23,7,9,1597,AA,SJU,34
-7,3,24,1,9,1597,AA,SJU,35
-2,3,25,2,9,1597,AA,SJU,36
-10,3,27,4,9,1597,AA,SJU,38
-3,3,29,6,9,1597,AA,SJU,40
-11,3,30,7,9,1597,AA,SJU,41
-3,3,31,1,9,1597,AA,SJU,42
9,3,1,6,6,1597,AA,SJU,12
-8,3,2,7,6,1597,AA,SJU,13
-15,3,3,1,6,1597,AA,SJU,14
5,3,5,3,6,1597,AA,SJU,16
-4,3,6,4,6,1597,AA,SJU,17
0,3,7,5,6,1597,AA,SJU,18
-9,3,8,6,6,1597,AA,SJU,19
10,3,9,7,6,1597,AA,SJU,20
10,3,10,1,6,1597,AA,SJU,21
-5,3,11,2,6,1597,AA,SJU,22
-1,3,12,3,6,1597,AA,SJU,23
-4,3,13,4,6,1597,AA,SJU,24
-8,3,14,5,6,1597,AA,SJU,25
1,3,15,6,6,1597,AA,SJU,26
-4,3,16,7,6,1597,AA,SJU,27
-5,3,17,1,6,1597,AA,SJU,28
276,3,18,2,6,1597,AA,SJU,29
0,3,19,3,6,1597,AA,SJU,30
0,3,20,4,6,1597,AA,SJU,31
-4,3,21,5,6,1597,AA,SJU,32
6,3,22,6,6,1597,AA,SJU,33
-4,3,23,7,6,1597,AA,SJU,34
-3,3,24,1,6,1597,AA,SJU,35
-8,3,25,2,6,1597,AA,SJU,36
5,3,26,3,6,1597,AA,SJU,37
-11,3,27,4,6,1597,AA,SJU,38
-5,3,28,5,6,1597,AA,SJU,39
-8,3,29,6,6,1597,AA,SJU,40
31,3,30,7,6,1597,AA,SJU,41
-6,3,31,1,6,1597,AA,SJU,42
12,3,1,6,5,1090,AA,MIA,12
-3,3,2,7,5,1090,AA,MIA,13
40,3,3,1,5,1090,AA,MIA,14
0,3,4,2,5,1090,AA,MIA,15
-3,3,5,3,5,1090,AA,MIA,16
-2,3,6,4,5,1090,AA,MIA,17
1,3,7,5,5,1090,AA,MIA,18
-1,3,8,6,5,1090,AA,MIA,19
8,3,9,7,5,1090,AA,MIA,20
-4,3,10,1,5,1090,AA,MIA,21
-5,3,11,2,5,1090,AA,MIA,22
-2,3,12,3,5,1090,AA,MIA,23
-5,3,13,4,5,1090,AA,MIA,24
-5,3,14,5,5,1090,AA,MIA,25
-3,3,15,6,5,1090,AA,MIA,26
-5,3,16,7,5,1090,AA,MIA,27
-3,3,17,1,5,1090,AA,MIA,28
-3,3,18,2,5,1090,AA,MIA,29
123,3,19,3,5,1090,AA,MIA,30
-6,3,20,4,5,1090,AA,MIA,31
40,3,21,5,5,1090,AA,MIA,32
4,3,22,6,5,1090,AA,MIA,33
3,3,23,7,5,1090,AA,MIA,34
-1,3,24,1,5,1090,AA,MIA,35
-5,3,25,2,5,1090,AA,MIA,36
-7,3,26,3,5,1090,AA,MIA,37
57,3,27,4,5,1090,AA,MIA,38
0,3,28,5,5,1090,AA,MIA,39
0,3,29,6,5,1090,AA,MIA,40
-4,3,31,1,5,1090,AA,MIA,42
-2,3,1,6,8,1090,AA,MIA,12
-4,3,2,7,8,1090,AA,MIA,13
-7,3,3,1,8,1090,AA,MIA,14
-4,3,4,2,8,1090,AA,MIA,15
-9,3,5,3,8,1090,AA,MIA,16
-2,3,6,4,8,1090,AA,MIA,17
6,3,7,5,8,1090,AA,MIA,18
-5,3,8,6,8,1090,AA,MIA,19
-8,3,9,7,8,1090,AA,MIA,20
-6,3,10,1,8,1090,AA,MIA,21
-3,3,11,2,8,1090,AA,MIA,22
-2,3,12,3,8,1090,AA,MIA,23
-9,3,13,4,8,1090,AA,MIA,24
-5,3,14,5,8,1090,AA,MIA,25
-3,3,15,6,8,1090,AA,MIA,26
-8,3,16,7,8,1090,AA,MIA,27
2,3,17,1,8,1090,AA,MIA,28
-6,3,18,2,8,1090,AA,MIA,29
28,3,19,3,8,1090,AA,MIA,30
-6,3,20,4,8,1090,AA,MIA,31
-1,3,21,5,8,1090,AA,MIA,32
-4,3,22,6,8,1090,AA,MIA,33
0,3,23,7,8,1090,AA,MIA,34
-6,3,24,1,8,1090,AA,MIA,35
-4,3,25,2,8,1090,AA,MIA,36
-4,3,26,3,8,1090,AA,MIA,37
1,3,27,4,8,1090,AA,MIA,38
-7,3,28,5,8,1090,AA,MIA,39
-3,3,29,6,8,1090,AA,MIA,40
-1,3,30,7,8,1090,AA,MIA,41
-2,3,31,1,8,1090,AA,MIA,42
-7,3,1,6,8,740,AA,ORD,12
1,3,2,7,8,740,AA,ORD,13
-3,3,3,1,8,740,AA,ORD,14
-6,3,4,2,8,740,AA,ORD,15
-11,3,5,3,8,740,AA,ORD,16
-3,3,6,4,8,740,AA,ORD,17
-5,3,7,5,8,740,AA,ORD,18
-5,3,8,6,8,740,AA,ORD,19
-6,3,9,7,8,740,AA,ORD,20
-6,3,10,1,8,740,AA,ORD,21
3,3,11,2,8,740,AA,ORD,22
-10,3,12,3,8,740,AA,ORD,23
53,3,13,4,8,740,AA,ORD,24
-3,3,14,5,8,740,AA,ORD,25
-1,3,15,6,8,740,AA,ORD,26
-3,3,16,7,8,740,AA,ORD,27
-7,3,17,1,8,740,AA,ORD,28
-5,3,18,2,8,740,AA,ORD,29
96,3,20,4,8,740,AA,ORD,31
-4,3,22,6,8,740,AA,ORD,33
-5,3,23,7,8,740,AA,ORD,34
-5,3,24,1,8,740,AA,ORD,35
-4,3,25,2,8,740,AA,ORD,36
58,3,27,4,8,740,AA,ORD,38
-7,3,28,5,8,740,AA,ORD,39
-4,3,29,6,8,740,AA,ORD,40
-6,3,30,7,8,740,AA,ORD,41
42,3,31,1,8,740,AA,ORD,42
128,3,1,6,12,1623,AA,STT,12
-6,3,8,6,12,1623,AA,STT,19
-1,3,14,5,12,1623,AA,STT,25
-5,3,15,6,12,1623,AA,STT,26
30,3,18,2,12,1623,AA,STT,29
-3,3,21,5,12,1623,AA,STT,32
-6,3,22,6,12,1623,AA,STT,33
24,3,28,5,12,1623,AA,STT,39
-5,3,29,6,12,1623,AA,STT,40
-6,3,1,6,8,1597,AA,SJU,12
-2,3,2,7,8,1597,AA,SJU,13
18,3,4,2,8,1597,AA,SJU,15
-3,3,5,3,8,1597,AA,SJU,16
-7,3,6,4,8,1597,AA,SJU,17
-4,3,7,5,8,1597,AA,SJU,18
24,3,8,6,8,1597,AA,SJU,19
-1,3,9,7,8,1597,AA,SJU,20
58,3,10,1,8,1597,AA,SJU,21
-6,3,11,2,8,1597,AA,SJU,22
71,3,12,3,8,1597,AA,SJU,23
-4,3,13,4,8,1597,AA,SJU,24
44,3,14,5,8,1597,AA,SJU,25
-4,3,15,6,8,1597,AA,SJU,26
1,3,16,7,8,1597,AA,SJU,27
-7,3,17,1,8,1597,AA,SJU,28
-2,3,18,2,8,1597,AA,SJU,29
0,3,19,3,8,1597,AA,SJU,30
-5,3,20,4,8,1597,AA,SJU,31
-2,3,21,5,8,1597,AA,SJU,32
-2,3,22,6,8,1597,AA,SJU,33
-6,3,23,7,8,1597,AA,SJU,34
0,3,24,1,8,1597,AA,SJU,35
141,3,25,2,8,1597,AA,SJU,36
-8,3,26,3,8,1597,AA,SJU,37
14,3,27,4,8,1597,AA,SJU,38
0,3,28,5,8,1597,AA,SJU,39
0,3,29,6,8,1597,AA,SJU,40
-4,3,30,7,8,1597,AA,SJU,41
-8,3,31,1,8,1597,AA,SJU,42
-7,3,1,6,17,1597,AA,SJU,12
102,3,2,7,17,1597,AA,SJU,13
121,3,3,1,17,1597,AA,SJU,14
-11,3,4,2,17,1597,AA,SJU,15
-4,3,5,3,17,1597,AA,SJU,16
-1,3,6,4,17,1597,AA,SJU,17
0,3,7,5,17,1597,AA,SJU,18
-2,3,8,6,17,1597,AA,SJU,19
36,3,9,7,17,1597,AA,SJU,20
17,3,10,1,17,1597,AA,SJU,21
-3,3,11,2,17,1597,AA,SJU,22
-5,3,12,3,17,1597,AA,SJU,23
-1,3,13,4,17,1597,AA,SJU,24
94,3,14,5,17,1597,AA,SJU,25
114,3,15,6,17,1597,AA,SJU,26
178,3,16,7,17,1597,AA,SJU,27
-10,3,17,1,17,1597,AA,SJU,28
7,3,18,2,17,1597,AA,SJU,29
10,3,19,3,17,1597,AA,SJU,30
-1,3,20,4,17,1597,AA,SJU,31
112,3,21,5,17,1597,AA,SJU,32
-10,3,22,6,17,1597,AA,SJU,33
174,3,23,7,17,1597,AA,SJU,34
59,3,24,1,17,1597,AA,SJU,35
-1,3,25,2,17,1597,AA,SJU,36
-5,3,26,3,17,1597,AA,SJU,37
-10,3,27,4,17,1597,AA,SJU,38
169,3,28,5,17,1597,AA,SJU,39
41,3,29,6,17,1597,AA,SJU,40
17,3,30,7,17,1597,AA,SJU,41
159,3,31,1,17,1597,AA,SJU,42
7,3,1,6,15,740,AA,ORD,12
-1,3,2,7,15,740,AA,ORD,13
12,3,3,1,15,740,AA,ORD,14
46,3,4,2,15,740,AA,ORD,15
-6,3,5,3,15,740,AA,ORD,16
-3,3,6,4,15,740,AA,ORD,17
34,3,7,5,15,740,AA,ORD,18
138,3,8,6,15,740,AA,ORD,19
52,3,9,7,15,740,AA,ORD,20
-1,3,10,1,15,740,AA,ORD,21
269,3,11,2,15,740,AA,ORD,22
-9,3,12,3,15,740,AA,ORD,23
35,3,13,4,15,740,AA,ORD,24
192,3,14,5,15,740,AA,ORD,25
53,3,15,6,15,740,AA,ORD,26
35,3,16,7,15,740,AA,ORD,27
-1,3,17,1,15,740,AA,ORD,28
38,3,18,2,15,740,AA,ORD,29
71,3,19,3,15,740,AA,ORD,30
-3,3,20,4,15,740,AA,ORD,31
124,3,21,5,15,740,AA,ORD,32
25,3,22,6,15,740,AA,ORD,33
41,3,23,7,15,740,AA,ORD,34
24,3,24,1,15,740,AA,ORD,35
49,3,25,2,15,740,AA,ORD,36
196,3,26,3,15,740,AA,ORD,37
117,3,27,4,15,740,AA,ORD,38
20,3,28,5,15,740,AA,ORD,39
-2,3,29,6,15,740,AA,ORD,40
79,3,30,7,15,740,AA,ORD,41
-2,3,3,1,7,1391,AA,DFW,14
0,3,4,2,7,1391,AA,DFW,15
-9,3,5,3,7,1391,AA,DFW,16
-2,3,6,4,7,1391,AA,DFW,17
0,3,7,5,7,1391,AA,DFW,18
-5,3,10,1,7,1391,AA,DFW,21
-1,3,11,2,7,1391,AA,DFW,22
-5,3,12,3,7,1391,AA,DFW,23
-5,3,13,4,7,1391,AA,DFW,24
-7,3,14,5,7,1391,AA,DFW,25
-1,3,17,1,7,1391,AA,DFW,28
-1,3,18,2,7,1391,AA,DFW,29
-5,3,19,3,7,1391,AA,DFW,30
6,3,20,4,7,1391,AA,DFW,31
0,3,21,5,7,1391,AA,DFW,32
14,3,24,1,7,1391,AA,DFW,35
1,3,25,2,7,1391,AA,DFW,36
0,3,26,3,7,1391,AA,DFW,37
0,3,27,4,7,1391,AA,DFW,38
2,3,28,5,7,1391,AA,DFW,39
0,3,31,1,7,1391,AA,DFW,42
18,3,1,6,15,1090,AA,MIA,12
133,3,2,7,15,1090,AA,MIA,13
-4,3,3,1,15,1090,AA,MIA,14
42,3,4,2,15,1090,AA,MIA,15
0,3,5,3,15,1090,AA,MIA,16
47,3,6,4,15,1090,AA,MIA,17
35,3,7,5,15,1090,AA,MIA,18
69,3,8,6,15,1090,AA,MIA,19
236,3,9,7,15,1090,AA,MIA,20
0,3,10,1,15,1090,AA,MIA,21
0,3,11,2,15,1090,AA,MIA,22
2,3,12,3,15,1090,AA,MIA,23
21,3,13,4,15,1090,AA,MIA,24
76,3,14,5,15,1090,AA,MIA,25
-7,3,15,6,15,1090,AA,MIA,26
-6,3,16,7,15,1090,AA,MIA,27
32,3,18,2,15,1090,AA,MIA,29
-2,3,19,3,15,1090,AA,MIA,30
111,3,20,4,15,1090,AA,MIA,31
-2,3,21,5,15,1090,AA,MIA,32
0,3,22,6,15,1090,AA,MIA,33
25,3,23,7,15,1090,AA,MIA,34
1,3,24,1,15,1090,AA,MIA,35
37,3,25,2,15,1090,AA,MIA,36
0,3,26,3,15,1090,AA,MIA,37
-9,3,27,4,15,1090,AA,MIA,38
311,3,28,5,15,1090,AA,MIA,39
16,3,29,6,15,1090,AA,MIA,40
36,3,30,7,15,1090,AA,MIA,41
164,3,31,1,15,1090,AA,MIA,42
-1,3,1,6,15,944,AA,MCO,12
-1,3,2,7,15,944,AA,MCO,13
1,3,3,1,15,944,AA,MCO,14
49,3,4,2,15,944,AA,MCO,15
-7,3,5,3,15,944,AA,MCO,16
-3,3,6,4,15,944,AA,MCO,17
23,3,7,5,15,944,AA,MCO,18
97,3,8,6,15,944,AA,MCO,19
8,3,9,7,15,944,AA,MCO,20
-5,3,10,1,15,944,AA,MCO,21
-5,3,11,2,15,944,AA,MCO,22
1,3,12,3,15,944,AA,MCO,23
-3,3,13,4,15,944,AA,MCO,24
279,3,14,5,15,944,AA,MCO,25
17,3,15,6,15,944,AA,MCO,26
21,3,16,7,15,944,AA,MCO,27
8,3,17,1,15,944,AA,MCO,28
31,3,18,2,15,944,AA,MCO,29
103,3,19,3,15,944,AA,MCO,30
-2,3,20,4,15,944,AA,MCO,31
1,3,21,5,15,944,AA,MCO,32
-1,3,22,6,15,944,AA,MCO,33
49,3,23,7,15,944,AA,MCO,34
-3,3,24,1,15,944,AA,MCO,35
5,3,25,2,15,944,AA,MCO,36
3,3,26,3,15,944,AA,MCO,37
4,3,27,4,15,944,AA,MCO,38
37,3,28,5,15,944,AA,MCO,39
18,3,29,6,15,944,AA,MCO,40
84,3,30,7,15,944,AA,MCO,41
61,3,31,1,15,944,AA,MCO,42
-1,3,1,6,14,1391,AA,DFW,12
5,3,2,7,14,1391,AA,DFW,13
1,3,4,2,14,1391,AA,DFW,15
6,3,5,3,14,1391,AA,DFW,16
-2,3,7,5,14,1391,AA,DFW,18
0,3,8,6,14,1391,AA,DFW,19
-1,3,9,7,14,1391,AA,DFW,20
-4,3,10,1,14,1391,AA,DFW,21
-3,3,11,2,14,1391,AA,DFW,22
14,3,12,3,14,1391,AA,DFW,23
-8,3,13,4,14,1391,AA,DFW,24
-3,3,14,5,14,1391,AA,DFW,25
-3,3,15,6,14,1391,AA,DFW,26
-9,3,16,7,14,1391,AA,DFW,27
-6,3,17,1,14,1391,AA,DFW,28
53,3,19,3,14,1391,AA,DFW,30
-6,3,20,4,14,1391,AA,DFW,31
-4,3,21,5,14,1391,AA,DFW,32
1,3,23,7,14,1391,AA,DFW,34
2,3,24,1,14,1391,AA,DFW,35
22,3,25,2,14,1391,AA,DFW,36
1,3,26,3,14,1391,AA,DFW,37
-4,3,27,4,14,1391,AA,DFW,38
-3,3,28,5,14,1391,AA,DFW,39
2,3,29,6,14,1391,AA,DFW,40
12,3,30,7,14,1391,AA,DFW,41
8,3,31,1,14,1391,AA,DFW,42
-7,3,13,4,7,2586,AA,SFO,24
-5,3,14,5,7,2586,AA,SFO,25
13,3,15,6,7,2586,AA,SFO,26
-6,3,16,7,7,2586,AA,SFO,27
-2,3,17,1,7,2586,AA,SFO,28
25,3,18,2,7,2586,AA,SFO,29
-5,3,19,3,7,2586,AA,SFO,30
-4,3,20,4,7,2586,AA,SFO,31
-4,3,21,5,7,2586,AA,SFO,32
-9,3,22,6,7,2586,AA,SFO,33
-3,3,23,7,7,2586,AA,SFO,34
