261,2,1,5,15,541,YV,CLT,11
0,2,1,5,6,541,YV,CLT,11
55,2,1,5,12,541,YV,CLT,11
0,2,2,6,6,541,YV,CLT,12
0,2,3,7,15,541,YV,CLT,13
-5,2,3,7,6,541,YV,CLT,13
0,2,4,1,15,541,YV,CLT,14
86,2,5,2,15,541,YV,CLT,13
-4,2,5,2,6,541,YV,CLT,13
150,2,5,2,12,541,YV,CLT,13
31,2,6,3,15,541,YV,CLT,12
0,2,6,3,6,541,YV,CLT,12
0,2,6,3,12,541,YV,CLT,12
-10,2,7,4,15,541,YV,CLT,11
0,2,7,4,6,541,YV,CLT,11
0,2,7,4,12,541,YV,CLT,11
-4,2,8,5,15,541,YV,CLT,10
0,2,8,5,6,541,YV,CLT,10
0,2,8,5,12,541,YV,CLT,10
0,2,9,6,6,541,YV,CLT,9
14,2,10,7,15,541,YV,CLT,8
0,2,10,7,6,541,YV,CLT,8
0,2,11,1,15,541,YV,CLT,7
20,2,11,1,6,541,YV,CLT,7
0,2,11,1,12,541,YV,CLT,7
-4,2,12,2,15,541,YV,CLT,6
145,2,12,2,6,541,YV,CLT,6
40,2,12,2,12,541,YV,CLT,6
0,2,13,3,6,541,YV,CLT,5
15,2,13,3,12,541,YV,CLT,5
-4,2,14,4,15,541,YV,CLT,4
-5,2,14,4,12,541,YV,CLT,4
-1,2,15,5,15,541,YV,CLT,3
0,2,15,5,12,541,YV,CLT,3
0,2,17,7,15,541,YV,CLT,1
0,2,17,7,6,541,YV,CLT,1
15,2,18,1,6,541,YV,CLT,0
0,2,18,1,12,541,YV,CLT,0
-10,2,19,2,15,541,YV,CLT,1
-5,2,19,2,12,541,YV,CLT,1
0,2,20,3,15,541,YV,CLT,2
22,2,20,3,6,541,YV,CLT,2
-10,2,20,3,12,541,YV,CLT,2
0,2,21,4,15,541,YV,CLT,3
0,2,21,4,6,541,YV,CLT,3
-2,2,21,4,12,541,YV,CLT,3
0,2,22,5,6,541,YV,CLT,4
0,2,23,6,6,541,YV,CLT,5
0,2,24,7,15,541,YV,CLT,6
0,2,24,7,6,541,YV,CLT,6
191,2,25,1,15,541,YV,CLT,7
62,2,25,1,6,541,YV,CLT,7
55,2,25,1,12,541,YV,CLT,7
0,2,26,2,15,541,YV,CLT,8
170,2,26,2,6,541,YV,CLT,8
0,2,27,3,15,541,YV,CLT,9
-10,2,27,3,6,541,YV,CLT,9
0,2,27,3,12,541,YV,CLT,9
0,2,28,4,6,541,YV,CLT,10
-10,2,28,4,12,541,YV,CLT,10
0,2,29,5,15,541,YV,CLT,11
0,2,29,5,12,541,YV,CLT,11
10,2,1,5,11,213,OH,DCA,11
70,2,1,5,20,213,OH,DCA,11
57,2,1,5,13,760,OH,ATL,11
0,2,1,5,8,426,OH,RDU,11
0,2,1,5,20,508,OH,DTW,11
-5,2,1,5,14,184,OH,BWI,11
-10,2,1,5,12,264,OH,ROC,11
-5,2,1,5,9,483,OH,CMH,11
-5,2,1,5,6,589,OH,CVG,11
95,2,1,5,19,184,OH,BWI,11
-6,2,1,5,9,267,OH,BTV,11
0,2,1,5,8,425,OH,CLE,11
38,2,1,5,9,892,OH,STL,11
0,2,1,5,18,426,OH,RDU,11
0,2,1,5,17,1522,OH,AUS,11
-10,2,1,5,13,144,OH,PVD,11
0,2,1,5,8,508,OH,DTW,11
-6,2,1,5,16,426,OH,RDU,11
0,2,1,5,19,340,OH,PIT,11
0,2,1,5,18,213,OH,DCA,11
-10,2,1,5,11,106,OH,BDL,11
-3,2,1,5,8,288,OH,RIC,11
50,2,1,5,11,340,OH,PIT,11
60,2,1,5,16,483,OH,CMH,11
205,2,1,5,19,740,OH,ORD,11
0,2,1,5,8,340,OH,PIT,11
0,2,1,5,9,187,OH,BOS,11
0,2,1,5,10,187,OH,BOS,11
-10,2,1,5,12,184,OH,BWI,11
29,2,1,5,12,106,OH,BDL,11
0,2,1,5,13,589,OH,CVG,11
58,2,1,5,13,766,OH,BNA,11
93,2,1,5,13,267,OH,BTV,11
-5,2,1,5,7,213,OH,DCA,11
-1,2,1,5,15,508,OH,DTW,11
0,2,1,5,16,340,OH,PIT,11
11,2,1,5,16,425,OH,CLE,11
15,2,2,6,11,213,OH,DCA,12
0,2,2,6,16,213,OH,DCA,12
-5,2,2,6,20,209,OH,SYR,12
0,2,2,6,13,760,OH,ATL,12
20,2,2,6,20,508,OH,DTW,12
-7,2,2,6,12,264,OH,ROC,12
5,2,2,6,9,483,OH,CMH,12
0,2,2,6,6,589,OH,CVG,12
-5,2,2,6,9,267,OH,BTV,12
30,2,2,6,8,425,OH,CLE,12
-5,2,2,6,19,187,OH,BOS,12
45,2,2,6,18,892,OH,STL,12
-5,2,2,6,18,426,OH,RDU,12
0,2,2,6,17,1522,OH,AUS,12
0,2,2,6,19,94,OH,PHL,12
-3,2,2,6,19,766,OH,BNA,12
0,2,2,6,13,144,OH,PVD,12
-7,2,2,6,8,508,OH,DTW,12
-5,2,2,6,16,426,OH,RDU,12
-1,2,2,6,19,340,OH,PIT,12
0,2,2,6,19,213,OH,DCA,12
-5,2,2,6,11,106,OH,BDL,12
27,2,2,6,8,288,OH,RIC,12
0,2,2,6,11,340,OH,PIT,12
-5,2,2,6,16,740,OH,ORD,12
-3,2,2,6,18,144,OH,PVD,12
25,2,2,6,19,740,OH,ORD,12
60,2,2,6,9,589,OH,CVG,12
0,2,2,6,8,340,OH,PIT,12
-5,2,2,6,9,187,OH,BOS,12
-5,2,2,6,10,187,OH,BOS,12
-2,2,2,6,12,184,OH,BWI,12
10,2,2,6,14,187,OH,BOS,12
0,2,2,6,20,301,OH,BUF,12
-6,2,2,6,20,267,OH,BTV,12
0,2,2,6,12,106,OH,BDL,12
0,2,2,6,20,589,OH,CVG,12
0,2,2,6,13,589,OH,CVG,12
0,2,2,6,13,267,OH,BTV,12
0,2,2,6,18,425,OH,CLE,12
15,2,2,6,19,664,OH,IND,12
-10,2,2,6,15,508,OH,DTW,12
0,2,2,6,16,425,OH,CLE,12
-5,2,2,6,8,187,OH,BOS,12
-5,2,3,7,11,213,OH,DCA,13
-5,2,3,7,20,213,OH,DCA,13
0,2,3,7,16,213,OH,DCA,13
-5,2,3,7,20,209,OH,SYR,13
-10,2,3,7,20,264,OH,ROC,13
-8,2,3,7,13,760,OH,ATL,13
0,2,3,7,20,508,OH,DTW,13
-5,2,3,7,14,184,OH,BWI,13
-2,2,3,7,12,264,OH,ROC,13
-7,2,3,7,9,483,OH,CMH,13
0,2,3,7,6,589,OH,CVG,13
-10,2,3,7,19,184,OH,BWI,13
-5,2,3,7,18,892,OH,STL,13
0,2,3,7,17,1522,OH,AUS,13
-9,2,3,7,16,94,OH,PHL,13
0,2,3,7,19,94,OH,PHL,13
0,2,3,7,19,766,OH,BNA,13
-10,2,3,7,13,144,OH,PVD,13
-5,2,3,7,16,426,OH,RDU,13
-1,2,3,7,19,340,OH,PIT,13
0,2,3,7,18,213,OH,DCA,13
-5,2,3,7,18,106,OH,BDL,13
-10,2,3,7,11,340,OH,PIT,13
0,2,3,7,16,740,OH,ORD,13
0,2,3,7,18,144,OH,PVD,13
0,2,3,7,16,483,OH,CMH,13
153,2,3,7,19,740,OH,ORD,13
0,2,3,7,9,187,OH,BOS,13
-10,2,3,7,12,184,OH,BWI,13
-10,2,3,7,14,187,OH,BOS,13
-5,2,3,7,20,267,OH,BTV,13
-7,2,3,7,12,106,OH,BDL,13
63,2,3,7,20,589,OH,CVG,13
20,2,3,7,13,589,OH,CVG,13
0,2,3,7,13,267,OH,BTV,13
-10,2,3,7,18,425,OH,CLE,13
0,2,3,7,15,508,OH,DTW,13
-6,2,3,7,16,340,OH,PIT,13
-4,2,3,7,16,425,OH,CLE,13
95,2,4,1,11,213,OH,DCA,14
5,2,4,1,20,213,OH,DCA,14
48,2,4,1,16,213,OH,DCA,14
-5,2,4,1,20,209,OH,SYR,14
60,2,4,1,20,264,OH,ROC,14
0,2,4,1,13,760,OH,ATL,14
30,2,4,1,8,426,OH,RDU,14
55,2,4,1,20,508,OH,DTW,14
-2,2,4,1,14,184,OH,BWI,14
-2,2,4,1,12,264,OH,ROC,14
-10,2,4,1,9,483,OH,CMH,14
0,2,4,1,6,589,OH,CVG,14
-10,2,4,1,19,184,OH,BWI,14
0,2,4,1,9,267,OH,BTV,14
-10,2,4,1,8,425,OH,CLE,14
-6,2,4,1,9,892,OH,STL,14
10,2,4,1,18,892,OH,STL,14
-5,2,4,1,17,1522,OH,AUS,14
-7,2,4,1,16,94,OH,PHL,14
45,2,4,1,19,94,OH,PHL,14
0,2,4,1,19,766,OH,BNA,14
-8,2,4,1,13,144,OH,PVD,14
-10,2,4,1,8,508,OH,DTW,14
0,2,4,1,16,426,OH,RDU,14
34,2,4,1,19,340,OH,PIT,14
70,2,4,1,18,213,OH,DCA,14
0,2,4,1,11,106,OH,BDL,14
0,2,4,1,8,288,OH,RIC,14
-5,2,4,1,18,106,OH,BDL,14
30,2,4,1,7,740,OH,ORD,14
15,2,4,1,11,340,OH,PIT,14
0,2,4,1,18,144,OH,PVD,14
50,2,4,1,16,483,OH,CMH,14
-5,2,4,1,8,340,OH,PIT,14
10,2,4,1,9,187,OH,BOS,14
-5,2,4,1,10,187,OH,BOS,14
-10,2,4,1,12,184,OH,BWI,14
0,2,4,1,14,187,OH,BOS,14
-10,2,4,1,20,267,OH,BTV,14
-10,2,4,1,12,106,OH,BDL,14
3,2,4,1,20,589,OH,CVG,14
33,2,4,1,13,589,OH,CVG,14
0,2,4,1,13,766,OH,BNA,14
18,2,4,1,13,267,OH,BTV,14
-1,2,4,1,18,425,OH,CLE,14
0,2,4,1,7,213,OH,DCA,14
5,2,4,1,15,508,OH,DTW,14
17,2,4,1,16,340,OH,PIT,14
-7,2,4,1,16,425,OH,CLE,14
0,2,5,2,11,213,OH,DCA,13
0,2,5,2,20,213,OH,DCA,13
0,2,5,2,16,213,OH,DCA,13
-4,2,5,2,20,209,OH,SYR,13
0,2,5,2,20,264,OH,ROC,13
-3,2,5,2,13,760,OH,ATL,13
0,2,5,2,8,426,OH,RDU,13
-8,2,5,2,20,508,OH,DTW,13
-10,2,5,2,14,184,OH,BWI,13
-5,2,5,2,12,264,OH,ROC,13
-10,2,5,2,9,483,OH,CMH,13
80,2,5,2,6,589,OH,CVG,13
-2,2,5,2,19,184,OH,BWI,13
-2,2,5,2,9,267,OH,BTV,13
-5,2,5,2,18,892,OH,STL,13
0,2,5,2,17,1522,OH,AUS,13
146,2,5,2,16,94,OH,PHL,13
-10,2,5,2,19,94,OH,PHL,13
15,2,5,2,19,766,OH,BNA,13
0,2,5,2,13,144,OH,PVD,13
55,2,5,2,8,508,OH,DTW,13
-10,2,5,2,16,426,OH,RDU,13
-8,2,5,2,19,340,OH,PIT,13
-5,2,5,2,18,213,OH,DCA,13
-5,2,5,2,11,106,OH,BDL,13
0,2,5,2,8,288,OH,RIC,13
-10,2,5,2,18,106,OH,BDL,13
5,2,5,2,7,740,OH,ORD,13
0,2,5,2,11,340,OH,PIT,13
0,2,5,2,16,740,OH,ORD,13
-10,2,5,2,18,144,OH,PVD,13
-5,2,5,2,16,483,OH,CMH,13
0,2,5,2,9,187,OH,BOS,13
-5,2,5,2,10,187,OH,BOS,13
-10,2,5,2,12,184,OH,BWI,13
6,2,5,2,14,187,OH,BOS,13
-10,2,5,2,20,267,OH,BTV,13
52,2,5,2,12,106,OH,BDL,13
-7,2,5,2,20,589,OH,CVG,13
11,2,5,2,13,589,OH,CVG,13
0,2,5,2,13,766,OH,BNA,13
-5,2,5,2,13,267,OH,BTV,13
-8,2,5,2,18,425,OH,CLE,13
48,2,5,2,7,213,OH,DCA,13
-7,2,5,2,15,508,OH,DTW,13
-10,2,5,2,16,340,OH,PIT,13
-10,2,5,2,16,425,OH,CLE,13
-9,2,6,3,11,213,OH,DCA,12
-5,2,6,3,20,213,OH,DCA,12
-10,2,6,3,16,213,OH,DCA,12
0,2,6,3,20,209,OH,SYR,12
25,2,6,3,20,264,OH,ROC,12
0,2,6,3,13,760,OH,ATL,12
35,2,6,3,8,426,OH,RDU,12
50,2,6,3,20,508,OH,DTW,12
-5,2,6,3,14,184,OH,BWI,12
-10,2,6,3,12,264,OH,ROC,12
-5,2,6,3,9,483,OH,CMH,12
-5,2,6,3,6,589,OH,CVG,12
-10,2,6,3,19,184,OH,BWI,12
-3,2,6,3,9,267,OH,BTV,12
-5,2,6,3,8,425,OH,CLE,12
-8,2,6,3,9,892,OH,STL,12
0,2,6,3,18,892,OH,STL,12
-3,2,6,3,17,1522,OH,AUS,12
-10,2,6,3,16,94,OH,PHL,12
0,2,6,3,19,94,OH,PHL,12
0,2,6,3,19,766,OH,BNA,12
-10,2,6,3,13,144,OH,PVD,12
0,2,6,3,8,508,OH,DTW,12
-5,2,6,3,16,426,OH,RDU,12
-10,2,6,3,19,340,OH,PIT,12
45,2,6,3,18,213,OH,DCA,12
0,2,6,3,11,106,OH,BDL,12
-8,2,6,3,8,288,OH,RIC,12
-5,2,6,3,18,106,OH,BDL,12
-5,2,6,3,7,740,OH,ORD,12
-5,2,6,3,11,340,OH,PIT,12
-10,2,6,3,18,144,OH,PVD,12
-5,2,6,3,16,483,OH,CMH,12
5,2,6,3,8,340,OH,PIT,12
10,2,6,3,9,187,OH,BOS,12
0,2,6,3,10,187,OH,BOS,12
-10,2,6,3,12,184,OH,BWI,12
5,2,6,3,14,187,OH,BOS,12
-9,2,6,3,12,106,OH,BDL,12
-10,2,6,3,20,589,OH,CVG,12
0,2,6,3,13,589,OH,CVG,12
0,2,6,3,13,766,OH,BNA,12
45,2,6,3,13,267,OH,BTV,12
-10,2,6,3,18,425,OH,CLE,12
-2,2,6,3,7,213,OH,DCA,12
-10,2,6,3,15,508,OH,DTW,12
0,2,6,3,16,340,OH,PIT,12
0,2,6,3,16,425,OH,CLE,12
-5,2,7,4,11,213,OH,DCA,11
-4,2,7,4,20,213,OH,DCA,11
-5,2,7,4,16,213,OH,DCA,11
10,2,7,4,20,209,OH,SYR,11
-5,2,7,4,20,264,OH,ROC,11
12,2,7,4,13,760,OH,ATL,11
25,2,7,4,8,426,OH,RDU,11
-5,2,7,4,20,508,OH,DTW,11
-10,2,7,4,14,184,OH,BWI,11
-9,2,7,4,12,264,OH,ROC,11
0,2,7,4,9,483,OH,CMH,11
-5,2,7,4,6,589,OH,CVG,11
-5,2,7,4,19,184,OH,BWI,11
-1,2,7,4,9,267,OH,BTV,11
-10,2,7,4,8,425,OH,CLE,11
-5,2,7,4,9,892,OH,STL,11
-10,2,7,4,18,892,OH,STL,11
-5,2,7,4,17,1522,OH,AUS,11
-5,2,7,4,16,94,OH,PHL,11
-3,2,7,4,19,94,OH,PHL,11
0,2,7,4,19,766,OH,BNA,11
-10,2,7,4,13,144,OH,PVD,11
0,2,7,4,8,508,OH,DTW,11
-5,2,7,4,16,426,OH,RDU,11
0,2,7,4,19,340,OH,PIT,11
-5,2,7,4,18,213,OH,DCA,11
-10,2,7,4,11,106,OH,BDL,11
0,2,7,4,8,288,OH,RIC,11
40,2,7,4,18,106,OH,BDL,11
40,2,7,4,7,740,OH,ORD,11
0,2,7,4,11,340,OH,PIT,11
0,2,7,4,16,740,OH,ORD,11
-10,2,7,4,18,144,OH,PVD,11
-5,2,7,4,16,483,OH,CMH,11
0,2,7,4,19,740,OH,ORD,11
-5,2,7,4,8,340,OH,PIT,11
18,2,7,4,9,187,OH,BOS,11
-5,2,7,4,10,187,OH,BOS,11
0,2,7,4,12,184,OH,BWI,11
25,2,7,4,14,187,OH,BOS,11
5,2,7,4,20,267,OH,BTV,11
-9,2,7,4,12,106,OH,BDL,11
-7,2,7,4,20,589,OH,CVG,11
-2,2,7,4,13,589,OH,CVG,11
0,2,7,4,13,766,OH,BNA,11
-10,2,7,4,13,267,OH,BTV,11
-6,2,7,4,18,425,OH,CLE,11
-10,2,7,4,7,213,OH,DCA,11
-2,2,7,4,15,508,OH,DTW,11
-10,2,7,4,16,340,OH,PIT,11
0,2,7,4,16,425,OH,CLE,11
108,2,8,5,11,213,OH,DCA,10
186,2,8,5,20,213,OH,DCA,10
0,2,8,5,16,213,OH,DCA,10
32,2,8,5,20,209,OH,SYR,10
0,2,8,5,20,264,OH,ROC,10
0,2,8,5,13,760,OH,ATL,10
-10,2,8,5,8,426,OH,RDU,10
0,2,8,5,20,508,OH,DTW,10
0,2,8,5,14,184,OH,BWI,10
-10,2,8,5,12,264,OH,ROC,10
-5,2,8,5,9,483,OH,CMH,10
0,2,8,5,6,589,OH,CVG,10
-5,2,8,5,19,184,OH,BWI,10
-10,2,8,5,9,267,OH,BTV,10
-10,2,8,5,8,425,OH,CLE,10
12,2,8,5,9,892,OH,STL,10
0,2,8,5,18,892,OH,STL,10
-10,2,8,5,18,426,OH,RDU,10
0,2,8,5,17,1522,OH,AUS,10
-5,2,8,5,19,94,OH,PHL,10
-10,2,8,5,19,766,OH,BNA,10
-13,2,8,5,13,144,OH,PVD,10
0,2,8,5,8,508,OH,DTW,10
-10,2,8,5,16,426,OH,RDU,10
-6,2,8,5,19,340,OH,PIT,10
-5,2,8,5,18,213,OH,DCA,10
-10,2,8,5,11,106,OH,BDL,10
7,2,8,5,8,288,OH,RIC,10
0,2,8,5,18,106,OH,BDL,10
-15,2,8,5,7,740,OH,ORD,10
5,2,8,5,11,340,OH,PIT,10
-5,2,8,5,16,740,OH,ORD,10
15,2,8,5,18,144,OH,PVD,10
-5,2,8,5,16,483,OH,CMH,10
35,2,8,5,19,740,OH,ORD,10
0,2,8,5,8,340,OH,PIT,10
0,2,8,5,9,187,OH,BOS,10
0,2,8,5,10,187,OH,BOS,10
-5,2,8,5,12,184,OH,BWI,10
70,2,8,5,14,187,OH,BOS,10
0,2,8,5,20,267,OH,BTV,10
5,2,8,5,12,106,OH,BDL,10
78,2,8,5,20,589,OH,CVG,10
0,2,8,5,13,589,OH,CVG,10
-5,2,8,5,13,766,OH,BNA,10
0,2,8,5,13,267,OH,BTV,10
-6,2,8,5,18,425,OH,CLE,10
-5,2,8,5,7,213,OH,DCA,10
-5,2,8,5,15,508,OH,DTW,10
-5,2,8,5,16,340,OH,PIT,10
-7,2,8,5,16,425,OH,CLE,10
-10,2,9,6,11,213,OH,DCA,9
-5,2,9,6,16,213,OH,DCA,9
18,2,9,6,20,209,OH,SYR,9
-3,2,9,6,13,760,OH,ATL,9
40,2,9,6,20,508,OH,DTW,9
-7,2,9,6,12,264,OH,ROC,9
-5,2,9,6,9,483,OH,CMH,9
55,2,9,6,6,589,OH,CVG,9
-7,2,9,6,9,267,OH,BTV,9
-10,2,9,6,8,425,OH,CLE,9
0,2,9,6,19,187,OH,BOS,9
-5,2,9,6,18,892,OH,STL,9
0,2,9,6,18,426,OH,RDU,9
-10,2,9,6,17,1522,OH,AUS,9
-5,2,9,6,19,94,OH,PHL,9
67,2,9,6,13,144,OH,PVD,9
-7,2,9,6,8,508,OH,DTW,9
-5,2,9,6,16,426,OH,RDU,9
9,2,9,6,19,340,OH,PIT,9
0,2,9,6,19,213,OH,DCA,9
0,2,9,6,11,106,OH,BDL,9
0,2,9,6,8,288,OH,RIC,9
0,2,9,6,11,340,OH,PIT,9
14,2,9,6,16,740,OH,ORD,9
-5,2,9,6,18,144,OH,PVD,9
0,2,9,6,9,589,OH,CVG,9
0,2,9,6,19,740,OH,ORD,9
0,2,9,6,8,340,OH,PIT,9
0,2,9,6,9,187,OH,BOS,9
0,2,9,6,10,187,OH,BOS,9
-10,2,9,6,12,184,OH,BWI,9
-5,2,9,6,14,187,OH,BOS,9
0,2,9,6,20,301,OH,BUF,9
0,2,9,6,20,267,OH,BTV,9
0,2,9,6,12,106,OH,BDL,9
-10,2,9,6,20,589,OH,CVG,9
0,2,9,6,13,589,OH,CVG,9
0,2,9,6,13,267,OH,BTV,9
0,2,9,6,18,425,OH,CLE,9
0,2,9,6,19,664,OH,IND,9
0,2,9,6,7,213,OH,DCA,9
-5,2,9,6,15,508,OH,DTW,9
4,2,9,6,16,425,OH,CLE,9
-5,2,9,6,8,187,OH,BOS,9
-5,2,10,7,11,213,OH,DCA,8
30,2,10,7,20,213,OH,DCA,8
25,2,10,7,20,209,OH,SYR,8
47,2,10,7,20,264,OH,ROC,8
14,2,10,7,13,760,OH,ATL,8
41,2,10,7,20,508,OH,DTW,8
5,2,10,7,14,184,OH,BWI,8
0,2,10,7,12,264,OH,ROC,8
-5,2,10,7,9,483,OH,CMH,8
23,2,10,7,6,589,OH,CVG,8
-10,2,10,7,19,184,OH,BWI,8
0,2,10,7,17,1522,OH,AUS,8
51,2,10,7,16,94,OH,PHL,8
140,2,10,7,19,94,OH,PHL,8
0,2,10,7,19,766,OH,BNA,8
0,2,10,7,13,144,OH,PVD,8
55,2,10,7,16,426,OH,RDU,8
-11,2,10,7,19,340,OH,PIT,8
35,2,10,7,18,213,OH,DCA,8
-10,2,10,7,11,340,OH,PIT,8
0,2,10,7,16,740,OH,ORD,8
130,2,10,7,18,144,OH,PVD,8
10,2,10,7,16,483,OH,CMH,8
-5,2,10,7,19,740,OH,ORD,8
-5,2,10,7,9,187,OH,BOS,8
-6,2,10,7,12,184,OH,BWI,8
47,2,10,7,14,187,OH,BOS,8
47,2,10,7,20,267,OH,BTV,8
-3,2,10,7,12,106,OH,BDL,8
123,2,10,7,20,589,OH,CVG,8
15,2,10,7,13,589,OH,CVG,8
20,2,10,7,13,267,OH,BTV,8
0,2,10,7,15,508,OH,DTW,8
52,2,10,7,16,340,OH,PIT,8
14,2,10,7,16,425,OH,CLE,8
-2,2,11,1,11,213,OH,DCA,7
8,2,11,1,20,213,OH,DCA,7
-5,2,11,1,16,213,OH,DCA,7
-2,2,11,1,20,209,OH,SYR,7
-10,2,11,1,20,264,OH,ROC,7
-3,2,11,1,13,760,OH,ATL,7
-5,2,11,1,8,426,OH,RDU,7
-5,2,11,1,20,508,OH,DTW,7
-5,2,11,1,14,184,OH,BWI,7
13,2,11,1,12,264,OH,ROC,7
-5,2,11,1,9,483,OH,CMH,7
-10,2,11,1,19,184,OH,BWI,7
-7,2,11,1,9,267,OH,BTV,7
-2,2,11,1,8,425,OH,CLE,7
0,2,11,1,9,892,OH,STL,7
-5,2,11,1,18,892,OH,STL,7
5,2,11,1,17,1522,OH,AUS,7
-10,2,11,1,16,94,OH,PHL,7
-10,2,11,1,13,144,OH,PVD,7
20,2,11,1,8,508,OH,DTW,7
0,2,11,1,16,426,OH,RDU,7
-6,2,11,1,19,340,OH,PIT,7
-5,2,11,1,18,213,OH,DCA,7
78,2,11,1,11,106,OH,BDL,7
-8,2,11,1,8,288,OH,RIC,7
0,2,11,1,18,106,OH,BDL,7
0,2,11,1,7,740,OH,ORD,7
-5,2,11,1,11,340,OH,PIT,7
-5,2,11,1,16,740,OH,ORD,7
0,2,11,1,18,144,OH,PVD,7
0,2,11,1,16,483,OH,CMH,7
95,2,11,1,19,740,OH,ORD,7
0,2,11,1,8,340,OH,PIT,7
0,2,11,1,9,187,OH,BOS,7
40,2,11,1,10,187,OH,BOS,7
44,2,11,1,12,184,OH,BWI,7
18,2,11,1,14,187,OH,BOS,7
18,2,11,1,20,267,OH,BTV,7
-6,2,11,1,12,106,OH,BDL,7
-5,2,11,1,20,589,OH,CVG,7
0,2,11,1,13,589,OH,CVG,7
0,2,11,1,13,766,OH,BNA,7
-10,2,11,1,13,267,OH,BTV,7
-1,2,11,1,18,425,OH,CLE,7
-5,2,11,1,7,213,OH,DCA,7
-3,2,11,1,15,508,OH,DTW,7
0,2,11,1,16,340,OH,PIT,7
41,2,11,1,16,425,OH,CLE,7
-10,2,12,2,11,213,OH,DCA,6
25,2,12,2,20,264,OH,ROC,6
-5,2,12,2,8,426,OH,RDU,6
0,2,12,2,14,184,OH,BWI,6
-5,2,12,2,12,264,OH,ROC,6
85,2,12,2,9,483,OH,CMH,6
90,2,12,2,19,184,OH,BWI,6
-5,2,12,2,9,267,OH,BTV,6
0,2,12,2,17,1522,OH,AUS,6
0,2,12,2,19,766,OH,BNA,6
5,2,12,2,13,144,OH,PVD,6
-5,2,12,2,8,508,OH,DTW,6
0,2,12,2,16,426,OH,RDU,6
-5,2,12,2,11,106,OH,BDL,6
-6,2,12,2,8,288,OH,RIC,6
15,2,12,2,7,740,OH,ORD,6
-10,2,12,2,11,340,OH,PIT,6
15,2,12,2,16,483,OH,CMH,6
0,2,12,2,9,187,OH,BOS,6
25,2,12,2,10,187,OH,BOS,6
4,2,12,2,12,184,OH,BWI,6
110,2,12,2,14,187,OH,BOS,6
25,2,12,2,20,267,OH,BTV,6
-10,2,12,2,12,106,OH,BDL,6
0,2,12,2,13,589,OH,CVG,6
140,2,12,2,13,766,OH,BNA,6
-10,2,12,2,13,267,OH,BTV,6
10,2,12,2,7,213,OH,DCA,6
-10,2,12,2,15,508,OH,DTW,6
87,2,12,2,16,340,OH,PIT,6
-9,2,12,2,16,425,OH,CLE,6
55,2,13,3,11,213,OH,DCA,5
150,2,13,3,20,213,OH,DCA,5
15,2,13,3,20,264,OH,ROC,5
-3,2,13,3,13,760,OH,ATL,5
15,2,13,3,8,426,OH,RDU,5
43,2,13,3,14,184,OH,BWI,5
113,2,13,3,12,264,OH,ROC,5
-10,2,13,3,19,184,OH,BWI,5
50,2,13,3,9,267,OH,BTV,5
65,2,13,3,8,425,OH,CLE,5
10,2,13,3,9,892,OH,STL,5
5,2,13,3,18,892,OH,STL,5
0,2,13,3,17,1522,OH,AUS,5
16,2,13,3,16,94,OH,PHL,5
75,2,13,3,19,94,OH,PHL,5
70,2,13,3,19,766,OH,BNA,5
0,2,13,3,13,144,OH,PVD,5
0,2,13,3,8,508,OH,DTW,5
19,2,13,3,19,340,OH,PIT,5
60,2,13,3,11,106,OH,BDL,5
2,2,13,3,8,288,OH,RIC,5
20,2,13,3,18,106,OH,BDL,5
70,2,13,3,7,740,OH,ORD,5
0,2,13,3,11,340,OH,PIT,5
124,2,13,3,16,740,OH,ORD,5
-5,2,13,3,18,144,OH,PVD,5
65,2,13,3,16,483,OH,CMH,5
-10,2,13,3,19,740,OH,ORD,5
50,2,13,3,8,340,OH,PIT,5
10,2,13,3,9,187,OH,BOS,5
0,2,13,3,10,187,OH,BOS,5
-5,2,13,3,12,184,OH,BWI,5
25,2,13,3,14,187,OH,BOS,5
40,2,13,3,20,267,OH,BTV,5
98,2,13,3,20,589,OH,CVG,5
20,2,13,3,13,589,OH,CVG,5
35,2,13,3,13,766,OH,BNA,5
59,2,13,3,13,267,OH,BTV,5
15,2,13,3,7,213,OH,DCA,5
0,2,13,3,15,508,OH,DTW,5
-5,2,13,3,16,340,OH,PIT,5
111,2,13,3,16,425,OH,CLE,5
10,2,14,4,11,213,OH,DCA,4
90,2,14,4,20,213,OH,DCA,4
0,2,14,4,16,213,OH,DCA,4
-10,2,14,4,19,209,OH,SYR,4
-3,2,14,4,20,264,OH,ROC,4
0,2,14,4,12,760,OH,ATL,4
10,2,14,4,8,426,OH,RDU,4
-6,2,14,4,20,508,OH,DTW,4
-6,2,14,4,12,264,OH,ROC,4
8,2,14,4,9,483,OH,CMH,4
0,2,14,4,18,184,OH,BWI,4
-5,2,14,4,9,267,OH,BTV,4
-5,2,14,4,8,425,OH,CLE,4
5,2,14,4,9,892,OH,STL,4
-5,2,14,4,18,892,OH,STL,4
0,2,14,4,13,274,OH,PWM,4
-5,2,14,4,19,1522,OH,AUS,4
-2,2,14,4,13,187,OH,BOS,4
-5,2,14,4,19,94,OH,PHL,4
-5,2,14,4,19,766,OH,BNA,4
73,2,14,4,9,264,OH,ROC,4
0,2,14,4,14,106,OH,BDL,4
-5,2,14,4,8,508,OH,DTW,4
0,2,14,4,16,426,OH,RDU,4
20,2,14,4,14,94,OH,PHL,4
-5,2,14,4,19,340,OH,PIT,4
-5,2,14,4,18,213,OH,DCA,4
-4,2,14,4,8,288,OH,RIC,4
-10,2,14,4,18,106,OH,BDL,4
-5,2,14,4,7,740,OH,ORD,4
0,2,14,4,11,340,OH,PIT,4
20,2,14,4,16,740,OH,ORD,4
0,2,14,4,18,144,OH,PVD,4
0,2,14,4,7,589,OH,CVG,4
0,2,14,4,16,483,OH,CMH,4
0,2,14,4,8,340,OH,PIT,4
0,2,14,4,9,187,OH,BOS,4
10,2,14,4,10,187,OH,BOS,4
0,2,14,4,12,184,OH,BWI,4
20,2,14,4,20,267,OH,BTV,4
-8,2,14,4,15,184,OH,BWI,4
0,2,14,4,19,589,OH,CVG,4
-5,2,14,4,13,589,OH,CVG,4
95,2,14,4,19,740,OH,ORD,4
15,2,14,4,12,766,OH,BNA,4
-4,2,14,4,13,267,OH,BTV,4
10,2,14,4,18,425,OH,CLE,4
-5,2,14,4,7,213,OH,DCA,4
40,2,14,4,15,508,OH,DTW,4
-10,2,14,4,16,340,OH,PIT,4
-10,2,14,4,16,425,OH,CLE,4
-5,2,15,5,11,213,OH,DCA,3
20,2,15,5,20,213,OH,DCA,3
-5,2,15,5,16,213,OH,DCA,3
-6,2,15,5,19,209,OH,SYR,3
124,2,15,5,20,264,OH,ROC,3
25,2,15,5,12,760,OH,ATL,3
-17,2,15,5,8,426,OH,RDU,3
12,2,15,5,20,508,OH,DTW,3
-5,2,15,5,12,264,OH,ROC,3
70,2,15,5,9,483,OH,CMH,3
0,2,15,5,6,589,OH,CVG,3
-5,2,15,5,18,184,OH,BWI,3
-7,2,15,5,9,267,OH,BTV,3
0,2,15,5,8,425,OH,CLE,3
-5,2,15,5,9,892,OH,STL,3
-5,2,15,5,18,892,OH,STL,3
-10,2,15,5,13,274,OH,PWM,3
8,2,15,5,19,1522,OH,AUS,3
-10,2,15,5,13,187,OH,BOS,3
-3,2,15,5,19,94,OH,PHL,3
0,2,15,5,19,766,OH,BNA,3
-5,2,15,5,9,264,OH,ROC,3
-4,2,15,5,14,106,OH,BDL,3
0,2,15,5,8,508,OH,DTW,3
0,2,15,5,16,426,OH,RDU,3
-5,2,15,5,14,94,OH,PHL,3
-5,2,15,5,19,340,OH,PIT,3
40,2,15,5,18,213,OH,DCA,3
0,2,15,5,8,288,OH,RIC,3
-10,2,15,5,18,106,OH,BDL,3
0,2,15,5,7,740,OH,ORD,3
-5,2,15,5,11,340,OH,PIT,3
20,2,15,5,16,740,OH,ORD,3
245,2,15,5,18,144,OH,PVD,3
-5,2,15,5,16,483,OH,CMH,3
-5,2,15,5,8,340,OH,PIT,3
0,2,15,5,9,187,OH,BOS,3
-10,2,15,5,10,187,OH,BOS,3
-5,2,15,5,12,184,OH,BWI,3
10,2,15,5,20,267,OH,BTV,3
0,2,15,5,15,184,OH,BWI,3
28,2,15,5,19,589,OH,CVG,3
5,2,15,5,13,589,OH,CVG,3
0,2,15,5,19,740,OH,ORD,3
0,2,15,5,12,766,OH,BNA,3
0,2,15,5,13,267,OH,BTV,3
-3,2,15,5,18,425,OH,CLE,3
20,2,15,5,7,213,OH,DCA,3
-3,2,15,5,15,508,OH,DTW,3
5,2,15,5,16,340,OH,PIT,3
-5,2,15,5,16,425,OH,CLE,3
-6,2,16,6,11,213,OH,DCA,2
25,2,16,6,20,213,OH,DCA,2
-10,2,16,6,14,301,OH,BUF,2
-4,2,16,6,16,213,OH,DCA,2
-5,2,16,6,19,209,OH,SYR,2
0,2,16,6,12,760,OH,ATL,2
-5,2,16,6,20,508,OH,DTW,2
-10,2,16,6,9,483,OH,CMH,2
0,2,16,6,6,589,OH,CVG,2
0,2,16,6,9,267,OH,BTV,2
-3,2,16,6,8,425,OH,CLE,2
0,2,16,6,19,187,OH,BOS,2
0,2,16,6,18,892,OH,STL,2
13,2,16,6,13,274,OH,PWM,2
5,2,16,6,19,1522,OH,AUS,2
46,2,16,6,13,187,OH,BOS,2
-5,2,16,6,16,301,OH,BUF,2
0,2,16,6,19,94,OH,PHL,2
0,2,16,6,19,766,OH,BNA,2
-5,2,16,6,9,264,OH,ROC,2
-4,2,16,6,14,106,OH,BDL,2
0,2,16,6,8,508,OH,DTW,2
5,2,16,6,16,426,OH,RDU,2
-4,2,16,6,14,94,OH,PHL,2
0,2,16,6,19,340,OH,PIT,2
0,2,16,6,11,106,OH,BDL,2
-4,2,16,6,8,288,OH,RIC,2
-5,2,16,6,18,106,OH,BDL,2
0,2,16,6,7,740,OH,ORD,2
0,2,16,6,11,340,OH,PIT,2
50,2,16,6,16,740,OH,ORD,2
0,2,16,6,18,144,OH,PVD,2
-4,2,16,6,16,483,OH,CMH,2
0,2,16,6,8,340,OH,PIT,2
20,2,16,6,9,187,OH,BOS,2
10,2,16,6,10,187,OH,BOS,2
0,2,16,6,12,184,OH,BWI,2
-6,2,16,6,20,267,OH,BTV,2
17,2,16,6,15,184,OH,BWI,2
0,2,16,6,20,589,OH,CVG,2
0,2,16,6,13,589,OH,CVG,2
5,2,16,6,19,740,OH,ORD,2
-3,2,16,6,13,267,OH,BTV,2
10,2,16,6,18,425,OH,CLE,2
0,2,16,6,15,508,OH,DTW,2
15,2,16,6,11,228,OH,IAD,2
-5,2,17,7,11,213,OH,DCA,1
-5,2,17,7,20,213,OH,DCA,1
0,2,17,7,14,301,OH,BUF,1
0,2,17,7,16,213,OH,DCA,1
0,2,17,7,20,209,OH,SYR,1
40,2,17,7,12,760,OH,ATL,1
-5,2,17,7,20,508,OH,DTW,1
-5,2,17,7,16,264,OH,ROC,1
45,2,17,7,9,483,OH,CMH,1
0,2,17,7,6,589,OH,CVG,1
-5,2,17,7,9,267,OH,BTV,1
-7,2,17,7,8,425,OH,CLE,1
0,2,17,7,19,187,OH,BOS,1
0,2,17,7,18,892,OH,STL,1
-10,2,17,7,13,274,OH,PWM,1
0,2,17,7,19,1522,OH,AUS,1
-10,2,17,7,13,187,OH,BOS,1
0,2,17,7,19,94,OH,PHL,1
75,2,17,7,19,766,OH,BNA,1
-4,2,17,7,9,264,OH,ROC,1
-2,2,17,7,14,106,OH,BDL,1
0,2,17,7,8,508,OH,DTW,1
0,2,17,7,16,426,OH,RDU,1
0,2,17,7,14,94,OH,PHL,1
10,2,17,7,19,340,OH,PIT,1
-5,2,17,7,11,106,OH,BDL,1
-10,2,17,7,8,288,OH,RIC,1
-10,2,17,7,18,106,OH,BDL,1
0,2,17,7,7,740,OH,ORD,1
-5,2,17,7,11,340,OH,PIT,1
-5,2,17,7,18,144,OH,PVD,1
-5,2,17,7,8,340,OH,PIT,1
0,2,17,7,9,187,OH,BOS,1
0,2,17,7,10,187,OH,BOS,1
-5,2,17,7,12,184,OH,BWI,1
10,2,17,7,20,267,OH,BTV,1
10,2,17,7,15,184,OH,BWI,1
0,2,17,7,20,589,OH,CVG,1
0,2,17,7,13,589,OH,CVG,1
0,2,17,7,19,740,OH,ORD,1
-9,2,17,7,13,267,OH,BTV,1
-10,2,17,7,18,425,OH,CLE,1
-5,2,17,7,15,508,OH,DTW,1
0,2,17,7,11,228,OH,IAD,1
-4,2,17,7,16,425,OH,CLE,1
45,2,18,1,11,213,OH,DCA,0
50,2,18,1,20,213,OH,DCA,0
-1,2,18,1,16,213,OH,DCA,0
80,2,18,1,19,209,OH,SYR,0
59,2,18,1,20,264,OH,ROC,0
100,2,18,1,12,760,OH,ATL,0
88,2,18,1,20,508,OH,DTW,0
-7,2,18,1,12,264,OH,ROC,0
24,2,18,1,9,483,OH,CMH,0
0,2,18,1,6,589,OH,CVG,0
25,2,18,1,18,184,OH,BWI,0
0,2,18,1,13,274,OH,PWM,0
105,2,18,1,19,1522,OH,AUS,0
48,2,18,1,16,228,OH,IAD,0
170,2,18,1,19,94,OH,PHL,0
-3,2,18,1,14,106,OH,BDL,0
125,2,18,1,16,426,OH,RDU,0
5,2,18,1,14,94,OH,PHL,0
0,2,18,1,19,340,OH,PIT,0
39,2,18,1,18,213,OH,DCA,0
0,2,18,1,11,340,OH,PIT,0
0,2,18,1,16,740,OH,ORD,0
0,2,18,1,18,144,OH,PVD,0
90,2,18,1,16,483,OH,CMH,0
0,2,18,1,9,187,OH,BOS,0
0,2,18,1,10,187,OH,BOS,0
0,2,18,1,12,184,OH,BWI,0
70,2,18,1,20,267,OH,BTV,0
-5,2,18,1,15,184,OH,BWI,0
95,2,18,1,19,589,OH,CVG,0
10,2,18,1,19,740,OH,ORD,0
30,2,18,1,13,267,OH,BTV,0
40,2,18,1,18,425,OH,CLE,0
100,2,18,1,15,508,OH,DTW,0
70,2,18,1,16,340,OH,PIT,0
-5,2,18,1,11,228,OH,IAD,0
26,2,18,1,16,425,OH,CLE,0
-2,2,19,2,11,213,OH,DCA,1
30,2,19,2,20,213,OH,DCA,1
0,2,19,2,16,213,OH,DCA,1
-5,2,19,2,19,209,OH,SYR,1
-6,2,19,2,20,264,OH,ROC,1
30,2,19,2,12,760,OH,ATL,1
15,2,19,2,8,426,OH,RDU,1
0,2,19,2,20,508,OH,DTW,1
-10,2,19,2,12,264,OH,ROC,1
-4,2,19,2,9,483,OH,CMH,1
0,2,19,2,6,589,OH,CVG,1
0,2,19,2,18,184,OH,BWI,1
-5,2,19,2,9,267,OH,BTV,1
0,2,19,2,18,892,OH,STL,1
-4,2,19,2,13,274,OH,PWM,1
0,2,19,2,19,1522,OH,AUS,1
37,2,19,2,13,187,OH,BOS,1
-10,2,19,2,19,94,OH,PHL,1
-2,2,19,2,19,766,OH,BNA,1
-10,2,19,2,9,264,OH,ROC,1
0,2,19,2,14,106,OH,BDL,1
0,2,19,2,8,508,OH,DTW,1
-7,2,19,2,16,426,OH,RDU,1
-5,2,19,2,14,94,OH,PHL,1
-10,2,19,2,19,340,OH,PIT,1
90,2,19,2,18,213,OH,DCA,1
-7,2,19,2,8,288,OH,RIC,1
-8,2,19,2,18,106,OH,BDL,1
-5,2,19,2,7,740,OH,ORD,1
-5,2,19,2,11,340,OH,PIT,1
13,2,19,2,16,740,OH,ORD,1
-10,2,19,2,18,144,OH,PVD,1
-10,2,19,2,16,483,OH,CMH,1
0,2,19,2,9,187,OH,BOS,1
25,2,19,2,10,187,OH,BOS,1
-7,2,19,2,12,184,OH,BWI,1
-5,2,19,2,20,267,OH,BTV,1
-5,2,19,2,15,184,OH,BWI,1
-10,2,19,2,19,589,OH,CVG,1
25,2,19,2,13,589,OH,CVG,1
80,2,19,2,19,740,OH,ORD,1
0,2,19,2,12,766,OH,BNA,1
-10,2,19,2,13,267,OH,BTV,1
-10,2,19,2,18,425,OH,CLE,1
-5,2,19,2,7,213,OH,DCA,1
0,2,19,2,15,508,OH,DTW,1
-5,2,19,2,16,340,OH,PIT,1
-5,2,19,2,11,228,OH,IAD,1
-9,2,19,2,16,425,OH,CLE,1
0,2,20,3,11,213,OH,DCA,2
-4,2,20,3,20,213,OH,DCA,2
0,2,20,3,16,213,OH,DCA,2
-10,2,20,3,19,209,OH,SYR,2
0,2,20,3,20,264,OH,ROC,2
20,2,20,3,12,760,OH,ATL,2
-5,2,20,3,8,426,OH,RDU,2
50,2,20,3,20,508,OH,DTW,2
0,2,20,3,12,264,OH,ROC,2
-5,2,20,3,9,483,OH,CMH,2
6,2,20,3,6,589,OH,CVG,2
-5,2,20,3,18,184,OH,BWI,2
0,2,20,3,9,267,OH,BTV,2
0,2,20,3,8,425,OH,CLE,2
0,2,20,3,9,892,OH,STL,2
-8,2,20,3,18,892,OH,STL,2
-4,2,20,3,13,274,OH,PWM,2
0,2,20,3,19,1522,OH,AUS,2
15,2,20,3,13,187,OH,BOS,2
80,2,20,3,19,94,OH,PHL,2
0,2,20,3,19,766,OH,BNA,2
-5,2,20,3,9,264,OH,ROC,2
-4,2,20,3,14,106,OH,BDL,2
-5,2,20,3,8,508,OH,DTW,2
0,2,20,3,16,426,OH,RDU,2
0,2,20,3,14,94,OH,PHL,2
-5,2,20,3,19,340,OH,PIT,2
-7,2,20,3,18,213,OH,DCA,2
0,2,20,3,8,288,OH,RIC,2
-5,2,20,3,18,106,OH,BDL,2
0,2,20,3,7,740,OH,ORD,2
-5,2,20,3,11,340,OH,PIT,2
-10,2,20,3,16,740,OH,ORD,2
-7,2,20,3,18,144,OH,PVD,2
41,2,20,3,16,483,OH,CMH,2
-10,2,20,3,8,340,OH,PIT,2
0,2,20,3,9,187,OH,BOS,2
0,2,20,3,10,187,OH,BOS,2
-10,2,20,3,12,184,OH,BWI,2
-10,2,20,3,20,267,OH,BTV,2
60,2,20,3,15,184,OH,BWI,2
129,2,20,3,19,589,OH,CVG,2
30,2,20,3,13,589,OH,CVG,2
-10,2,20,3,19,740,OH,ORD,2
0,2,20,3,12,766,OH,BNA,2
0,2,20,3,13,267,OH,BTV,2
-5,2,20,3,18,425,OH,CLE,2
90,2,20,3,7,213,OH,DCA,2
0,2,20,3,15,508,OH,DTW,2
95,2,20,3,16,340,OH,PIT,2
11,2,20,3,16,425,OH,CLE,2
-8,2,21,4,11,213,OH,DCA,3
10,2,21,4,16,213,OH,DCA,3
15,2,21,4,19,209,OH,SYR,3
-8,2,21,4,20,264,OH,ROC,3
25,2,21,4,12,760,OH,ATL,3
-2,2,21,4,8,426,OH,RDU,3
0,2,21,4,20,508,OH,DTW,3
-10,2,21,4,12,264,OH,ROC,3
-5,2,21,4,9,483,OH,CMH,3
0,2,21,4,6,589,OH,CVG,3
-5,2,21,4,18,184,OH,BWI,3
-5,2,21,4,9,267,OH,BTV,3
10,2,21,4,8,425,OH,CLE,3
-2,2,21,4,9,892,OH,STL,3
0,2,21,4,13,274,OH,PWM,3
135,2,21,4,19,1522,OH,AUS,3
15,2,21,4,13,187,OH,BOS,3
0,2,21,4,19,94,OH,PHL,3
-5,2,21,4,19,766,OH,BNA,3
-7,2,21,4,9,264,OH,ROC,3
-9,2,21,4,14,106,OH,BDL,3
-10,2,21,4,8,508,OH,DTW,3
0,2,21,4,16,426,OH,RDU,3
0,2,21,4,14,94,OH,PHL,3
-10,2,21,4,19,340,OH,PIT,3
0,2,21,4,18,213,OH,DCA,3
-2,2,21,4,8,288,OH,RIC,3
-10,2,21,4,18,106,OH,BDL,3
-6,2,21,4,7,740,OH,ORD,3
-10,2,21,4,11,340,OH,PIT,3
44,2,21,4,16,740,OH,ORD,3
-5,2,21,4,18,144,OH,PVD,3
-5,2,21,4,16,483,OH,CMH,3
-5,2,21,4,8,340,OH,PIT,3
-5,2,21,4,9,187,OH,BOS,3
-5,2,21,4,10,187,OH,BOS,3
15,2,21,4,12,184,OH,BWI,3
15,2,21,4,20,267,OH,BTV,3
-10,2,21,4,15,184,OH,BWI,3
-10,2,21,4,13,589,OH,CVG,3
-5,2,21,4,19,740,OH,ORD,3
-2,2,21,4,12,766,OH,BNA,3
0,2,21,4,13,267,OH,BTV,3
-10,2,21,4,18,425,OH,CLE,3
10,2,21,4,7,213,OH,DCA,3
5,2,21,4,15,508,OH,DTW,3
0,2,21,4,16,340,OH,PIT,3
-8,2,21,4,16,425,OH,CLE,3
283,2,22,5,8,426,OH,RDU,4
40,2,22,5,9,483,OH,CMH,4
95,2,22,5,9,267,OH,BTV,4
0,2,22,5,8,425,OH,CLE,4
315,2,22,5,9,264,OH,ROC,4
25,2,22,5,7,213,OH,DCA,4
52,2,23,6,11,213,OH,DCA,5
0,2,23,6,20,213,OH,DCA,5
15,2,23,6,14,301,OH,BUF,5
0,2,23,6,16,213,OH,DCA,5
0,2,23,6,19,209,OH,SYR,5
70,2,23,6,12,760,OH,ATL,5
-5,2,23,6,20,508,OH,DTW,5
0,2,23,6,19,187,OH,BOS,5
0,2,23,6,18,892,OH,STL,5
0,2,23,6,13,274,OH,PWM,5
-5,2,23,6,19,1522,OH,AUS,5
10,2,23,6,13,187,OH,BOS,5
-5,2,23,6,16,301,OH,BUF,5
0,2,23,6,19,94,OH,PHL,5
21,2,23,6,14,106,OH,BDL,5
-5,2,23,6,16,426,OH,RDU,5
-5,2,23,6,14,94,OH,PHL,5
0,2,23,6,19,340,OH,PIT,5
50,2,23,6,11,106,OH,BDL,5
-10,2,23,6,18,106,OH,BDL,5
20,2,23,6,16,740,OH,ORD,5
-10,2,23,6,18,144,OH,PVD,5
-3,2,23,6,16,483,OH,CMH,5
0,2,23,6,10,187,OH,BOS,5
2,2,23,6,12,184,OH,BWI,5
10,2,23,6,20,267,OH,BTV,5
20,2,23,6,15,184,OH,BWI,5
0,2,23,6,20,589,OH,CVG,5
0,2,23,6,13,589,OH,CVG,5
5,2,23,6,19,740,OH,ORD,5
55,2,23,6,13,267,OH,BTV,5
0,2,23,6,18,425,OH,CLE,5
0,2,23,6,15,508,OH,DTW,5
6,2,23,6,16,425,OH,CLE,5
-5,2,24,7,11,213,OH,DCA,6
55,2,24,7,20,213,OH,DCA,6
15,2,24,7,16,213,OH,DCA,6
10,2,24,7,20,209,OH,SYR,6
19,2,24,7,20,264,OH,ROC,6
95,2,24,7,12,760,OH,ATL,6
21,2,24,7,20,508,OH,DTW,6
15,2,24,7,16,264,OH,ROC,6
-5,2,24,7,12,264,OH,ROC,6
15,2,24,7,9,483,OH,CMH,6
-5,2,24,7,6,589,OH,CVG,6
35,2,24,7,18,184,OH,BWI,6
-5,2,24,7,18,892,OH,STL,6
-2,2,24,7,13,274,OH,PWM,6
-2,2,24,7,19,1522,OH,AUS,6
15,2,24,7,13,187,OH,BOS,6
-4,2,24,7,16,228,OH,IAD,6
-5,2,24,7,19,94,OH,PHL,6
0,2,24,7,19,766,OH,BNA,6
-4,2,24,7,14,106,OH,BDL,6
0,2,24,7,16,426,OH,RDU,6
0,2,24,7,14,94,OH,PHL,6
25,2,24,7,19,340,OH,PIT,6
-3,2,24,7,18,213,OH,DCA,6
0,2,24,7,18,106,OH,BDL,6
-10,2,24,7,11,340,OH,PIT,6
25,2,24,7,16,740,OH,ORD,6
-5,2,24,7,18,144,OH,PVD,6
-5,2,24,7,16,483,OH,CMH,6
0,2,24,7,9,187,OH,BOS,6
10,2,24,7,10,187,OH,BOS,6
-3,2,24,7,12,184,OH,BWI,6
20,2,24,7,20,267,OH,BTV,6
0,2,24,7,15,184,OH,BWI,6
-10,2,24,7,19,589,OH,CVG,6
40,2,24,7,19,740,OH,ORD,6
0,2,24,7,13,267,OH,BTV,6
0,2,24,7,18,425,OH,CLE,6
13,2,24,7,15,508,OH,DTW,6
3,2,24,7,16,340,OH,PIT,6
-10,2,24,7,11,228,OH,IAD,6
-4,2,24,7,16,425,OH,CLE,6
-4,2,25,1,11,213,OH,DCA,7
0,2,25,1,20,213,OH,DCA,7
10,2,25,1,16,213,OH,DCA,7
-6,2,25,1,19,209,OH,SYR,7
0,2,25,1,20,264,OH,ROC,7
10,2,25,1,12,760,OH,ATL,7
-10,2,25,1,8,426,OH,RDU,7
-5,2,25,1,20,508,OH,DTW,7
10,2,25,1,12,264,OH,ROC,7
0,2,25,1,9,483,OH,CMH,7
0,2,25,1,6,589,OH,CVG,7
0,2,25,1,18,184,OH,BWI,7
-3,2,25,1,9,267,OH,BTV,7
0,2,25,1,8,425,OH,CLE,7
0,2,25,1,9,892,OH,STL,7
-10,2,25,1,18,892,OH,STL,7
-9,2,25,1,13,274,OH,PWM,7
-6,2,25,1,19,1522,OH,AUS,7
15,2,25,1,13,187,OH,BOS,7
-5,2,25,1,19,94,OH,PHL,7
-10,2,25,1,19,766,OH,BNA,7
10,2,25,1,9,264,OH,ROC,7
16,2,25,1,14,106,OH,BDL,7
-10,2,25,1,8,508,OH,DTW,7
0,2,25,1,16,426,OH,RDU,7
-5,2,25,1,14,94,OH,PHL,7
-5,2,25,1,19,340,OH,PIT,7
0,2,25,1,18,213,OH,DCA,7
-10,2,25,1,8,288,OH,RIC,7
-5,2,25,1,18,106,OH,BDL,7
0,2,25,1,7,740,OH,ORD,7
-5,2,25,1,11,340,OH,PIT,7
65,2,25,1,16,740,OH,ORD,7
-9,2,25,1,18,144,OH,PVD,7
-10,2,25,1,16,483,OH,CMH,7
0,2,25,1,8,340,OH,PIT,7
0,2,25,1,9,187,OH,BOS,7
35,2,25,1,10,187,OH,BOS,7
-10,2,25,1,12,184,OH,BWI,7
-5,2,25,1,20,267,OH,BTV,7
-2,2,25,1,15,184,OH,BWI,7
-6,2,25,1,19,589,OH,CVG,7
0,2,25,1,13,589,OH,CVG,7
-10,2,25,1,19,740,OH,ORD,7
-10,2,25,1,12,766,OH,BNA,7
0,2,25,1,13,267,OH,BTV,7
-7,2,25,1,18,425,OH,CLE,7
-5,2,25,1,7,213,OH,DCA,7
-5,2,25,1,15,508,OH,DTW,7
0,2,25,1,16,340,OH,PIT,7
21,2,25,1,16,425,OH,CLE,7
-10,2,26,2,11,213,OH,DCA,8
100,2,26,2,20,213,OH,DCA,8
0,2,26,2,16,213,OH,DCA,8
65,2,26,2,12,760,OH,ATL,8
0,2,26,2,8,426,OH,RDU,8
195,2,26,2,20,508,OH,DTW,8
-10,2,26,2,12,264,OH,ROC,8
-10,2,26,2,9,483,OH,CMH,8
-7,2,26,2,6,589,OH,CVG,8
140,2,26,2,18,184,OH,BWI,8
-5,2,26,2,9,267,OH,BTV,8
19,2,26,2,13,274,OH,PWM,8
152,2,26,2,19,1522,OH,AUS,8
-5,2,26,2,13,187,OH,BOS,8
-5,2,26,2,19,94,OH,PHL,8
128,2,26,2,19,766,OH,BNA,8
0,2,26,2,9,264,OH,ROC,8
11,2,26,2,14,106,OH,BDL,8
-10,2,26,2,8,508,OH,DTW,8
0,2,26,2,16,426,OH,RDU,8
-20,2,26,2,14,94,OH,PHL,8
110,2,26,2,19,340,OH,PIT,8
0,2,26,2,18,213,OH,DCA,8
-1,2,26,2,8,288,OH,RIC,8
-5,2,26,2,7,740,OH,ORD,8
22,2,26,2,11,340,OH,PIT,8
130,2,26,2,16,740,OH,ORD,8
10,2,26,2,16,483,OH,CMH,8
-10,2,26,2,9,187,OH,BOS,8
5,2,26,2,10,187,OH,BOS,8
-4,2,26,2,12,184,OH,BWI,8
8,2,26,2,15,184,OH,BWI,8
-5,2,26,2,13,589,OH,CVG,8
83,2,26,2,19,740,OH,ORD,8
85,2,26,2,12,766,OH,BNA,8
30,2,26,2,13,267,OH,BTV,8
230,2,26,2,18,425,OH,CLE,8
-10,2,26,2,7,213,OH,DCA,8
-12,2,26,2,15,508,OH,DTW,8
6,2,26,2,11,228,OH,IAD,8
8,2,26,2,16,425,OH,CLE,8
-5,2,27,3,11,213,OH,DCA,9
-5,2,27,3,20,213,OH,DCA,9
0,2,27,3,16,213,OH,DCA,9
-1,2,27,3,19,209,OH,SYR,9
0,2,27,3,20,264,OH,ROC,9
35,2,27,3,12,760,OH,ATL,9
-5,2,27,3,8,426,OH,RDU,9
160,2,27,3,20,508,OH,DTW,9
-10,2,27,3,12,264,OH,ROC,9
-5,2,27,3,9,483,OH,CMH,9
0,2,27,3,6,589,OH,CVG,9
-5,2,27,3,18,184,OH,BWI,9
-5,2,27,3,9,267,OH,BTV,9
25,2,27,3,8,425,OH,CLE,9
0,2,27,3,9,892,OH,STL,9
0,2,27,3,18,892,OH,STL,9
-9,2,27,3,13,274,OH,PWM,9
0,2,27,3,19,1522,OH,AUS,9
-5,2,27,3,13,187,OH,BOS,9
-5,2,27,3,19,94,OH,PHL,9
-5,2,27,3,19,766,OH,BNA,9
28,2,27,3,9,264,OH,ROC,9
-10,2,27,3,14,106,OH,BDL,9
-10,2,27,3,8,508,OH,DTW,9
-8,2,27,3,16,426,OH,RDU,9
0,2,27,3,14,94,OH,PHL,9
-5,2,27,3,19,340,OH,PIT,9
0,2,27,3,18,213,OH,DCA,9
-5,2,27,3,8,288,OH,RIC,9
0,2,27,3,18,106,OH,BDL,9
-10,2,27,3,7,740,OH,ORD,9
-10,2,27,3,11,340,OH,PIT,9
0,2,27,3,16,740,OH,ORD,9
40,2,27,3,18,144,OH,PVD,9
0,2,27,3,16,483,OH,CMH,9
12,2,27,3,8,340,OH,PIT,9
0,2,27,3,9,187,OH,BOS,9
59,2,27,3,10,187,OH,BOS,9
10,2,27,3,12,184,OH,BWI,9
11,2,27,3,20,267,OH,BTV,9
0,2,27,3,15,184,OH,BWI,9
0,2,27,3,19,589,OH,CVG,9
13,2,27,3,13,589,OH,CVG,9
-5,2,27,3,19,740,OH,ORD,9
-10,2,27,3,12,766,OH,BNA,9
-5,2,27,3,13,267,OH,BTV,9
0,2,27,3,18,425,OH,CLE,9
-5,2,27,3,7,213,OH,DCA,9
-7,2,27,3,15,508,OH,DTW,9
5,2,27,3,16,340,OH,PIT,9
-9,2,27,3,16,425,OH,CLE,9
0,2,28,4,11,213,OH,DCA,10
30,2,28,4,16,213,OH,DCA,10
-1,2,28,4,19,209,OH,SYR,10
-5,2,28,4,20,264,OH,ROC,10
0,2,28,4,12,760,OH,ATL,10
-10,2,28,4,8,426,OH,RDU,10
25,2,28,4,20,508,OH,DTW,10
-2,2,28,4,12,264,OH,ROC,10
0,2,28,4,9,483,OH,CMH,10
-5,2,28,4,6,589,OH,CVG,10
-10,2,28,4,18,184,OH,BWI,10
-5,2,28,4,9,267,OH,BTV,10
0,2,28,4,8,425,OH,CLE,10
10,2,28,4,9,892,OH,STL,10
-5,2,28,4,18,892,OH,STL,10
-10,2,28,4,13,274,OH,PWM,10
0,2,28,4,19,1522,OH,AUS,10
25,2,28,4,13,187,OH,BOS,10
46,2,28,4,19,94,OH,PHL,10
90,2,28,4,19,766,OH,BNA,10
-3,2,28,4,9,264,OH,ROC,10
0,2,28,4,14,106,OH,BDL,10
-7,2,28,4,8,508,OH,DTW,10
-5,2,28,4,16,426,OH,RDU,10
8,2,28,4,14,94,OH,PHL,10
-5,2,28,4,19,340,OH,PIT,10
0,2,28,4,18,213,OH,DCA,10
-5,2,28,4,8,288,OH,RIC,10
-1,2,28,4,18,106,OH,BDL,10
135,2,28,4,7,740,OH,ORD,10
-10,2,28,4,11,340,OH,PIT,10
15,2,28,4,16,740,OH,ORD,10
-5,2,28,4,18,144,OH,PVD,10
-1,2,28,4,16,483,OH,CMH,10
-10,2,28,4,8,340,OH,PIT,10
20,2,28,4,9,187,OH,BOS,10
0,2,28,4,10,187,OH,BOS,10
-5,2,28,4,12,184,OH,BWI,10
-3,2,28,4,20,267,OH,BTV,10
10,2,28,4,15,184,OH,BWI,10
0,2,28,4,19,589,OH,CVG,10
0,2,28,4,13,589,OH,CVG,10
-10,2,28,4,19,740,OH,ORD,10
-5,2,28,4,12,766,OH,BNA,10
35,2,28,4,13,267,OH,BTV,10
0,2,28,4,18,425,OH,CLE,10
-5,2,28,4,7,213,OH,DCA,10
-5,2,28,4,15,508,OH,DTW,10
0,2,28,4,16,340,OH,PIT,10
-4,2,28,4,16,425,OH,CLE,10
55,2,29,5,11,213,OH,DCA,11
0,2,29,5,20,213,OH,DCA,11
10,2,29,5,16,213,OH,DCA,11
0,2,29,5,19,209,OH,SYR,11
0,2,29,5,20,264,OH,ROC,11
0,2,29,5,12,760,OH,ATL,11
0,2,29,5,20,508,OH,DTW,11
-10,2,29,5,12,264,OH,ROC,11
57,2,29,5,9,483,OH,CMH,11
20,2,29,5,6,589,OH,CVG,11
0,2,29,5,18,184,OH,BWI,11
-5,2,29,5,9,267,OH,BTV,11
-5,2,29,5,8,425,OH,CLE,11
0,2,29,5,9,892,OH,STL,11
-5,2,29,5,18,892,OH,STL,11
0,2,29,5,13,274,OH,PWM,11
0,2,29,5,19,1522,OH,AUS,11
0,2,29,5,13,187,OH,BOS,11
0,2,29,5,19,94,OH,PHL,11
125,2,29,5,19,766,OH,BNA,11
-10,2,29,5,9,264,OH,ROC,11
-9,2,29,5,14,106,OH,BDL,11
0,2,29,5,8,508,OH,DTW,11
-10,2,29,5,16,426,OH,RDU,11
-3,2,29,5,14,94,OH,PHL,11
-5,2,29,5,19,340,OH,PIT,11
0,2,29,5,18,213,OH,DCA,11
0,2,29,5,8,288,OH,RIC,11
45,2,29,5,18,106,OH,BDL,11
30,2,29,5,7,740,OH,ORD,11
-5,2,29,5,11,340,OH,PIT,11
49,2,29,5,16,740,OH,ORD,11
-5,2,29,5,18,144,OH,PVD,11
-5,2,29,5,16,483,OH,CMH,11
-10,2,29,5,8,340,OH,PIT,11
0,2,29,5,9,187,OH,BOS,11
0,2,29,5,10,187,OH,BOS,11
0,2,29,5,12,184,OH,BWI,11
150,2,29,5,20,267,OH,BTV,11
25,2,29,5,15,184,OH,BWI,11
-5,2,29,5,19,589,OH,CVG,11
30,2,29,5,13,589,OH,CVG,11
0,2,29,5,19,740,OH,ORD,11
13,2,29,5,12,766,OH,BNA,11
-2,2,29,5,13,267,OH,BTV,11
-6,2,29,5,18,425,OH,CLE,11
-2,2,29,5,7,213,OH,DCA,11
25,2,29,5,15,508,OH,DTW,11
-5,2,29,5,16,340,OH,PIT,11
-5,2,29,5,16,425,OH,CLE,11
-7,2,1,5,6,2586,UA,SFO,11
-3,2,2,6,6,2586,UA,SFO,12
-5,2,4,1,6,2586,UA,SFO,14
-5,2,5,2,6,2586,UA,SFO,13
24,2,6,3,6,2586,UA,SFO,12
-4,2,7,4,6,2586,UA,SFO,11
-2,2,8,5,6,2586,UA,SFO,10
-4,2,9,6,6,2586,UA,SFO,9
0,2,11,1,6,2586,UA,SFO,7
-8,2,12,2,6,2586,UA,SFO,6
1,2,13,3,6,2586,UA,SFO,5
-5,2,14,4,6,2586,UA,SFO,4
2,2,15,5,6,2586,UA,SFO,3
170,2,16,6,6,2586,UA,SFO,2
0,2,17,7,6,2586,UA,SFO,1
-6,2,18,1,6,2586,UA,SFO,0
-2,2,19,2,6,2586,UA,SFO,1
-4,2,20,3,6,2586,UA,SFO,2
-5,2,21,4,6,2586,UA,SFO,3
119,2,22,5,6,2586,UA,SFO,4
18,2,23,6,6,2586,UA,SFO,5
-4,2,24,7,6,2586,UA,SFO,6
-6,2,25,1,6,2586,UA,SFO,7
-1,2,26,2,6,2586,UA,SFO,8
-5,2,27,3,6,2586,UA,SFO,9
-3,2,28,4,6,2586,UA,SFO,10
-4,2,29,5,6,2586,UA,SFO,11
74,2,1,5,20,2586,UA,SFO,11
-7,2,3,7,20,2586,UA,SFO,13
-3,2,4,1,20,2586,UA,SFO,14
-7,2,5,2,20,2586,UA,SFO,13
-6,2,6,3,20,2586,UA,SFO,12
-4,2,7,4,20,2586,UA,SFO,11
-4,2,8,5,20,2586,UA,SFO,10
4,2,10,7,20,2586,UA,SFO,8
11,2,11,1,20,2586,UA,SFO,7
160,2,12,2,20,2586,UA,SFO,6
142,2,13,3,21,2586,UA,SFO,5
23,2,14,4,21,2586,UA,SFO,4
19,2,15,5,21,2586,UA,SFO,3
-8,2,17,7,21,2586,UA,SFO,1
6,2,18,1,21,2586,UA,SFO,0
64,2,19,2,21,2586,UA,SFO,1
2,2,20,3,21,2586,UA,SFO,2
1,2,21,4,21,2586,UA,SFO,3
59,2,22,5,21,2586,UA,SFO,4
66,2,24,7,21,2586,UA,SFO,6
-8,2,25,1,21,2586,UA,SFO,7
93,2,26,2,21,2586,UA,SFO,8
-2,2,27,3,21,2586,UA,SFO,9
-6,2,28,4,21,2586,UA,SFO,10
0,2,29,5,21,2586,UA,SFO,11
4,2,1,5,11,2586,UA,SFO,11
31,2,2,6,11,2586,UA,SFO,12
6,2,3,7,11,2586,UA,SFO,13
-3,2,4,1,11,2586,UA,SFO,14
-2,2,5,2,11,2586,UA,SFO,13
-4,2,6,3,11,2586,UA,SFO,12
-5,2,7,4,11,2586,UA,SFO,11
26,2,8,5,11,2586,UA,SFO,10
34,2,9,6,11,2586,UA,SFO,9
-4,2,10,7,11,2586,UA,SFO,8
37,2,11,1,11,2586,UA,SFO,7
-7,2,12,2,11,2586,UA,SFO,6
2,2,13,3,11,2586,UA,SFO,5
0,2,14,4,11,2586,UA,SFO,4
-2,2,15,5,11,2586,UA,SFO,3
-3,2,16,6,11,2586,UA,SFO,2
-6,2,17,7,11,2586,UA,SFO,1
-2,2,18,1,11,2586,UA,SFO,0
87,2,19,2,11,2586,UA,SFO,1
1,2,20,3,11,2586,UA,SFO,2
-5,2,21,4,11,2586,UA,SFO,3
156,2,22,5,11,2586,UA,SFO,4
148,2,23,6,11,2586,UA,SFO,5
43,2,24,7,11,2586,UA,SFO,6
-6,2,25,1,11,2586,UA,SFO,7
8,2,26,2,11,2586,UA,SFO,8
-5,2,27,3,11,2586,UA,SFO,9
-5,2,28,4,11,2586,UA,SFO,10
-4,2,29,5,11,2586,UA,SFO,11
0,2,1,5,15,2586,UA,SFO,11
40,2,2,6,15,2586,UA,SFO,12
-2,2,3,7,15,2586,UA,SFO,13
-7,2,4,1,15,2586,UA,SFO,14
2,2,5,2,15,2586,UA,SFO,13
-4,2,6,3,15,2586,UA,SFO,12
-3,2,7,4,15,2586,UA,SFO,11
-10,2,9,6,15,2586,UA,SFO,9
3,2,10,7,15,2586,UA,SFO,8
-9,2,11,1,15,2586,UA,SFO,7
22,2,12,2,15,2586,UA,SFO,6
18,2,13,3,15,2586,UA,SFO,5
18,2,14,4,15,2586,UA,SFO,4
-3,2,15,5,15,2586,UA,SFO,3
0,2,16,6,15,2586,UA,SFO,2
-4,2,17,7,15,2586,UA,SFO,1
-1,2,18,1,15,2586,UA,SFO,0
-3,2,19,2,15,2586,UA,SFO,1
25,2,20,3,15,2586,UA,SFO,2
-2,2,21,4,15,2586,UA,SFO,3
-4,2,23,6,15,2586,UA,SFO,5
-1,2,24,7,15,2586,UA,SFO,6
-5,2,25,1,15,2586,UA,SFO,7
-8,2,26,2,15,2586,UA,SFO,8
-1,2,27,3,15,2586,UA,SFO,9
-2,2,28,4,15,2586,UA,SFO,10
-4,2,29,5,15,2586,UA,SFO,11
67,2,1,5,17,2586,UA,SFO,11
-4,2,2,6,17,2586,UA,SFO,12
-4,2,3,7,17,2586,UA,SFO,13
-6,2,4,1,17,2586,UA,SFO,14
78,2,5,2,17,2586,UA,SFO,13
0,2,6,3,17,2586,UA,SFO,12
3,2,7,4,17,2586,UA,SFO,11
6,2,8,5,17,2586,UA,SFO,10
-1,2,9,6,17,2586,UA,SFO,9
-7,2,10,7,17,2586,UA,SFO,8
5,2,11,1,17,2586,UA,SFO,7
-5,2,13,3,17,2586,UA,SFO,5
0,2,14,4,17,2586,UA,SFO,4
-3,2,15,5,17,2586,UA,SFO,3
67,2,16,6,17,2586,UA,SFO,2
-4,2,17,7,17,2586,UA,SFO,1
-2,2,18,1,17,2586,UA,SFO,0
-3,2,19,2,17,2586,UA,SFO,1
-4,2,20,3,17,2586,UA,SFO,2
-2,2,21,4,17,2586,UA,SFO,3
0,2,23,6,17,2586,UA,SFO,5
-6,2,24,7,17,2586,UA,SFO,6
-1,2,25,1,17,2586,UA,SFO,7
12,2,26,2,17,2586,UA,SFO,8
-7,2,27,3,17,2586,UA,SFO,9
-11,2,28,4,17,2586,UA,SFO,10
3,2,29,5,17,2586,UA,SFO,11
3,2,3,7,19,2586,UA,SFO,13
114,2,4,1,19,2586,UA,SFO,14
0,2,5,2,19,2586,UA,SFO,13
22,2,6,3,19,2586,UA,SFO,12
-1,2,7,4,19,2586,UA,SFO,11
-2,2,8,5,19,2586,UA,SFO,10
57,2,10,7,19,2586,UA,SFO,8
-5,2,11,1,19,2586,UA,SFO,7
122,2,12,2,19,2586,UA,SFO,6
147,2,13,3,19,2586,UA,SFO,5
20,2,14,4,19,2586,UA,SFO,4
2,2,15,5,19,2586,UA,SFO,3
-9,2,17,7,19,2586,UA,SFO,1
10,2,18,1,19,2586,UA,SFO,0
1,2,19,2,19,2586,UA,SFO,1
37,2,20,3,19,2586,UA,SFO,2
2,2,21,4,19,2586,UA,SFO,3
31,2,22,5,19,2586,UA,SFO,4
36,2,24,7,19,2586,UA,SFO,6
-5,2,25,1,19,2586,UA,SFO,7
110,2,26,2,19,2586,UA,SFO,8
-3,2,27,3,19,2586,UA,SFO,9
10,2,28,4,19,2586,UA,SFO,10
6,2,29,5,19,2586,UA,SFO,11
-6,2,1,5,8,2475,UA,LAX,11
-1,2,2,6,8,2475,UA,LAX,12
-2,2,3,7,8,2475,UA,LAX,13
-4,2,4,1,8,2475,UA,LAX,14
-3,2,5,2,8,2475,UA,LAX,13
-7,2,6,3,8,2475,UA,LAX,12
-6,2,7,4,8,2475,UA,LAX,11
-6,2,8,5,8,2475,UA,LAX,10
-6,2,9,6,8,2475,UA,LAX,9
-6,2,10,7,8,2475,UA,LAX,8
20,2,11,1,8,2475,UA,LAX,7
0,2,12,2,8,2475,UA,LAX,6
-1,2,13,3,8,2475,UA,LAX,5
0,2,14,4,8,2475,UA,LAX,4
1,2,15,5,8,2475,UA,LAX,3
4,2,16,6,8,2475,UA,LAX,2
-6,2,17,7,8,2475,UA,LAX,1
-4,2,18,1,8,2475,UA,LAX,0
3,2,19,2,8,2475,UA,LAX,1
-3,2,20,3,8,2475,UA,LAX,2
16,2,21,4,8,2475,UA,LAX,3
99,2,22,5,8,2475,UA,LAX,4
0,2,23,6,8,2475,UA,LAX,5
-3,2,24,7,8,2475,UA,LAX,6
-7,2,25,1,8,2475,UA,LAX,7
-4,2,26,2,8,2475,UA,LAX,8
-2,2,27,3,8,2475,UA,LAX,9
-4,2,28,4,8,2475,UA,LAX,10
13,2,29,5,8,2475,UA,LAX,11
1,2,1,5,15,2475,UA,LAX,11
-3,2,2,6,15,2475,UA,LAX,12
-5,2,3,7,15,2475,UA,LAX,13
-7,2,4,1,15,2475,UA,LAX,14
-5,2,5,2,15,2475,UA,LAX,13
-5,2,6,3,15,2475,UA,LAX,12
-2,2,7,4,15,2475,UA,LAX,11
-1,2,8,5,15,2475,UA,LAX,10
22,2,9,6,15,2475,UA,LAX,9
-5,2,10,7,15,2475,UA,LAX,8
-4,2,11,1,15,2475,UA,LAX,7
16,2,12,2,15,2475,UA,LAX,6
21,2,13,3,15,2475,UA,LAX,5
0,2,14,4,15,2475,UA,LAX,4
1,2,15,5,15,2475,UA,LAX,3
121,2,16,6,15,2475,UA,LAX,2
-1,2,17,7,15,2475,UA,LAX,1
-1,2,18,1,15,2475,UA,LAX,0
-2,2,19,2,15,2475,UA,LAX,1
-1,2,21,4,15,2475,UA,LAX,3
4,2,23,6,15,2475,UA,LAX,5
80,2,24,7,15,2475,UA,LAX,6
-6,2,25,1,15,2475,UA,LAX,7
-6,2,26,2,15,2475,UA,LAX,8
-1,2,27,3,15,2475,UA,LAX,9
-6,2,28,4,15,2475,UA,LAX,10
3,2,29,5,15,2475,UA,LAX,11
156,2,1,5,19,2475,UA,LAX,11
-8,2,3,7,19,2475,UA,LAX,13
5,2,4,1,19,2475,UA,LAX,14
14,2,5,2,19,2475,UA,LAX,13
33,2,6,3,19,2475,UA,LAX,12
-9,2,7,4,19,2475,UA,LAX,11
15,2,8,5,19,2475,UA,LAX,10
0,2,10,7,19,2475,UA,LAX,8
-7,2,11,1,19,2475,UA,LAX,7
36,2,12,2,19,2475,UA,LAX,6
72,2,13,3,18,2475,UA,LAX,5
35,2,14,4,18,2475,UA,LAX,4
1,2,15,5,18,2475,UA,LAX,3
2,2,16,6,18,2475,UA,LAX,2
-4,2,17,7,18,2475,UA,LAX,1
13,2,18,1,18,2475,UA,LAX,0
0,2,19,2,18,2475,UA,LAX,1
96,2,20,3,18,2475,UA,LAX,2
-5,2,21,4,18,2475,UA,LAX,3
5,2,23,6,18,2475,UA,LAX,5
-2,2,24,7,18,2475,UA,LAX,6
7,2,25,1,18,2475,UA,LAX,7
271,2,26,2,18,2475,UA,LAX,8
10,2,27,3,18,2475,UA,LAX,9
86,2,28,4,18,2475,UA,LAX,10
0,2,29,5,18,2475,UA,LAX,11
154,2,13,3,20,2475,UA,LAX,5
17,2,14,4,20,2475,UA,LAX,4
9,2,15,5,20,2475,UA,LAX,3
24,2,17,7,20,2475,UA,LAX,1
-2,2,18,1,20,2475,UA,LAX,0
48,2,19,2,20,2475,UA,LAX,1
-8,2,20,3,20,2475,UA,LAX,2
7,2,21,4,20,2475,UA,LAX,3
12,2,22,5,20,2475,UA,LAX,4
27,2,24,7,20,2475,UA,LAX,6
1,2,25,1,20,2475,UA,LAX,7
117,2,26,2,20,2475,UA,LAX,8
3,2,27,3,20,2475,UA,LAX,9
2,2,28,4,20,2475,UA,LAX,10
-3,2,29,5,20,2475,UA,LAX,11
-3,2,2,6,9,2475,UA,LAX,12
-4,2,9,6,9,2475,UA,LAX,9
0,2,1,5,9,2475,UA,LAX,11
1,2,3,7,9,2475,UA,LAX,13
-6,2,4,1,9,2475,UA,LAX,14
0,2,5,2,9,2475,UA,LAX,13
-5,2,6,3,9,2475,UA,LAX,12
-4,2,7,4,9,2475,UA,LAX,11
-4,2,8,5,9,2475,UA,LAX,10
-5,2,10,7,9,2475,UA,LAX,8
-4,2,12,2,9,2475,UA,LAX,6
-1,2,21,4,9,2475,UA,LAX,3
169,2,22,5,9,2475,UA,LAX,4
1,2,23,6,9,2475,UA,LAX,5
-6,2,24,7,9,2475,UA,LAX,6
-2,2,25,1,9,2475,UA,LAX,7
-3,2,26,2,9,2475,UA,LAX,8
-5,2,27,3,9,2475,UA,LAX,9
56,2,28,4,9,2475,UA,LAX,10
-4,2,29,5,9,2475,UA,LAX,11
-2,2,1,5,11,2475,UA,LAX,11
302,2,2,6,11,2475,UA,LAX,12
14,2,3,7,11,2475,UA,LAX,13
-10,2,4,1,11,2475,UA,LAX,14
-6,2,5,2,11,2475,UA,LAX,13
-2,2,6,3,11,2475,UA,LAX,12
-5,2,7,4,11,2475,UA,LAX,11
0,2,8,5,11,2475,UA,LAX,10
27,2,9,6,11,2475,UA,LAX,9
0,2,10,7,11,2475,UA,LAX,8
-2,2,11,1,11,2475,UA,LAX,7
-6,2,12,2,11,2475,UA,LAX,6
0,2,13,3,11,2475,UA,LAX,5
-2,2,14,4,11,2475,UA,LAX,4
-1,2,15,5,11,2475,UA,LAX,3
218,2,16,6,11,2475,UA,LAX,2
42,2,17,7,11,2475,UA,LAX,1
4,2,18,1,11,2475,UA,LAX,0
10,2,19,2,11,2475,UA,LAX,1
0,2,20,3,11,2475,UA,LAX,2
8,2,21,4,11,2475,UA,LAX,3
130,2,22,5,11,2475,UA,LAX,4
272,2,23,6,11,2475,UA,LAX,5
-3,2,24,7,11,2475,UA,LAX,6
-2,2,25,1,11,2475,UA,LAX,7
-1,2,26,2,11,2475,UA,LAX,8
-2,2,27,3,11,2475,UA,LAX,9
-4,2,28,4,11,2475,UA,LAX,10
-5,2,29,5,11,2475,UA,LAX,11
12,2,1,5,17,2475,UA,LAX,11
9,2,2,6,17,2475,UA,LAX,12
-8,2,3,7,17,2475,UA,LAX,13
-6,2,4,1,17,2475,UA,LAX,14
-7,2,5,2,17,2475,UA,LAX,13
-4,2,6,3,17,2475,UA,LAX,12
5,2,7,4,17,2475,UA,LAX,11
10,2,8,5,17,2475,UA,LAX,10
11,2,9,6,17,2475,UA,LAX,9
0,2,10,7,17,2475,UA,LAX,8
-8,2,11,1,17,2475,UA,LAX,7
2,2,13,3,17,2475,UA,LAX,5
-1,2,14,4,17,2475,UA,LAX,4
-3,2,15,5,17,2475,UA,LAX,3
16,2,16,6,17,2475,UA,LAX,2
-1,2,17,7,17,2475,UA,LAX,1
-3,2,18,1,17,2475,UA,LAX,0
0,2,19,2,17,2475,UA,LAX,1
-2,2,20,3,17,2475,UA,LAX,2
10,2,21,4,17,2475,UA,LAX,3
5,2,23,6,17,2475,UA,LAX,5
-2,2,24,7,17,2475,UA,LAX,6
-4,2,25,1,17,2475,UA,LAX,7
17,2,26,2,17,2475,UA,LAX,8
-6,2,27,3,17,2475,UA,LAX,9
-2,2,28,4,17,2475,UA,LAX,10
3,2,29,5,17,2475,UA,LAX,11
-1,2,1,5,7,2586,UA,SFO,11
-4,2,2,6,7,2586,UA,SFO,12
3,2,3,7,7,2586,UA,SFO,13
6,2,4,1,7,2586,UA,SFO,14
-6,2,5,2,7,2586,UA,SFO,13
52,2,6,3,7,2586,UA,SFO,12
-1,2,7,4,7,2586,UA,SFO,11
56,2,8,5,7,2586,UA,SFO,10
15,2,9,6,7,2586,UA,SFO,9
0,2,10,7,7,2586,UA,SFO,8
3,2,11,1,7,2586,UA,SFO,7
-8,2,12,2,7,2586,UA,SFO,6
2,2,13,3,7,2586,UA,SFO,5
-2,2,14,4,7,2586,UA,SFO,4
2,2,15,5,7,2586,UA,SFO,3
188,2,16,6,7,2586,UA,SFO,2
4,2,17,7,7,2586,UA,SFO,1
-4,2,18,1,7,2586,UA,SFO,0
-4,2,19,2,7,2586,UA,SFO,1
1,2,20,3,7,2586,UA,SFO,2
-2,2,21,4,7,2586,UA,SFO,3
16,2,22,5,7,2586,UA,SFO,4
-3,2,23,6,7,2586,UA,SFO,5
-3,2,24,7,7,2586,UA,SFO,6
2,2,25,1,7,2586,UA,SFO,7
97,2,26,2,7,2586,UA,SFO,8
2,2,27,3,7,2586,UA,SFO,9
-5,2,28,4,7,2586,UA,SFO,10
0,2,29,5,7,2586,UA,SFO,11
-3,2,1,5,6,2475,UA,LAX,11
-7,2,2,6,6,2475,UA,LAX,12
-4,2,3,7,6,2475,UA,LAX,13
-4,2,4,1,6,2475,UA,LAX,14
-6,2,5,2,6,2475,UA,LAX,13
-4,2,6,3,6,2475,UA,LAX,12
1,2,7,4,6,2475,UA,LAX,11
-1,2,8,5,6,2475,UA,LAX,10
-8,2,9,6,6,2475,UA,LAX,9
-4,2,10,7,6,2475,UA,LAX,8
23,2,11,1,6,2475,UA,LAX,7
-5,2,12,2,6,2475,UA,LAX,6
-3,2,13,3,6,2475,UA,LAX,5
0,2,14,4,6,2475,UA,LAX,4
-2,2,15,5,6,2475,UA,LAX,3
4,2,16,6,6,2475,UA,LAX,2
-2,2,17,7,6,2475,UA,LAX,1
-2,2,18,1,6,2475,UA,LAX,0
-5,2,19,2,6,2475,UA,LAX,1
-5,2,20,3,6,2475,UA,LAX,2
1,2,21,4,6,2475,UA,LAX,3
386,2,22,5,6,2475,UA,LAX,4
3,2,23,6,6,2475,UA,LAX,5
-7,2,24,7,6,2475,UA,LAX,6
0,2,25,1,6,2475,UA,LAX,7
0,2,26,2,6,2475,UA,LAX,8
0,2,27,3,6,2475,UA,LAX,9
-3,2,28,4,6,2475,UA,LAX,10
-1,2,29,5,6,2475,UA,LAX,11
-3,2,1,5,8,2586,UA,SFO,11
-4,2,2,6,8,2586,UA,SFO,12
9,2,3,7,8,2586,UA,SFO,13
3,2,4,1,8,2586,UA,SFO,14
-8,2,5,2,8,2586,UA,SFO,13
0,2,6,3,8,2586,UA,SFO,12
79,2,7,4,8,2586,UA,SFO,11
-3,2,8,5,8,2586,UA,SFO,10
17,2,9,6,8,2586,UA,SFO,9
-1,2,10,7,8,2586,UA,SFO,8
-2,2,11,1,8,2586,UA,SFO,7
-6,2,12,2,8,2586,UA,SFO,6
20,2,13,3,8,2586,UA,SFO,5
0,2,14,4,8,2586,UA,SFO,4
4,2,15,5,8,2586,UA,SFO,3
2,2,16,6,8,2586,UA,SFO,2
2,2,17,7,8,2586,UA,SFO,1
6,2,18,1,8,2586,UA,SFO,0
-7,2,19,2,8,2586,UA,SFO,1
-5,2,20,3,8,2586,UA,SFO,2
-8,2,21,4,8,2586,UA,SFO,3
246,2,22,5,8,2586,UA,SFO,4
-7,2,23,6,8,2586,UA,SFO,5
-1,2,24,7,8,2586,UA,SFO,6
-11,2,25,1,8,2586,UA,SFO,7
-5,2,26,2,8,2586,UA,SFO,8
-2,2,27,3,8,2586,UA,SFO,9
-1,2,28,4,8,2586,UA,SFO,10
-6,2,29,5,8,2586,UA,SFO,11
229,2,1,5,20,2248,US,LAS,11
-3,2,1,5,7,2248,US,LAS,11
-1,2,1,5,9,2248,US,LAS,11
26,2,1,5,17,2153,US,PHX,11
5,2,1,5,6,2153,US,PHX,11
0,2,1,5,9,2153,US,PHX,11
-7,2,2,6,7,2248,US,LAS,12
11,2,2,6,9,2248,US,LAS,12
4,2,2,6,6,2153,US,PHX,12
-1,2,2,6,9,2153,US,PHX,12
165,2,3,7,20,2248,US,LAS,13
0,2,3,7,7,2248,US,LAS,13
51,2,3,7,9,2248,US,LAS,13
-10,2,3,7,17,2153,US,PHX,13
3,2,3,7,6,2153,US,PHX,13
-4,2,3,7,9,2153,US,PHX,13
4,2,4,1,7,2248,US,LAS,14
-5,2,4,1,9,2248,US,LAS,14
74,2,4,1,17,2153,US,PHX,14
134,2,4,1,6,2153,US,PHX,14
-3,2,4,1,9,2153,US,PHX,14
-10,2,5,2,7,2248,US,LAS,13
-6,2,5,2,9,2248,US,LAS,13
-8,2,5,2,17,2153,US,PHX,13
-1,2,5,2,6,2153,US,PHX,13
-2,2,5,2,9,2153,US,PHX,13
-10,2,6,3,7,2248,US,LAS,12
-10,2,6,3,9,2248,US,LAS,12
-4,2,6,3,17,2153,US,PHX,12
-5,2,6,3,6,2153,US,PHX,12
-1,2,6,3,9,2153,US,PHX,12
1,2,7,4,20,2248,US,LAS,11
-2,2,7,4,7,2248,US,LAS,11
-5,2,7,4,9,2248,US,LAS,11
40,2,7,4,17,2153,US,PHX,11
0,2,7,4,6,2153,US,PHX,11
1,2,7,4,9,2153,US,PHX,11
-7,2,8,5,20,2248,US,LAS,10
0,2,8,5,7,2248,US,LAS,10
-3,2,8,5,9,2248,US,LAS,10
0,2,8,5,17,2153,US,PHX,10
-2,2,8,5,6,2153,US,PHX,10
-4,2,8,5,9,2153,US,PHX,10
-7,2,9,6,7,2248,US,LAS,9
-6,2,9,6,9,2248,US,LAS,9
-3,2,9,6,6,2153,US,PHX,9
-1,2,9,6,9,2153,US,PHX,9
40,2,10,7,20,2248,US,LAS,8
-3,2,10,7,7,2248,US,LAS,8
-4,2,10,7,9,2248,US,LAS,8
15,2,10,7,17,2153,US,PHX,8
35,2,10,7,6,2153,US,PHX,8
1,2,10,7,9,2153,US,PHX,8
-4,2,11,1,7,2248,US,LAS,7
-1,2,11,1,9,2248,US,LAS,7
63,2,11,1,17,2153,US,PHX,7
4,2,11,1,6,2153,US,PHX,7
24,2,11,1,9,2153,US,PHX,7
-1,2,12,2,7,2248,US,LAS,6
-7,2,12,2,9,2248,US,LAS,6
-4,2,12,2,17,2153,US,PHX,6
-1,2,12,2,6,2153,US,PHX,6
3,2,12,2,9,2153,US,PHX,6
3,2,13,3,7,2248,US,LAS,5
0,2,13,3,9,2248,US,LAS,5
24,2,13,3,17,2153,US,PHX,5
15,2,13,3,6,2153,US,PHX,5
11,2,13,3,9,2153,US,PHX,5
7,2,14,4,20,2248,US,LAS,4
-4,2,14,4,7,2248,US,LAS,4
26,2,14,4,9,2248,US,LAS,4
38,2,14,4,17,2153,US,PHX,4
-2,2,14,4,9,2153,US,PHX,4
58,2,14,4,6,2153,US,PHX,4
9,2,15,5,20,2248,US,LAS,3
4,2,15,5,7,2248,US,LAS,3
4,2,15,5,9,2248,US,LAS,3
-1,2,15,5,17,2153,US,PHX,3
-1,2,15,5,9,2153,US,PHX,3
15,2,15,5,6,2153,US,PHX,3
80,2,16,6,20,2248,US,LAS,2
-6,2,16,6,7,2248,US,LAS,2
-1,2,16,6,9,2248,US,LAS,2
-6,2,16,6,6,2153,US,PHX,2
153,2,16,6,17,2153,US,PHX,2
66,2,16,6,9,2153,US,PHX,2
71,2,17,7,20,2248,US,LAS,1
-4,2,17,7,7,2248,US,LAS,1
-4,2,17,7,9,2248,US,LAS,1
0,2,17,7,17,2153,US,PHX,1
-7,2,17,7,9,2153,US,PHX,1
33,2,17,7,6,2153,US,PHX,1
10,2,18,1,20,2248,US,LAS,0
-3,2,18,1,7,2248,US,LAS,0
143,2,18,1,9,2248,US,LAS,0
12,2,18,1,17,2153,US,PHX,0
7,2,18,1,9,2153,US,PHX,0
17,2,18,1,6,2153,US,PHX,0
17,2,19,2,20,2248,US,LAS,1
0,2,19,2,7,2248,US,LAS,1
1,2,19,2,9,2248,US,LAS,1
56,2,19,2,17,2153,US,PHX,1
53,2,19,2,9,2153,US,PHX,1
6,2,19,2,6,2153,US,PHX,1
-1,2,20,3,20,2248,US,LAS,2
10,2,20,3,7,2248,US,LAS,2
-3,2,20,3,9,2248,US,LAS,2
-7,2,20,3,17,2153,US,PHX,2
-1,2,20,3,9,2153,US,PHX,2
28,2,20,3,6,2153,US,PHX,2
21,2,21,4,20,2248,US,LAS,3
-7,2,21,4,7,2248,US,LAS,3
-3,2,21,4,9,2248,US,LAS,3
-3,2,21,4,17,2153,US,PHX,3
3,2,21,4,9,2153,US,PHX,3
-4,2,21,4,6,2153,US,PHX,3
36,2,22,5,20,2248,US,LAS,4
11,2,22,5,7,2248,US,LAS,4
115,2,22,5,9,2248,US,LAS,4
5,2,22,5,9,2153,US,PHX,4
9,2,22,5,6,2153,US,PHX,4
4,2,23,6,20,2248,US,LAS,5
-8,2,23,6,7,2248,US,LAS,5
-4,2,23,6,9,2248,US,LAS,5
1,2,23,6,6,2153,US,PHX,5
23,2,23,6,17,2153,US,PHX,5
-1,2,23,6,9,2153,US,PHX,5
33,2,24,7,20,2248,US,LAS,6
0,2,24,7,7,2248,US,LAS,6
-7,2,24,7,9,2248,US,LAS,6
-6,2,24,7,17,2153,US,PHX,6
19,2,24,7,9,2153,US,PHX,6
-1,2,24,7,6,2153,US,PHX,6
-6,2,25,1,20,2248,US,LAS,7
-10,2,25,1,7,2248,US,LAS,7
-4,2,25,1,9,2248,US,LAS,7
-2,2,25,1,17,2153,US,PHX,7
-6,2,25,1,9,2153,US,PHX,7
-11,2,25,1,6,2153,US,PHX,7
94,2,26,2,20,2248,US,LAS,8
-2,2,26,2,7,2248,US,LAS,8
-8,2,26,2,9,2248,US,LAS,8
28,2,26,2,17,2153,US,PHX,8
-8,2,26,2,9,2153,US,PHX,8
-6,2,26,2,6,2153,US,PHX,8
40,2,27,3,20,2248,US,LAS,9
-8,2,27,3,7,2248,US,LAS,9
-3,2,27,3,9,2248,US,LAS,9
4,2,27,3,17,2153,US,PHX,9
-1,2,27,3,9,2153,US,PHX,9
17,2,27,3,6,2153,US,PHX,9
8,2,28,4,20,2248,US,LAS,10
-7,2,28,4,7,2248,US,LAS,10
-4,2,28,4,9,2248,US,LAS,10
0,2,28,4,17,2153,US,PHX,10
-3,2,28,4,9,2153,US,PHX,10
-7,2,28,4,6,2153,US,PHX,10
26,2,29,5,20,2248,US,LAS,11
-7,2,29,5,7,2248,US,LAS,11
-2,2,29,5,9,2248,US,LAS,11
-3,2,29,5,17,2153,US,PHX,11
-1,2,29,5,9,2153,US,PHX,11
-3,2,29,5,6,2153,US,PHX,11
-1,2,14,4,11,944,DL,MCO,4
66,2,14,4,19,1989,DL,SLC,4
-5,2,14,4,16,589,DL,CVG,4
54,2,14,4,15,760,DL,ATL,4
-3,2,14,4,21,944,DL,MCO,4
0,2,14,4,15,1005,DL,TPA,4
2,2,14,4,8,1069,DL,FLL,4
3,2,14,4,11,1069,DL,FLL,4
3,2,14,4,8,944,DL,MCO,4
-2,2,14,4,8,1005,DL,TPA,4
-2,2,15,5,16,2475,DL,LAX,3
-2,2,15,5,18,2586,DL,SFO,3
12,2,15,5,16,944,DL,MCO,3
59,2,15,5,16,1989,DL,SLC,3
3,2,15,5,13,2475,DL,LAX,3
2,2,15,5,19,1005,DL,TPA,3
5,2,15,5,16,2421,DL,SEA,3
-1,2,15,5,16,2446,DL,SAN,3
2,2,15,5,19,2475,DL,LAX,3
3,2,15,5,18,760,DL,ATL,3
-3,2,15,5,16,760,DL,ATL,3
24,2,15,5,16,1069,DL,FLL,3
3,2,15,5,16,2586,DL,SFO,3
7,2,15,5,15,1989,DL,SLC,3
-5,2,15,5,7,2475,DL,LAX,3
0,2,15,5,8,2475,DL,LAX,3
-3,2,15,5,8,2586,DL,SFO,3
1,2,15,5,8,2421,DL,SEA,3
1,2,15,5,12,2248,DL,LAS,3
-2,2,15,5,8,2248,DL,LAS,3
4,2,15,5,17,2248,DL,LAS,3
2,2,15,5,19,2248,DL,LAS,3
25,2,15,5,19,2153,DL,PHX,3
-4,2,15,5,8,1626,DL,DEN,3
6,2,15,5,18,2454,DL,PDX,3
-2,2,15,5,8,2153,DL,PHX,3
-4,2,15,5,16,187,DL,BOS,3
-3,2,15,5,10,1090,DL,MIA,3
-2,2,15,5,19,1069,DL,FLL,3
-2,2,15,5,8,1597,DL,SJU,3
0,2,15,5,18,1597,DL,SJU,3
1,2,15,5,6,1989,DL,SLC,3
19,2,15,5,18,1090,DL,MIA,3
-2,2,15,5,6,760,DL,ATL,3
-4,2,15,5,11,944,DL,MCO,3
-1,2,15,5,19,1989,DL,SLC,3
0,2,15,5,16,589,DL,CVG,3
13,2,15,5,15,760,DL,ATL,3
67,2,15,5,21,944,DL,MCO,3
1,2,15,5,15,1005,DL,TPA,3
-7,2,15,5,8,1069,DL,FLL,3
-7,2,15,5,11,1069,DL,FLL,3
3,2,15,5,8,944,DL,MCO,3
-3,2,15,5,8,1005,DL,TPA,3
11,2,16,6,8,760,DL,ATL,2
0,2,16,6,16,2475,DL,LAX,2
-4,2,16,6,18,2586,DL,SFO,2
-2,2,16,6,16,944,DL,MCO,2
10,2,16,6,16,1989,DL,SLC,2
21,2,16,6,19,1005,DL,TPA,2
-2,2,16,6,16,2421,DL,SEA,2
-2,2,16,6,16,2446,DL,SAN,2
17,2,16,6,19,2475,DL,LAX,2
7,2,16,6,18,760,DL,ATL,2
7,2,16,6,16,760,DL,ATL,2
19,2,16,6,16,1069,DL,FLL,2
-1,2,16,6,15,1989,DL,SLC,2
-3,2,16,6,13,2475,DL,LAX,2
-2,2,16,6,8,2475,DL,LAX,2
32,2,16,6,8,2586,DL,SFO,2
-4,2,16,6,8,2248,DL,LAS,2
4,2,16,6,19,2248,DL,LAS,2
21,2,16,6,19,2153,DL,PHX,2
151,2,16,6,19,1626,DL,DEN,2
-2,2,16,6,19,2454,DL,PDX,2
-5,2,16,6,8,2153,DL,PHX,2
-3,2,16,6,16,187,DL,BOS,2
0,2,16,6,10,1090,DL,MIA,2
84,2,16,6,8,1623,DL,STT,2
17,2,16,6,20,1069,DL,FLL,2
68,2,16,6,8,1597,DL,SJU,2
2,2,16,6,18,1597,DL,SJU,2
-1,2,16,6,6,1989,DL,SLC,2
50,2,16,6,18,1090,DL,MIA,2
-4,2,16,6,6,760,DL,ATL,2
-5,2,16,6,11,944,DL,MCO,2
-4,2,16,6,19,1989,DL,SLC,2
10,2,16,6,16,589,DL,CVG,2
6,2,16,6,15,760,DL,ATL,2
0,2,16,6,21,944,DL,MCO,2
2,2,16,6,15,1005,DL,TPA,2
3,2,16,6,12,1749,DL,HDN,2
-4,2,16,6,8,1069,DL,FLL,2
-5,2,16,6,11,1069,DL,FLL,2
-2,2,16,6,8,944,DL,MCO,2
-2,2,16,6,8,1005,DL,TPA,2
1,2,17,7,8,760,DL,ATL,1
-1,2,17,7,16,2475,DL,LAX,1
132,2,17,7,18,2586,DL,SFO,1
8,2,17,7,16,944,DL,MCO,1
19,2,17,7,16,1989,DL,SLC,1
7,2,17,7,13,2475,DL,LAX,1
-4,2,17,7,19,1005,DL,TPA,1
0,2,17,7,16,2421,DL,SEA,1
8,2,17,7,16,2446,DL,SAN,1
27,2,17,7,19,2475,DL,LAX,1
129,2,17,7,18,760,DL,ATL,1
120,2,17,7,16,760,DL,ATL,1
0,2,17,7,16,1069,DL,FLL,1
162,2,17,7,15,1989,DL,SLC,1
13,2,17,7,8,2475,DL,LAX,1
-3,2,17,7,8,2586,DL,SFO,1
-3,2,17,7,12,2248,DL,LAS,1
3,2,17,7,8,2248,DL,LAS,1
69,2,17,7,19,2248,DL,LAS,1
-2,2,17,7,19,2153,DL,PHX,1
150,2,17,7,19,1626,DL,DEN,1
10,2,17,7,19,2454,DL,PDX,1
-6,2,17,7,8,2153,DL,PHX,1
90,2,17,7,16,187,DL,BOS,1
-4,2,17,7,10,1090,DL,MIA,1
15,2,17,7,20,1069,DL,FLL,1
-1,2,17,7,8,1597,DL,SJU,1
-2,2,17,7,18,1597,DL,SJU,1
4,2,17,7,6,1989,DL,SLC,1
3,2,17,7,18,1090,DL,MIA,1
21,2,17,7,6,760,DL,ATL,1
-2,2,17,7,11,944,DL,MCO,1
-1,2,17,7,19,1989,DL,SLC,1
66,2,17,7,16,589,DL,CVG,1
51,2,17,7,15,760,DL,ATL,1
-4,2,17,7,21,944,DL,MCO,1
-5,2,17,7,15,1005,DL,TPA,1
-6,2,17,7,8,1069,DL,FLL,1
-4,2,17,7,11,1069,DL,FLL,1
-2,2,17,7,8,944,DL,MCO,1
-7,2,17,7,8,1005,DL,TPA,1
18,2,18,1,8,760,DL,ATL,0
80,2,18,1,16,2475,DL,LAX,0
80,2,18,1,18,2586,DL,SFO,0
27,2,18,1,16,944,DL,MCO,0
-1,2,18,1,16,1989,DL,SLC,0
11,2,18,1,13,2475,DL,LAX,0
109,2,18,1,19,1005,DL,TPA,0
-3,2,18,1,16,2421,DL,SEA,0
3,2,18,1,16,2446,DL,SAN,0
-1,2,18,1,19,2475,DL,LAX,0
-5,2,18,1,18,760,DL,ATL,0
131,2,18,1,16,760,DL,ATL,0
9,2,18,1,16,1069,DL,FLL,0
22,2,18,1,16,2586,DL,SFO,0
3,2,18,1,15,1989,DL,SLC,0
3,2,18,1,8,2475,DL,LAX,0
3,2,18,1,8,2586,DL,SFO,0
-3,2,18,1,8,2421,DL,SEA,0
16,2,18,1,12,2248,DL,LAS,0
6,2,18,1,7,2248,DL,LAS,0
14,2,18,1,17,2248,DL,LAS,0
-5,2,18,1,19,2248,DL,LAS,0
-3,2,18,1,19,2153,DL,PHX,0
15,2,18,1,8,1626,DL,DEN,0
26,2,18,1,18,2454,DL,PDX,0
-1,2,18,1,8,2153,DL,PHX,0
123,2,18,1,16,187,DL,BOS,0
0,2,18,1,10,1090,DL,MIA,0
3,2,18,1,19,1069,DL,FLL,0
-4,2,18,1,8,1597,DL,SJU,0
0,2,18,1,18,1597,DL,SJU,0
-1,2,18,1,6,1989,DL,SLC,0
129,2,18,1,18,1090,DL,MIA,0
-2,2,18,1,19,187,DL,BOS,0
-5,2,18,1,6,760,DL,ATL,0
2,2,18,1,11,944,DL,MCO,0
23,2,18,1,20,1989,DL,SLC,0
-3,2,18,1,16,589,DL,CVG,0
-1,2,18,1,15,760,DL,ATL,0
-5,2,18,1,21,944,DL,MCO,0
83,2,18,1,15,1005,DL,TPA,0
6,2,18,1,8,1069,DL,FLL,0
-1,2,18,1,11,1069,DL,FLL,0
-5,2,18,1,8,944,DL,MCO,0
-6,2,18,1,8,1005,DL,TPA,0
213,2,19,2,8,760,DL,ATL,1
-2,2,19,2,16,2475,DL,LAX,1
-2,2,19,2,18,2586,DL,SFO,1
-7,2,19,2,16,944,DL,MCO,1
-3,2,19,2,16,1989,DL,SLC,1
-3,2,19,2,13,2475,DL,LAX,1
-5,2,19,2,19,1005,DL,TPA,1
-3,2,19,2,16,2421,DL,SEA,1
-2,2,19,2,16,2446,DL,SAN,1
-1,2,19,2,19,2475,DL,LAX,1
-4,2,19,2,18,760,DL,ATL,1
30,2,19,2,16,760,DL,ATL,1
0,2,19,2,16,1069,DL,FLL,1
24,2,19,2,16,2586,DL,SFO,1
-2,2,19,2,15,1989,DL,SLC,1
-6,2,19,2,7,2475,DL,LAX,1
-5,2,19,2,8,2475,DL,LAX,1
2,2,19,2,8,2586,DL,SFO,1
3,2,19,2,8,2421,DL,SEA,1
-2,2,19,2,8,2248,DL,LAS,1
8,2,19,2,17,2248,DL,LAS,1
-4,2,19,2,19,2248,DL,LAS,1
-3,2,19,2,8,1626,DL,DEN,1
-7,2,19,2,18,2454,DL,PDX,1
1,2,19,2,8,2153,DL,PHX,1
18,2,19,2,16,187,DL,BOS,1
-2,2,19,2,10,1090,DL,MIA,1
-3,2,19,2,19,1069,DL,FLL,1
-3,2,19,2,8,1597,DL,SJU,1
-3,2,19,2,6,1989,DL,SLC,1
-2,2,19,2,18,1090,DL,MIA,1
7,2,19,2,6,760,DL,ATL,1
-6,2,19,2,11,944,DL,MCO,1
-4,2,19,2,19,1989,DL,SLC,1
-4,2,19,2,16,589,DL,CVG,1
-8,2,19,2,15,760,DL,ATL,1
0,2,19,2,21,944,DL,MCO,1
-4,2,19,2,15,1005,DL,TPA,1
-6,2,19,2,8,1069,DL,FLL,1
-2,2,19,2,8,944,DL,MCO,1
10,2,20,3,8,760,DL,ATL,2
13,2,20,3,16,2475,DL,LAX,2
-4,2,20,3,18,2586,DL,SFO,2
-2,2,20,3,16,944,DL,MCO,2
133,2,20,3,16,1989,DL,SLC,2
-1,2,20,3,13,2475,DL,LAX,2
8,2,20,3,19,1005,DL,TPA,2
3,2,20,3,16,2421,DL,SEA,2
3,2,20,3,16,2446,DL,SAN,2
18,2,20,3,19,2475,DL,LAX,2
0,2,20,3,18,760,DL,ATL,2
-1,2,20,3,16,760,DL,ATL,2
-5,2,20,3,16,1069,DL,FLL,2
-1,2,20,3,16,2586,DL,SFO,2
-5,2,20,3,15,1989,DL,SLC,2
67,2,20,3,7,2475,DL,LAX,2
9,2,20,3,8,2475,DL,LAX,2
-5,2,20,3,8,2586,DL,SFO,2
-4,2,20,3,8,2421,DL,SEA,2
-3,2,20,3,12,2248,DL,LAS,2
-1,2,20,3,8,2248,DL,LAS,2
-5,2,20,3,17,2248,DL,LAS,2
-6,2,20,3,19,2248,DL,LAS,2
-4,2,20,3,19,2153,DL,PHX,2
2,2,20,3,8,1626,DL,DEN,2
9,2,20,3,18,2454,DL,PDX,2
-4,2,20,3,8,2153,DL,PHX,2
0,2,20,3,16,187,DL,BOS,2
-4,2,20,3,10,1090,DL,MIA,2
-5,2,20,3,19,1069,DL,FLL,2
-6,2,20,3,8,1597,DL,SJU,2
-5,2,20,3,18,1597,DL,SJU,2
-1,2,20,3,6,1989,DL,SLC,2
-3,2,20,3,18,1090,DL,MIA,2
-3,2,20,3,19,187,DL,BOS,2
-5,2,20,3,6,760,DL,ATL,2
-2,2,20,3,11,944,DL,MCO,2
-2,2,20,3,19,1989,DL,SLC,2
-2,2,20,3,16,589,DL,CVG,2
2,2,20,3,15,760,DL,ATL,2
-8,2,20,3,21,944,DL,MCO,2
-4,2,20,3,8,1069,DL,FLL,2
1,2,20,3,8,944,DL,MCO,2
-2,2,21,4,16,2475,DL,LAX,3
-4,2,21,4,18,2586,DL,SFO,3
41,2,21,4,16,944,DL,MCO,3
0,2,21,4,16,1989,DL,SLC,3
-2,2,21,4,13,2475,DL,LAX,3
1,2,21,4,19,1005,DL,TPA,3
9,2,21,4,16,2421,DL,SEA,3
1,2,21,4,16,2446,DL,SAN,3
7,2,21,4,19,2475,DL,LAX,3
23,2,21,4,18,760,DL,ATL,3
2,2,21,4,16,760,DL,ATL,3
-5,2,21,4,16,1069,DL,FLL,3
33,2,21,4,16,2586,DL,SFO,3
1,2,21,4,15,1989,DL,SLC,3
-1,2,21,4,7,2475,DL,LAX,3
2,2,21,4,8,2475,DL,LAX,3
-7,2,21,4,8,2586,DL,SFO,3
2,2,21,4,8,2421,DL,SEA,3
-3,2,21,4,8,2248,DL,LAS,3
86,2,21,4,17,2248,DL,LAS,3
34,2,21,4,19,2248,DL,LAS,3
-1,2,21,4,19,2153,DL,PHX,3
57,2,21,4,8,1626,DL,DEN,3
17,2,21,4,18,2454,DL,PDX,3
4,2,21,4,8,2153,DL,PHX,3
12,2,21,4,16,187,DL,BOS,3
-6,2,21,4,10,1090,DL,MIA,3
10,2,21,4,19,1069,DL,FLL,3
-5,2,21,4,8,1597,DL,SJU,3
-5,2,21,4,18,1597,DL,SJU,3
0,2,21,4,6,1989,DL,SLC,3
11,2,21,4,18,1090,DL,MIA,3
-2,2,21,4,6,760,DL,ATL,3
-6,2,21,4,11,944,DL,MCO,3
7,2,21,4,19,1989,DL,SLC,3
-3,2,21,4,16,589,DL,CVG,3
19,2,21,4,15,760,DL,ATL,3
-4,2,21,4,21,944,DL,MCO,3
-3,2,21,4,15,1005,DL,TPA,3
-5,2,21,4,8,1069,DL,FLL,3
1,2,21,4,11,1069,DL,FLL,3
-1,2,21,4,8,944,DL,MCO,3
-2,2,21,4,8,1005,DL,TPA,3
241,2,22,5,8,760,DL,ATL,4
34,2,22,5,18,2586,DL,SFO,4
56,2,22,5,16,944,DL,MCO,4
74,2,22,5,16,1989,DL,SLC,4
0,2,22,5,13,2475,DL,LAX,4
56,2,22,5,19,1005,DL,TPA,4
71,2,22,5,16,2421,DL,SEA,4
43,2,22,5,18,760,DL,ATL,4
89,2,22,5,16,760,DL,ATL,4
39,2,22,5,16,1069,DL,FLL,4
9,2,22,5,16,2586,DL,SFO,4
19,2,22,5,15,1989,DL,SLC,4
29,2,22,5,12,2248,DL,LAS,4
9,2,22,5,8,2248,DL,LAS,4
158,2,22,5,17,2248,DL,LAS,4
29,2,22,5,19,2248,DL,LAS,4
21,2,22,5,19,1069,DL,FLL,4
28,2,22,5,8,1597,DL,SJU,4
-4,2,22,5,18,1597,DL,SJU,4
91,2,22,5,18,1090,DL,MIA,4
33,2,22,5,11,944,DL,MCO,4
185,2,22,5,19,1989,DL,SLC,4
6,2,22,5,15,760,DL,ATL,4
63,2,22,5,21,944,DL,MCO,4
163,2,22,5,15,1005,DL,TPA,4
81,2,22,5,11,1069,DL,FLL,4
80,2,22,5,8,944,DL,MCO,4
39,2,23,6,8,760,DL,ATL,5
-1,2,23,6,16,2475,DL,LAX,5
76,2,23,6,18,2586,DL,SFO,5
-3,2,23,6,16,944,DL,MCO,5
26,2,23,6,16,1989,DL,SLC,5
1,2,23,6,19,1005,DL,TPA,5
46,2,23,6,16,2421,DL,SEA,5
-4,2,23,6,16,2446,DL,SAN,5
-5,2,23,6,19,2475,DL,LAX,5
3,2,23,6,18,760,DL,ATL,5
-4,2,23,6,16,760,DL,ATL,5
-5,2,23,6,16,1069,DL,FLL,5
0,2,23,6,15,1989,DL,SLC,5
0,2,23,6,13,2475,DL,LAX,5
-1,2,23,6,8,2475,DL,LAX,5
12,2,23,6,8,2586,DL,SFO,5
-4,2,23,6,8,2248,DL,LAS,5
137,2,23,6,19,2248,DL,LAS,5
-4,2,23,6,19,2153,DL,PHX,5
112,2,23,6,19,1626,DL,DEN,5
4,2,23,6,19,2454,DL,PDX,5
-5,2,23,6,8,2153,DL,PHX,5
8,2,23,6,16,187,DL,BOS,5
-3,2,23,6,10,1090,DL,MIA,5
66,2,23,6,8,1623,DL,STT,5
11,2,23,6,20,1069,DL,FLL,5
-5,2,23,6,8,1597,DL,SJU,5
-2,2,23,6,18,1597,DL,SJU,5
3,2,23,6,6,1989,DL,SLC,5
-3,2,23,6,18,1090,DL,MIA,5
15,2,23,6,6,760,DL,ATL,5
26,2,23,6,11,944,DL,MCO,5
-3,2,23,6,19,1989,DL,SLC,5
52,2,23,6,16,589,DL,CVG,5
1,2,23,6,15,760,DL,ATL,5
-5,2,23,6,21,944,DL,MCO,5
59,2,23,6,15,1005,DL,TPA,5
2,2,23,6,12,1749,DL,HDN,5
-3,2,23,6,8,1069,DL,FLL,5
-7,2,23,6,11,1069,DL,FLL,5
15,2,23,6,8,944,DL,MCO,5
12,2,23,6,8,1005,DL,TPA,5
143,2,24,7,8,760,DL,ATL,6
-3,2,24,7,16,2475,DL,LAX,6
22,2,24,7,18,2586,DL,SFO,6
9,2,24,7,16,944,DL,MCO,6
15,2,24,7,16,1989,DL,SLC,6
60,2,24,7,13,2475,DL,LAX,6
-4,2,24,7,19,1005,DL,TPA,6
2,2,24,7,16,2421,DL,SEA,6
-1,2,24,7,16,2446,DL,SAN,6
-1,2,24,7,19,2475,DL,LAX,6
-4,2,24,7,18,760,DL,ATL,6
-3,2,24,7,16,760,DL,ATL,6
-3,2,24,7,16,1069,DL,FLL,6
-1,2,24,7,16,2586,DL,SFO,6
0,2,24,7,15,1989,DL,SLC,6
-1,2,24,7,8,2475,DL,LAX,6
-5,2,24,7,8,2586,DL,SFO,6
-4,2,24,7,8,2421,DL,SEA,6
2,2,24,7,12,2248,DL,LAS,6
-6,2,24,7,7,2248,DL,LAS,6
-3,2,24,7,17,2248,DL,LAS,6
52,2,24,7,19,2248,DL,LAS,6
-2,2,24,7,19,2153,DL,PHX,6
17,2,24,7,8,1626,DL,DEN,6
5,2,24,7,18,2454,DL,PDX,6
26,2,24,7,8,2153,DL,PHX,6
-4,2,24,7,16,187,DL,BOS,6
-1,2,24,7,10,1090,DL,MIA,6
-4,2,24,7,19,1069,DL,FLL,6
13,2,24,7,8,1597,DL,SJU,6
0,2,24,7,18,1597,DL,SJU,6
2,2,24,7,6,1989,DL,SLC,6
-3,2,24,7,18,1090,DL,MIA,6
-1,2,24,7,6,760,DL,ATL,6
-5,2,24,7,11,944,DL,MCO,6
3,2,24,7,20,1989,DL,SLC,6
0,2,24,7,16,589,DL,CVG,6
0,2,24,7,15,760,DL,ATL,6
-5,2,24,7,21,944,DL,MCO,6
-3,2,24,7,15,1005,DL,TPA,6
-1,2,24,7,8,1069,DL,FLL,6
-4,2,24,7,11,1069,DL,FLL,6
-2,2,24,7,8,944,DL,MCO,6
-3,2,24,7,8,1005,DL,TPA,6
-5,2,25,1,16,2475,DL,LAX,7
-1,2,25,1,18,2586,DL,SFO,7
2,2,25,1,16,944,DL,MCO,7
-4,2,25,1,16,1989,DL,SLC,7
-4,2,25,1,13,2475,DL,LAX,7
-6,2,25,1,19,1005,DL,TPA,7
-2,2,25,1,16,2421,DL,SEA,7
-6,2,25,1,16,2446,DL,SAN,7
3,2,25,1,19,2475,DL,LAX,7
-5,2,25,1,18,760,DL,ATL,7
-4,2,25,1,16,760,DL,ATL,7
-1,2,25,1,16,1069,DL,FLL,7
-5,2,25,1,16,2586,DL,SFO,7
-3,2,25,1,15,1989,DL,SLC,7
-6,2,25,1,7,2475,DL,LAX,7
-1,2,25,1,8,2475,DL,LAX,7
-3,2,25,1,8,2586,DL,SFO,7
0,2,25,1,8,2421,DL,SEA,7
-2,2,25,1,12,2248,DL,LAS,7
-3,2,25,1,8,2248,DL,LAS,7
-3,2,25,1,17,2248,DL,LAS,7
-2,2,25,1,19,2248,DL,LAS,7
46,2,25,1,19,2153,DL,PHX,7
-4,2,25,1,8,1626,DL,DEN,7
0,2,25,1,18,2454,DL,PDX,7
-3,2,25,1,8,2153,DL,PHX,7
8,2,25,1,16,187,DL,BOS,7
-6,2,25,1,10,1090,DL,MIA,7
-2,2,25,1,19,1069,DL,FLL,7
-5,2,25,1,8,1597,DL,SJU,7
0,2,25,1,6,1989,DL,SLC,7
-5,2,25,1,18,1090,DL,MIA,7
-5,2,25,1,19,187,DL,BOS,7
-6,2,25,1,6,760,DL,ATL,7
-3,2,25,1,11,944,DL,MCO,7
-5,2,25,1,19,1989,DL,SLC,7
-5,2,25,1,16,589,DL,CVG,7
-4,2,25,1,15,760,DL,ATL,7
-4,2,25,1,21,944,DL,MCO,7
0,2,25,1,15,1005,DL,TPA,7
-6,2,25,1,8,1069,DL,FLL,7
-5,2,25,1,11,1069,DL,FLL,7
-4,2,25,1,8,944,DL,MCO,7
-4,2,25,1,8,1005,DL,TPA,7
127,2,26,2,8,760,DL,ATL,8
2,2,26,2,16,2475,DL,LAX,8
56,2,26,2,18,2586,DL,SFO,8
21,2,26,2,16,944,DL,MCO,8
-2,2,26,2,16,1989,DL,SLC,8
1,2,26,2,13,2475,DL,LAX,8
-3,2,26,2,19,1005,DL,TPA,8
-4,2,26,2,16,2421,DL,SEA,8
12,2,26,2,16,2446,DL,SAN,8
0,2,26,2,19,2475,DL,LAX,8
0,2,26,2,18,760,DL,ATL,8
-2,2,26,2,16,760,DL,ATL,8
26,2,26,2,16,1069,DL,FLL,8
-3,2,26,2,16,2586,DL,SFO,8
-2,2,26,2,15,1989,DL,SLC,8
-6,2,26,2,7,2475,DL,LAX,8
-3,2,26,2,8,2475,DL,LAX,8
-5,2,26,2,8,2586,DL,SFO,8
-6,2,26,2,8,2421,DL,SEA,8
-4,2,26,2,8,2248,DL,LAS,8
53,2,26,2,17,2248,DL,LAS,8
25,2,26,2,19,2248,DL,LAS,8
-3,2,26,2,8,1626,DL,DEN,8
-5,2,26,2,18,2454,DL,PDX,8
-4,2,26,2,8,2153,DL,PHX,8
13,2,26,2,16,187,DL,BOS,8
-5,2,26,2,10,1090,DL,MIA,8
13,2,26,2,19,1069,DL,FLL,8
-4,2,26,2,8,1597,DL,SJU,8
10,2,26,2,6,1989,DL,SLC,8
-5,2,26,2,18,1090,DL,MIA,8
-1,2,26,2,19,187,DL,BOS,8
-6,2,26,2,6,760,DL,ATL,8
-5,2,26,2,11,944,DL,MCO,8
1,2,26,2,19,1989,DL,SLC,8
-3,2,26,2,16,589,DL,CVG,8
-5,2,26,2,15,760,DL,ATL,8
-5,2,26,2,21,944,DL,MCO,8
9,2,26,2,15,1005,DL,TPA,8
-1,2,26,2,8,1069,DL,FLL,8
-2,2,26,2,8,944,DL,MCO,8
52,2,27,3,8,760,DL,ATL,9
-1,2,27,3,16,2475,DL,LAX,9
-3,2,27,3,18,2586,DL,SFO,9
81,2,27,3,16,944,DL,MCO,9
4,2,27,3,16,1989,DL,SLC,9
-4,2,27,3,13,2475,DL,LAX,9
4,2,27,3,19,1005,DL,TPA,9
-4,2,27,3,16,2421,DL,SEA,9
0,2,27,3,16,2446,DL,SAN,9
-3,2,27,3,19,2475,DL,LAX,9
-4,2,27,3,18,760,DL,ATL,9
-1,2,27,3,16,760,DL,ATL,9
-2,2,27,3,16,1069,DL,FLL,9
-1,2,27,3,16,2586,DL,SFO,9
1,2,27,3,15,1989,DL,SLC,9
-5,2,27,3,7,2475,DL,LAX,9
-5,2,27,3,8,2475,DL,LAX,9
-4,2,27,3,8,2586,DL,SFO,9
-4,2,27,3,8,2421,DL,SEA,9
0,2,27,3,12,2248,DL,LAS,9
-1,2,27,3,8,2248,DL,LAS,9
-4,2,27,3,17,2248,DL,LAS,9
-5,2,27,3,19,2248,DL,LAS,9
-4,2,27,3,19,2153,DL,PHX,9
3,2,27,3,8,1626,DL,DEN,9
-4,2,27,3,18,2454,DL,PDX,9
-5,2,27,3,8,2153,DL,PHX,9
-4,2,27,3,16,187,DL,BOS,9
-7,2,27,3,10,1090,DL,MIA,9
0,2,27,3,19,1069,DL,FLL,9
-5,2,27,3,8,1597,DL,SJU,9
-3,2,27,3,18,1597,DL,SJU,9
-3,2,27,3,6,1989,DL,SLC,9
-4,2,27,3,18,1090,DL,MIA,9
-2,2,27,3,19,187,DL,BOS,9
-6,2,27,3,6,760,DL,ATL,9
-5,2,27,3,11,944,DL,MCO,9
-4,2,27,3,19,1989,DL,SLC,9
0,2,27,3,16,589,DL,CVG,9
-5,2,27,3,15,760,DL,ATL,9
-4,2,27,3,21,944,DL,MCO,9
3,2,27,3,15,1005,DL,TPA,9
61,2,27,3,8,1069,DL,FLL,9
39,2,27,3,8,944,DL,MCO,9
6,2,28,4,8,760,DL,ATL,10
-5,2,28,4,16,2475,DL,LAX,10
3,2,28,4,18,2586,DL,SFO,10
-1,2,28,4,16,944,DL,MCO,10
6,2,28,4,16,1989,DL,SLC,10
-4,2,28,4,13,2475,DL,LAX,10
9,2,28,4,19,1005,DL,TPA,10
-2,2,28,4,16,2421,DL,SEA,10
-5,2,28,4,16,2446,DL,SAN,10
-4,2,28,4,19,2475,DL,LAX,10
-3,2,28,4,18,760,DL,ATL,10
-1,2,28,4,16,760,DL,ATL,10
3,2,28,4,16,1069,DL,FLL,10
0,2,28,4,16,2586,DL,SFO,10
-2,2,28,4,15,1989,DL,SLC,10
-2,2,28,4,7,2475,DL,LAX,10
-2,2,28,4,8,2475,DL,LAX,10
-3,2,28,4,8,2586,DL,SFO,10
42,2,28,4,8,2421,DL,SEA,10
-1,2,28,4,12,2248,DL,LAS,10
2,2,28,4,8,2248,DL,LAS,10
12,2,28,4,17,2248,DL,LAS,10
-4,2,28,4,19,2248,DL,LAS,10
45,2,28,4,19,2153,DL,PHX,10
-5,2,28,4,8,1626,DL,DEN,10
-2,2,28,4,18,2454,DL,PDX,10
13,2,28,4,8,2153,DL,PHX,10
-3,2,28,4,16,187,DL,BOS,10
-5,2,28,4,10,1090,DL,MIA,10
2,2,28,4,19,1069,DL,FLL,10
0,2,28,4,8,1597,DL,SJU,10
-3,2,28,4,18,1597,DL,SJU,10
-2,2,28,4,6,1989,DL,SLC,10
7,2,28,4,18,1090,DL,MIA,10
-5,2,28,4,19,187,DL,BOS,10
5,2,28,4,6,760,DL,ATL,10
-5,2,28,4,11,944,DL,MCO,10
66,2,28,4,19,1989,DL,SLC,10
-4,2,28,4,16,589,DL,CVG,10
-4,2,28,4,15,760,DL,ATL,10
-3,2,28,4,21,944,DL,MCO,10
20,2,28,4,15,1005,DL,TPA,10
-4,2,28,4,8,1069,DL,FLL,10
1,2,28,4,11,1069,DL,FLL,10
-1,2,28,4,8,944,DL,MCO,10
1,2,28,4,8,1005,DL,TPA,10
4,2,29,5,8,760,DL,ATL,11
7,2,29,5,16,2475,DL,LAX,11
32,2,29,5,18,2586,DL,SFO,11
-1,2,29,5,16,944,DL,MCO,11
20,2,29,5,16,1989,DL,SLC,11
-1,2,29,5,13,2475,DL,LAX,11
-3,2,29,5,19,1005,DL,TPA,11
-3,2,29,5,16,2421,DL,SEA,11
-3,2,29,5,16,2446,DL,SAN,11
0,2,29,5,19,2475,DL,LAX,11
-1,2,29,5,18,760,DL,ATL,11
0,2,29,5,16,760,DL,ATL,11
-4,2,29,5,16,1069,DL,FLL,11
4,2,29,5,16,2586,DL,SFO,11
67,2,29,5,15,1989,DL,SLC,11
-2,2,29,5,7,2475,DL,LAX,11
0,2,29,5,8,2475,DL,LAX,11
-4,2,29,5,8,2586,DL,SFO,11
8,2,29,5,8,2421,DL,SEA,11
-5,2,29,5,12,2248,DL,LAS,11
-5,2,29,5,8,2248,DL,LAS,11
-1,2,29,5,17,2248,DL,LAS,11
66,2,29,5,19,2248,DL,LAS,11
34,2,29,5,19,2153,DL,PHX,11
2,2,29,5,8,1626,DL,DEN,11
-3,2,29,5,18,2454,DL,PDX,11
-5,2,29,5,8,2153,DL,PHX,11
18,2,29,5,16,187,DL,BOS,11
-2,2,29,5,10,1090,DL,MIA,11
27,2,29,5,19,1069,DL,FLL,11
-4,2,29,5,8,1597,DL,SJU,11
-6,2,29,5,18,1597,DL,SJU,11
0,2,29,5,6,1989,DL,SLC,11
7,2,29,5,18,1090,DL,MIA,11
-1,2,29,5,6,760,DL,ATL,11
87,2,29,5,11,944,DL,MCO,11
-2,2,29,5,19,1989,DL,SLC,11
2,2,29,5,16,589,DL,CVG,11
37,2,29,5,15,760,DL,ATL,11
64,2,29,5,21,944,DL,MCO,11
-1,2,29,5,15,1005,DL,TPA,11
-5,2,29,5,8,1069,DL,FLL,11
14,2,29,5,11,1069,DL,FLL,11
1,2,29,5,8,944,DL,MCO,11
-6,2,29,5,8,1005,DL,TPA,11
20,2,1,5,15,184,MQ,BWI,11
-5,2,2,6,15,184,MQ,BWI,12
-3,2,3,7,15,184,MQ,BWI,13
23,2,5,2,15,184,MQ,BWI,13
57,2,6,3,15,184,MQ,BWI,12
36,2,7,4,15,184,MQ,BWI,11
-5,2,8,5,15,184,MQ,BWI,10
-11,2,9,6,15,184,MQ,BWI,9
38,2,10,7,15,184,MQ,BWI,8
1,2,11,1,15,184,MQ,BWI,7
-4,2,14,4,15,184,MQ,BWI,4
30,2,15,5,15,184,MQ,BWI,3
-4,2,16,6,15,184,MQ,BWI,2
16,2,17,7,15,184,MQ,BWI,1
-1,2,19,2,15,184,MQ,BWI,1
-7,2,20,3,15,184,MQ,BWI,2
-2,2,21,4,15,184,MQ,BWI,3
-5,2,23,6,15,184,MQ,BWI,5
27,2,24,7,15,184,MQ,BWI,6
-7,2,25,1,15,184,MQ,BWI,7
-2,2,27,3,15,184,MQ,BWI,9
-5,2,28,4,15,184,MQ,BWI,10
-11,2,29,5,15,184,MQ,BWI,11
345,2,1,5,17,340,MQ,PIT,11
55,2,2,6,17,340,MQ,PIT,12
7,2,3,7,17,340,MQ,PIT,13
88,2,4,1,17,340,MQ,PIT,14
7,2,5,2,17,340,MQ,PIT,13
2,2,7,4,17,340,MQ,PIT,11
110,2,8,5,17,340,MQ,PIT,10
-6,2,9,6,17,340,MQ,PIT,9
-2,2,10,7,17,340,MQ,PIT,8
-5,2,11,1,17,340,MQ,PIT,7
4,2,14,4,17,340,MQ,PIT,4
14,2,15,5,17,340,MQ,PIT,3
-1,2,16,6,17,340,MQ,PIT,2
7,2,17,7,17,340,MQ,PIT,1
-4,2,19,2,17,340,MQ,PIT,1
-4,2,20,3,17,340,MQ,PIT,2
2,2,21,4,17,340,MQ,PIT,3
-8,2,23,6,17,340,MQ,PIT,5
1,2,24,7,17,340,MQ,PIT,6
41,2,25,1,17,340,MQ,PIT,7
40,2,26,2,17,340,MQ,PIT,8
28,2,27,3,17,340,MQ,PIT,9
8,2,28,4,17,340,MQ,PIT,10
165,2,29,5,17,340,MQ,PIT,11
185,2,1,5,18,740,MQ,ORD,11
114,2,2,6,18,740,MQ,ORD,12
31,2,3,7,18,740,MQ,ORD,13
93,2,5,2,18,740,MQ,ORD,13
91,2,7,4,18,740,MQ,ORD,11
9,2,8,5,18,740,MQ,ORD,10
23,2,9,6,18,740,MQ,ORD,9
45,2,10,7,18,740,MQ,ORD,8
129,2,11,1,18,740,MQ,ORD,7
12,2,14,4,18,740,MQ,ORD,4
-2,2,15,5,18,740,MQ,ORD,3
-1,2,16,6,18,740,MQ,ORD,2
8,2,17,7,18,740,MQ,ORD,1
13,2,19,2,18,740,MQ,ORD,1
-2,2,20,3,18,740,MQ,ORD,2
-4,2,21,4,18,740,MQ,ORD,3
21,2,23,6,18,740,MQ,ORD,5
3,2,24,7,18,740,MQ,ORD,6
49,2,26,2,18,740,MQ,ORD,8
-1,2,27,3,18,740,MQ,ORD,9
99,2,28,4,18,740,MQ,ORD,10
3,2,29,5,18,740,MQ,ORD,11
390,2,1,5,16,425,MQ,CLE,11
57,2,2,6,16,425,MQ,CLE,12
12,2,3,7,16,425,MQ,CLE,13
-6,2,4,1,16,425,MQ,CLE,14
-9,2,5,2,16,425,MQ,CLE,13
17,2,7,4,16,425,MQ,CLE,11
-11,2,8,5,16,425,MQ,CLE,10
-4,2,9,6,16,425,MQ,CLE,9
2,2,10,7,16,425,MQ,CLE,8
-5,2,11,1,16,425,MQ,CLE,7
-8,2,14,4,16,425,MQ,CLE,4
11,2,15,5,16,425,MQ,CLE,3
-3,2,16,6,16,425,MQ,CLE,2
45,2,17,7,16,425,MQ,CLE,1
-3,2,19,2,16,425,MQ,CLE,1
4,2,20,3,16,425,MQ,CLE,2
-2,2,21,4,16,425,MQ,CLE,3
5,2,23,6,16,425,MQ,CLE,5
30,2,24,7,16,425,MQ,CLE,6
-6,2,25,1,16,425,MQ,CLE,7
33,2,26,2,16,425,MQ,CLE,8
-7,2,27,3,16,425,MQ,CLE,9
-6,2,28,4,16,425,MQ,CLE,10
-7,2,29,5,16,425,MQ,CLE,11
-5,2,3,7,22,187,MQ,BOS,13
-4,2,4,1,22,187,MQ,BOS,14
-9,2,5,2,22,187,MQ,BOS,13
52,2,6,3,22,187,MQ,BOS,12
-3,2,7,4,22,187,MQ,BOS,11
-7,2,8,5,22,187,MQ,BOS,10
-5,2,9,6,22,187,MQ,BOS,9
70,2,10,7,22,187,MQ,BOS,8
-9,2,11,1,22,187,MQ,BOS,7
5,2,13,3,22,187,MQ,BOS,5
-8,2,14,4,22,187,MQ,BOS,4
16,2,15,5,22,187,MQ,BOS,3
-10,2,16,6,22,187,MQ,BOS,2
-7,2,17,7,22,187,MQ,BOS,1
48,2,18,1,22,187,MQ,BOS,0
-3,2,19,2,22,187,MQ,BOS,1
-5,2,20,3,22,187,MQ,BOS,2
-4,2,21,4,22,187,MQ,BOS,3
-6,2,23,6,22,187,MQ,BOS,5
5,2,24,7,22,187,MQ,BOS,6
-5,2,25,1,22,187,MQ,BOS,7
89,2,26,2,22,187,MQ,BOS,8
-3,2,27,3,22,187,MQ,BOS,9
-8,2,28,4,22,187,MQ,BOS,10
0,2,29,5,22,187,MQ,BOS,11
-1,2,1,5,8,187,MQ,BOS,11
-5,2,2,6,8,187,MQ,BOS,12
1,2,4,1,8,187,MQ,BOS,14
-5,2,5,2,8,187,MQ,BOS,13
-7,2,6,3,8,187,MQ,BOS,12
2,2,7,4,8,187,MQ,BOS,11
-5,2,8,5,8,187,MQ,BOS,10
5,2,9,6,8,187,MQ,BOS,9
7,2,10,7,8,187,MQ,BOS,8
0,2,12,2,8,187,MQ,BOS,6
35,2,13,3,8,187,MQ,BOS,5
1,2,14,4,8,187,MQ,BOS,4
3,2,15,5,8,187,MQ,BOS,3
2,2,16,6,8,187,MQ,BOS,2
-2,2,17,7,8,187,MQ,BOS,1
57,2,18,1,8,187,MQ,BOS,0
-5,2,19,2,8,187,MQ,BOS,1
-5,2,20,3,8,187,MQ,BOS,2
37,2,21,4,8,187,MQ,BOS,3
0,2,22,5,8,187,MQ,BOS,4
47,2,23,6,8,187,MQ,BOS,5
0,2,24,7,8,187,MQ,BOS,6
-5,2,25,1,8,187,MQ,BOS,7
-2,2,26,2,8,187,MQ,BOS,8
25,2,27,3,8,187,MQ,BOS,9
-3,2,28,4,8,187,MQ,BOS,10
-6,2,29,5,8,187,MQ,BOS,11
16,2,2,6,19,187,MQ,BOS,12
-6,2,3,7,19,187,MQ,BOS,13
11,2,4,1,19,187,MQ,BOS,14
70,2,5,2,19,187,MQ,BOS,13
-4,2,6,3,19,187,MQ,BOS,12
35,2,7,4,19,187,MQ,BOS,11
117,2,8,5,19,187,MQ,BOS,10
-5,2,9,6,19,187,MQ,BOS,9
-10,2,11,1,19,187,MQ,BOS,7
207,2,12,2,19,187,MQ,BOS,6
85,2,13,3,19,187,MQ,BOS,5
10,2,14,4,19,187,MQ,BOS,4
67,2,15,5,19,187,MQ,BOS,3
-5,2,16,6,19,187,MQ,BOS,2
-5,2,17,7,19,187,MQ,BOS,1
29,2,18,1,19,187,MQ,BOS,0
102,2,19,2,19,187,MQ,BOS,1
0,2,20,3,19,187,MQ,BOS,2
-6,2,21,4,19,187,MQ,BOS,3
-5,2,23,6,19,187,MQ,BOS,5
0,2,24,7,19,187,MQ,BOS,6
-4,2,25,1,19,187,MQ,BOS,7
157,2,26,2,19,187,MQ,BOS,8
7,2,27,3,19,187,MQ,BOS,9
6,2,28,4,19,187,MQ,BOS,10
-3,2,29,5,19,187,MQ,BOS,11
-5,2,1,5,14,187,MQ,BOS,11
-2,2,2,6,14,187,MQ,BOS,12
-6,2,3,7,14,187,MQ,BOS,13
-4,2,4,1,14,187,MQ,BOS,14
94,2,5,2,14,187,MQ,BOS,13
-2,2,6,3,14,187,MQ,BOS,12
-4,2,7,4,14,187,MQ,BOS,11
51,2,8,5,14,187,MQ,BOS,10
3,2,9,6,14,187,MQ,BOS,9
-4,2,10,7,14,187,MQ,BOS,8
14,2,11,1,14,187,MQ,BOS,7
-5,2,12,2,14,187,MQ,BOS,6
-9,2,13,3,14,187,MQ,BOS,5
-6,2,14,4,14,187,MQ,BOS,4
1,2,15,5,14,187,MQ,BOS,3
-7,2,16,6,14,187,MQ,BOS,2
-7,2,17,7,14,187,MQ,BOS,1
13,2,18,1,14,187,MQ,BOS,0
-3,2,19,2,14,187,MQ,BOS,1
-3,2,20,3,14,187,MQ,BOS,2
-5,2,21,4,14,187,MQ,BOS,3
14,2,22,5,14,187,MQ,BOS,4
-3,2,23,6,14,187,MQ,BOS,5
-5,2,24,7,14,187,MQ,BOS,6
-4,2,25,1,14,187,MQ,BOS,7
-7,2,26,2,14,187,MQ,BOS,8
-6,2,27,3,14,187,MQ,BOS,9
-6,2,28,4,14,187,MQ,BOS,10
-3,2,29,5,14,187,MQ,BOS,11
50,2,1,5,10,187,MQ,BOS,11
-1,2,2,6,10,187,MQ,BOS,12
-10,2,3,7,10,187,MQ,BOS,13
-12,2,4,1,10,187,MQ,BOS,14
26,2,5,2,10,187,MQ,BOS,13
13,2,6,3,10,187,MQ,BOS,12
0,2,7,4,10,187,MQ,BOS,11
19,2,8,5,10,187,MQ,BOS,10
-10,2,9,6,10,187,MQ,BOS,9
-3,2,10,7,10,187,MQ,BOS,8
-7,2,11,1,10,187,MQ,BOS,7
-2,2,12,2,10,187,MQ,BOS,6
47,2,13,3,10,187,MQ,BOS,5
-3,2,14,4,10,187,MQ,BOS,4
-6,2,15,5,10,187,MQ,BOS,3
26,2,16,6,10,187,MQ,BOS,2
-4,2,17,7,10,187,MQ,BOS,1
9,2,18,1,10,187,MQ,BOS,0
18,2,19,2,10,187,MQ,BOS,1
-10,2,20,3,10,187,MQ,BOS,2
-5,2,21,4,10,187,MQ,BOS,3
75,2,22,5,10,187,MQ,BOS,4
8,2,23,6,10,187,MQ,BOS,5
-8,2,24,7,10,187,MQ,BOS,6
-3,2,25,1,10,187,MQ,BOS,7
-4,2,26,2,10,187,MQ,BOS,8
-2,2,27,3,10,187,MQ,BOS,9
-3,2,28,4,10,187,MQ,BOS,10
-8,2,29,5,10,187,MQ,BOS,11
-8,2,2,6,15,187,MQ,BOS,12
-3,2,9,6,15,187,MQ,BOS,9
-4,2,16,6,15,187,MQ,BOS,2
59,2,23,6,15,187,MQ,BOS,5
9,2,1,5,16,426,MQ,RDU,11
-2,2,2,6,16,426,MQ,RDU,12
-3,2,3,7,16,426,MQ,RDU,13
43,2,4,1,16,426,MQ,RDU,14
4,2,5,2,16,426,MQ,RDU,13
-2,2,6,3,16,426,MQ,RDU,12
-6,2,7,4,16,426,MQ,RDU,11
-5,2,8,5,16,426,MQ,RDU,10
-4,2,9,6,16,426,MQ,RDU,9
28,2,10,7,16,426,MQ,RDU,8
-5,2,11,1,16,426,MQ,RDU,7
77,2,13,3,16,426,MQ,RDU,5
0,2,14,4,16,426,MQ,RDU,4
-5,2,15,5,16,426,MQ,RDU,3
19,2,16,6,16,426,MQ,RDU,2
4,2,17,7,16,426,MQ,RDU,1
-4,2,19,2,16,426,MQ,RDU,1
-1,2,20,3,16,426,MQ,RDU,2
-4,2,21,4,16,426,MQ,RDU,3
39,2,23,6,16,426,MQ,RDU,5
9,2,24,7,16,426,MQ,RDU,6
-8,2,25,1,16,426,MQ,RDU,7
-3,2,26,2,16,426,MQ,RDU,8
-3,2,27,3,16,426,MQ,RDU,9
-1,2,28,4,16,426,MQ,RDU,10
0,2,29,5,16,426,MQ,RDU,11
6,2,1,5,13,426,MQ,RDU,11
-5,2,2,6,18,426,MQ,RDU,12
-5,2,3,7,13,426,MQ,RDU,13
54,2,4,1,13,426,MQ,RDU,14
-3,2,5,2,13,426,MQ,RDU,13
-4,2,6,3,13,426,MQ,RDU,12
-3,2,7,4,13,426,MQ,RDU,11
-5,2,8,5,13,426,MQ,RDU,10
-5,2,9,6,18,426,MQ,RDU,9
-3,2,10,7,13,426,MQ,RDU,8
-5,2,11,1,13,426,MQ,RDU,7
-7,2,12,2,13,426,MQ,RDU,6
5,2,13,3,13,426,MQ,RDU,5
-6,2,14,4,13,426,MQ,RDU,4
-4,2,15,5,13,426,MQ,RDU,3
-3,2,16,6,18,426,MQ,RDU,2
-3,2,17,7,13,426,MQ,RDU,1
253,2,18,1,13,426,MQ,RDU,0
-3,2,19,2,13,426,MQ,RDU,1
-1,2,20,3,13,426,MQ,RDU,2
-2,2,21,4,13,426,MQ,RDU,3
3,2,23,6,18,426,MQ,RDU,5
-4,2,24,7,13,426,MQ,RDU,6
-2,2,25,1,13,426,MQ,RDU,7
-8,2,26,2,13,426,MQ,RDU,8
-2,2,27,3,13,426,MQ,RDU,9
1,2,28,4,13,426,MQ,RDU,10
0,2,29,5,13,426,MQ,RDU,11
-2,2,2,6,16,187,MQ,BOS,12
-9,2,3,7,16,187,MQ,BOS,13
40,2,4,1,16,187,MQ,BOS,14
3,2,5,2,16,187,MQ,BOS,13
-5,2,6,3,16,187,MQ,BOS,12
68,2,7,4,16,187,MQ,BOS,11
49,2,8,5,16,187,MQ,BOS,10
-5,2,9,6,16,187,MQ,BOS,9
0,2,10,7,16,187,MQ,BOS,8
-5,2,11,1,16,187,MQ,BOS,7
85,2,12,2,16,187,MQ,BOS,6
38,2,13,3,16,187,MQ,BOS,5
-3,2,14,4,16,187,MQ,BOS,4
25,2,15,5,16,187,MQ,BOS,3
15,2,16,6,16,187,MQ,BOS,2
29,2,17,7,16,187,MQ,BOS,1
108,2,18,1,16,187,MQ,BOS,0
-2,2,19,2,16,187,MQ,BOS,1
-7,2,20,3,16,187,MQ,BOS,2
21,2,21,4,16,187,MQ,BOS,3
84,2,23,6,16,187,MQ,BOS,5
-2,2,24,7,16,187,MQ,BOS,6
-5,2,25,1,16,187,MQ,BOS,7
3,2,26,2,16,187,MQ,BOS,8
-2,2,27,3,16,187,MQ,BOS,9
-5,2,28,4,16,187,MQ,BOS,10
-5,2,29,5,16,187,MQ,BOS,11
-5,2,1,5,12,426,MQ,RDU,11
-5,2,2,6,12,426,MQ,RDU,12
-6,2,3,7,12,426,MQ,RDU,13
-6,2,4,1,12,426,MQ,RDU,14
0,2,5,2,12,426,MQ,RDU,13
16,2,6,3,12,426,MQ,RDU,12
-6,2,7,4,12,426,MQ,RDU,11
-9,2,8,5,12,426,MQ,RDU,10
30,2,9,6,12,426,MQ,RDU,9
-5,2,10,7,12,426,MQ,RDU,8
36,2,11,1,12,426,MQ,RDU,7
-9,2,12,2,12,426,MQ,RDU,6
46,2,13,3,12,426,MQ,RDU,5
-4,2,14,4,12,426,MQ,RDU,4
-2,2,15,5,12,426,MQ,RDU,3
-5,2,16,6,12,426,MQ,RDU,2
13,2,17,7,12,426,MQ,RDU,1
99,2,18,1,12,426,MQ,RDU,0
0,2,19,2,12,426,MQ,RDU,1
-10,2,20,3,12,426,MQ,RDU,2
-5,2,21,4,12,426,MQ,RDU,3
31,2,23,6,12,426,MQ,RDU,5
-5,2,24,7,12,426,MQ,RDU,6
-7,2,25,1,12,426,MQ,RDU,7
-4,2,26,2,12,426,MQ,RDU,8
-9,2,27,3,12,426,MQ,RDU,9
143,2,28,4,12,426,MQ,RDU,10
-3,2,29,5,12,426,MQ,RDU,11
3,2,1,5,8,426,MQ,RDU,11
1,2,2,6,8,426,MQ,RDU,12
-5,2,3,7,8,426,MQ,RDU,13
1,2,4,1,8,426,MQ,RDU,14
-9,2,5,2,8,426,MQ,RDU,13
-5,2,6,3,8,426,MQ,RDU,12
-10,2,7,4,8,426,MQ,RDU,11
-6,2,8,5,8,426,MQ,RDU,10
-7,2,9,6,8,426,MQ,RDU,9
-1,2,10,7,8,426,MQ,RDU,8
-4,2,11,1,8,426,MQ,RDU,7
-11,2,12,2,8,426,MQ,RDU,6
19,2,13,3,8,426,MQ,RDU,5
-8,2,14,4,8,426,MQ,RDU,4
-1,2,15,5,8,426,MQ,RDU,3
-4,2,16,6,8,426,MQ,RDU,2
-5,2,17,7,8,426,MQ,RDU,1
251,2,18,1,8,426,MQ,RDU,0
-4,2,19,2,8,426,MQ,RDU,1
-9,2,21,4,8,426,MQ,RDU,3
121,2,22,5,8,426,MQ,RDU,4
-5,2,23,6,8,426,MQ,RDU,5
-6,2,24,7,8,426,MQ,RDU,6
-9,2,25,1,8,426,MQ,RDU,7
-7,2,26,2,8,426,MQ,RDU,8
-3,2,27,3,8,426,MQ,RDU,9
-8,2,28,4,8,426,MQ,RDU,10
-8,2,29,5,8,426,MQ,RDU,11
88,2,1,5,22,426,MQ,RDU,11
2,2,2,6,22,426,MQ,RDU,12
-3,2,3,7,22,426,MQ,RDU,13
-4,2,4,1,22,426,MQ,RDU,14
-2,2,5,2,22,426,MQ,RDU,13
-9,2,6,3,22,426,MQ,RDU,12
3,2,7,4,22,426,MQ,RDU,11
-7,2,8,5,22,426,MQ,RDU,10
-6,2,9,6,22,426,MQ,RDU,9
190,2,10,7,22,426,MQ,RDU,8
-8,2,11,1,22,426,MQ,RDU,7
-6,2,12,2,22,426,MQ,RDU,6
48,2,13,3,22,426,MQ,RDU,5
-7,2,14,4,22,426,MQ,RDU,4
-7,2,15,5,22,426,MQ,RDU,3
-5,2,16,6,22,426,MQ,RDU,2
-8,2,17,7,22,426,MQ,RDU,1
-9,2,18,1,22,426,MQ,RDU,0
65,2,19,2,22,426,MQ,RDU,1
-11,2,20,3,22,426,MQ,RDU,2
-9,2,22,5,22,426,MQ,RDU,4
-8,2,23,6,22,426,MQ,RDU,5
1,2,24,7,22,426,MQ,RDU,6
-9,2,25,1,22,426,MQ,RDU,7
112,2,26,2,22,426,MQ,RDU,8
-4,2,27,3,22,426,MQ,RDU,9
0,2,28,4,22,426,MQ,RDU,10
61,2,29,5,22,426,MQ,RDU,11
0,2,2,6,15,426,MQ,RDU,12
-7,2,3,7,15,426,MQ,RDU,13
37,2,4,1,15,426,MQ,RDU,14
83,2,5,2,15,426,MQ,RDU,13
-3,2,6,3,15,426,MQ,RDU,12
7,2,7,4,15,426,MQ,RDU,11
-4,2,8,5,15,426,MQ,RDU,10
-4,2,9,6,15,426,MQ,RDU,9
-8,2,10,7,15,426,MQ,RDU,8
31,2,12,2,15,426,MQ,RDU,6
-6,2,13,3,15,426,MQ,RDU,5
-5,2,14,4,15,426,MQ,RDU,4
-3,2,15,5,15,426,MQ,RDU,3
-3,2,16,6,15,426,MQ,RDU,2
9,2,17,7,15,426,MQ,RDU,1
28,2,18,1,15,426,MQ,RDU,0
1,2,19,2,15,426,MQ,RDU,1
-6,2,20,3,15,426,MQ,RDU,2
-4,2,21,4,15,426,MQ,RDU,3
162,2,22,5,15,426,MQ,RDU,4
-10,2,23,6,15,426,MQ,RDU,5
-7,2,24,7,15,426,MQ,RDU,6
-5,2,25,1,15,426,MQ,RDU,7
27,2,26,2,15,426,MQ,RDU,8
5,2,27,3,15,426,MQ,RDU,9
-5,2,28,4,15,426,MQ,RDU,10
-4,2,29,5,15,426,MQ,RDU,11
-4,2,1,5,16,892,MQ,STL,11
27,2,2,6,16,892,MQ,STL,12
-4,2,3,7,16,892,MQ,STL,13
0,2,4,1,16,892,MQ,STL,14
-6,2,5,2,16,892,MQ,STL,13
-3,2,6,3,16,892,MQ,STL,12
106,2,7,4,16,892,MQ,STL,11
-3,2,8,5,16,892,MQ,STL,10
11,2,9,6,16,892,MQ,STL,9
-11,2,10,7,16,892,MQ,STL,8
-5,2,12,2,16,892,MQ,STL,6
67,2,13,3,16,892,MQ,STL,5
-6,2,14,4,16,892,MQ,STL,4
101,2,15,5,16,892,MQ,STL,3
95,2,16,6,16,892,MQ,STL,2
-10,2,17,7,16,892,MQ,STL,1
142,2,18,1,16,892,MQ,STL,0
-9,2,19,2,16,892,MQ,STL,1
-6,2,20,3,16,892,MQ,STL,2
22,2,21,4,16,892,MQ,STL,3
71,2,22,5,16,892,MQ,STL,4
-9,2,23,6,16,892,MQ,STL,5
-11,2,24,7,16,892,MQ,STL,6
-6,2,25,1,16,892,MQ,STL,7
-7,2,26,2,16,892,MQ,STL,8
16,2,27,3,16,892,MQ,STL,9
-1,2,28,4,16,892,MQ,STL,10
15,2,29,5,16,892,MQ,STL,11
10,2,2,6,20,426,MQ,RDU,12
-2,2,9,6,20,426,MQ,RDU,9
78,2,16,6,20,426,MQ,RDU,2
50,2,23,6,20,426,MQ,RDU,5
2,2,1,5,16,213,MQ,DCA,11
-7,2,2,6,16,213,MQ,DCA,12
-9,2,3,7,16,213,MQ,DCA,13
57,2,5,2,16,213,MQ,DCA,13
-5,2,6,3,16,213,MQ,DCA,12
-5,2,7,4,16,213,MQ,DCA,11
19,2,8,5,16,213,MQ,DCA,10
-4,2,9,6,16,213,MQ,DCA,9
-2,2,10,7,16,213,MQ,DCA,8
15,2,11,1,16,213,MQ,DCA,7
-2,2,14,4,16,213,MQ,DCA,4
-4,2,15,5,16,213,MQ,DCA,3
62,2,16,6,16,213,MQ,DCA,2
-6,2,17,7,16,213,MQ,DCA,1
84,2,18,1,16,213,MQ,DCA,0
0,2,19,2,16,213,MQ,DCA,1
-5,2,20,3,16,213,MQ,DCA,2
-4,2,21,4,16,213,MQ,DCA,3
69,2,23,6,16,213,MQ,DCA,5
29,2,24,7,16,213,MQ,DCA,6
-3,2,25,1,16,213,MQ,DCA,7
-2,2,26,2,16,213,MQ,DCA,8
-5,2,27,3,16,213,MQ,DCA,9
30,2,28,4,16,213,MQ,DCA,10
7,2,29,5,16,213,MQ,DCA,11
71,2,2,6,19,213,MQ,DCA,12
-5,2,3,7,19,213,MQ,DCA,13
-3,2,4,1,19,213,MQ,DCA,14
-6,2,5,2,19,213,MQ,DCA,13
34,2,6,3,19,213,MQ,DCA,12
3,2,7,4,19,213,MQ,DCA,11
-4,2,8,5,19,213,MQ,DCA,10
9,2,9,6,19,213,MQ,DCA,9
40,2,10,7,19,213,MQ,DCA,8
-5,2,11,1,19,213,MQ,DCA,7
102,2,12,2,19,213,MQ,DCA,6
-5,2,13,3,19,213,MQ,DCA,5
15,2,14,4,19,213,MQ,DCA,4
56,2,15,5,19,213,MQ,DCA,3
-3,2,16,6,19,213,MQ,DCA,2
3,2,17,7,19,213,MQ,DCA,1
-1,2,18,1,19,213,MQ,DCA,0
10,2,19,2,19,213,MQ,DCA,1
-7,2,20,3,19,213,MQ,DCA,2
-5,2,21,4,19,213,MQ,DCA,3
36,2,22,5,19,213,MQ,DCA,4
7,2,23,6,19,213,MQ,DCA,5
8,2,24,7,19,213,MQ,DCA,6
-12,2,25,1,19,213,MQ,DCA,7
169,2,26,2,19,213,MQ,DCA,8
-10,2,27,3,19,213,MQ,DCA,9
-2,2,28,4,19,213,MQ,DCA,10
-5,2,29,5,19,213,MQ,DCA,11
62,2,1,5,22,213,MQ,DCA,11
-11,2,2,6,22,213,MQ,DCA,12
-5,2,3,7,22,213,MQ,DCA,13
-4,2,4,1,22,213,MQ,DCA,14
-5,2,5,2,22,213,MQ,DCA,13
-11,2,6,3,22,213,MQ,DCA,12
3,2,7,4,22,213,MQ,DCA,11
7,2,8,5,22,213,MQ,DCA,10
-3,2,9,6,22,213,MQ,DCA,9
-3,2,10,7,22,213,MQ,DCA,8
-8,2,11,1,22,213,MQ,DCA,7
-8,2,14,4,22,213,MQ,DCA,4
16,2,15,5,22,213,MQ,DCA,3
-5,2,16,6,22,213,MQ,DCA,2
-7,2,17,7,22,213,MQ,DCA,1
50,2,18,1,22,213,MQ,DCA,0
-2,2,19,2,22,213,MQ,DCA,1
7,2,20,3,22,213,MQ,DCA,2
-1,2,21,4,22,213,MQ,DCA,3
-10,2,23,6,22,213,MQ,DCA,5
-10,2,24,7,22,213,MQ,DCA,6
-7,2,25,1,22,213,MQ,DCA,7
63,2,26,2,22,213,MQ,DCA,8
-5,2,27,3,22,213,MQ,DCA,9
-8,2,28,4,22,213,MQ,DCA,10
-10,2,29,5,22,213,MQ,DCA,11
12,2,2,6,13,213,MQ,DCA,12
0,2,9,6,13,213,MQ,DCA,9
-11,2,16,6,13,213,MQ,DCA,2
7,2,3,7,14,213,MQ,DCA,13
-5,2,10,7,14,213,MQ,DCA,8
-5,2,17,7,14,213,MQ,DCA,1
43,2,24,7,14,213,MQ,DCA,6
7,2,1,5,9,213,MQ,DCA,11
249,2,2,6,9,213,MQ,DCA,12
0,2,3,7,9,213,MQ,DCA,13
64,2,4,1,9,213,MQ,DCA,14
-6,2,5,2,9,213,MQ,DCA,13
-5,2,6,3,9,213,MQ,DCA,12
-1,2,7,4,9,213,MQ,DCA,11
-4,2,8,5,9,213,MQ,DCA,10
-1,2,9,6,9,213,MQ,DCA,9
156,2,10,7,9,213,MQ,DCA,8
-4,2,11,1,9,213,MQ,DCA,7
-3,2,12,2,9,213,MQ,DCA,6
115,2,13,3,9,213,MQ,DCA,5
-1,2,14,4,9,213,MQ,DCA,4
-1,2,15,5,9,213,MQ,DCA,3
-1,2,16,6,9,213,MQ,DCA,2
0,2,17,7,9,213,MQ,DCA,1
1,2,18,1,9,213,MQ,DCA,0
26,2,19,2,9,213,MQ,DCA,1
-5,2,20,3,9,213,MQ,DCA,2
-5,2,21,4,9,213,MQ,DCA,3
43,2,22,5,9,213,MQ,DCA,4
-5,2,24,7,9,213,MQ,DCA,6
-5,2,25,1,9,213,MQ,DCA,7
-2,2,26,2,9,213,MQ,DCA,8
-2,2,27,3,9,213,MQ,DCA,9
-6,2,28,4,9,213,MQ,DCA,10
-2,2,29,5,9,213,MQ,DCA,11
1,2,14,4,17,1028,NW,MSP,4
-4,2,15,5,17,1028,NW,MSP,3
2,2,16,6,17,1028,NW,MSP,2
4,2,17,7,17,1028,NW,MSP,1
73,2,18,1,17,1028,NW,MSP,0
-6,2,19,2,17,1028,NW,MSP,1
54,2,20,3,17,1028,NW,MSP,2
10,2,21,4,17,1028,NW,MSP,3
52,2,22,5,17,1028,NW,MSP,4
-3,2,23,6,17,1028,NW,MSP,5
13,2,24,7,17,1028,NW,MSP,6
-3,2,25,1,17,1028,NW,MSP,7
15,2,26,2,17,1028,NW,MSP,8
13,2,27,3,17,1028,NW,MSP,9
-4,2,28,4,17,1028,NW,MSP,10
5,2,29,5,17,1028,NW,MSP,11
81,2,1,5,11,1028,NW,MSP,11
-1,2,3,7,11,1028,NW,MSP,13
-4,2,4,1,11,1028,NW,MSP,14
-4,2,5,2,11,1028,NW,MSP,13
-10,2,6,3,11,1028,NW,MSP,12
26,2,7,4,11,1028,NW,MSP,11
12,2,8,5,11,1028,NW,MSP,10
5,2,10,7,11,1028,NW,MSP,8
2,2,11,1,11,1028,NW,MSP,7
-11,2,12,2,11,1028,NW,MSP,6
-1,2,13,3,11,1028,NW,MSP,5
4,2,14,4,11,1028,NW,MSP,4
8,2,15,5,11,1028,NW,MSP,3
-1,2,17,7,11,1028,NW,MSP,1
58,2,18,1,11,1028,NW,MSP,0
-6,2,19,2,11,1028,NW,MSP,1
-4,2,20,3,11,1028,NW,MSP,2
-1,2,21,4,11,1028,NW,MSP,3
7,2,24,7,11,1028,NW,MSP,6
100,2,25,1,11,1028,NW,MSP,7
-9,2,26,2,11,1028,NW,MSP,8
9,2,27,3,11,1028,NW,MSP,9
4,2,28,4,11,1028,NW,MSP,10
2,2,29,5,11,1028,NW,MSP,11
-2,2,1,5,8,1028,NW,MSP,11
196,2,2,6,8,1028,NW,MSP,12
-8,2,3,7,8,1028,NW,MSP,13
-2,2,4,1,8,1028,NW,MSP,14
-2,2,5,2,8,1028,NW,MSP,13
-8,2,6,3,8,1028,NW,MSP,12
-4,2,7,4,8,1028,NW,MSP,11
-5,2,8,5,8,1028,NW,MSP,10
-7,2,9,6,8,1028,NW,MSP,9
8,2,10,7,8,1028,NW,MSP,8
69,2,11,1,8,1028,NW,MSP,7
-3,2,12,2,8,1028,NW,MSP,6
33,2,13,3,8,1028,NW,MSP,5
308,2,1,5,17,1028,NW,MSP,11
13,2,2,6,17,1028,NW,MSP,12
-3,2,3,7,17,1028,NW,MSP,13
30,2,4,1,17,1028,NW,MSP,14
-5,2,5,2,17,1028,NW,MSP,13
5,2,6,3,17,1028,NW,MSP,12
4,2,7,4,17,1028,NW,MSP,11
-1,2,8,5,17,1028,NW,MSP,10
45,2,9,6,17,1028,NW,MSP,9
83,2,10,7,17,1028,NW,MSP,8
-7,2,11,1,17,1028,NW,MSP,7
18,2,12,2,17,1028,NW,MSP,6
268,2,13,3,17,1028,NW,MSP,5
-4,2,14,4,8,1028,NW,MSP,4
-1,2,15,5,8,1028,NW,MSP,3
10,2,16,6,8,1028,NW,MSP,2
-3,2,17,7,8,1028,NW,MSP,1
-1,2,18,1,8,1028,NW,MSP,0
6,2,19,2,8,1028,NW,MSP,1
-5,2,20,3,8,1028,NW,MSP,2
41,2,21,4,8,1028,NW,MSP,3
1,2,22,5,8,1028,NW,MSP,4
-7,2,23,6,8,1028,NW,MSP,5
-3,2,24,7,8,1028,NW,MSP,6
-7,2,25,1,8,1028,NW,MSP,7
-3,2,26,2,8,1028,NW,MSP,8
-1,2,27,3,8,1028,NW,MSP,9
24,2,28,4,8,1028,NW,MSP,10
-6,2,29,5,8,1028,NW,MSP,11
-8,2,14,4,16,508,NW,DTW,4
-11,2,15,5,16,508,NW,DTW,3
14,2,16,6,16,508,NW,DTW,2
-8,2,17,7,16,508,NW,DTW,1
136,2,18,1,16,508,NW,DTW,0
-9,2,19,2,16,508,NW,DTW,1
-9,2,20,3,16,508,NW,DTW,2
-11,2,21,4,16,508,NW,DTW,3
-2,2,23,6,16,508,NW,DTW,5
1,2,24,7,16,508,NW,DTW,6
-11,2,25,1,16,508,NW,DTW,7
104,2,26,2,16,508,NW,DTW,8
7,2,27,3,16,508,NW,DTW,9
-7,2,28,4,16,508,NW,DTW,10
4,2,29,5,16,508,NW,DTW,11
-8,2,1,5,9,508,NW,DTW,11
2,2,2,6,9,508,NW,DTW,12
-8,2,4,1,9,508,NW,DTW,14
7,2,5,2,9,508,NW,DTW,13
-7,2,6,3,9,508,NW,DTW,12
-3,2,7,4,9,508,NW,DTW,11
-9,2,8,5,9,508,NW,DTW,10
16,2,9,6,9,508,NW,DTW,9
-4,2,11,1,9,508,NW,DTW,7
-1,2,12,2,9,508,NW,DTW,6
42,2,13,3,9,508,NW,DTW,5
28,2,14,4,9,508,NW,DTW,4
0,2,15,5,9,508,NW,DTW,3
-3,2,16,6,9,508,NW,DTW,2
0,2,18,1,9,508,NW,DTW,0
-7,2,19,2,9,508,NW,DTW,1
-7,2,20,3,9,508,NW,DTW,2
-1,2,21,4,9,508,NW,DTW,3
170,2,22,5,9,508,NW,DTW,4
-7,2,25,1,9,508,NW,DTW,7
-9,2,26,2,9,508,NW,DTW,8
-3,2,27,3,9,508,NW,DTW,9
-5,2,28,4,9,508,NW,DTW,10
40,2,29,5,9,508,NW,DTW,11
19,2,1,5,16,508,NW,DTW,11
10,2,2,6,16,508,NW,DTW,12
18,2,3,7,16,508,NW,DTW,13
54,2,4,1,16,508,NW,DTW,14
-7,2,5,2,16,508,NW,DTW,13
10,2,6,3,16,508,NW,DTW,12
0,2,7,4,16,508,NW,DTW,11
-2,2,8,5,16,508,NW,DTW,10
-7,2,9,6,16,508,NW,DTW,9
93,2,10,7,16,508,NW,DTW,8
0,2,11,1,16,508,NW,DTW,7
40,2,12,2,16,508,NW,DTW,6
