-4,6,1,7,15,541,YV,CLT,6
14,6,1,7,6,541,YV,CLT,6
0,6,2,1,15,541,YV,CLT,7
0,6,2,1,6,541,YV,CLT,7
0,6,2,1,12,541,YV,CLT,7
-9,6,1,7,19,144,OH,PVD,6
15,6,1,7,8,213,OH,DCA,6
140,6,1,7,18,1522,OH,AUS,6
-5,6,1,7,18,425,OH,CLE,6
-2,6,1,7,20,267,OH,BTV,6
-7,6,1,7,13,94,OH,PHL,6
35,6,1,7,19,288,OH,RIC,6
-5,6,1,7,12,145,OH,ALB,6
-4,6,1,7,18,213,OH,DCA,6
-5,6,1,7,20,740,OH,ORD,6
0,6,1,7,12,213,OH,DCA,6
14,6,1,7,16,740,OH,ORD,6
-5,6,1,7,16,483,OH,CMH,6
-5,6,1,7,9,187,OH,BOS,6
90,6,1,7,14,187,OH,BOS,6
-5,6,1,7,22,187,OH,BOS,6
0,6,1,7,21,589,OH,CVG,6
0,6,1,7,13,589,OH,CVG,6
5,6,1,7,14,267,OH,BTV,6
-5,6,1,7,19,187,OH,BOS,6
10,6,1,7,16,508,OH,DTW,6
0,6,1,7,16,340,OH,PIT,6
-5,6,1,7,15,425,OH,CLE,6
-5,6,1,7,16,184,OH,BWI,6
0,6,1,7,9,740,OH,ORD,6
0,6,1,7,14,106,OH,BDL,6
-5,6,1,7,19,426,OH,RDU,6
-10,6,1,7,18,145,OH,ALB,6
0,6,1,7,13,264,OH,ROC,6
0,6,1,7,19,209,OH,SYR,6
35,6,1,7,13,209,OH,SYR,6
-5,6,1,7,13,144,OH,PVD,6
0,6,1,7,13,228,OH,IAD,6
-10,6,1,7,22,264,OH,ROC,6
10,6,1,7,11,760,OH,ATL,6
40,6,2,1,16,426,OH,RDU,7
75,6,2,1,20,508,OH,DTW,7
202,6,2,1,13,264,OH,ROC,7
-10,6,2,1,19,766,OH,BNA,7
-6,6,2,1,9,267,OH,BTV,7
45,6,2,1,20,184,OH,BWI,7
0,6,2,1,8,425,OH,CLE,7
-9,6,2,1,14,288,OH,RIC,7
103,6,2,1,19,144,OH,PVD,7
-5,6,2,1,8,213,OH,DCA,7
15,6,2,1,18,1522,OH,AUS,7
35,6,2,1,18,425,OH,CLE,7
0,6,2,1,20,267,OH,BTV,7
0,6,2,1,8,508,OH,DTW,7
-3,6,2,1,13,94,OH,PHL,7
-10,6,2,1,19,288,OH,RIC,7
204,6,2,1,12,289,OH,ORF,7
65,6,2,1,12,288,OH,RIC,7
-5,6,2,1,12,145,OH,ALB,7
5,6,2,1,18,213,OH,DCA,7
15,6,2,1,22,289,OH,ORF,7
10,6,2,1,20,740,OH,ORD,7
0,6,2,1,8,288,OH,RIC,7
0,6,2,1,18,106,OH,BDL,7
110,6,2,1,12,213,OH,DCA,7
0,6,2,1,7,740,OH,ORD,7
60,6,2,1,16,740,OH,ORD,7
0,6,2,1,16,483,OH,CMH,7
-5,6,2,1,8,187,OH,BOS,7
95,6,2,1,9,187,OH,BOS,7
15,6,2,1,14,187,OH,BOS,7
-10,6,2,1,22,187,OH,BOS,7
-10,6,2,1,21,589,OH,CVG,7
0,6,2,1,13,589,OH,CVG,7
13,6,2,1,14,267,OH,BTV,7
-5,6,2,1,12,301,OH,BUF,7
15,6,2,1,19,187,OH,BOS,7
20,6,2,1,16,508,OH,DTW,7
-5,6,2,1,16,340,OH,PIT,7
0,6,2,1,15,425,OH,CLE,7
0,6,2,1,14,106,OH,BDL,7
0,6,2,1,19,426,OH,RDU,7
0,6,2,1,19,209,OH,SYR,7
12,6,2,1,9,264,OH,ROC,7
-5,6,2,1,9,274,OH,PWM,7
60,6,2,1,13,209,OH,SYR,7
160,6,2,1,8,184,OH,BWI,7
-10,6,2,1,13,144,OH,PVD,7
-10,6,2,1,13,228,OH,IAD,7
-6,6,2,1,22,264,OH,ROC,7
0,6,2,1,11,760,OH,ATL,7
0,6,2,1,8,340,OH,PIT,7
-5,6,3,2,16,426,OH,RDU,8
50,6,3,2,20,508,OH,DTW,8
0,6,3,2,13,264,OH,ROC,8
0,6,3,2,19,766,OH,BNA,8
0,6,3,2,9,267,OH,BTV,8
-7,6,3,2,19,184,OH,BWI,8
0,6,3,2,8,425,OH,CLE,8
-5,6,3,2,14,288,OH,RIC,8
10,6,3,2,9,106,OH,BDL,8
105,6,3,2,18,106,OH,BDL,8
0,6,3,2,19,144,OH,PVD,8
0,6,3,2,8,213,OH,DCA,8
0,6,3,2,18,1522,OH,AUS,8
-10,6,3,2,18,425,OH,CLE,8
-15,6,3,2,20,267,OH,BTV,8
0,6,3,2,8,508,OH,DTW,8
16,6,3,2,13,589,OH,CVG,8
0,6,3,2,13,94,OH,PHL,8
-10,6,3,2,12,288,OH,RIC,8
-5,6,3,2,12,145,OH,ALB,8
-10,6,3,2,18,213,OH,DCA,8
-8,6,3,2,20,740,OH,ORD,8
15,6,3,2,8,288,OH,RIC,8
-10,6,3,2,12,213,OH,DCA,8
-5,6,3,2,7,740,OH,ORD,8
65,6,3,2,16,740,OH,ORD,8
30,6,3,2,16,483,OH,CMH,8
0,6,3,2,8,187,OH,BOS,8
-5,6,3,2,9,187,OH,BOS,8
6,6,3,2,14,187,OH,BOS,8
50,6,3,2,22,187,OH,BOS,8
-10,6,3,2,21,589,OH,CVG,8
22,6,3,2,14,267,OH,BTV,8
0,6,3,2,12,301,OH,BUF,8
0,6,3,2,19,187,OH,BOS,8
25,6,3,2,16,508,OH,DTW,8
-1,6,3,2,16,340,OH,PIT,8
-10,6,3,2,15,425,OH,CLE,8
-9,6,3,2,16,184,OH,BWI,8
8,6,3,2,9,301,OH,BUF,8
-10,6,3,2,19,426,OH,RDU,8
25,6,3,2,19,209,OH,SYR,8
-5,6,3,2,9,264,OH,ROC,8
-4,6,3,2,20,274,OH,PWM,8
0,6,3,2,9,274,OH,PWM,8
-5,6,3,2,18,145,OH,ALB,8
0,6,3,2,13,209,OH,SYR,8
0,6,3,2,14,106,OH,BDL,8
10,6,3,2,13,144,OH,PVD,8
0,6,3,2,13,228,OH,IAD,8
-10,6,3,2,22,264,OH,ROC,8
35,6,3,2,11,760,OH,ATL,8
-5,6,3,2,8,340,OH,PIT,8
15,6,4,3,12,184,OH,BWI,9
30,6,4,3,16,426,OH,RDU,9
-5,6,4,3,20,508,OH,DTW,9
15,6,4,3,13,264,OH,ROC,9
0,6,4,3,9,267,OH,BTV,9
-5,6,4,3,8,289,OH,ORF,9
0,6,4,3,20,184,OH,BWI,9
10,6,4,3,8,425,OH,CLE,9
26,6,4,3,14,288,OH,RIC,9
-2,6,4,3,9,106,OH,BDL,9
-5,6,4,3,19,144,OH,PVD,9
0,6,4,3,8,213,OH,DCA,9
-6,6,4,3,18,1522,OH,AUS,9
-10,6,4,3,18,425,OH,CLE,9
-3,6,4,3,20,267,OH,BTV,9
0,6,4,3,8,508,OH,DTW,9
98,6,4,3,13,94,OH,PHL,9
12,6,4,3,19,288,OH,RIC,9
-8,6,4,3,12,289,OH,ORF,9
0,6,4,3,12,288,OH,RIC,9
35,6,4,3,12,145,OH,ALB,9
0,6,4,3,18,213,OH,DCA,9
5,6,4,3,20,740,OH,ORD,9
0,6,4,3,8,288,OH,RIC,9
-10,6,4,3,18,106,OH,BDL,9
-10,6,4,3,12,213,OH,DCA,9
-5,6,4,3,7,740,OH,ORD,9
80,6,4,3,16,740,OH,ORD,9
50,6,4,3,16,483,OH,CMH,9
0,6,4,3,8,187,OH,BOS,9
-7,6,4,3,9,187,OH,BOS,9
295,6,4,3,14,187,OH,BOS,9
140,6,4,3,22,187,OH,BOS,9
20,6,4,3,21,589,OH,CVG,9
0,6,4,3,13,589,OH,CVG,9
50,6,4,3,14,267,OH,BTV,9
50,6,4,3,12,301,OH,BUF,9
158,6,4,3,16,508,OH,DTW,9
30,6,4,3,15,425,OH,CLE,9
28,6,4,3,14,106,OH,BDL,9
-10,6,4,3,19,426,OH,RDU,9
-3,6,4,3,19,209,OH,SYR,9
-5,6,4,3,9,426,OH,RDU,9
160,6,4,3,18,664,OH,IND,9
-2,6,4,3,20,274,OH,PWM,9
-5,6,4,3,9,274,OH,PWM,9
234,6,4,3,18,145,OH,ALB,9
-10,6,4,3,13,209,OH,SYR,9
15,6,4,3,8,184,OH,BWI,9
14,6,4,3,13,144,OH,PVD,9
47,6,4,3,13,228,OH,IAD,9
-5,6,4,3,22,264,OH,ROC,9
30,6,4,3,11,760,OH,ATL,9
0,6,4,3,8,340,OH,PIT,9
0,6,5,4,9,426,OH,RDU,10
0,6,5,4,20,508,OH,DTW,10
43,6,5,4,14,382,OH,BGR,10
-10,6,5,4,8,508,OH,DTW,10
35,6,5,4,14,288,OH,RIC,10
5,6,5,4,8,94,OH,PHL,10
-10,6,5,4,12,228,OH,IAD,10
-8,6,5,4,8,425,OH,CLE,10
-10,6,5,4,11,892,OH,STL,10
125,6,5,4,17,1522,OH,AUS,10
74,6,5,4,20,425,OH,CLE,10
295,6,5,4,16,426,OH,RDU,10
12,6,5,4,18,892,OH,STL,10
10,6,5,4,13,1028,OH,MSP,10
146,6,5,4,12,340,OH,PIT,10
40,6,5,4,9,288,OH,RIC,10
-5,6,5,4,10,301,OH,BUF,10
-10,6,5,4,9,382,OH,BGR,10
-10,6,5,4,21,664,OH,IND,10
65,6,5,4,16,740,OH,ORD,10
10,6,5,4,16,483,OH,CMH,10
0,6,5,4,7,187,OH,BOS,10
0,6,5,4,9,187,OH,BOS,10
20,6,5,4,13,187,OH,BOS,10
20,6,5,4,22,187,OH,BOS,10
90,6,5,4,12,187,OH,BOS,10
-10,6,5,4,22,267,OH,BTV,10
32,6,5,4,21,589,OH,CVG,10
50,6,5,4,13,267,OH,BTV,10
-10,6,5,4,9,184,OH,BWI,10
0,6,5,4,8,340,OH,PIT,10
105,6,5,4,19,187,OH,BOS,10
10,6,5,4,13,264,OH,ROC,10
-5,6,5,4,8,589,OH,CVG,10
-1,6,5,4,16,184,OH,BWI,10
0,6,5,4,18,213,OH,DCA,10
7,6,5,4,16,508,OH,DTW,10
15,6,5,4,16,340,OH,PIT,10
0,6,5,4,12,425,OH,CLE,10
50,6,5,4,12,274,OH,PWM,10
-5,6,5,4,7,740,OH,ORD,10
0,6,5,4,12,213,OH,DCA,10
-5,6,5,4,22,209,OH,SYR,10
12,6,5,4,17,94,OH,PHL,10
160,6,5,4,21,340,OH,PIT,10
35,6,6,5,20,508,OH,DTW,11
21,6,6,5,14,382,OH,BGR,11
0,6,6,5,8,508,OH,DTW,11
140,6,6,5,14,288,OH,RIC,11
25,6,6,5,8,94,OH,PHL,11
-3,6,6,5,12,228,OH,IAD,11
-5,6,6,5,8,425,OH,CLE,11
-10,6,6,5,11,892,OH,STL,11
0,6,6,5,9,740,OH,ORD,11
0,6,6,5,17,1522,OH,AUS,11
0,6,6,5,16,289,OH,ORF,11
-9,6,6,5,19,425,OH,CLE,11
0,6,6,5,16,426,OH,RDU,11
0,6,6,5,18,892,OH,STL,11
85,6,6,5,20,1028,OH,MSP,11
88,6,6,5,13,1028,OH,MSP,11
0,6,6,5,9,288,OH,RIC,11
-4,6,6,5,10,301,OH,BUF,11
0,6,6,5,9,382,OH,BGR,11
-10,6,6,5,20,664,OH,IND,11
60,6,6,5,16,740,OH,ORD,11
0,6,6,5,16,483,OH,CMH,11
0,6,6,5,14,144,OH,PVD,11
-10,6,6,5,7,187,OH,BOS,11
0,6,6,5,9,187,OH,BOS,11
125,6,6,5,13,187,OH,BOS,11
50,6,6,5,22,187,OH,BOS,11
0,6,6,5,12,187,OH,BOS,11
-10,6,6,5,22,267,OH,BTV,11
9,6,6,5,21,589,OH,CVG,11
0,6,6,5,13,267,OH,BTV,11
0,6,6,5,9,184,OH,BWI,11
0,6,6,5,8,340,OH,PIT,11
0,6,6,5,19,187,OH,BOS,11
10,6,6,5,14,264,OH,ROC,11
35,6,6,5,8,589,OH,CVG,11
-8,6,6,5,16,184,OH,BWI,11
31,6,6,5,13,541,OH,CLT,11
-3,6,6,5,18,213,OH,DCA,11
10,6,6,5,16,508,OH,DTW,11
0,6,6,5,16,340,OH,PIT,11
0,6,6,5,12,425,OH,CLE,11
0,6,6,5,12,274,OH,PWM,11
30,6,6,5,8,1090,OH,MIA,11
0,6,6,5,7,740,OH,ORD,11
15,6,6,5,12,213,OH,DCA,11
15,6,6,5,17,94,OH,PHL,11
-5,6,7,6,20,508,OH,DTW,12
86,6,7,6,14,382,OH,BGR,12
-5,6,7,6,8,508,OH,DTW,12
210,6,7,6,14,288,OH,RIC,12
60,6,7,6,12,301,OH,BUF,12
18,6,7,6,8,94,OH,PHL,12
-3,6,7,6,12,228,OH,IAD,12
-5,6,7,6,8,425,OH,CLE,12
0,6,7,6,8,589,OH,CVG,12
-3,6,7,6,17,1522,OH,AUS,12
-9,6,7,6,19,425,OH,CLE,12
-5,6,7,6,16,426,OH,RDU,12
10,6,7,6,18,892,OH,STL,12
20,6,7,6,19,1028,OH,MSP,12
-5,6,7,6,12,184,OH,BWI,12
0,6,7,6,13,1028,OH,MSP,12
195,6,7,6,20,213,OH,DCA,12
0,6,7,6,9,288,OH,RIC,12
-10,6,7,6,10,301,OH,BUF,12
85,6,7,6,21,760,OH,ATL,12
0,6,7,6,9,382,OH,BGR,12
30,6,7,6,20,664,OH,IND,12
35,6,7,6,17,740,OH,ORD,12
-3,6,7,6,16,483,OH,CMH,12
25,6,7,6,14,144,OH,PVD,12
18,6,7,6,7,187,OH,BOS,12
-5,6,7,6,9,187,OH,BOS,12
-7,6,7,6,13,187,OH,BOS,12
0,6,7,6,22,187,OH,BOS,12
0,6,7,6,12,187,OH,BOS,12
0,6,7,6,21,589,OH,CVG,12
25,6,7,6,13,267,OH,BTV,12
0,6,7,6,9,184,OH,BWI,12
0,6,7,6,8,340,OH,PIT,12
0,6,7,6,19,187,OH,BOS,12
0,6,7,6,14,264,OH,ROC,12
0,6,7,6,16,184,OH,BWI,12
165,6,7,6,8,213,OH,DCA,12
84,6,7,6,13,541,OH,CLT,12
-5,6,7,6,18,213,OH,DCA,12
57,6,7,6,16,508,OH,DTW,12
0,6,7,6,15,340,OH,PIT,12
68,6,7,6,12,425,OH,CLE,12
45,6,7,6,8,1090,OH,MIA,12
14,6,7,6,7,740,OH,ORD,12
-5,6,7,6,12,213,OH,DCA,12
0,6,7,6,19,209,OH,SYR,12
-5,6,7,6,18,145,OH,ALB,12
-5,6,7,6,17,94,OH,PHL,12
20,6,7,6,21,340,OH,PIT,12
-10,6,8,7,20,508,OH,DTW,13
0,6,8,7,14,382,OH,BGR,13
0,6,8,7,8,508,OH,DTW,13
5,6,8,7,14,288,OH,RIC,13
-5,6,8,7,12,301,OH,BUF,13
14,6,8,7,8,94,OH,PHL,13
-3,6,8,7,12,228,OH,IAD,13
-1,6,8,7,8,425,OH,CLE,13
0,6,8,7,17,1522,OH,AUS,13
48,6,8,7,16,289,OH,ORF,13
-1,6,8,7,15,426,OH,RDU,13
-5,6,8,7,13,1028,OH,MSP,13
0,6,8,7,9,740,OH,ORD,13
-6,6,8,7,9,288,OH,RIC,13
-4,6,8,7,10,301,OH,BUF,13
-10,6,8,7,9,382,OH,BGR,13
9,6,8,7,16,483,OH,CMH,13
-10,6,8,7,14,144,OH,PVD,13
-5,6,8,7,9,187,OH,BOS,13
0,6,8,7,13,187,OH,BOS,13
0,6,8,7,12,187,OH,BOS,13
-5,6,8,7,22,267,OH,BTV,13
0,6,8,7,21,589,OH,CVG,13
0,6,8,7,13,267,OH,BTV,13
15,6,8,7,8,340,OH,PIT,13
0,6,8,7,19,187,OH,BOS,13
0,6,8,7,13,264,OH,ROC,13
0,6,8,7,8,589,OH,CVG,13
-10,6,8,7,16,184,OH,BWI,13
-5,6,8,7,8,213,OH,DCA,13
0,6,8,7,18,213,OH,DCA,13
245,6,8,7,16,508,OH,DTW,13
26,6,8,7,16,340,OH,PIT,13
0,6,8,7,12,425,OH,CLE,13
27,6,8,7,12,274,OH,PWM,13
20,6,8,7,8,1090,OH,MIA,13
45,6,8,7,12,213,OH,DCA,13
0,6,8,7,22,209,OH,SYR,13
33,6,8,7,17,94,OH,PHL,13
46,6,8,7,21,340,OH,PIT,13
5,6,9,1,20,508,OH,DTW,14
0,6,9,1,14,382,OH,BGR,14
10,6,9,1,8,508,OH,DTW,14
0,6,9,1,14,288,OH,RIC,14
65,6,9,1,8,94,OH,PHL,14
0,6,9,1,12,228,OH,IAD,14
0,6,9,1,8,425,OH,CLE,14
0,6,9,1,11,892,OH,STL,14
90,6,9,1,9,740,OH,ORD,14
-10,6,9,1,17,1522,OH,AUS,14
0,6,9,1,16,289,OH,ORF,14
91,6,9,1,19,425,OH,CLE,14
10,6,9,1,16,426,OH,RDU,14
10,6,9,1,18,892,OH,STL,14
130,6,9,1,20,1028,OH,MSP,14
40,6,9,1,13,1028,OH,MSP,14
0,6,9,1,9,288,OH,RIC,14
0,6,9,1,11,636,OH,CHS,14
-10,6,9,1,10,301,OH,BUF,14
50,6,9,1,9,382,OH,BGR,14
180,6,9,1,20,664,OH,IND,14
65,6,9,1,16,740,OH,ORD,14
0,6,9,1,16,483,OH,CMH,14
10,6,9,1,14,144,OH,PVD,14
0,6,9,1,7,187,OH,BOS,14
0,6,9,1,9,187,OH,BOS,14
0,6,9,1,13,187,OH,BOS,14
0,6,9,1,22,187,OH,BOS,14
15,6,9,1,12,187,OH,BOS,14
-2,6,9,1,22,267,OH,BTV,14
21,6,9,1,21,589,OH,CVG,14
10,6,9,1,13,267,OH,BTV,14
-2,6,9,1,9,184,OH,BWI,14
10,6,9,1,8,340,OH,PIT,14
14,6,9,1,19,187,OH,BOS,14
0,6,9,1,14,264,OH,ROC,14
60,6,9,1,8,589,OH,CVG,14
190,6,9,1,16,184,OH,BWI,14
0,6,9,1,13,541,OH,CLT,14
0,6,9,1,18,213,OH,DCA,14
55,6,9,1,16,508,OH,DTW,14
0,6,9,1,16,340,OH,PIT,14
10,6,9,1,12,425,OH,CLE,14
105,6,9,1,12,274,OH,PWM,14
0,6,9,1,8,1090,OH,MIA,14
0,6,9,1,7,740,OH,ORD,14
25,6,9,1,12,213,OH,DCA,14
40,6,9,1,22,209,OH,SYR,14
-5,6,9,1,17,94,OH,PHL,14
111,6,9,1,21,340,OH,PIT,14
0,6,10,2,8,508,OH,DTW,15
50,6,10,2,14,288,OH,RIC,15
30,6,10,2,8,94,OH,PHL,15
-10,6,10,2,12,228,OH,IAD,15
-5,6,10,2,8,425,OH,CLE,15
-4,6,10,2,11,892,OH,STL,15
-5,6,10,2,9,740,OH,ORD,15
134,6,10,2,17,1522,OH,AUS,15
8,6,10,2,16,289,OH,ORF,15
30,6,10,2,16,426,OH,RDU,15
55,6,10,2,20,1028,OH,MSP,15
25,6,10,2,13,1028,OH,MSP,15
0,6,10,2,9,288,OH,RIC,15
8,6,10,2,10,301,OH,BUF,15
-5,6,10,2,9,382,OH,BGR,15
-7,6,10,2,20,664,OH,IND,15
0,6,10,2,16,740,OH,ORD,15
-10,6,10,2,16,483,OH,CMH,15
0,6,10,2,14,144,OH,PVD,15
30,6,10,2,7,187,OH,BOS,15
25,6,10,2,9,187,OH,BOS,15
-5,6,10,2,13,187,OH,BOS,15
45,6,10,2,22,187,OH,BOS,15
-5,6,10,2,12,187,OH,BOS,15
0,6,10,2,13,267,OH,BTV,15
-10,6,10,2,9,184,OH,BWI,15
-1,6,10,2,8,340,OH,PIT,15
45,6,10,2,19,187,OH,BOS,15
-5,6,10,2,14,264,OH,ROC,15
0,6,10,2,8,589,OH,CVG,15
26,6,10,2,13,541,OH,CLT,15
0,6,10,2,18,213,OH,DCA,15
0,6,10,2,16,340,OH,PIT,15
-12,6,10,2,12,425,OH,CLE,15
28,6,10,2,12,274,OH,PWM,15
0,6,10,2,8,1090,OH,MIA,15
-5,6,10,2,7,740,OH,ORD,15
-5,6,10,2,12,213,OH,DCA,15
140,6,10,2,22,209,OH,SYR,15
8,6,10,2,17,94,OH,PHL,15
140,6,11,3,20,508,OH,DTW,16
0,6,11,3,14,382,OH,BGR,16
25,6,11,3,8,508,OH,DTW,16
-5,6,11,3,14,288,OH,RIC,16
25,6,11,3,8,94,OH,PHL,16
20,6,11,3,12,228,OH,IAD,16
10,6,11,3,8,425,OH,CLE,16
-1,6,11,3,11,892,OH,STL,16
0,6,11,3,9,740,OH,ORD,16
0,6,11,3,17,1522,OH,AUS,16
26,6,11,3,19,425,OH,CLE,16
-5,6,11,3,16,426,OH,RDU,16
25,6,11,3,18,892,OH,STL,16
20,6,11,3,20,1028,OH,MSP,16
85,6,11,3,13,1028,OH,MSP,16
128,6,11,3,9,288,OH,RIC,16
-5,6,11,3,10,301,OH,BUF,16
0,6,11,3,9,382,OH,BGR,16
-10,6,11,3,20,664,OH,IND,16
30,6,11,3,16,740,OH,ORD,16
-8,6,11,3,16,483,OH,CMH,16
31,6,11,3,14,144,OH,PVD,16
-10,6,11,3,7,187,OH,BOS,16
0,6,11,3,9,187,OH,BOS,16
0,6,11,3,13,187,OH,BOS,16
-7,6,11,3,22,187,OH,BOS,16
-10,6,11,3,12,187,OH,BOS,16
-5,6,11,3,22,267,OH,BTV,16
0,6,11,3,21,589,OH,CVG,16
0,6,11,3,13,267,OH,BTV,16
0,6,11,3,9,184,OH,BWI,16
10,6,11,3,8,340,OH,PIT,16
-10,6,11,3,19,187,OH,BOS,16
0,6,11,3,13,264,OH,ROC,16
85,6,11,3,8,589,OH,CVG,16
-6,6,11,3,16,184,OH,BWI,16
-5,6,11,3,13,541,OH,CLT,16
-5,6,11,3,18,213,OH,DCA,16
10,6,11,3,16,508,OH,DTW,16
0,6,11,3,16,340,OH,PIT,16
-10,6,11,3,12,425,OH,CLE,16
0,6,11,3,12,274,OH,PWM,16
0,6,11,3,8,1090,OH,MIA,16
12,6,11,3,7,740,OH,ORD,16
0,6,11,3,12,213,OH,DCA,16
-5,6,11,3,22,209,OH,SYR,16
0,6,11,3,17,94,OH,PHL,16
106,6,11,3,21,340,OH,PIT,16
0,6,12,4,20,508,OH,DTW,17
-7,6,12,4,14,382,OH,BGR,17
0,6,12,4,8,508,OH,DTW,17
0,6,12,4,14,288,OH,RIC,17
0,6,12,4,8,94,OH,PHL,17
-10,6,12,4,12,228,OH,IAD,17
-2,6,12,4,8,425,OH,CLE,17
-9,6,12,4,11,892,OH,STL,17
0,6,12,4,9,740,OH,ORD,17
0,6,12,4,17,1522,OH,AUS,17
30,6,12,4,16,289,OH,ORF,17
-5,6,12,4,20,425,OH,CLE,17
45,6,12,4,16,426,OH,RDU,17
10,6,12,4,18,892,OH,STL,17
-10,6,12,4,20,1028,OH,MSP,17
0,6,12,4,13,1028,OH,MSP,17
-1,6,12,4,9,288,OH,RIC,17
9,6,12,4,10,301,OH,BUF,17
0,6,12,4,9,382,OH,BGR,17
-10,6,12,4,21,664,OH,IND,17
85,6,12,4,16,740,OH,ORD,17
48,6,12,4,16,483,OH,CMH,17
10,6,12,4,14,144,OH,PVD,17
0,6,12,4,7,187,OH,BOS,17
25,6,12,4,9,187,OH,BOS,17
0,6,12,4,13,187,OH,BOS,17
-5,6,12,4,22,187,OH,BOS,17
20,6,12,4,12,187,OH,BOS,17
-5,6,12,4,22,267,OH,BTV,17
0,6,12,4,21,589,OH,CVG,17
0,6,12,4,13,267,OH,BTV,17
-10,6,12,4,9,184,OH,BWI,17
-5,6,12,4,8,340,OH,PIT,17
60,6,12,4,19,187,OH,BOS,17
-4,6,12,4,13,264,OH,ROC,17
0,6,12,4,8,589,OH,CVG,17
0,6,12,4,16,184,OH,BWI,17
0,6,12,4,13,541,OH,CLT,17
-5,6,12,4,18,213,OH,DCA,17
0,6,12,4,16,508,OH,DTW,17
-10,6,12,4,16,340,OH,PIT,17
-5,6,12,4,12,425,OH,CLE,17
-10,6,12,4,12,274,OH,PWM,17
0,6,12,4,8,1090,OH,MIA,17
10,6,12,4,7,740,OH,ORD,17
-5,6,12,4,12,213,OH,DCA,17
-5,6,12,4,22,209,OH,SYR,17
45,6,12,4,17,94,OH,PHL,17
58,6,12,4,21,340,OH,PIT,17
9,6,13,5,20,508,OH,DTW,18
11,6,13,5,14,382,OH,BGR,18
-5,6,13,5,8,508,OH,DTW,18
15,6,13,5,14,288,OH,RIC,18
-5,6,13,5,8,94,OH,PHL,18
0,6,13,5,12,228,OH,IAD,18
-7,6,13,5,8,425,OH,CLE,18
-1,6,13,5,11,892,OH,STL,18
69,6,13,5,9,740,OH,ORD,18
0,6,13,5,17,1522,OH,AUS,18
-13,6,13,5,16,289,OH,ORF,18
-9,6,13,5,19,425,OH,CLE,18
-5,6,13,5,16,426,OH,RDU,18
48,6,13,5,18,892,OH,STL,18
10,6,13,5,20,1028,OH,MSP,18
0,6,13,5,13,1028,OH,MSP,18
-5,6,13,5,9,288,OH,RIC,18
0,6,13,5,10,301,OH,BUF,18
0,6,13,5,9,382,OH,BGR,18
45,6,13,5,20,664,OH,IND,18
0,6,13,5,16,740,OH,ORD,18
10,6,13,5,16,483,OH,CMH,18
-5,6,13,5,14,144,OH,PVD,18
-5,6,13,5,7,187,OH,BOS,18
-5,6,13,5,9,187,OH,BOS,18
-5,6,13,5,13,187,OH,BOS,18
45,6,13,5,22,187,OH,BOS,18
10,6,13,5,12,187,OH,BOS,18
-5,6,13,5,22,267,OH,BTV,18
41,6,13,5,21,589,OH,CVG,18
0,6,13,5,13,267,OH,BTV,18
0,6,13,5,9,184,OH,BWI,18
10,6,13,5,8,340,OH,PIT,18
115,6,13,5,19,187,OH,BOS,18
0,6,13,5,14,264,OH,ROC,18
15,6,13,5,8,589,OH,CVG,18
25,6,13,5,16,184,OH,BWI,18
0,6,13,5,13,541,OH,CLT,18
-2,6,13,5,18,213,OH,DCA,18
35,6,13,5,16,508,OH,DTW,18
-5,6,13,5,16,340,OH,PIT,18
33,6,13,5,12,425,OH,CLE,18
-10,6,13,5,12,274,OH,PWM,18
0,6,13,5,8,1090,OH,MIA,18
90,6,13,5,7,740,OH,ORD,18
0,6,13,5,12,213,OH,DCA,18
53,6,13,5,23,589,OH,CVG,18
30,6,13,5,22,209,OH,SYR,18
45,6,13,5,17,94,OH,PHL,18
41,6,13,5,21,340,OH,PIT,18
140,6,14,6,20,508,OH,DTW,19
-2,6,14,6,14,382,OH,BGR,19
0,6,14,6,8,508,OH,DTW,19
-1,6,14,6,14,288,OH,RIC,19
-5,6,14,6,12,301,OH,BUF,19
19,6,14,6,8,94,OH,PHL,19
-5,6,14,6,12,228,OH,IAD,19
10,6,14,6,8,425,OH,CLE,19
20,6,14,6,8,589,OH,CVG,19
-5,6,14,6,17,1522,OH,AUS,19
-5,6,14,6,16,426,OH,RDU,19
0,6,14,6,18,892,OH,STL,19
45,6,14,6,12,184,OH,BWI,19
0,6,14,6,13,1028,OH,MSP,19
0,6,14,6,9,288,OH,RIC,19
-5,6,14,6,10,301,OH,BUF,19
95,6,14,6,21,760,OH,ATL,19
0,6,14,6,9,382,OH,BGR,19
0,6,14,6,17,740,OH,ORD,19
45,6,14,6,16,483,OH,CMH,19
0,6,14,6,14,144,OH,PVD,19
0,6,14,6,7,187,OH,BOS,19
30,6,14,6,9,187,OH,BOS,19
15,6,14,6,13,187,OH,BOS,19
0,6,14,6,12,187,OH,BOS,19
105,6,14,6,21,589,OH,CVG,19
5,6,14,6,13,267,OH,BTV,19
0,6,14,6,9,184,OH,BWI,19
-6,6,14,6,8,340,OH,PIT,19
40,6,14,6,19,187,OH,BOS,19
-5,6,14,6,13,264,OH,ROC,19
-10,6,14,6,16,184,OH,BWI,19
0,6,14,6,8,213,OH,DCA,19
16,6,14,6,13,541,OH,CLT,19
-5,6,14,6,18,213,OH,DCA,19
5,6,14,6,16,508,OH,DTW,19
16,6,14,6,15,340,OH,PIT,19
11,6,14,6,12,425,OH,CLE,19
10,6,14,6,8,1090,OH,MIA,19
-10,6,14,6,7,740,OH,ORD,19
-5,6,14,6,12,213,OH,DCA,19
220,6,14,6,19,209,OH,SYR,19
-10,6,14,6,17,94,OH,PHL,19
70,6,15,7,20,508,OH,DTW,19
-4,6,15,7,14,382,OH,BGR,19
0,6,15,7,8,508,OH,DTW,19
10,6,15,7,14,288,OH,RIC,19
0,6,15,7,12,301,OH,BUF,19
0,6,15,7,8,94,OH,PHL,19
60,6,15,7,12,228,OH,IAD,19
45,6,15,7,8,425,OH,CLE,19
0,6,15,7,17,1522,OH,AUS,19
0,6,15,7,16,289,OH,ORF,19
191,6,15,7,19,425,OH,CLE,19
0,6,15,7,15,426,OH,RDU,19
0,6,15,7,18,892,OH,STL,19
75,6,15,7,20,1028,OH,MSP,19
50,6,15,7,13,1028,OH,MSP,19
5,6,15,7,9,740,OH,ORD,19
45,6,15,7,9,288,OH,RIC,19
-4,6,15,7,10,301,OH,BUF,19
-8,6,15,7,9,382,OH,BGR,19
0,6,15,7,20,664,OH,IND,19
35,6,15,7,16,483,OH,CMH,19
23,6,15,7,9,187,OH,BOS,19
0,6,15,7,13,187,OH,BOS,19
160,6,15,7,22,187,OH,BOS,19
0,6,15,7,12,187,OH,BOS,19
0,6,15,7,22,267,OH,BTV,19
166,6,15,7,21,589,OH,CVG,19
80,6,15,7,13,267,OH,BTV,19
20,6,15,7,8,340,OH,PIT,19
180,6,15,7,19,187,OH,BOS,19
0,6,15,7,13,264,OH,ROC,19
-5,6,15,7,8,589,OH,CVG,19
0,6,15,7,16,184,OH,BWI,19
0,6,15,7,8,213,OH,DCA,19
0,6,15,7,18,213,OH,DCA,19
70,6,15,7,16,508,OH,DTW,19
0,6,15,7,16,340,OH,PIT,19
-5,6,15,7,12,425,OH,CLE,19
60,6,15,7,8,1090,OH,MIA,19
35,6,15,7,12,213,OH,DCA,19
95,6,15,7,22,209,OH,SYR,19
0,6,15,7,18,340,OH,PIT,19
220,6,16,1,20,508,OH,DTW,18
31,6,16,1,14,382,OH,BGR,18
-5,6,16,1,8,508,OH,DTW,18
18,6,16,1,14,288,OH,RIC,18
0,6,16,1,8,94,OH,PHL,18
0,6,16,1,12,228,OH,IAD,18
0,6,16,1,8,425,OH,CLE,18
0,6,16,1,11,892,OH,STL,18
10,6,16,1,9,740,OH,ORD,18
15,6,16,1,17,1522,OH,AUS,18
30,6,16,1,13,1028,OH,MSP,18
15,6,16,1,9,288,OH,RIC,18
11,6,16,1,10,301,OH,BUF,18
0,6,16,1,9,382,OH,BGR,18
-10,6,16,1,16,483,OH,CMH,18
0,6,16,1,14,144,OH,PVD,18
16,6,16,1,7,187,OH,BOS,18
0,6,16,1,9,187,OH,BOS,18
35,6,16,1,13,187,OH,BOS,18
50,6,16,1,12,187,OH,BOS,18
0,6,16,1,13,267,OH,BTV,18
0,6,16,1,9,184,OH,BWI,18
0,6,16,1,8,340,OH,PIT,18
71,6,16,1,13,264,OH,ROC,18
0,6,16,1,8,589,OH,CVG,18
0,6,16,1,16,184,OH,BWI,18
36,6,16,1,13,541,OH,CLT,18
-6,6,16,1,18,213,OH,DCA,18
20,6,16,1,16,340,OH,PIT,18
35,6,16,1,12,425,OH,CLE,18
0,6,16,1,12,274,OH,PWM,18
0,6,16,1,8,1090,OH,MIA,18
-5,6,16,1,7,740,OH,ORD,18
0,6,16,1,12,213,OH,DCA,18
4,6,17,2,20,508,OH,DTW,17
-5,6,17,2,8,508,OH,DTW,17
230,6,17,2,14,288,OH,RIC,17
25,6,17,2,8,94,OH,PHL,17
-15,6,17,2,12,228,OH,IAD,17
-5,6,17,2,8,425,OH,CLE,17
0,6,17,2,11,892,OH,STL,17
7,6,17,2,9,740,OH,ORD,17
15,6,17,2,17,1522,OH,AUS,17
-7,6,17,2,16,289,OH,ORF,17
0,6,17,2,19,425,OH,CLE,17
0,6,17,2,16,426,OH,RDU,17
15,6,17,2,18,892,OH,STL,17
82,6,17,2,20,1028,OH,MSP,17
0,6,17,2,13,1028,OH,MSP,17
10,6,17,2,9,288,OH,RIC,17
0,6,17,2,10,301,OH,BUF,17
-7,6,17,2,9,382,OH,BGR,17
-10,6,17,2,20,664,OH,IND,17
60,6,17,2,16,740,OH,ORD,17
15,6,17,2,16,483,OH,CMH,17
0,6,17,2,14,144,OH,PVD,17
-8,6,17,2,7,187,OH,BOS,17
0,6,17,2,9,187,OH,BOS,17
0,6,17,2,13,187,OH,BOS,17
-5,6,17,2,22,187,OH,BOS,17
0,6,17,2,12,187,OH,BOS,17
-10,6,17,2,22,267,OH,BTV,17
-3,6,17,2,21,589,OH,CVG,17
0,6,17,2,13,267,OH,BTV,17
0,6,17,2,9,184,OH,BWI,17
40,6,17,2,8,340,OH,PIT,17
5,6,17,2,19,187,OH,BOS,17
0,6,17,2,13,264,OH,ROC,17
0,6,17,2,8,589,OH,CVG,17
0,6,17,2,16,184,OH,BWI,17
0,6,17,2,13,541,OH,CLT,17
0,6,17,2,18,213,OH,DCA,17
-10,6,17,2,16,508,OH,DTW,17
-10,6,17,2,16,340,OH,PIT,17
-6,6,17,2,12,425,OH,CLE,17
-3,6,17,2,12,274,OH,PWM,17
15,6,17,2,8,1090,OH,MIA,17
0,6,17,2,7,740,OH,ORD,17
-5,6,17,2,12,213,OH,DCA,17
0,6,17,2,22,209,OH,SYR,17
6,6,17,2,17,94,OH,PHL,17
-7,6,17,2,21,340,OH,PIT,17
0,6,18,3,20,508,OH,DTW,16
-10,6,18,3,14,382,OH,BGR,16
-5,6,18,3,8,508,OH,DTW,16
0,6,18,3,14,288,OH,RIC,16
33,6,18,3,8,94,OH,PHL,16
-10,6,18,3,12,228,OH,IAD,16
185,6,18,3,8,425,OH,CLE,16
-10,6,18,3,11,892,OH,STL,16
0,6,18,3,9,740,OH,ORD,16
60,6,18,3,17,1522,OH,AUS,16
-5,6,18,3,16,426,OH,RDU,16
-3,6,18,3,18,892,OH,STL,16
0,6,18,3,20,1028,OH,MSP,16
14,6,18,3,13,1028,OH,MSP,16
-5,6,18,3,9,288,OH,RIC,16
-6,6,18,3,10,301,OH,BUF,16
-5,6,18,3,9,382,OH,BGR,16
-10,6,18,3,20,664,OH,IND,16
150,6,18,3,16,740,OH,ORD,16
-5,6,18,3,16,483,OH,CMH,16
0,6,18,3,14,144,OH,PVD,16
-10,6,18,3,7,187,OH,BOS,16
-2,6,18,3,9,187,OH,BOS,16
-5,6,18,3,13,187,OH,BOS,16
0,6,18,3,22,187,OH,BOS,16
0,6,18,3,12,187,OH,BOS,16
-5,6,18,3,22,267,OH,BTV,16
-4,6,18,3,21,589,OH,CVG,16
0,6,18,3,13,267,OH,BTV,16
10,6,18,3,9,184,OH,BWI,16
-1,6,18,3,8,340,OH,PIT,16
55,6,18,3,19,187,OH,BOS,16
0,6,18,3,13,264,OH,ROC,16
0,6,18,3,8,589,OH,CVG,16
5,6,18,3,16,184,OH,BWI,16
0,6,18,3,13,541,OH,CLT,16
10,6,18,3,18,213,OH,DCA,16
0,6,18,3,16,508,OH,DTW,16
-5,6,18,3,16,340,OH,PIT,16
0,6,18,3,12,425,OH,CLE,16
0,6,18,3,12,274,OH,PWM,16
0,6,18,3,8,1090,OH,MIA,16
0,6,18,3,7,740,OH,ORD,16
-2,6,18,3,12,213,OH,DCA,16
10,6,18,3,22,209,OH,SYR,16
0,6,18,3,17,94,OH,PHL,16
161,6,18,3,21,340,OH,PIT,16
45,6,19,4,20,508,OH,DTW,15
16,6,19,4,14,382,OH,BGR,15
-10,6,19,4,8,508,OH,DTW,15
0,6,19,4,14,288,OH,RIC,15
10,6,19,4,8,94,OH,PHL,15
-7,6,19,4,12,228,OH,IAD,15
0,6,19,4,8,425,OH,CLE,15
0,6,19,4,11,892,OH,STL,15
25,6,19,4,9,740,OH,ORD,15
41,6,19,4,17,1522,OH,AUS,15
0,6,19,4,16,289,OH,ORF,15
-5,6,19,4,20,425,OH,CLE,15
-5,6,19,4,16,426,OH,RDU,15
10,6,19,4,18,892,OH,STL,15
0,6,19,4,20,1028,OH,MSP,15
-5,6,19,4,13,1028,OH,MSP,15
45,6,19,4,9,288,OH,RIC,15
0,6,19,4,10,301,OH,BUF,15
0,6,19,4,9,382,OH,BGR,15
-5,6,19,4,21,664,OH,IND,15
0,6,19,4,16,740,OH,ORD,15
0,6,19,4,16,483,OH,CMH,15
15,6,19,4,14,144,OH,PVD,15
0,6,19,4,7,187,OH,BOS,15
0,6,19,4,9,187,OH,BOS,15
0,6,19,4,13,187,OH,BOS,15
0,6,19,4,22,187,OH,BOS,15
0,6,19,4,22,267,OH,BTV,15
-4,6,19,4,21,589,OH,CVG,15
-5,6,19,4,13,267,OH,BTV,15
0,6,19,4,9,184,OH,BWI,15
0,6,19,4,8,340,OH,PIT,15
0,6,19,4,19,187,OH,BOS,15
-5,6,19,4,13,264,OH,ROC,15
15,6,19,4,8,589,OH,CVG,15
22,6,19,4,16,184,OH,BWI,15
-10,6,19,4,13,541,OH,CLT,15
-10,6,19,4,18,213,OH,DCA,15
45,6,19,4,16,508,OH,DTW,15
-1,6,19,4,16,340,OH,PIT,15
0,6,19,4,12,425,OH,CLE,15
-8,6,19,4,12,274,OH,PWM,15
0,6,19,4,8,1090,OH,MIA,15
15,6,19,4,7,740,OH,ORD,15
-10,6,19,4,12,213,OH,DCA,15
-10,6,19,4,22,209,OH,SYR,15
15,6,19,4,17,94,OH,PHL,15
10,6,19,4,22,340,OH,PIT,15
-10,6,20,5,20,508,OH,DTW,14
-4,6,20,5,14,382,OH,BGR,14
-5,6,20,5,8,508,OH,DTW,14
-5,6,20,5,14,288,OH,RIC,14
-10,6,20,5,8,94,OH,PHL,14
-5,6,20,5,12,228,OH,IAD,14
-5,6,20,5,8,425,OH,CLE,14
-9,6,20,5,11,892,OH,STL,14
-5,6,20,5,9,740,OH,ORD,14
0,6,20,5,17,1522,OH,AUS,14
-10,6,20,5,16,289,OH,ORF,14
-3,6,20,5,19,425,OH,CLE,14
0,6,20,5,16,426,OH,RDU,14
-10,6,20,5,18,892,OH,STL,14
10,6,20,5,20,1028,OH,MSP,14
0,6,20,5,13,1028,OH,MSP,14
-10,6,20,5,9,288,OH,RIC,14
-10,6,20,5,10,301,OH,BUF,14
-10,6,20,5,9,382,OH,BGR,14
0,6,20,5,20,664,OH,IND,14
55,6,20,5,16,740,OH,ORD,14
0,6,20,5,16,483,OH,CMH,14
0,6,20,5,14,144,OH,PVD,14
0,6,20,5,7,187,OH,BOS,14
0,6,20,5,9,187,OH,BOS,14
0,6,20,5,13,187,OH,BOS,14
-10,6,20,5,22,187,OH,BOS,14
-10,6,20,5,12,187,OH,BOS,14
-10,6,20,5,22,267,OH,BTV,14
21,6,20,5,21,589,OH,CVG,14
-4,6,20,5,13,267,OH,BTV,14
-10,6,20,5,9,184,OH,BWI,14
0,6,20,5,8,340,OH,PIT,14
60,6,20,5,19,187,OH,BOS,14
-5,6,20,5,13,264,OH,ROC,14
-10,6,20,5,8,589,OH,CVG,14
0,6,20,5,16,184,OH,BWI,14
61,6,20,5,13,541,OH,CLT,14
-5,6,20,5,18,213,OH,DCA,14
30,6,20,5,16,508,OH,DTW,14
-2,6,20,5,16,340,OH,PIT,14
-10,6,20,5,12,425,OH,CLE,14
15,6,20,5,12,274,OH,PWM,14
8,6,20,5,8,1090,OH,MIA,14
-5,6,20,5,7,740,OH,ORD,14
-5,6,20,5,12,213,OH,DCA,14
-10,6,20,5,22,209,OH,SYR,14
0,6,20,5,17,94,OH,PHL,14
36,6,20,5,21,340,OH,PIT,14
-5,6,21,6,20,508,OH,DTW,13
-9,6,21,6,14,382,OH,BGR,13
-7,6,21,6,8,508,OH,DTW,13
-5,6,21,6,14,288,OH,RIC,13
-8,6,21,6,12,301,OH,BUF,13
0,6,21,6,8,94,OH,PHL,13
0,6,21,6,12,228,OH,IAD,13
0,6,21,6,8,425,OH,CLE,13
10,6,21,6,8,589,OH,CVG,13
-5,6,21,6,17,1522,OH,AUS,13
0,6,21,6,19,425,OH,CLE,13
-7,6,21,6,16,426,OH,RDU,13
0,6,21,6,18,892,OH,STL,13
35,6,21,6,19,1028,OH,MSP,13
80,6,21,6,12,184,OH,BWI,13
0,6,21,6,13,1028,OH,MSP,13
35,6,21,6,20,213,OH,DCA,13
-5,6,21,6,9,288,OH,RIC,13
-4,6,21,6,10,301,OH,BUF,13
0,6,21,6,21,760,OH,ATL,13
-10,6,21,6,9,382,OH,BGR,13
0,6,21,6,20,664,OH,IND,13
10,6,21,6,16,740,OH,ORD,13
-5,6,21,6,16,483,OH,CMH,13
0,6,21,6,14,144,OH,PVD,13
-5,6,21,6,7,187,OH,BOS,13
-5,6,21,6,9,187,OH,BOS,13
0,6,21,6,13,187,OH,BOS,13
-10,6,21,6,22,187,OH,BOS,13
10,6,21,6,12,187,OH,BOS,13
0,6,21,6,21,589,OH,CVG,13
0,6,21,6,13,267,OH,BTV,13
0,6,21,6,9,184,OH,BWI,13
0,6,21,6,8,340,OH,PIT,13
85,6,21,6,19,187,OH,BOS,13
0,6,21,6,13,264,OH,ROC,13
0,6,21,6,16,184,OH,BWI,13
0,6,21,6,8,213,OH,DCA,13
6,6,21,6,13,541,OH,CLT,13
-6,6,21,6,18,213,OH,DCA,13
15,6,21,6,16,508,OH,DTW,13
0,6,21,6,15,340,OH,PIT,13
-7,6,21,6,12,425,OH,CLE,13
20,6,21,6,8,1090,OH,MIA,13
0,6,21,6,7,740,OH,ORD,13
-1,6,21,6,12,213,OH,DCA,13
0,6,21,6,19,209,OH,SYR,13
-9,6,21,6,18,145,OH,ALB,13
-2,6,21,6,17,94,OH,PHL,13
80,6,21,6,21,340,OH,PIT,13
95,6,22,7,20,508,OH,DTW,12
46,6,22,7,14,382,OH,BGR,12
33,6,22,7,8,508,OH,DTW,12
47,6,22,7,14,288,OH,RIC,12
-3,6,22,7,12,301,OH,BUF,12
20,6,22,7,8,94,OH,PHL,12
0,6,22,7,12,228,OH,IAD,12
40,6,22,7,8,425,OH,CLE,12
-1,6,22,7,17,1522,OH,AUS,12
98,6,22,7,16,289,OH,ORF,12
86,6,22,7,15,426,OH,RDU,12
166,6,22,7,18,892,OH,STL,12
110,6,22,7,20,1028,OH,MSP,12
50,6,22,7,13,1028,OH,MSP,12
0,6,22,7,9,740,OH,ORD,12
-5,6,22,7,9,288,OH,RIC,12
-4,6,22,7,10,301,OH,BUF,12
0,6,22,7,9,382,OH,BGR,12
70,6,22,7,16,740,OH,ORD,12
14,6,22,7,9,187,OH,BOS,12
0,6,22,7,13,187,OH,BOS,12
60,6,22,7,12,187,OH,BOS,12
0,6,22,7,22,267,OH,BTV,12
12,6,22,7,13,267,OH,BTV,12
20,6,22,7,8,340,OH,PIT,12
11,6,22,7,13,264,OH,ROC,12
0,6,22,7,8,589,OH,CVG,12
65,6,22,7,16,184,OH,BWI,12
0,6,22,7,8,213,OH,DCA,12
125,6,22,7,18,213,OH,DCA,12
55,6,22,7,16,340,OH,PIT,12
25,6,22,7,12,425,OH,CLE,12
0,6,22,7,8,1090,OH,MIA,12
-5,6,22,7,12,213,OH,DCA,12
30,6,22,7,22,209,OH,SYR,12
125,6,22,7,17,94,OH,PHL,12
10,6,23,1,20,508,OH,DTW,11
71,6,23,1,14,382,OH,BGR,11
0,6,23,1,8,508,OH,DTW,11
0,6,23,1,14,288,OH,RIC,11
25,6,23,1,8,94,OH,PHL,11
66,6,23,1,12,228,OH,IAD,11
0,6,23,1,8,425,OH,CLE,11
20,6,23,1,11,892,OH,STL,11
10,6,23,1,9,740,OH,ORD,11
47,6,23,1,17,1522,OH,AUS,11
176,6,23,1,19,425,OH,CLE,11
48,6,23,1,18,892,OH,STL,11
60,6,23,1,20,1028,OH,MSP,11
95,6,23,1,13,1028,OH,MSP,11
75,6,23,1,9,288,OH,RIC,11
0,6,23,1,10,301,OH,BUF,11
10,6,23,1,9,382,OH,BGR,11
0,6,23,1,16,740,OH,ORD,11
191,6,23,1,14,144,OH,PVD,11
-5,6,23,1,7,187,OH,BOS,11
10,6,23,1,9,187,OH,BOS,11
55,6,23,1,13,187,OH,BOS,11
40,6,23,1,22,187,OH,BOS,11
35,6,23,1,12,187,OH,BOS,11
55,6,23,1,13,267,OH,BTV,11
-5,6,23,1,9,184,OH,BWI,11
0,6,23,1,8,340,OH,PIT,11
0,6,23,1,19,187,OH,BOS,11
80,6,23,1,13,264,OH,ROC,11
15,6,23,1,8,589,OH,CVG,11
56,6,23,1,13,541,OH,CLT,11
70,6,23,1,16,508,OH,DTW,11
20,6,23,1,16,340,OH,PIT,11
50,6,23,1,12,425,OH,CLE,11
25,6,23,1,12,274,OH,PWM,11
5,6,23,1,8,1090,OH,MIA,11
0,6,23,1,7,740,OH,ORD,11
25,6,23,1,12,213,OH,DCA,11
55,6,23,1,22,209,OH,SYR,11
70,6,23,1,17,94,OH,PHL,11
0,6,24,2,20,508,OH,DTW,10
35,6,24,2,8,508,OH,DTW,10
-5,6,24,2,14,288,OH,RIC,10
-10,6,24,2,8,94,OH,PHL,10
-5,6,24,2,12,228,OH,IAD,10
47,6,24,2,8,425,OH,CLE,10
-5,6,24,2,11,892,OH,STL,10
0,6,24,2,9,740,OH,ORD,10
-5,6,24,2,17,1522,OH,AUS,10
-3,6,24,2,16,289,OH,ORF,10
-5,6,24,2,16,426,OH,RDU,10
35,6,24,2,18,892,OH,STL,10
55,6,24,2,20,1028,OH,MSP,10
13,6,24,2,13,1028,OH,MSP,10
13,6,24,2,9,288,OH,RIC,10
26,6,24,2,10,301,OH,BUF,10
0,6,24,2,9,382,OH,BGR,10
-5,6,24,2,20,664,OH,IND,10
80,6,24,2,16,740,OH,ORD,10
-5,6,24,2,16,483,OH,CMH,10
5,6,24,2,14,144,OH,PVD,10
15,6,24,2,7,187,OH,BOS,10
-5,6,24,2,9,187,OH,BOS,10
19,6,24,2,13,187,OH,BOS,10
8,6,24,2,22,187,OH,BOS,10
-2,6,24,2,12,187,OH,BOS,10
-3,6,24,2,22,267,OH,BTV,10
-5,6,24,2,21,589,OH,CVG,10
0,6,24,2,13,267,OH,BTV,10
-10,6,24,2,9,184,OH,BWI,10
8,6,24,2,8,340,OH,PIT,10
5,6,24,2,13,264,OH,ROC,10
-5,6,24,2,8,589,OH,CVG,10
-2,6,24,2,16,184,OH,BWI,10
0,6,24,2,13,541,OH,CLT,10
15,6,24,2,16,508,OH,DTW,10
0,6,24,2,16,340,OH,PIT,10
0,6,24,2,12,425,OH,CLE,10
10,6,24,2,12,274,OH,PWM,10
0,6,24,2,8,1090,OH,MIA,10
0,6,24,2,7,740,OH,ORD,10
0,6,24,2,12,213,OH,DCA,10
0,6,24,2,22,209,OH,SYR,10
108,6,24,2,17,94,OH,PHL,10
0,6,24,2,21,340,OH,PIT,10
-10,6,25,3,20,508,OH,DTW,9
0,6,25,3,14,382,OH,BGR,9
-10,6,25,3,8,508,OH,DTW,9
-5,6,25,3,14,288,OH,RIC,9
0,6,25,3,8,94,OH,PHL,9
-5,6,25,3,12,228,OH,IAD,9
-5,6,25,3,8,425,OH,CLE,9
31,6,25,3,11,892,OH,STL,9
-10,6,25,3,9,740,OH,ORD,9
-10,6,25,3,17,1522,OH,AUS,9
-2,6,25,3,16,289,OH,ORF,9
-4,6,25,3,19,425,OH,CLE,9
0,6,25,3,16,426,OH,RDU,9
10,6,25,3,18,892,OH,STL,9
0,6,25,3,20,1028,OH,MSP,9
0,6,25,3,13,1028,OH,MSP,9
0,6,25,3,9,288,OH,RIC,9
-6,6,25,3,10,301,OH,BUF,9
0,6,25,3,9,382,OH,BGR,9
10,6,25,3,20,664,OH,IND,9
0,6,25,3,16,740,OH,ORD,9
5,6,25,3,16,483,OH,CMH,9
16,6,25,3,14,144,OH,PVD,9
0,6,25,3,7,187,OH,BOS,9
0,6,25,3,9,187,OH,BOS,9
80,6,25,3,13,187,OH,BOS,9
-10,6,25,3,22,187,OH,BOS,9
-5,6,25,3,12,187,OH,BOS,9
-5,6,25,3,22,267,OH,BTV,9
-4,6,25,3,21,589,OH,CVG,9
15,6,25,3,13,267,OH,BTV,9
80,6,25,3,9,184,OH,BWI,9
-4,6,25,3,8,340,OH,PIT,9
0,6,25,3,19,187,OH,BOS,9
0,6,25,3,13,264,OH,ROC,9
0,6,25,3,8,589,OH,CVG,9
-10,6,25,3,16,184,OH,BWI,9
0,6,25,3,13,541,OH,CLT,9
-10,6,25,3,18,213,OH,DCA,9
11,6,25,3,16,508,OH,DTW,9
0,6,25,3,16,340,OH,PIT,9
20,6,25,3,12,425,OH,CLE,9
-10,6,25,3,12,274,OH,PWM,9
-5,6,25,3,8,1090,OH,MIA,9
-10,6,25,3,7,740,OH,ORD,9
-5,6,25,3,12,213,OH,DCA,9
-5,6,25,3,22,209,OH,SYR,9
0,6,25,3,17,94,OH,PHL,9
0,6,25,3,21,340,OH,PIT,9
-10,6,26,4,20,508,OH,DTW,8
-4,6,26,4,14,382,OH,BGR,8
-2,6,26,4,8,508,OH,DTW,8
300,6,26,4,14,288,OH,RIC,8
10,6,26,4,8,94,OH,PHL,8
0,6,26,4,12,228,OH,IAD,8
0,6,26,4,8,425,OH,CLE,8
0,6,26,4,11,892,OH,STL,8
31,6,26,4,9,740,OH,ORD,8
-1,6,26,4,17,1522,OH,AUS,8
24,6,26,4,16,289,OH,ORF,8
-5,6,26,4,20,425,OH,CLE,8
0,6,26,4,16,426,OH,RDU,8
0,6,26,4,19,892,OH,STL,8
200,6,26,4,20,1028,OH,MSP,8
170,6,26,4,13,1028,OH,MSP,8
20,6,26,4,9,288,OH,RIC,8
0,6,26,4,10,301,OH,BUF,8
-5,6,26,4,9,382,OH,BGR,8
-10,6,26,4,21,664,OH,IND,8
40,6,26,4,16,740,OH,ORD,8
-10,6,26,4,16,483,OH,CMH,8
0,6,26,4,14,144,OH,PVD,8
-10,6,26,4,7,187,OH,BOS,8
-5,6,26,4,9,187,OH,BOS,8
0,6,26,4,13,187,OH,BOS,8
-10,6,26,4,22,187,OH,BOS,8
-10,6,26,4,12,187,OH,BOS,8
50,6,26,4,22,267,OH,BTV,8
-10,6,26,4,21,589,OH,CVG,8
0,6,26,4,13,267,OH,BTV,8
0,6,26,4,9,184,OH,BWI,8
9,6,26,4,8,340,OH,PIT,8
-3,6,26,4,19,187,OH,BOS,8
51,6,26,4,13,264,OH,ROC,8
0,6,26,4,8,589,OH,CVG,8
-7,6,26,4,16,184,OH,BWI,8
0,6,26,4,13,541,OH,CLT,8
0,6,26,4,18,213,OH,DCA,8
23,6,26,4,16,508,OH,DTW,8
105,6,26,4,16,340,OH,PIT,8
10,6,26,4,12,425,OH,CLE,8
20,6,26,4,12,274,OH,PWM,8
40,6,26,4,8,1090,OH,MIA,8
0,6,26,4,7,740,OH,ORD,8
-5,6,26,4,12,213,OH,DCA,8
-10,6,26,4,22,209,OH,SYR,8
19,6,26,4,17,94,OH,PHL,8
167,6,26,4,22,340,OH,PIT,8
115,6,27,5,20,508,OH,DTW,7
0,6,27,5,14,382,OH,BGR,7
0,6,27,5,8,508,OH,DTW,7
-3,6,27,5,14,288,OH,RIC,7
20,6,27,5,8,94,OH,PHL,7
45,6,27,5,12,228,OH,IAD,7
44,6,27,5,8,425,OH,CLE,7
0,6,27,5,11,892,OH,STL,7
60,6,27,5,9,740,OH,ORD,7
-5,6,27,5,17,1522,OH,AUS,7
8,6,27,5,16,289,OH,ORF,7
10,6,27,5,16,426,OH,RDU,7
-2,6,27,5,18,892,OH,STL,7
-15,6,27,5,20,1028,OH,MSP,7
17,6,27,5,13,1028,OH,MSP,7
0,6,27,5,9,288,OH,RIC,7
0,6,27,5,10,301,OH,BUF,7
20,6,27,5,9,382,OH,BGR,7
30,6,27,5,16,740,OH,ORD,7
0,6,27,5,16,483,OH,CMH,7
0,6,27,5,14,144,OH,PVD,7
-5,6,27,5,7,187,OH,BOS,7
-5,6,27,5,9,187,OH,BOS,7
0,6,27,5,13,187,OH,BOS,7
55,6,27,5,22,187,OH,BOS,7
5,6,27,5,12,187,OH,BOS,7
35,6,27,5,22,267,OH,BTV,7
115,6,27,5,21,589,OH,CVG,7
0,6,27,5,13,267,OH,BTV,7
45,6,27,5,9,184,OH,BWI,7
-10,6,27,5,8,340,OH,PIT,7
200,6,27,5,19,187,OH,BOS,7
-5,6,27,5,13,264,OH,ROC,7
0,6,27,5,8,589,OH,CVG,7
0,6,27,5,13,541,OH,CLT,7
80,6,27,5,18,213,OH,DCA,7
0,6,27,5,16,508,OH,DTW,7
0,6,27,5,16,340,OH,PIT,7
0,6,27,5,12,425,OH,CLE,7
15,6,27,5,12,274,OH,PWM,7
10,6,27,5,8,1090,OH,MIA,7
0,6,27,5,7,740,OH,ORD,7
195,6,27,5,12,213,OH,DCA,7
35,6,27,5,22,209,OH,SYR,7
0,6,27,5,17,94,OH,PHL,7
51,6,27,5,21,340,OH,PIT,7
200,6,28,6,20,508,OH,DTW,6
144,6,28,6,14,382,OH,BGR,6
17,6,28,6,8,508,OH,DTW,6
0,6,28,6,14,288,OH,RIC,6
15,6,28,6,8,94,OH,PHL,6
30,6,28,6,12,228,OH,IAD,6
-5,6,28,6,8,425,OH,CLE,6
0,6,28,6,8,589,OH,CVG,6
0,6,28,6,17,1522,OH,AUS,6
61,6,28,6,19,425,OH,CLE,6
-10,6,28,6,16,426,OH,RDU,6
35,6,28,6,18,892,OH,STL,6
25,6,28,6,19,1028,OH,MSP,6
-5,6,28,6,12,184,OH,BWI,6
0,6,28,6,13,1028,OH,MSP,6
-5,6,28,6,20,213,OH,DCA,6
0,6,28,6,9,288,OH,RIC,6
0,6,28,6,16,267,OH,BTV,6
-7,6,28,6,10,301,OH,BUF,6
75,6,28,6,21,760,OH,ATL,6
0,6,28,6,9,382,OH,BGR,6
-9,6,28,6,20,664,OH,IND,6
159,6,28,6,16,740,OH,ORD,6
0,6,28,6,16,483,OH,CMH,6
0,6,28,6,14,144,OH,PVD,6
20,6,28,6,7,187,OH,BOS,6
0,6,28,6,9,187,OH,BOS,6
0,6,28,6,13,187,OH,BOS,6
130,6,28,6,22,187,OH,BOS,6
36,6,28,6,12,187,OH,BOS,6
0,6,28,6,21,589,OH,CVG,6
19,6,28,6,13,267,OH,BTV,6
25,6,28,6,9,184,OH,BWI,6
-10,6,28,6,8,340,OH,PIT,6
265,6,28,6,19,187,OH,BOS,6
26,6,28,6,13,264,OH,ROC,6
15,6,28,6,16,184,OH,BWI,6
255,6,28,6,8,213,OH,DCA,6
31,6,28,6,13,541,OH,CLT,6
28,6,28,6,18,213,OH,DCA,6
40,6,28,6,16,508,OH,DTW,6
125,6,28,6,15,340,OH,PIT,6
15,6,28,6,12,425,OH,CLE,6
-2,6,28,6,8,1090,OH,MIA,6
-10,6,28,6,7,740,OH,ORD,6
0,6,28,6,12,213,OH,DCA,6
120,6,28,6,19,209,OH,SYR,6
35,6,28,6,18,145,OH,ALB,6
0,6,28,6,17,94,OH,PHL,6
10,6,28,6,21,340,OH,PIT,6
27,6,29,7,20,508,OH,DTW,5
26,6,29,7,14,382,OH,BGR,5
15,6,29,7,8,508,OH,DTW,5
15,6,29,7,14,288,OH,RIC,5
-5,6,29,7,12,301,OH,BUF,5
0,6,29,7,8,94,OH,PHL,5
0,6,29,7,12,228,OH,IAD,5
0,6,29,7,8,425,OH,CLE,5
20,6,29,7,17,1522,OH,AUS,5
38,6,29,7,16,289,OH,ORF,5
0,6,29,7,15,426,OH,RDU,5
105,6,29,7,20,1028,OH,MSP,5
15,6,29,7,13,1028,OH,MSP,5
0,6,29,7,9,740,OH,ORD,5
17,6,29,7,9,288,OH,RIC,5
0,6,29,7,10,301,OH,BUF,5
0,6,29,7,9,382,OH,BGR,5
68,6,29,7,16,740,OH,ORD,5
53,6,29,7,16,483,OH,CMH,5
0,6,29,7,14,144,OH,PVD,5
0,6,29,7,9,187,OH,BOS,5
20,6,29,7,13,187,OH,BOS,5
90,6,29,7,22,187,OH,BOS,5
0,6,29,7,12,187,OH,BOS,5
-8,6,29,7,22,267,OH,BTV,5
31,6,29,7,21,589,OH,CVG,5
-5,6,29,7,13,267,OH,BTV,5
30,6,29,7,8,340,OH,PIT,5
0,6,29,7,13,264,OH,ROC,5
0,6,29,7,8,589,OH,CVG,5
0,6,29,7,16,184,OH,BWI,5
20,6,29,7,8,213,OH,DCA,5
5,6,29,7,16,508,OH,DTW,5
10,6,29,7,16,340,OH,PIT,5
0,6,29,7,12,425,OH,CLE,5
10,6,29,7,12,274,OH,PWM,5
0,6,29,7,8,1090,OH,MIA,5
0,6,29,7,12,213,OH,DCA,5
27,6,29,7,22,209,OH,SYR,5
25,6,29,7,17,94,OH,PHL,5
51,6,29,7,21,340,OH,PIT,5
0,6,30,1,20,508,OH,DTW,4
20,6,30,1,18,340,OH,PIT,4
-4,6,30,1,14,382,OH,BGR,4
50,6,30,1,8,508,OH,DTW,4
15,6,30,1,14,288,OH,RIC,4
0,6,30,1,8,94,OH,PHL,4
0,6,30,1,12,228,OH,IAD,4
0,6,30,1,8,425,OH,CLE,4
0,6,30,1,11,892,OH,STL,4
5,6,30,1,9,740,OH,ORD,4
0,6,30,1,17,1522,OH,AUS,4
-10,6,30,1,19,425,OH,CLE,4
0,6,30,1,16,426,OH,RDU,4
0,6,30,1,18,892,OH,STL,4
70,6,30,1,20,1028,OH,MSP,4
0,6,30,1,13,1028,OH,MSP,4
0,6,30,1,9,288,OH,RIC,4
-4,6,30,1,10,301,OH,BUF,4
0,6,30,1,9,382,OH,BGR,4
-5,6,30,1,20,664,OH,IND,4
-10,6,30,1,16,740,OH,ORD,4
40,6,30,1,16,483,OH,CMH,4
-3,6,30,1,14,144,OH,PVD,4
135,6,30,1,7,187,OH,BOS,4
10,6,30,1,19,766,OH,BNA,4
0,6,30,1,9,187,OH,BOS,4
23,6,30,1,13,187,OH,BOS,4
70,6,30,1,22,187,OH,BOS,4
0,6,30,1,12,187,OH,BOS,4
0,6,30,1,22,267,OH,BTV,4
0,6,30,1,21,589,OH,CVG,4
0,6,30,1,8,340,OH,PIT,4
-5,6,30,1,13,267,OH,BTV,4
-2,6,30,1,22,289,OH,ORF,4
-2,6,30,1,19,187,OH,BOS,4
0,6,30,1,13,264,OH,ROC,4
-1,6,30,1,22,264,OH,ROC,4
0,6,30,1,8,589,OH,CVG,4
0,6,30,1,16,184,OH,BWI,4
31,6,30,1,13,541,OH,CLT,4
0,6,30,1,18,213,OH,DCA,4
0,6,30,1,16,508,OH,DTW,4
-10,6,30,1,16,340,OH,PIT,4
0,6,30,1,12,425,OH,CLE,4
110,6,30,1,12,274,OH,PWM,4
0,6,30,1,8,1090,OH,MIA,4
130,6,30,1,7,740,OH,ORD,4
0,6,30,1,12,213,OH,DCA,4
0,6,30,1,19,426,OH,RDU,4
0,6,30,1,22,209,OH,SYR,4
0,6,30,1,17,94,OH,PHL,4
-4,6,30,1,21,340,OH,PIT,4
2,6,1,7,6,2586,UA,SFO,6
-4,6,2,1,6,2586,UA,SFO,7
-5,6,3,2,6,2586,UA,SFO,8
-4,6,4,3,6,2586,UA,SFO,9
-1,6,5,4,6,2586,UA,SFO,10
-8,6,6,5,6,2586,UA,SFO,11
114,6,7,6,6,2586,UA,SFO,12
9,6,8,7,6,2586,UA,SFO,13
24,6,9,1,6,2586,UA,SFO,14
-7,6,10,2,6,2586,UA,SFO,15
28,6,11,3,6,2586,UA,SFO,16
-6,6,12,4,6,2586,UA,SFO,17
1,6,13,5,6,2586,UA,SFO,18
-2,6,14,6,6,2586,UA,SFO,19
-5,6,15,7,6,2586,UA,SFO,19
7,6,16,1,6,2586,UA,SFO,18
0,6,17,2,6,2586,UA,SFO,17
-8,6,18,3,6,2586,UA,SFO,16
1,6,19,4,6,2586,UA,SFO,15
10,6,20,5,6,2586,UA,SFO,14
-4,6,21,6,6,2586,UA,SFO,13
-5,6,22,7,6,2586,UA,SFO,12
5,6,23,1,6,2586,UA,SFO,11
6,6,24,2,6,2586,UA,SFO,10
-4,6,25,3,6,2586,UA,SFO,9
-4,6,26,4,6,2586,UA,SFO,8
-2,6,27,5,6,2586,UA,SFO,7
-5,6,28,6,6,2586,UA,SFO,6
1,6,29,7,6,2586,UA,SFO,5
0,6,30,1,6,2586,UA,SFO,4
-3,6,1,7,21,2586,UA,SFO,6
-2,6,2,1,21,2586,UA,SFO,7
14,6,3,2,21,2586,UA,SFO,8
84,6,4,3,21,2586,UA,SFO,9
40,6,5,4,21,2586,UA,SFO,10
48,6,6,5,21,2586,UA,SFO,11
9,6,7,6,21,2586,UA,SFO,12
161,6,8,7,21,2586,UA,SFO,13
88,6,9,1,21,2586,UA,SFO,14
231,6,10,2,21,2586,UA,SFO,15
29,6,11,3,21,2586,UA,SFO,16
40,6,12,4,21,2586,UA,SFO,17
30,6,13,5,21,2586,UA,SFO,18
148,6,14,6,21,2586,UA,SFO,19
89,6,15,7,21,2586,UA,SFO,19
-1,6,17,2,21,2586,UA,SFO,17
46,6,18,3,21,2586,UA,SFO,16
131,6,19,4,21,2586,UA,SFO,15
-2,6,20,5,21,2586,UA,SFO,14
-4,6,21,6,21,2586,UA,SFO,13
124,6,22,7,21,2586,UA,SFO,12
119,6,23,1,21,2586,UA,SFO,11
-5,6,25,3,21,2586,UA,SFO,9
49,6,26,4,21,2586,UA,SFO,8
48,6,27,5,21,2586,UA,SFO,7
46,6,28,6,21,2586,UA,SFO,6
94,6,29,7,21,2586,UA,SFO,5
0,6,30,1,21,2586,UA,SFO,4
0,6,1,7,11,2586,UA,SFO,6
-3,6,2,1,11,2586,UA,SFO,7
1,6,3,2,11,2586,UA,SFO,8
15,6,4,3,11,2586,UA,SFO,9
0,6,5,4,11,2586,UA,SFO,10
1,6,6,5,11,2586,UA,SFO,11
-1,6,7,6,11,2586,UA,SFO,12
1,6,8,7,11,2586,UA,SFO,13
52,6,9,1,11,2586,UA,SFO,14
1,6,10,2,11,2586,UA,SFO,15
-2,6,11,3,11,2586,UA,SFO,16
3,6,12,4,11,2586,UA,SFO,17
8,6,13,5,11,2586,UA,SFO,18
1,6,14,6,11,2586,UA,SFO,19
38,6,15,7,11,2586,UA,SFO,19
5,6,16,1,11,2586,UA,SFO,18
-3,6,17,2,11,2586,UA,SFO,17
-7,6,18,3,11,2586,UA,SFO,16
-3,6,19,4,11,2586,UA,SFO,15
-3,6,20,5,11,2586,UA,SFO,14
1,6,21,6,11,2586,UA,SFO,13
-5,6,22,7,11,2586,UA,SFO,12
1,6,23,1,11,2586,UA,SFO,11
17,6,24,2,11,2586,UA,SFO,10
-3,6,25,3,11,2586,UA,SFO,9
-3,6,26,4,11,2586,UA,SFO,8
-4,6,27,5,11,2586,UA,SFO,7
-4,6,28,6,11,2586,UA,SFO,6
2,6,29,7,11,2586,UA,SFO,5
60,6,30,1,11,2586,UA,SFO,4
-2,6,1,7,15,2586,UA,SFO,6
-6,6,2,1,15,2586,UA,SFO,7
-3,6,3,2,15,2586,UA,SFO,8
30,6,4,3,15,2586,UA,SFO,9
6,6,5,4,15,2586,UA,SFO,10
-2,6,6,5,15,2586,UA,SFO,11
10,6,7,6,15,2586,UA,SFO,12
-5,6,8,7,15,2586,UA,SFO,13
-3,6,9,1,15,2586,UA,SFO,14
8,6,10,2,15,2586,UA,SFO,15
16,6,11,3,15,2586,UA,SFO,16
-1,6,12,4,15,2586,UA,SFO,17
12,6,13,5,15,2586,UA,SFO,18
5,6,14,6,15,2586,UA,SFO,19
0,6,15,7,15,2586,UA,SFO,19
4,6,16,1,15,2586,UA,SFO,18
1,6,17,2,15,2586,UA,SFO,17
3,6,18,3,15,2586,UA,SFO,16
-5,6,19,4,15,2586,UA,SFO,15
-4,6,20,5,15,2586,UA,SFO,14
6,6,21,6,15,2586,UA,SFO,13
-4,6,23,1,15,2586,UA,SFO,11
28,6,24,2,15,2586,UA,SFO,10
0,6,25,3,15,2586,UA,SFO,9
14,6,26,4,15,2586,UA,SFO,8
17,6,27,5,15,2586,UA,SFO,7
2,6,28,6,15,2586,UA,SFO,6
-2,6,29,7,15,2586,UA,SFO,5
13,6,30,1,15,2586,UA,SFO,4
6,6,1,7,17,2586,UA,SFO,6
4,6,2,1,17,2586,UA,SFO,7
2,6,3,2,17,2586,UA,SFO,8
-1,6,4,3,17,2586,UA,SFO,9
2,6,5,4,17,2586,UA,SFO,10
1,6,6,5,17,2586,UA,SFO,11
14,6,7,6,17,2586,UA,SFO,12
34,6,8,7,17,2586,UA,SFO,13
10,6,9,1,17,2586,UA,SFO,14
272,6,10,2,17,2586,UA,SFO,15
8,6,11,3,17,2586,UA,SFO,16
-3,6,12,4,17,2586,UA,SFO,17
-2,6,13,5,17,2586,UA,SFO,18
3,6,14,6,17,2586,UA,SFO,19
1,6,15,7,17,2586,UA,SFO,19
3,6,16,1,17,2586,UA,SFO,18
3,6,17,2,17,2586,UA,SFO,17
1,6,18,3,17,2586,UA,SFO,16
1,6,19,4,17,2586,UA,SFO,15
21,6,20,5,17,2586,UA,SFO,14
42,6,21,6,17,2586,UA,SFO,13
-4,6,22,7,17,2586,UA,SFO,12
4,6,23,1,17,2586,UA,SFO,11
0,6,24,2,17,2586,UA,SFO,10
114,6,25,3,17,2586,UA,SFO,9
-2,6,26,4,17,2586,UA,SFO,8
10,6,27,5,17,2586,UA,SFO,7
-1,6,28,6,17,2586,UA,SFO,6
125,6,29,7,17,2586,UA,SFO,5
1,6,30,1,17,2586,UA,SFO,4
40,6,1,7,20,2586,UA,SFO,6
11,6,2,1,20,2586,UA,SFO,7
-4,6,3,2,20,2586,UA,SFO,8
20,6,4,3,20,2586,UA,SFO,9
-5,6,5,4,20,2586,UA,SFO,10
6,6,6,5,20,2586,UA,SFO,11
100,6,7,6,20,2586,UA,SFO,12
64,6,8,7,20,2586,UA,SFO,13
102,6,9,1,20,2586,UA,SFO,14
30,6,10,2,20,2586,UA,SFO,15
5,6,11,3,20,2586,UA,SFO,16
214,6,12,4,20,2586,UA,SFO,17
184,6,13,5,20,2586,UA,SFO,18
179,6,14,6,20,2586,UA,SFO,19
6,6,15,7,20,2586,UA,SFO,19
154,6,16,1,20,2586,UA,SFO,18
2,6,17,2,20,2586,UA,SFO,17
24,6,18,3,20,2586,UA,SFO,16
3,6,19,4,20,2586,UA,SFO,15
45,6,20,5,20,2586,UA,SFO,14
12,6,21,6,20,2586,UA,SFO,13
53,6,22,7,20,2586,UA,SFO,12
107,6,23,1,20,2586,UA,SFO,11
1,6,24,2,20,2586,UA,SFO,10
2,6,25,3,20,2586,UA,SFO,9
-1,6,26,4,20,2586,UA,SFO,8
26,6,27,5,20,2586,UA,SFO,7
-2,6,28,6,20,2586,UA,SFO,6
-1,6,5,4,6,2475,UA,LAX,10
8,6,6,5,6,2475,UA,LAX,11
77,6,7,6,6,2475,UA,LAX,12
-6,6,8,7,6,2475,UA,LAX,13
-2,6,9,1,6,2475,UA,LAX,14
-3,6,10,2,6,2475,UA,LAX,15
-6,6,11,3,6,2475,UA,LAX,16
-3,6,12,4,6,2475,UA,LAX,17
-4,6,13,5,6,2475,UA,LAX,18
3,6,14,6,6,2475,UA,LAX,19
-7,6,16,1,6,2475,UA,LAX,18
8,6,17,2,6,2475,UA,LAX,17
-6,6,18,3,6,2475,UA,LAX,16
18,6,19,4,6,2475,UA,LAX,15
-5,6,20,5,6,2475,UA,LAX,14
-1,6,21,6,6,2475,UA,LAX,13
12,6,22,7,6,2475,UA,LAX,12
-4,6,23,1,6,2475,UA,LAX,11
1,6,24,2,6,2475,UA,LAX,10
135,6,25,3,6,2475,UA,LAX,9
9,6,26,4,6,2475,UA,LAX,8
-5,6,27,5,6,2475,UA,LAX,7
-9,6,28,6,6,2475,UA,LAX,6
-1,6,29,7,6,2475,UA,LAX,5
-5,6,30,1,6,2475,UA,LAX,4
-4,6,1,7,6,2475,UA,LAX,6
-4,6,2,1,6,2475,UA,LAX,7
-7,6,3,2,6,2475,UA,LAX,8
-5,6,4,3,6,2475,UA,LAX,9
5,6,5,4,8,2475,UA,LAX,10
-2,6,6,5,8,2475,UA,LAX,11
-5,6,7,6,8,2475,UA,LAX,12
-6,6,8,7,8,2475,UA,LAX,13
-1,6,9,1,8,2475,UA,LAX,14
1,6,10,2,8,2475,UA,LAX,15
-3,6,11,3,8,2475,UA,LAX,16
19,6,12,4,8,2475,UA,LAX,17
-6,6,13,5,8,2475,UA,LAX,18
-3,6,14,6,8,2475,UA,LAX,19
12,6,15,7,8,2475,UA,LAX,19
-8,6,16,1,8,2475,UA,LAX,18
1,6,17,2,8,2475,UA,LAX,17
-3,6,18,3,8,2475,UA,LAX,16
-6,6,19,4,8,2475,UA,LAX,15
0,6,20,5,8,2475,UA,LAX,14
-6,6,21,6,8,2475,UA,LAX,13
3,6,22,7,8,2475,UA,LAX,12
2,6,23,1,8,2475,UA,LAX,11
-2,6,24,2,8,2475,UA,LAX,10
-2,6,25,3,8,2475,UA,LAX,9
37,6,26,4,8,2475,UA,LAX,8
-2,6,27,5,8,2475,UA,LAX,7
0,6,28,6,8,2475,UA,LAX,6
0,6,29,7,8,2475,UA,LAX,5
-2,6,30,1,8,2475,UA,LAX,4
-1,6,1,7,15,2475,UA,LAX,6
-9,6,2,1,15,2475,UA,LAX,7
-4,6,3,2,15,2475,UA,LAX,8
36,6,4,3,15,2475,UA,LAX,9
-1,6,5,4,15,2475,UA,LAX,10
0,6,6,5,15,2475,UA,LAX,11
55,6,7,6,15,2475,UA,LAX,12
46,6,8,7,15,2475,UA,LAX,13
1,6,9,1,15,2475,UA,LAX,14
-5,6,10,2,15,2475,UA,LAX,15
0,6,11,3,15,2475,UA,LAX,16
35,6,12,4,15,2475,UA,LAX,17
-1,6,13,5,15,2475,UA,LAX,18
-4,6,14,6,15,2475,UA,LAX,19
0,6,15,7,15,2475,UA,LAX,19
-7,6,16,1,15,2475,UA,LAX,18
0,6,17,2,15,2475,UA,LAX,17
0,6,18,3,15,2475,UA,LAX,16
-2,6,19,4,15,2475,UA,LAX,15
11,6,20,5,15,2475,UA,LAX,14
305,6,21,6,15,2475,UA,LAX,13
8,6,22,7,15,2475,UA,LAX,12
2,6,23,1,15,2475,UA,LAX,11
-4,6,25,3,15,2475,UA,LAX,9
-1,6,26,4,15,2475,UA,LAX,8
13,6,27,5,15,2475,UA,LAX,7
-6,6,28,6,15,2475,UA,LAX,6
-2,6,29,7,15,2475,UA,LAX,5
6,6,30,1,15,2475,UA,LAX,4
64,6,1,7,18,2475,UA,LAX,6
30,6,2,1,18,2475,UA,LAX,7
1,6,3,2,18,2475,UA,LAX,8
17,6,4,3,18,2475,UA,LAX,9
1,6,5,4,18,2475,UA,LAX,10
-4,6,6,5,18,2475,UA,LAX,11
-5,6,7,6,18,2475,UA,LAX,12
44,6,8,7,18,2475,UA,LAX,13
51,6,9,1,18,2475,UA,LAX,14
-2,6,11,3,18,2475,UA,LAX,16
-4,6,12,4,18,2475,UA,LAX,17
48,6,13,5,18,2475,UA,LAX,18
197,6,14,6,18,2475,UA,LAX,19
1,6,15,7,18,2475,UA,LAX,19
97,6,16,1,18,2475,UA,LAX,18
58,6,17,2,18,2475,UA,LAX,17
-3,6,18,3,18,2475,UA,LAX,16
-1,6,19,4,18,2475,UA,LAX,15
0,6,20,5,18,2475,UA,LAX,14
30,6,21,6,18,2475,UA,LAX,13
95,6,22,7,18,2475,UA,LAX,12
75,6,23,1,18,2475,UA,LAX,11
48,6,24,2,18,2475,UA,LAX,10
2,6,25,3,18,2475,UA,LAX,9
13,6,26,4,18,2475,UA,LAX,8
10,6,27,5,18,2475,UA,LAX,7
82,6,28,6,18,2475,UA,LAX,6
138,6,29,7,18,2475,UA,LAX,5
41,6,30,1,18,2475,UA,LAX,4
-2,6,1,7,20,2475,UA,LAX,6
-6,6,2,1,20,2475,UA,LAX,7
-7,6,3,2,20,2475,UA,LAX,8
34,6,4,3,20,2475,UA,LAX,9
-4,6,5,4,20,2475,UA,LAX,10
7,6,6,5,20,2475,UA,LAX,11
-7,6,7,6,20,2475,UA,LAX,12
135,6,8,7,20,2475,UA,LAX,13
-8,6,9,1,20,2475,UA,LAX,14
4,6,10,2,20,2475,UA,LAX,15
1,6,11,3,20,2475,UA,LAX,16
-3,6,12,4,20,2475,UA,LAX,17
164,6,13,5,20,2475,UA,LAX,18
141,6,14,6,20,2475,UA,LAX,19
-8,6,15,7,20,2475,UA,LAX,19
111,6,16,1,20,2475,UA,LAX,18
-10,6,17,2,20,2475,UA,LAX,17
103,6,18,3,20,2475,UA,LAX,16
0,6,19,4,20,2475,UA,LAX,15
0,6,20,5,20,2475,UA,LAX,14
-2,6,21,6,20,2475,UA,LAX,13
134,6,22,7,20,2475,UA,LAX,12
97,6,23,1,20,2475,UA,LAX,11
73,6,24,2,20,2475,UA,LAX,10
58,6,25,3,20,2475,UA,LAX,9
-10,6,26,4,20,2475,UA,LAX,8
7,6,27,5,20,2475,UA,LAX,7
-5,6,1,7,9,2475,UA,LAX,6
-3,6,2,1,9,2475,UA,LAX,7
-1,6,3,2,9,2475,UA,LAX,8
-1,6,4,3,9,2475,UA,LAX,9
-3,6,5,4,9,2475,UA,LAX,10
-1,6,6,5,9,2475,UA,LAX,11
-5,6,7,6,9,2475,UA,LAX,12
-5,6,8,7,9,2475,UA,LAX,13
-3,6,9,1,9,2475,UA,LAX,14
-8,6,10,2,9,2475,UA,LAX,15
10,6,11,3,9,2475,UA,LAX,16
-8,6,12,4,9,2475,UA,LAX,17
-4,6,13,5,9,2475,UA,LAX,18
-1,6,14,6,9,2475,UA,LAX,19
35,6,15,7,9,2475,UA,LAX,19
-2,6,16,1,9,2475,UA,LAX,18
-1,6,17,2,9,2475,UA,LAX,17
-6,6,18,3,9,2475,UA,LAX,16
-2,6,19,4,9,2475,UA,LAX,15
-4,6,20,5,9,2475,UA,LAX,14
3,6,21,6,9,2475,UA,LAX,13
-4,6,22,7,9,2475,UA,LAX,12
10,6,23,1,9,2475,UA,LAX,11
10,6,24,2,9,2475,UA,LAX,10
7,6,25,3,9,2475,UA,LAX,9
0,6,26,4,9,2475,UA,LAX,8
-1,6,27,5,9,2475,UA,LAX,7
-3,6,28,6,9,2475,UA,LAX,6
1,6,29,7,9,2475,UA,LAX,5
-3,6,30,1,9,2475,UA,LAX,4
6,6,1,7,11,2475,UA,LAX,6
1,6,2,1,11,2475,UA,LAX,7
-3,6,3,2,11,2475,UA,LAX,8
-2,6,5,4,11,2475,UA,LAX,10
-2,6,6,5,11,2475,UA,LAX,11
3,6,7,6,11,2475,UA,LAX,12
-3,6,8,7,11,2475,UA,LAX,13
152,6,9,1,11,2475,UA,LAX,14
31,6,10,2,11,2475,UA,LAX,15
-1,6,12,4,11,2475,UA,LAX,17
-4,6,14,6,11,2475,UA,LAX,19
11,6,15,7,11,2475,UA,LAX,19
-5,6,17,2,11,2475,UA,LAX,17
4,6,18,3,11,2475,UA,LAX,16
-2,6,19,4,11,2475,UA,LAX,15
-5,6,21,6,11,2475,UA,LAX,13
-2,6,22,7,11,2475,UA,LAX,12
1,6,23,1,11,2475,UA,LAX,11
27,6,24,2,11,2475,UA,LAX,10
0,6,25,3,11,2475,UA,LAX,9
-7,6,26,4,11,2475,UA,LAX,8
-4,6,27,5,11,2475,UA,LAX,7
-1,6,28,6,11,2475,UA,LAX,6
1,6,29,7,11,2475,UA,LAX,5
-4,6,30,1,11,2475,UA,LAX,4
-4,6,1,7,7,2586,UA,SFO,6
-1,6,2,1,7,2586,UA,SFO,7
-2,6,3,2,7,2586,UA,SFO,8
0,6,4,3,7,2586,UA,SFO,9
-4,6,5,4,7,2586,UA,SFO,10
-4,6,6,5,7,2586,UA,SFO,11
-5,6,7,6,7,2586,UA,SFO,12
-1,6,8,7,7,2586,UA,SFO,13
-2,6,9,1,7,2586,UA,SFO,14
4,6,10,2,7,2586,UA,SFO,15
1,6,11,3,7,2586,UA,SFO,16
-3,6,12,4,7,2586,UA,SFO,17
-7,6,13,5,7,2586,UA,SFO,18
-2,6,14,6,7,2586,UA,SFO,19
1,6,15,7,7,2586,UA,SFO,19
1,6,16,1,7,2586,UA,SFO,18
-9,6,17,2,7,2586,UA,SFO,17
28,6,18,3,7,2586,UA,SFO,16
-5,6,19,4,7,2586,UA,SFO,15
2,6,20,5,7,2586,UA,SFO,14
-2,6,21,6,7,2586,UA,SFO,13
-6,6,22,7,7,2586,UA,SFO,12
0,6,23,1,7,2586,UA,SFO,11
-1,6,24,2,7,2586,UA,SFO,10
1,6,25,3,7,2586,UA,SFO,9
-3,6,26,4,7,2586,UA,SFO,8
10,6,27,5,7,2586,UA,SFO,7
-3,6,28,6,7,2586,UA,SFO,6
-4,6,29,7,7,2586,UA,SFO,5
-4,6,30,1,7,2586,UA,SFO,4
-3,6,1,7,17,2475,UA,LAX,6
-6,6,2,1,17,2475,UA,LAX,7
-1,6,3,2,17,2475,UA,LAX,8
21,6,4,3,17,2475,UA,LAX,9
-3,6,5,4,17,2475,UA,LAX,10
-3,6,6,5,17,2475,UA,LAX,11
-10,6,7,6,17,2475,UA,LAX,12
149,6,8,7,17,2475,UA,LAX,13
-5,6,9,1,17,2475,UA,LAX,14
10,6,10,2,17,2475,UA,LAX,15
-3,6,11,3,17,2475,UA,LAX,16
7,6,12,4,17,2475,UA,LAX,17
185,6,13,5,17,2475,UA,LAX,18
59,6,14,6,17,2475,UA,LAX,19
-6,6,15,7,17,2475,UA,LAX,19
38,6,16,1,17,2475,UA,LAX,18
-1,6,17,2,17,2475,UA,LAX,17
42,6,18,3,17,2475,UA,LAX,16
-2,6,19,4,17,2475,UA,LAX,15
-1,6,20,5,17,2475,UA,LAX,14
39,6,21,6,17,2475,UA,LAX,13
18,6,22,7,17,2475,UA,LAX,12
54,6,23,1,17,2475,UA,LAX,11
-2,6,24,2,17,2475,UA,LAX,10
44,6,25,3,17,2475,UA,LAX,9
-2,6,26,4,17,2475,UA,LAX,8
0,6,27,5,17,2475,UA,LAX,7
-6,6,28,6,17,2475,UA,LAX,6
181,6,29,7,17,2475,UA,LAX,5
-4,6,30,1,17,2475,UA,LAX,4
-4,6,1,7,8,2475,UA,LAX,6
-9,6,2,1,8,2475,UA,LAX,7
-2,6,3,2,8,2475,UA,LAX,8
2,6,4,3,8,2475,UA,LAX,9
-2,6,1,7,8,2586,UA,SFO,6
-6,6,2,1,8,2586,UA,SFO,7
-3,6,3,2,8,2586,UA,SFO,8
39,6,4,3,8,2586,UA,SFO,9
4,6,5,4,8,2586,UA,SFO,10
-1,6,6,5,8,2586,UA,SFO,11
5,6,7,6,8,2586,UA,SFO,12
10,6,8,7,8,2586,UA,SFO,13
10,6,9,1,8,2586,UA,SFO,14
-4,6,10,2,8,2586,UA,SFO,15
103,6,11,3,8,2586,UA,SFO,16
5,6,12,4,8,2586,UA,SFO,17
1,6,13,5,8,2586,UA,SFO,18
-10,6,14,6,8,2586,UA,SFO,19
171,6,15,7,8,2586,UA,SFO,19
-5,6,16,1,8,2586,UA,SFO,18
-4,6,17,2,8,2586,UA,SFO,17
-8,6,18,3,8,2586,UA,SFO,16
-6,6,19,4,8,2586,UA,SFO,15
4,6,20,5,8,2586,UA,SFO,14
-3,6,21,6,8,2586,UA,SFO,13
-3,6,22,7,8,2586,UA,SFO,12
2,6,23,1,8,2586,UA,SFO,11
-1,6,24,2,8,2586,UA,SFO,10
0,6,25,3,8,2586,UA,SFO,9
-3,6,26,4,8,2586,UA,SFO,8
-2,6,27,5,8,2586,UA,SFO,7
-1,6,28,6,8,2586,UA,SFO,6
3,6,29,7,8,2586,UA,SFO,5
1,6,30,1,8,2586,UA,SFO,4
26,6,1,7,20,2248,US,LAS,6
-6,6,1,7,7,2248,US,LAS,6
-5,6,1,7,9,2248,US,LAS,6
-5,6,1,7,17,2153,US,PHX,6
-3,6,1,7,9,2153,US,PHX,6
2,6,1,7,6,2153,US,PHX,6
-6,6,2,1,20,2248,US,LAS,7
-8,6,2,1,7,2248,US,LAS,7
-7,6,2,1,9,2248,US,LAS,7
0,6,2,1,17,2153,US,PHX,7
-8,6,2,1,9,2153,US,PHX,7
-1,6,2,1,6,2153,US,PHX,7
-7,6,3,2,20,2248,US,LAS,8
1,6,3,2,7,2248,US,LAS,8
-7,6,3,2,9,2248,US,LAS,8
-10,6,3,2,17,2153,US,PHX,8
-2,6,3,2,6,2153,US,PHX,8
-7,6,3,2,9,2153,US,PHX,8
48,6,4,3,20,2248,US,LAS,9
-6,6,4,3,7,2248,US,LAS,9
-2,6,4,3,9,2248,US,LAS,9
19,6,4,3,17,2153,US,PHX,9
-8,6,4,3,6,2153,US,PHX,9
-4,6,4,3,9,2153,US,PHX,9
11,6,5,4,20,2248,US,LAS,10
-4,6,5,4,7,2248,US,LAS,10
-1,6,5,4,9,2248,US,LAS,10
-10,6,5,4,17,2153,US,PHX,10
-5,6,5,4,6,2153,US,PHX,10
-2,6,5,4,9,2153,US,PHX,10
47,6,6,5,20,2248,US,LAS,11
-4,6,6,5,7,2248,US,LAS,11
-3,6,6,5,9,2248,US,LAS,11
-1,6,6,5,17,2153,US,PHX,11
-8,6,6,5,6,2153,US,PHX,11
-1,6,6,5,9,2153,US,PHX,11
97,6,7,6,20,2248,US,LAS,12
-13,6,7,6,7,2248,US,LAS,12
-4,6,7,6,9,2248,US,LAS,12
-6,6,7,6,17,2153,US,PHX,12
-3,6,7,6,6,2153,US,PHX,12
-5,6,7,6,9,2153,US,PHX,12
189,6,8,7,20,2248,US,LAS,13
-8,6,8,7,7,2248,US,LAS,13
-1,6,8,7,9,2248,US,LAS,13
-13,6,8,7,17,2153,US,PHX,13
-9,6,8,7,6,2153,US,PHX,13
-9,6,8,7,9,2153,US,PHX,13
21,6,9,1,20,2248,US,LAS,14
23,6,9,1,7,2248,US,LAS,14
4,6,9,1,9,2248,US,LAS,14
-3,6,9,1,17,2153,US,PHX,14
53,6,9,1,6,2153,US,PHX,14
-1,6,9,1,9,2153,US,PHX,14
40,6,10,2,20,2248,US,LAS,15
-5,6,10,2,7,2248,US,LAS,15
-5,6,10,2,9,2248,US,LAS,15
-6,6,10,2,17,2153,US,PHX,15
0,6,10,2,6,2153,US,PHX,15
10,6,10,2,9,2153,US,PHX,15
0,6,11,3,20,2248,US,LAS,16
-3,6,11,3,7,2248,US,LAS,16
-4,6,11,3,9,2248,US,LAS,16
-5,6,11,3,17,2153,US,PHX,16
-6,6,11,3,6,2153,US,PHX,16
4,6,11,3,9,2153,US,PHX,16
3,6,12,4,20,2248,US,LAS,17
-6,6,12,4,7,2248,US,LAS,17
-2,6,12,4,9,2248,US,LAS,17
-3,6,12,4,17,2153,US,PHX,17
-7,6,12,4,6,2153,US,PHX,17
-5,6,12,4,9,2153,US,PHX,17
190,6,13,5,20,2248,US,LAS,18
-6,6,13,5,7,2248,US,LAS,18
-6,6,13,5,9,2248,US,LAS,18
111,6,13,5,17,2153,US,PHX,18
-6,6,13,5,6,2153,US,PHX,18
-7,6,13,5,9,2153,US,PHX,18
311,6,14,6,20,2248,US,LAS,19
-8,6,14,6,7,2248,US,LAS,19
19,6,14,6,9,2248,US,LAS,19
-9,6,14,6,17,2153,US,PHX,19
39,6,14,6,6,2153,US,PHX,19
-8,6,14,6,9,2153,US,PHX,19
249,6,15,7,20,2248,US,LAS,19
-2,6,15,7,7,2248,US,LAS,19
136,6,15,7,9,2248,US,LAS,19
58,6,15,7,17,2153,US,PHX,19
78,6,15,7,6,2153,US,PHX,19
-6,6,15,7,9,2153,US,PHX,19
192,6,16,1,20,2248,US,LAS,18
41,6,16,1,7,2248,US,LAS,18
56,6,16,1,9,2248,US,LAS,18
352,6,16,1,17,2153,US,PHX,18
126,6,16,1,6,2153,US,PHX,18
-1,6,16,1,9,2153,US,PHX,18
9,6,17,2,20,2248,US,LAS,17
-2,6,17,2,7,2248,US,LAS,17
7,6,17,2,9,2248,US,LAS,17
214,6,17,2,17,2153,US,PHX,17
78,6,17,2,6,2153,US,PHX,17
-3,6,17,2,9,2153,US,PHX,17
23,6,18,3,20,2248,US,LAS,16
-5,6,18,3,7,2248,US,LAS,16
9,6,18,3,9,2248,US,LAS,16
4,6,18,3,17,2153,US,PHX,16
-2,6,18,3,6,2153,US,PHX,16
-1,6,18,3,9,2153,US,PHX,16
49,6,19,4,20,2248,US,LAS,15
-9,6,19,4,7,2248,US,LAS,15
-1,6,19,4,9,2248,US,LAS,15
116,6,19,4,17,2153,US,PHX,15
-6,6,19,4,6,2153,US,PHX,15
-6,6,19,4,9,2153,US,PHX,15
2,6,20,5,20,2248,US,LAS,14
-8,6,20,5,7,2248,US,LAS,14
-3,6,20,5,9,2248,US,LAS,14
-8,6,20,5,17,2153,US,PHX,14
-5,6,20,5,6,2153,US,PHX,14
70,6,20,5,9,2153,US,PHX,14
13,6,21,6,20,2248,US,LAS,13
-7,6,21,6,7,2248,US,LAS,13
-6,6,21,6,9,2248,US,LAS,13
-10,6,21,6,17,2153,US,PHX,13
2,6,21,6,6,2153,US,PHX,13
41,6,21,6,9,2153,US,PHX,13
-7,6,22,7,7,2248,US,LAS,12
35,6,22,7,9,2248,US,LAS,12
202,6,22,7,17,2153,US,PHX,12
-4,6,22,7,6,2153,US,PHX,12
-5,6,22,7,9,2153,US,PHX,12
142,6,23,1,20,2248,US,LAS,11
0,6,23,1,7,2248,US,LAS,11
95,6,23,1,17,2153,US,PHX,11
2,6,23,1,6,2153,US,PHX,11
2,6,23,1,9,2153,US,PHX,11
28,6,24,2,20,2248,US,LAS,10
-9,6,24,2,7,2248,US,LAS,10
-6,6,24,2,9,2248,US,LAS,10
119,6,24,2,17,2153,US,PHX,10
1,6,24,2,6,2153,US,PHX,10
-6,6,24,2,9,2153,US,PHX,10
2,6,25,3,20,2248,US,LAS,9
-9,6,25,3,7,2248,US,LAS,9
-3,6,25,3,9,2248,US,LAS,9
47,6,25,3,17,2153,US,PHX,9
2,6,25,3,6,2153,US,PHX,9
2,6,25,3,9,2153,US,PHX,9
17,6,26,4,20,2248,US,LAS,8
-4,6,26,4,7,2248,US,LAS,8
-7,6,26,4,9,2248,US,LAS,8
-10,6,26,4,17,2153,US,PHX,8
-3,6,26,4,6,2153,US,PHX,8
7,6,26,4,9,2153,US,PHX,8
82,6,27,5,20,2248,US,LAS,7
-3,6,27,5,7,2248,US,LAS,7
-1,6,27,5,9,2248,US,LAS,7
-3,6,27,5,17,2153,US,PHX,7
-6,6,27,5,6,2153,US,PHX,7
0,6,27,5,9,2153,US,PHX,7
135,6,28,6,20,2248,US,LAS,6
-2,6,28,6,7,2248,US,LAS,6
-8,6,28,6,9,2248,US,LAS,6
77,6,28,6,17,2153,US,PHX,6
-3,6,28,6,6,2153,US,PHX,6
-5,6,28,6,9,2153,US,PHX,6
298,6,29,7,20,2248,US,LAS,5
3,6,29,7,7,2248,US,LAS,5
-6,6,29,7,9,2248,US,LAS,5
149,6,29,7,17,2153,US,PHX,5
9,6,29,7,6,2153,US,PHX,5
12,6,29,7,9,2153,US,PHX,5
1,6,30,1,20,2248,US,LAS,4
0,6,30,1,7,2248,US,LAS,4
86,6,30,1,9,2248,US,LAS,4
-5,6,30,1,17,2153,US,PHX,4
190,6,30,1,6,2153,US,PHX,4
0,6,30,1,9,2153,US,PHX,4
0,6,19,4,19,1989,DL,SLC,15
0,6,20,5,12,944,DL,MCO,14
1,6,20,5,14,1069,DL,FLL,14
10,6,20,5,20,2475,DL,LAX,14
-5,6,20,5,8,760,DL,ATL,14
100,6,20,5,19,1005,DL,TPA,14
32,6,20,5,16,187,DL,BOS,14
18,6,20,5,20,2586,DL,SFO,14
30,6,20,5,16,2475,DL,LAX,14
72,6,20,5,16,2248,DL,LAS,14
-1,6,20,5,8,1069,DL,FLL,14
2,6,20,5,16,2421,DL,SEA,14
-1,6,20,5,15,589,DL,CVG,14
1,6,20,5,16,1989,DL,SLC,14
-3,6,20,5,19,1090,DL,MIA,14
-7,6,20,5,17,2446,DL,SAN,14
27,6,20,5,8,187,DL,BOS,14
-1,6,20,5,14,1005,DL,TPA,14
-3,6,20,5,8,2248,DL,LAS,14
39,6,20,5,16,944,DL,MCO,14
9,6,20,5,19,760,DL,ATL,14
-4,6,20,5,18,2475,DL,LAX,14
2,6,20,5,15,1989,DL,SLC,14
-3,6,20,5,17,2586,DL,SFO,14
-4,6,20,5,17,589,DL,CVG,14
-5,6,20,5,20,2421,DL,SEA,14
28,6,20,5,14,2475,DL,LAX,14
12,6,20,5,18,1626,DL,DEN,14
-7,6,20,5,19,2454,DL,PDX,14
2,6,20,5,16,760,DL,ATL,14
18,6,20,5,13,760,DL,ATL,14
-4,6,20,5,8,944,DL,MCO,14
-5,6,20,5,6,760,DL,ATL,14
-2,6,20,5,8,1597,DL,SJU,14
-6,6,20,5,8,2475,DL,LAX,14
32,6,20,5,11,2475,DL,LAX,14
-2,6,20,5,8,2586,DL,SFO,14
-5,6,20,5,8,2248,DL,LAS,14
-4,6,20,5,11,2248,DL,LAS,14
-6,6,20,5,21,2248,DL,LAS,14
2,6,20,5,8,2421,DL,SEA,14
18,6,20,5,16,2153,DL,PHX,14
2,6,20,5,20,2153,DL,PHX,14
0,6,20,5,10,1069,DL,FLL,14
80,6,20,5,19,1069,DL,FLL,14
-1,6,20,5,20,944,DL,MCO,14
77,6,20,5,10,1090,DL,MIA,14
-1,6,20,5,8,1005,DL,TPA,14
-1,6,20,5,7,1989,DL,SLC,14
-2,6,20,5,19,1989,DL,SLC,14
-4,6,21,6,12,944,DL,MCO,13
102,6,21,6,14,1069,DL,FLL,13
2,6,21,6,20,2475,DL,LAX,13
39,6,21,6,8,760,DL,ATL,13
24,6,21,6,19,1005,DL,TPA,13
21,6,21,6,16,187,DL,BOS,13
45,6,21,6,20,2586,DL,SFO,13
-2,6,21,6,16,2475,DL,LAX,13
1,6,21,6,16,2248,DL,LAS,13
-4,6,21,6,8,1069,DL,FLL,13
-6,6,21,6,17,2421,DL,SEA,13
34,6,21,6,15,589,DL,CVG,13
3,6,21,6,16,1989,DL,SLC,13
-1,6,21,6,19,1090,DL,MIA,13
2,6,21,6,17,2446,DL,SAN,13
-3,6,21,6,8,187,DL,BOS,13
5,6,21,6,14,1005,DL,TPA,13
3,6,21,6,8,2248,DL,LAS,13
27,6,21,6,16,944,DL,MCO,13
7,6,21,6,19,760,DL,ATL,13
3,6,21,6,18,2475,DL,LAX,13
-2,6,21,6,15,1989,DL,SLC,13
-2,6,21,6,17,2586,DL,SFO,13
-6,6,21,6,17,589,DL,CVG,13
-3,6,21,6,20,2421,DL,SEA,13
26,6,21,6,14,2475,DL,LAX,13
-3,6,21,6,18,1626,DL,DEN,13
-6,6,21,6,19,2454,DL,PDX,13
0,6,21,6,15,187,DL,BOS,13
31,6,21,6,16,760,DL,ATL,13
13,6,21,6,13,760,DL,ATL,13
17,6,21,6,8,944,DL,MCO,13
10,6,21,6,6,760,DL,ATL,13
-1,6,21,6,8,1597,DL,SJU,13
60,6,21,6,8,1623,DL,STT,13
-1,6,21,6,8,2475,DL,LAX,13
5,6,21,6,8,2586,DL,SFO,13
36,6,21,6,21,2248,DL,LAS,13
-1,6,21,6,8,2421,DL,SEA,13
-6,6,21,6,16,2153,DL,PHX,13
72,6,21,6,19,1069,DL,FLL,13
-2,6,21,6,20,944,DL,MCO,13
-3,6,21,6,10,1090,DL,MIA,13
-5,6,21,6,8,1005,DL,TPA,13
27,6,21,6,7,1989,DL,SLC,13
66,6,21,6,19,1989,DL,SLC,13
-4,6,22,7,12,944,DL,MCO,12
78,6,22,7,13,1069,DL,FLL,12
14,6,22,7,20,2475,DL,LAX,12
30,6,22,7,8,760,DL,ATL,12
121,6,22,7,19,1005,DL,TPA,12
51,6,22,7,16,187,DL,BOS,12
38,6,22,7,20,2586,DL,SFO,12
14,6,22,7,16,2475,DL,LAX,12
34,6,22,7,16,2248,DL,LAS,12
23,6,22,7,8,1069,DL,FLL,12
-3,6,22,7,16,2421,DL,SEA,12
31,6,22,7,15,589,DL,CVG,12
-1,6,22,7,16,1989,DL,SLC,12
177,6,22,7,19,1090,DL,MIA,12
68,6,22,7,17,2446,DL,SAN,12
-2,6,22,7,8,187,DL,BOS,12
-2,6,22,7,14,1005,DL,TPA,12
34,6,22,7,16,944,DL,MCO,12
189,6,22,7,19,760,DL,ATL,12
50,6,22,7,18,2475,DL,LAX,12
75,6,22,7,15,1989,DL,SLC,12
30,6,22,7,17,2586,DL,SFO,12
158,6,22,7,16,589,DL,CVG,12
42,6,22,7,20,2421,DL,SEA,12
-1,6,22,7,14,2475,DL,LAX,12
133,6,22,7,18,1626,DL,DEN,12
30,6,22,7,19,2454,DL,PDX,12
3,6,22,7,16,760,DL,ATL,12
17,6,22,7,13,760,DL,ATL,12
22,6,22,7,8,944,DL,MCO,12
0,6,22,7,6,760,DL,ATL,12
77,6,22,7,8,1597,DL,SJU,12
29,6,22,7,8,2475,DL,LAX,12
1,6,22,7,11,2475,DL,LAX,12
-3,6,22,7,8,2586,DL,SFO,12
-10,6,22,7,11,2248,DL,LAS,12
6,6,22,7,21,2248,DL,LAS,12
-3,6,22,7,8,2421,DL,SEA,12
188,6,22,7,16,2153,DL,PHX,12
174,6,22,7,20,2153,DL,PHX,12
-9,6,22,7,10,1069,DL,FLL,12
-4,6,22,7,19,1069,DL,FLL,12
4,6,22,7,21,944,DL,MCO,12
-5,6,22,7,10,1090,DL,MIA,12
11,6,22,7,8,1005,DL,TPA,12
-3,6,22,7,7,1989,DL,SLC,12
3,6,22,7,19,1989,DL,SLC,12
20,6,23,1,12,944,DL,MCO,11
29,6,23,1,13,1069,DL,FLL,11
37,6,23,1,20,2475,DL,LAX,11
15,6,23,1,8,760,DL,ATL,11
71,6,23,1,19,1005,DL,TPA,11
2,6,23,1,16,187,DL,BOS,11
87,6,23,1,20,2586,DL,SFO,11
0,6,23,1,16,2475,DL,LAX,11
58,6,23,1,16,2248,DL,LAS,11
-2,6,23,1,8,1069,DL,FLL,11
5,6,23,1,16,2421,DL,SEA,11
47,6,23,1,15,589,DL,CVG,11
2,6,23,1,16,1989,DL,SLC,11
38,6,23,1,19,1090,DL,MIA,11
15,6,23,1,17,2446,DL,SAN,11
-3,6,23,1,8,187,DL,BOS,11
-1,6,23,1,8,2248,DL,LAS,11
209,6,23,1,16,944,DL,MCO,11
8,6,23,1,19,760,DL,ATL,11
-4,6,23,1,18,2475,DL,LAX,11
10,6,23,1,15,1989,DL,SLC,11
13,6,23,1,17,2586,DL,SFO,11
37,6,23,1,17,589,DL,CVG,11
4,6,23,1,20,2421,DL,SEA,11
7,6,23,1,14,2475,DL,LAX,11
-4,6,23,1,18,1626,DL,DEN,11
78,6,23,1,19,2454,DL,PDX,11
18,6,23,1,16,760,DL,ATL,11
7,6,23,1,13,760,DL,ATL,11
4,6,23,1,8,944,DL,MCO,11
3,6,23,1,6,760,DL,ATL,11
2,6,23,1,8,1597,DL,SJU,11
9,6,23,1,8,2475,DL,LAX,11
17,6,23,1,11,2475,DL,LAX,11
17,6,23,1,8,2586,DL,SFO,11
0,6,23,1,8,2248,DL,LAS,11
-1,6,23,1,11,2248,DL,LAS,11
-4,6,23,1,21,2248,DL,LAS,11
-1,6,23,1,8,2421,DL,SEA,11
15,6,23,1,16,2153,DL,PHX,11
201,6,23,1,20,2153,DL,PHX,11
-4,6,23,1,10,1069,DL,FLL,11
-1,6,23,1,19,1069,DL,FLL,11
20,6,23,1,20,944,DL,MCO,11
-2,6,23,1,10,1090,DL,MIA,11
-3,6,23,1,8,1005,DL,TPA,11
-7,6,23,1,7,1989,DL,SLC,11
-2,6,23,1,19,1989,DL,SLC,11
12,6,24,2,12,944,DL,MCO,10
-3,6,24,2,14,1069,DL,FLL,10
14,6,24,2,20,2475,DL,LAX,10
7,6,24,2,8,760,DL,ATL,10
46,6,24,2,19,1005,DL,TPA,10
25,6,24,2,16,187,DL,BOS,10
-1,6,24,2,20,2586,DL,SFO,10
25,6,24,2,16,2475,DL,LAX,10
-3,6,24,2,16,2248,DL,LAS,10
24,6,24,2,8,1069,DL,FLL,10
33,6,24,2,16,2421,DL,SEA,10
0,6,24,2,15,589,DL,CVG,10
-3,6,24,2,16,1989,DL,SLC,10
23,6,24,2,19,1090,DL,MIA,10
-1,6,24,2,17,2446,DL,SAN,10
-3,6,24,2,8,187,DL,BOS,10
-2,6,24,2,14,1005,DL,TPA,10
-1,6,24,2,16,944,DL,MCO,10
1,6,24,2,19,760,DL,ATL,10
16,6,24,2,18,2475,DL,LAX,10
7,6,24,2,15,1989,DL,SLC,10
21,6,24,2,17,2586,DL,SFO,10
114,6,24,2,17,589,DL,CVG,10
1,6,24,2,20,2421,DL,SEA,10
37,6,24,2,14,2475,DL,LAX,10
-3,6,24,2,18,1626,DL,DEN,10
31,6,24,2,19,2454,DL,PDX,10
5,6,24,2,16,760,DL,ATL,10
29,6,24,2,13,760,DL,ATL,10
22,6,24,2,8,944,DL,MCO,10
8,6,24,2,6,760,DL,ATL,10
5,6,24,2,8,1597,DL,SJU,10
-1,6,24,2,7,2475,DL,LAX,10
-6,6,24,2,8,2475,DL,LAX,10
-7,6,24,2,11,2475,DL,LAX,10
-1,6,24,2,8,2586,DL,SFO,10
-2,6,24,2,21,2248,DL,LAS,10
2,6,24,2,8,2421,DL,SEA,10
99,6,24,2,16,2153,DL,PHX,10
27,6,24,2,20,2153,DL,PHX,10
2,6,24,2,19,1069,DL,FLL,10
14,6,24,2,20,944,DL,MCO,10
-5,6,24,2,10,1090,DL,MIA,10
0,6,24,2,8,1005,DL,TPA,10
-4,6,24,2,7,1989,DL,SLC,10
-4,6,24,2,19,1989,DL,SLC,10
0,6,25,3,12,944,DL,MCO,9
1,6,25,3,13,1069,DL,FLL,9
19,6,25,3,20,2475,DL,LAX,9
-2,6,25,3,8,760,DL,ATL,9
0,6,25,3,19,1005,DL,TPA,9
24,6,25,3,16,187,DL,BOS,9
-7,6,25,3,20,2586,DL,SFO,9
26,6,25,3,16,2475,DL,LAX,9
-4,6,25,3,16,2248,DL,LAS,9
-6,6,25,3,8,1069,DL,FLL,9
36,6,25,3,16,2421,DL,SEA,9
2,6,25,3,15,589,DL,CVG,9
28,6,25,3,16,1989,DL,SLC,9
-5,6,25,3,19,1090,DL,MIA,9
59,6,25,3,17,2446,DL,SAN,9
0,6,25,3,8,187,DL,BOS,9
0,6,25,3,14,1005,DL,TPA,9
8,6,25,3,8,2248,DL,LAS,9
60,6,25,3,16,944,DL,MCO,9
18,6,25,3,19,760,DL,ATL,9
24,6,25,3,18,2475,DL,LAX,9
-5,6,25,3,15,1989,DL,SLC,9
25,6,25,3,17,2586,DL,SFO,9
-3,6,25,3,17,589,DL,CVG,9
16,6,25,3,20,2421,DL,SEA,9
18,6,25,3,14,2475,DL,LAX,9
-2,6,25,3,18,1626,DL,DEN,9
40,6,25,3,19,2454,DL,PDX,9
65,6,25,3,16,760,DL,ATL,9
18,6,25,3,13,760,DL,ATL,9
0,6,25,3,8,944,DL,MCO,9
-5,6,25,3,6,760,DL,ATL,9
-6,6,25,3,8,1597,DL,SJU,9
-5,6,25,3,7,2475,DL,LAX,9
-6,6,25,3,8,2475,DL,LAX,9
-3,6,25,3,11,2475,DL,LAX,9
-2,6,25,3,8,2586,DL,SFO,9
4,6,25,3,8,2248,DL,LAS,9
-3,6,25,3,11,2248,DL,LAS,9
4,6,25,3,21,2248,DL,LAS,9
-3,6,25,3,8,2421,DL,SEA,9
19,6,25,3,16,2153,DL,PHX,9
52,6,25,3,20,2153,DL,PHX,9
27,6,25,3,19,1069,DL,FLL,9
24,6,25,3,20,944,DL,MCO,9
-3,6,25,3,10,1090,DL,MIA,9
5,6,25,3,8,1005,DL,TPA,9
0,6,25,3,7,1989,DL,SLC,9
9,6,25,3,19,1989,DL,SLC,9
-1,6,26,4,12,944,DL,MCO,8
2,6,26,4,14,1069,DL,FLL,8
16,6,26,4,20,2475,DL,LAX,8
7,6,26,4,8,760,DL,ATL,8
-5,6,26,4,19,1005,DL,TPA,8
13,6,26,4,16,187,DL,BOS,8
-1,6,26,4,20,2586,DL,SFO,8
0,6,26,4,16,2475,DL,LAX,8
2,6,26,4,16,2248,DL,LAS,8
-3,6,26,4,8,1069,DL,FLL,8
35,6,26,4,16,2421,DL,SEA,8
9,6,26,4,15,589,DL,CVG,8
19,6,26,4,16,1989,DL,SLC,8
217,6,26,4,19,1090,DL,MIA,8
-5,6,26,4,17,2446,DL,SAN,8
-2,6,26,4,8,187,DL,BOS,8
12,6,26,4,14,1005,DL,TPA,8
33,6,26,4,16,944,DL,MCO,8
40,6,26,4,19,760,DL,ATL,8
72,6,26,4,18,2475,DL,LAX,8
10,6,26,4,15,1989,DL,SLC,8
54,6,26,4,17,2586,DL,SFO,8
13,6,26,4,17,589,DL,CVG,8
2,6,26,4,20,2421,DL,SEA,8
-2,6,26,4,14,2475,DL,LAX,8
29,6,26,4,18,1626,DL,DEN,8
32,6,26,4,19,2454,DL,PDX,8
106,6,26,4,16,760,DL,ATL,8
-1,6,26,4,13,760,DL,ATL,8
-1,6,26,4,8,944,DL,MCO,8
-5,6,26,4,6,760,DL,ATL,8
-5,6,26,4,8,1597,DL,SJU,8
-4,6,26,4,7,2475,DL,LAX,8
-1,6,26,4,8,2475,DL,LAX,8
27,6,26,4,11,2475,DL,LAX,8
2,6,26,4,8,2586,DL,SFO,8
6,6,26,4,11,2248,DL,LAS,8
-5,6,26,4,21,2248,DL,LAS,8
-2,6,26,4,8,2421,DL,SEA,8
-2,6,26,4,16,2153,DL,PHX,8
7,6,26,4,20,2153,DL,PHX,8
0,6,26,4,10,1069,DL,FLL,8
1,6,26,4,19,1069,DL,FLL,8
138,6,26,4,20,944,DL,MCO,8
-5,6,26,4,10,1090,DL,MIA,8
-4,6,26,4,8,1005,DL,TPA,8
-5,6,26,4,7,1989,DL,SLC,8
7,6,26,4,19,1989,DL,SLC,8
-2,6,27,5,12,944,DL,MCO,7
-4,6,27,5,14,1069,DL,FLL,7
201,6,27,5,20,2475,DL,LAX,7
2,6,27,5,8,760,DL,ATL,7
207,6,27,5,19,1005,DL,TPA,7
58,6,27,5,16,187,DL,BOS,7
0,6,27,5,20,2586,DL,SFO,7
3,6,27,5,16,2475,DL,LAX,7
0,6,27,5,16,2248,DL,LAS,7
80,6,27,5,8,1069,DL,FLL,7
13,6,27,5,16,2421,DL,SEA,7
-3,6,27,5,15,589,DL,CVG,7
39,6,27,5,16,1989,DL,SLC,7
49,6,27,5,19,1090,DL,MIA,7
2,6,27,5,17,2446,DL,SAN,7
60,6,27,5,8,187,DL,BOS,7
1,6,27,5,14,1005,DL,TPA,7
9,6,27,5,8,2248,DL,LAS,7
58,6,27,5,16,944,DL,MCO,7
17,6,27,5,19,760,DL,ATL,7
53,6,27,5,18,2475,DL,LAX,7
18,6,27,5,15,1989,DL,SLC,7
-2,6,27,5,17,2586,DL,SFO,7
63,6,27,5,17,589,DL,CVG,7
14,6,27,5,20,2421,DL,SEA,7
30,6,27,5,14,2475,DL,LAX,7
2,6,27,5,18,1626,DL,DEN,7
4,6,27,5,19,2454,DL,PDX,7
24,6,27,5,16,760,DL,ATL,7
11,6,27,5,13,760,DL,ATL,7
5,6,27,5,8,944,DL,MCO,7
-3,6,27,5,6,760,DL,ATL,7
0,6,27,5,8,1597,DL,SJU,7
117,6,27,5,7,2475,DL,LAX,7
0,6,27,5,8,2475,DL,LAX,7
54,6,27,5,11,2475,DL,LAX,7
-4,6,27,5,8,2586,DL,SFO,7
-2,6,27,5,8,2248,DL,LAS,7
-5,6,27,5,11,2248,DL,LAS,7
-7,6,27,5,21,2248,DL,LAS,7
-5,6,27,5,8,2421,DL,SEA,7
42,6,27,5,16,2153,DL,PHX,7
118,6,27,5,20,2153,DL,PHX,7
31,6,27,5,10,1069,DL,FLL,7
49,6,27,5,19,1069,DL,FLL,7
84,6,27,5,20,944,DL,MCO,7
11,6,27,5,10,1090,DL,MIA,7
-5,6,27,5,8,1005,DL,TPA,7
-5,6,27,5,7,1989,DL,SLC,7
121,6,27,5,19,1989,DL,SLC,7
89,6,28,6,12,944,DL,MCO,6
25,6,28,6,14,1069,DL,FLL,6
107,6,28,6,20,2475,DL,LAX,6
18,6,28,6,8,760,DL,ATL,6
39,6,28,6,19,1005,DL,TPA,6
19,6,28,6,16,187,DL,BOS,6
16,6,28,6,20,2586,DL,SFO,6
26,6,28,6,16,2475,DL,LAX,6
-2,6,28,6,16,2248,DL,LAS,6
18,6,28,6,17,2421,DL,SEA,6
33,6,28,6,15,589,DL,CVG,6
40,6,28,6,16,1989,DL,SLC,6
70,6,28,6,19,1090,DL,MIA,6
9,6,28,6,17,2446,DL,SAN,6
0,6,28,6,8,187,DL,BOS,6
0,6,28,6,14,1005,DL,TPA,6
1,6,28,6,8,2248,DL,LAS,6
10,6,28,6,16,944,DL,MCO,6
79,6,28,6,19,760,DL,ATL,6
79,6,28,6,18,2475,DL,LAX,6
0,6,28,6,15,1989,DL,SLC,6
10,6,28,6,17,2586,DL,SFO,6
23,6,28,6,17,589,DL,CVG,6
66,6,28,6,20,2421,DL,SEA,6
66,6,28,6,14,2475,DL,LAX,6
16,6,28,6,18,1626,DL,DEN,6
5,6,28,6,19,2454,DL,PDX,6
16,6,28,6,15,187,DL,BOS,6
10,6,28,6,16,760,DL,ATL,6
25,6,28,6,13,760,DL,ATL,6
3,6,28,6,8,944,DL,MCO,6
-4,6,28,6,6,760,DL,ATL,6
0,6,28,6,8,1597,DL,SJU,6
24,6,28,6,8,1623,DL,STT,6
-2,6,28,6,8,2475,DL,LAX,6
-7,6,28,6,8,2586,DL,SFO,6
66,6,28,6,21,2248,DL,LAS,6
-3,6,28,6,8,2421,DL,SEA,6
-7,6,28,6,16,2153,DL,PHX,6
61,6,28,6,19,1069,DL,FLL,6
43,6,28,6,20,944,DL,MCO,6
-6,6,28,6,10,1090,DL,MIA,6
169,6,28,6,8,1005,DL,TPA,6
-4,6,28,6,7,1989,DL,SLC,6
41,6,28,6,19,1989,DL,SLC,6
0,6,29,7,12,944,DL,MCO,5
-3,6,29,7,13,1069,DL,FLL,5
0,6,29,7,20,2475,DL,LAX,5
-1,6,29,7,8,760,DL,ATL,5
129,6,29,7,19,1005,DL,TPA,5
66,6,29,7,16,187,DL,BOS,5
2,6,29,7,20,2586,DL,SFO,5
-3,6,29,7,16,2475,DL,LAX,5
0,6,29,7,16,2248,DL,LAS,5
22,6,29,7,8,1069,DL,FLL,5
7,6,29,7,16,2421,DL,SEA,5
53,6,29,7,15,589,DL,CVG,5
10,6,29,7,16,1989,DL,SLC,5
-3,6,29,7,19,1090,DL,MIA,5
-3,6,29,7,17,2446,DL,SAN,5
-2,6,29,7,8,187,DL,BOS,5
14,6,29,7,14,1005,DL,TPA,5
72,6,29,7,16,944,DL,MCO,5
20,6,29,7,19,760,DL,ATL,5
45,6,29,7,18,2475,DL,LAX,5
7,6,29,7,15,1989,DL,SLC,5
-4,6,29,7,17,2586,DL,SFO,5
0,6,29,7,16,589,DL,CVG,5
99,6,29,7,20,2421,DL,SEA,5
-3,6,29,7,14,2475,DL,LAX,5
123,6,29,7,18,1626,DL,DEN,5
27,6,29,7,19,2454,DL,PDX,5
30,6,29,7,16,760,DL,ATL,5
8,6,29,7,13,760,DL,ATL,5
3,6,29,7,8,944,DL,MCO,5
-5,6,29,7,6,760,DL,ATL,5
0,6,29,7,8,1597,DL,SJU,5
0,6,29,7,8,2475,DL,LAX,5
-2,6,29,7,11,2475,DL,LAX,5
3,6,29,7,8,2586,DL,SFO,5
-6,6,29,7,11,2248,DL,LAS,5
0,6,29,7,21,2248,DL,LAS,5
-3,6,29,7,8,2421,DL,SEA,5
2,6,29,7,16,2153,DL,PHX,5
0,6,29,7,20,2153,DL,PHX,5
24,6,29,7,10,1069,DL,FLL,5
35,6,29,7,19,1069,DL,FLL,5
43,6,29,7,21,944,DL,MCO,5
-5,6,29,7,10,1090,DL,MIA,5
4,6,29,7,8,1005,DL,TPA,5
-3,6,29,7,7,1989,DL,SLC,5
13,6,29,7,19,1989,DL,SLC,5
3,6,30,1,12,944,DL,MCO,4
37,6,30,1,13,1069,DL,FLL,4
39,6,30,1,20,2475,DL,LAX,4
24,6,30,1,8,760,DL,ATL,4
1,6,30,1,19,1005,DL,TPA,4
165,6,30,1,16,187,DL,BOS,4
42,6,30,1,20,2586,DL,SFO,4
0,6,30,1,16,2475,DL,LAX,4
3,6,30,1,16,2248,DL,LAS,4
1,6,30,1,8,1069,DL,FLL,4
11,6,30,1,16,2421,DL,SEA,4
8,6,30,1,15,589,DL,CVG,4
17,6,30,1,16,1989,DL,SLC,4
69,6,30,1,19,1090,DL,MIA,4
42,6,30,1,17,2446,DL,SAN,4
-5,6,30,1,8,187,DL,BOS,4
30,6,30,1,14,1005,DL,TPA,4
-3,6,30,1,8,2248,DL,LAS,4
57,6,30,1,16,944,DL,MCO,4
34,6,30,1,19,760,DL,ATL,4
75,6,30,1,18,2475,DL,LAX,4
6,6,30,1,15,1989,DL,SLC,4
-4,6,30,1,17,2586,DL,SFO,4
9,6,30,1,17,589,DL,CVG,4
16,6,30,1,20,2421,DL,SEA,4
-1,6,30,1,13,2475,DL,LAX,4
-5,6,30,1,18,1626,DL,DEN,4
1,6,30,1,19,2454,DL,PDX,4
25,6,30,1,16,760,DL,ATL,4
31,6,30,1,14,760,DL,ATL,4
-2,6,30,1,8,944,DL,MCO,4
-2,6,30,1,6,760,DL,ATL,4
11,6,30,1,8,1597,DL,SJU,4
21,6,30,1,7,2475,DL,LAX,4
12,6,30,1,8,2475,DL,LAX,4
-3,6,30,1,11,2475,DL,LAX,4
28,6,30,1,8,2586,DL,SFO,4
39,6,30,1,8,2248,DL,LAS,4
-4,6,30,1,11,2248,DL,LAS,4
20,6,30,1,21,2248,DL,LAS,4
13,6,30,1,8,2421,DL,SEA,4
-4,6,30,1,16,2153,DL,PHX,4
38,6,30,1,20,2153,DL,PHX,4
0,6,30,1,10,1069,DL,FLL,4
36,6,30,1,19,1069,DL,FLL,4
22,6,30,1,20,944,DL,MCO,4
3,6,30,1,10,1090,DL,MIA,4
-2,6,30,1,8,1005,DL,TPA,4
-3,6,30,1,7,1989,DL,SLC,4
0,6,30,1,19,1989,DL,SLC,4
-2,6,5,4,11,760,EV,ATL,10
15,6,6,5,11,760,EV,ATL,11
5,6,7,6,11,760,EV,ATL,12
-1,6,8,7,11,760,EV,ATL,13
11,6,9,1,11,760,EV,ATL,14
36,6,10,2,11,760,EV,ATL,15
-3,6,11,3,11,760,EV,ATL,16
75,6,12,4,11,760,EV,ATL,17
-1,6,13,5,11,760,EV,ATL,18
-6,6,14,6,11,760,EV,ATL,19
13,6,15,7,11,760,EV,ATL,19
18,6,16,1,11,760,EV,ATL,18
-1,6,19,4,11,760,EV,ATL,15
50,6,20,5,11,760,EV,ATL,14
-1,6,21,6,11,760,EV,ATL,13
0,6,22,7,11,760,EV,ATL,12
18,6,23,1,11,760,EV,ATL,11
8,6,24,2,11,760,EV,ATL,10
15,6,25,3,11,760,EV,ATL,9
1,6,26,4,11,760,EV,ATL,8
0,6,27,5,11,760,EV,ATL,7
2,6,28,6,11,760,EV,ATL,6
9,6,29,7,11,760,EV,ATL,5
-1,6,30,1,11,760,EV,ATL,4
11,6,5,4,21,760,EV,ATL,10
-9,6,6,5,21,760,EV,ATL,11
238,6,8,7,21,760,EV,ATL,13
28,6,9,1,21,760,EV,ATL,14
-4,6,11,3,21,760,EV,ATL,16
52,6,12,4,21,760,EV,ATL,17
48,6,13,5,21,760,EV,ATL,18
155,6,15,7,21,760,EV,ATL,19
121,6,16,1,21,760,EV,ATL,18
-4,6,17,2,21,760,EV,ATL,17
266,6,18,3,21,760,EV,ATL,16
8,6,19,4,21,760,EV,ATL,15
-3,6,20,5,21,760,EV,ATL,14
258,6,22,7,21,760,EV,ATL,12
55,6,23,1,21,760,EV,ATL,11
28,6,24,2,21,760,EV,ATL,10
-2,6,25,3,21,760,EV,ATL,9
59,6,26,4,21,760,EV,ATL,8
124,6,27,5,21,760,EV,ATL,7
147,6,29,7,21,760,EV,ATL,5
16,6,30,1,21,760,EV,ATL,4
7,6,1,7,15,184,MQ,BWI,6
-5,6,2,1,15,184,MQ,BWI,7
11,6,3,2,15,184,MQ,BWI,8
-5,6,5,4,15,184,MQ,BWI,10
17,6,6,5,15,184,MQ,BWI,11
83,6,7,6,15,184,MQ,BWI,12
15,6,8,7,15,184,MQ,BWI,13
10,6,9,1,15,184,MQ,BWI,14
-4,6,10,2,15,184,MQ,BWI,15
-4,6,11,3,15,184,MQ,BWI,16
9,6,12,4,15,184,MQ,BWI,17
1,6,13,5,15,184,MQ,BWI,18
39,6,14,6,15,184,MQ,BWI,19
54,6,15,7,15,184,MQ,BWI,19
-2,6,17,2,15,184,MQ,BWI,17
-6,6,18,3,15,184,MQ,BWI,16
8,6,19,4,15,184,MQ,BWI,15
-5,6,20,5,15,184,MQ,BWI,14
-1,6,21,6,15,184,MQ,BWI,13
27,6,22,7,15,184,MQ,BWI,12
-2,6,23,1,15,184,MQ,BWI,11
-1,6,24,2,15,184,MQ,BWI,10
0,6,25,3,15,184,MQ,BWI,9
-3,6,26,4,15,184,MQ,BWI,8
223,6,27,5,15,184,MQ,BWI,7
-3,6,28,6,15,184,MQ,BWI,6
-1,6,29,7,15,184,MQ,BWI,5
-3,6,30,1,15,184,MQ,BWI,4
-4,6,1,7,15,340,MQ,PIT,6
-2,6,2,1,15,340,MQ,PIT,7
-1,6,3,2,15,340,MQ,PIT,8
-3,6,4,3,15,340,MQ,PIT,9
1,6,5,4,15,340,MQ,PIT,10
-9,6,6,5,15,340,MQ,PIT,11
-5,6,7,6,15,340,MQ,PIT,12
9,6,9,1,15,340,MQ,PIT,14
-6,6,10,2,15,340,MQ,PIT,15
-6,6,11,3,15,340,MQ,PIT,16
-4,6,12,4,15,340,MQ,PIT,17
62,6,13,5,15,340,MQ,PIT,18
0,6,14,6,15,340,MQ,PIT,19
-5,6,17,2,15,340,MQ,PIT,17
-6,6,18,3,15,340,MQ,PIT,16
-3,6,19,4,15,340,MQ,PIT,15
-2,6,20,5,15,340,MQ,PIT,14
-5,6,21,6,15,340,MQ,PIT,13
48,6,23,1,15,340,MQ,PIT,11
-4,6,24,2,15,340,MQ,PIT,10
-1,6,25,3,15,340,MQ,PIT,9
-6,6,26,4,15,340,MQ,PIT,8
-4,6,27,5,15,340,MQ,PIT,7
5,6,28,6,15,340,MQ,PIT,6
162,6,29,7,15,340,MQ,PIT,5
18,6,30,1,15,340,MQ,PIT,4
0,6,1,7,13,740,MQ,ORD,6
2,6,2,1,13,740,MQ,ORD,7
64,6,3,2,13,740,MQ,ORD,8
-6,6,4,3,13,740,MQ,ORD,9
-1,6,5,4,13,740,MQ,ORD,10
0,6,6,5,13,740,MQ,ORD,11
32,6,7,6,13,740,MQ,ORD,12
77,6,8,7,13,740,MQ,ORD,13
39,6,9,1,13,740,MQ,ORD,14
0,6,10,2,13,740,MQ,ORD,15
3,6,11,3,13,740,MQ,ORD,16
32,6,12,4,13,740,MQ,ORD,17
91,6,13,5,13,740,MQ,ORD,18
-4,6,14,6,13,740,MQ,ORD,19
-1,6,16,1,13,740,MQ,ORD,18
-6,6,17,2,13,740,MQ,ORD,17
12,6,18,3,13,740,MQ,ORD,16
-1,6,19,4,13,740,MQ,ORD,15
7,6,20,5,13,740,MQ,ORD,14
0,6,21,6,13,740,MQ,ORD,13
8,6,22,7,13,740,MQ,ORD,12
0,6,23,1,13,740,MQ,ORD,11
-1,6,24,2,13,740,MQ,ORD,10
-1,6,25,3,13,740,MQ,ORD,9
14,6,26,4,13,740,MQ,ORD,8
-1,6,27,5,13,740,MQ,ORD,7
16,6,28,6,13,740,MQ,ORD,6
0,6,29,7,13,740,MQ,ORD,5
0,6,30,1,13,740,MQ,ORD,4
0,6,1,7,17,425,MQ,CLE,6
-7,6,2,1,17,425,MQ,CLE,7
-5,6,3,2,17,425,MQ,CLE,8
-3,6,4,3,17,425,MQ,CLE,9
-1,6,5,4,17,425,MQ,CLE,10
-5,6,6,5,17,425,MQ,CLE,11
36,6,7,6,17,425,MQ,CLE,12
25,6,9,1,17,425,MQ,CLE,14
-5,6,11,3,17,425,MQ,CLE,16
234,6,13,5,17,425,MQ,CLE,18
1051,6,14,6,17,425,MQ,CLE,19
9,6,15,7,17,425,MQ,CLE,19
-10,6,17,2,17,425,MQ,CLE,17
0,6,18,3,17,425,MQ,CLE,16
0,6,19,4,17,425,MQ,CLE,15
-9,6,20,5,17,425,MQ,CLE,14
0,6,21,6,17,425,MQ,CLE,13
53,6,22,7,17,425,MQ,CLE,12
46,6,23,1,17,425,MQ,CLE,11
86,6,24,2,17,425,MQ,CLE,10
6,6,25,3,17,425,MQ,CLE,9
-3,6,26,4,17,425,MQ,CLE,8
-3,6,27,5,17,425,MQ,CLE,7
6,6,28,6,17,425,MQ,CLE,6
122,6,29,7,17,425,MQ,CLE,5
59,6,30,1,17,425,MQ,CLE,4
-5,6,1,7,22,187,MQ,BOS,6
15,6,2,1,22,187,MQ,BOS,7
-8,6,3,2,22,187,MQ,BOS,8
53,6,4,3,22,187,MQ,BOS,9
-6,6,5,4,22,187,MQ,BOS,10
-10,6,6,5,22,187,MQ,BOS,11
9,6,7,6,22,187,MQ,BOS,12
21,6,9,1,22,187,MQ,BOS,14
-1,6,11,3,22,187,MQ,BOS,16
0,6,12,4,22,187,MQ,BOS,17
-1,6,13,5,22,187,MQ,BOS,18
75,6,15,7,22,187,MQ,BOS,19
-6,6,17,2,22,187,MQ,BOS,17
3,6,19,4,22,187,MQ,BOS,15
-1,6,20,5,22,187,MQ,BOS,14
-4,6,21,6,22,187,MQ,BOS,13
-6,6,22,7,22,187,MQ,BOS,12
20,6,23,1,22,187,MQ,BOS,11
-7,6,25,3,22,187,MQ,BOS,9
-6,6,26,4,22,187,MQ,BOS,8
19,6,27,5,22,187,MQ,BOS,7
45,6,29,7,22,187,MQ,BOS,5
-3,6,30,1,22,187,MQ,BOS,4
0,6,1,7,8,187,MQ,BOS,6
-3,6,2,1,8,187,MQ,BOS,7
-1,6,3,2,8,187,MQ,BOS,8
-2,6,4,3,8,187,MQ,BOS,9
-4,6,5,4,8,187,MQ,BOS,10
-4,6,6,5,8,187,MQ,BOS,11
49,6,7,6,8,187,MQ,BOS,12
107,6,8,7,8,187,MQ,BOS,13
-3,6,9,1,8,187,MQ,BOS,14
-5,6,10,2,8,187,MQ,BOS,15
-3,6,11,3,8,187,MQ,BOS,16
-2,6,12,4,8,187,MQ,BOS,17
-8,6,13,5,8,187,MQ,BOS,18
-5,6,14,6,8,187,MQ,BOS,19
32,6,15,7,8,187,MQ,BOS,19
-3,6,16,1,8,187,MQ,BOS,18
5,6,17,2,8,187,MQ,BOS,17
-6,6,18,3,8,187,MQ,BOS,16
37,6,19,4,8,187,MQ,BOS,15
-2,6,20,5,8,187,MQ,BOS,14
208,6,21,6,8,187,MQ,BOS,13
2,6,22,7,8,187,MQ,BOS,12
12,6,23,1,8,187,MQ,BOS,11
-5,6,24,2,8,187,MQ,BOS,10
-2,6,25,3,8,187,MQ,BOS,9
0,6,26,4,8,187,MQ,BOS,8
-5,6,27,5,8,187,MQ,BOS,7
49,6,28,6,8,187,MQ,BOS,6
-1,6,29,7,8,187,MQ,BOS,5
-5,6,30,1,8,187,MQ,BOS,4
-2,6,1,7,19,187,MQ,BOS,6
1,6,2,1,19,187,MQ,BOS,7
11,6,3,2,19,187,MQ,BOS,8
65,6,4,3,19,187,MQ,BOS,9
44,6,5,4,19,187,MQ,BOS,10
3,6,6,5,19,187,MQ,BOS,11
13,6,7,6,19,187,MQ,BOS,12
170,6,8,7,19,187,MQ,BOS,13
59,6,9,1,19,187,MQ,BOS,14
-3,6,10,2,19,187,MQ,BOS,15
49,6,11,3,19,187,MQ,BOS,16
18,6,12,4,19,187,MQ,BOS,17
47,6,13,5,19,187,MQ,BOS,18
124,6,15,7,19,187,MQ,BOS,19
-6,6,17,2,19,187,MQ,BOS,17
76,6,18,3,19,187,MQ,BOS,16
54,6,19,4,19,187,MQ,BOS,15
14,6,20,5,19,187,MQ,BOS,14
96,6,21,6,19,187,MQ,BOS,13
72,6,24,2,19,187,MQ,BOS,10
3,6,25,3,19,187,MQ,BOS,9
21,6,26,4,19,187,MQ,BOS,8
41,6,27,5,19,187,MQ,BOS,7
69,6,28,6,19,187,MQ,BOS,6
-8,6,30,1,19,187,MQ,BOS,4
20,6,1,7,14,187,MQ,BOS,6
-1,6,2,1,14,187,MQ,BOS,7
48,6,3,2,14,187,MQ,BOS,8
22,6,4,3,14,187,MQ,BOS,9
152,6,5,4,14,187,MQ,BOS,10
80,6,6,5,14,187,MQ,BOS,11
53,6,7,6,14,187,MQ,BOS,12
9,6,8,7,14,187,MQ,BOS,13
-2,6,9,1,14,187,MQ,BOS,14
0,6,10,2,14,187,MQ,BOS,15
-1,6,11,3,14,187,MQ,BOS,16
25,6,12,4,14,187,MQ,BOS,17
-7,6,13,5,14,187,MQ,BOS,18
-3,6,14,6,14,187,MQ,BOS,19
53,6,15,7,14,187,MQ,BOS,19
26,6,16,1,14,187,MQ,BOS,18
-3,6,17,2,14,187,MQ,BOS,17
-5,6,18,3,14,187,MQ,BOS,16
29,6,19,4,14,187,MQ,BOS,15
-4,6,20,5,14,187,MQ,BOS,14
-5,6,21,6,14,187,MQ,BOS,13
85,6,22,7,14,187,MQ,BOS,12
6,6,24,2,14,187,MQ,BOS,10
-7,6,25,3,14,187,MQ,BOS,9
0,6,26,4,14,187,MQ,BOS,8
-1,6,27,5,14,187,MQ,BOS,7
20,6,28,6,14,187,MQ,BOS,6
-1,6,29,7,14,187,MQ,BOS,5
9,6,30,1,14,187,MQ,BOS,4
37,6,1,7,10,187,MQ,BOS,6
-5,6,2,1,11,187,MQ,BOS,7
-4,6,3,2,11,187,MQ,BOS,8
-6,6,4,3,11,187,MQ,BOS,9
32,6,5,4,11,187,MQ,BOS,10
-2,6,6,5,11,187,MQ,BOS,11
-6,6,7,6,10,187,MQ,BOS,12
-4,6,9,1,11,187,MQ,BOS,14
-6,6,10,2,11,187,MQ,BOS,15
-10,6,11,3,11,187,MQ,BOS,16
1,6,12,4,11,187,MQ,BOS,17
-12,6,13,5,11,187,MQ,BOS,18
6,6,14,6,10,187,MQ,BOS,19
-5,6,15,7,10,187,MQ,BOS,19
4,6,16,1,11,187,MQ,BOS,18
-13,6,17,2,11,187,MQ,BOS,17
-4,6,18,3,11,187,MQ,BOS,16
3,6,19,4,11,187,MQ,BOS,15
-11,6,20,5,11,187,MQ,BOS,14
-4,6,21,6,10,187,MQ,BOS,13
27,6,22,7,10,187,MQ,BOS,12
29,6,23,1,11,187,MQ,BOS,11
-7,6,24,2,11,187,MQ,BOS,10
-4,6,25,3,11,187,MQ,BOS,9
-4,6,26,4,11,187,MQ,BOS,8
-12,6,27,5,11,187,MQ,BOS,7
-5,6,28,6,10,187,MQ,BOS,6
-4,6,29,7,10,187,MQ,BOS,5
-11,6,30,1,11,187,MQ,BOS,4
-4,6,7,6,13,187,MQ,BOS,12
-5,6,14,6,13,187,MQ,BOS,19
-3,6,21,6,13,187,MQ,BOS,13
-4,6,28,6,13,187,MQ,BOS,6
72,6,1,7,13,426,MQ,RDU,6
-7,6,2,1,13,426,MQ,RDU,7
-2,6,3,2,13,426,MQ,RDU,8
1,6,4,3,13,426,MQ,RDU,9
-4,6,5,4,13,426,MQ,RDU,10
27,6,6,5,13,426,MQ,RDU,11
-4,6,7,6,18,426,MQ,RDU,12
-5,6,8,7,13,426,MQ,RDU,13
-7,6,9,1,13,426,MQ,RDU,14
-5,6,10,2,13,426,MQ,RDU,15
22,6,11,3,13,426,MQ,RDU,16
-1,6,12,4,13,426,MQ,RDU,17
0,6,13,5,13,426,MQ,RDU,18
29,6,15,7,13,426,MQ,RDU,19
39,6,16,1,13,426,MQ,RDU,18
-5,6,17,2,13,426,MQ,RDU,17
-2,6,18,3,13,426,MQ,RDU,16
-5,6,19,4,13,426,MQ,RDU,15
5,6,20,5,13,426,MQ,RDU,14
119,6,21,6,18,426,MQ,RDU,13
-1,6,22,7,13,426,MQ,RDU,12
42,6,23,1,13,426,MQ,RDU,11
37,6,24,2,13,426,MQ,RDU,10
15,6,25,3,13,426,MQ,RDU,9
-2,6,26,4,13,426,MQ,RDU,8
-4,6,27,5,13,426,MQ,RDU,7
43,6,28,6,18,426,MQ,RDU,6
10,6,29,7,13,426,MQ,RDU,5
99,6,30,1,13,426,MQ,RDU,4
-4,6,1,7,17,187,MQ,BOS,6
-5,6,2,1,17,187,MQ,BOS,7
-7,6,3,2,17,187,MQ,BOS,8
87,6,4,3,17,187,MQ,BOS,9
44,6,6,5,17,187,MQ,BOS,11
10,6,7,6,17,187,MQ,BOS,12
9,6,8,7,17,187,MQ,BOS,13
-2,6,9,1,17,187,MQ,BOS,14
-6,6,10,2,17,187,MQ,BOS,15
-6,6,11,3,17,187,MQ,BOS,16
0,6,12,4,17,187,MQ,BOS,17
-5,6,13,5,17,187,MQ,BOS,18
6,6,14,6,17,187,MQ,BOS,19
-4,6,15,7,17,187,MQ,BOS,19
35,6,17,2,17,187,MQ,BOS,17
-6,6,18,3,17,187,MQ,BOS,16
-1,6,19,4,17,187,MQ,BOS,15
15,6,20,5,17,187,MQ,BOS,14
0,6,21,6,17,187,MQ,BOS,13
180,6,22,7,17,187,MQ,BOS,12
43,6,24,2,17,187,MQ,BOS,10
-3,6,25,3,17,187,MQ,BOS,9
-7,6,26,4,17,187,MQ,BOS,8
18,6,27,5,17,187,MQ,BOS,7
-2,6,28,6,17,187,MQ,BOS,6
43,6,29,7,17,187,MQ,BOS,5
0,6,30,1,17,187,MQ,BOS,4
-1,6,1,7,12,426,MQ,RDU,6
-6,6,2,1,12,426,MQ,RDU,7
11,6,3,2,12,426,MQ,RDU,8
-2,6,4,3,12,426,MQ,RDU,9
-9,6,5,4,12,426,MQ,RDU,10
5,6,6,5,12,426,MQ,RDU,11
-5,6,7,6,12,426,MQ,RDU,12
-4,6,8,7,12,426,MQ,RDU,13
0,6,9,1,12,426,MQ,RDU,14
-6,6,10,2,12,426,MQ,RDU,15
-4,6,11,3,12,426,MQ,RDU,16
-1,6,12,4,12,426,MQ,RDU,17
-1,6,13,5,12,426,MQ,RDU,18
-2,6,14,6,12,426,MQ,RDU,19
2,6,15,7,12,426,MQ,RDU,19
-1,6,16,1,12,426,MQ,RDU,18
115,6,17,2,12,426,MQ,RDU,17
-10,6,18,3,12,426,MQ,RDU,16
6,6,19,4,12,426,MQ,RDU,15
-7,6,20,5,12,426,MQ,RDU,14
-5,6,21,6,12,426,MQ,RDU,13
-7,6,22,7,12,426,MQ,RDU,12
0,6,23,1,12,426,MQ,RDU,11
-5,6,24,2,12,426,MQ,RDU,10
-6,6,25,3,12,426,MQ,RDU,9
-4,6,26,4,12,426,MQ,RDU,8
114,6,27,5,12,426,MQ,RDU,7
-3,6,28,6,12,426,MQ,RDU,6
-2,6,29,7,12,426,MQ,RDU,5
-5,6,30,1,12,426,MQ,RDU,4
-2,6,1,7,8,426,MQ,RDU,6
-1,6,2,1,8,426,MQ,RDU,7
-1,6,3,2,8,426,MQ,RDU,8
-2,6,4,3,8,426,MQ,RDU,9
-8,6,5,4,8,426,MQ,RDU,10
-3,6,6,5,8,426,MQ,RDU,11
-3,6,7,6,8,426,MQ,RDU,12
-2,6,8,7,8,426,MQ,RDU,13
-2,6,9,1,8,426,MQ,RDU,14
-5,6,10,2,8,426,MQ,RDU,15
-8,6,11,3,8,426,MQ,RDU,16
-5,6,12,4,8,426,MQ,RDU,17
-4,6,13,5,8,426,MQ,RDU,18
-4,6,14,6,8,426,MQ,RDU,19
197,6,15,7,8,426,MQ,RDU,19
-3,6,16,1,8,426,MQ,RDU,18
-7,6,17,2,8,426,MQ,RDU,17
-6,6,18,3,8,426,MQ,RDU,16
-6,6,19,4,8,426,MQ,RDU,15
-3,6,20,5,8,426,MQ,RDU,14
-4,6,21,6,8,426,MQ,RDU,13
-6,6,22,7,8,426,MQ,RDU,12
-4,6,23,1,8,426,MQ,RDU,11
-3,6,24,2,8,426,MQ,RDU,10
-4,6,25,3,8,426,MQ,RDU,9
17,6,26,4,8,426,MQ,RDU,8
-1,6,27,5,8,426,MQ,RDU,7
-1,6,28,6,8,426,MQ,RDU,6
19,6,29,7,8,426,MQ,RDU,5
0,6,30,1,8,426,MQ,RDU,4
-3,6,1,7,21,426,MQ,RDU,6
-3,6,2,1,21,426,MQ,RDU,7
-4,6,3,2,21,426,MQ,RDU,8
-2,6,4,3,21,426,MQ,RDU,9
-2,6,5,4,21,426,MQ,RDU,10
-5,6,6,5,21,426,MQ,RDU,11
-7,6,7,6,21,426,MQ,RDU,12
-7,6,9,1,21,426,MQ,RDU,14
-12,6,11,3,21,426,MQ,RDU,16
-2,6,12,4,21,426,MQ,RDU,17
87,6,13,5,21,426,MQ,RDU,18
146,6,15,7,21,426,MQ,RDU,19
41,6,16,1,21,426,MQ,RDU,18
-8,6,17,2,21,426,MQ,RDU,17
95,6,18,3,21,426,MQ,RDU,16
-6,6,19,4,21,426,MQ,RDU,15
-8,6,20,5,21,426,MQ,RDU,14
9,6,21,6,21,426,MQ,RDU,13
187,6,22,7,21,426,MQ,RDU,12
13,6,23,1,21,426,MQ,RDU,11
-3,6,24,2,21,426,MQ,RDU,10
1,6,25,3,21,426,MQ,RDU,9
2,6,26,4,21,426,MQ,RDU,8
129,6,27,5,21,426,MQ,RDU,7
29,6,28,6,21,426,MQ,RDU,6
39,6,30,1,21,426,MQ,RDU,4
0,6,1,7,15,426,MQ,RDU,6
14,6,2,1,15,426,MQ,RDU,7
9,6,3,2,15,426,MQ,RDU,8
24,6,4,3,15,426,MQ,RDU,9
21,6,5,4,15,426,MQ,RDU,10
39,6,6,5,15,426,MQ,RDU,11
30,6,7,6,15,426,MQ,RDU,12
8,6,8,7,15,426,MQ,RDU,13
26,6,9,1,15,426,MQ,RDU,14
-7,6,10,2,15,426,MQ,RDU,15
-4,6,11,3,15,426,MQ,RDU,16
-4,6,12,4,15,426,MQ,RDU,17
-4,6,13,5,15,426,MQ,RDU,18
14,6,14,6,15,426,MQ,RDU,19
0,6,15,7,15,426,MQ,RDU,19
-10,6,17,2,15,426,MQ,RDU,17
-6,6,18,3,15,426,MQ,RDU,16
86,6,19,4,15,426,MQ,RDU,15
60,6,20,5,15,426,MQ,RDU,14
63,6,21,6,15,426,MQ,RDU,13
66,6,23,1,15,426,MQ,RDU,11
187,6,24,2,15,426,MQ,RDU,10
8,6,25,3,15,426,MQ,RDU,9
31,6,26,4,15,426,MQ,RDU,8
-2,6,27,5,15,426,MQ,RDU,7
4,6,28,6,15,426,MQ,RDU,6
-9,6,29,7,15,426,MQ,RDU,5
28,6,30,1,15,426,MQ,RDU,4
-2,6,1,7,15,892,MQ,STL,6
-4,6,2,1,15,892,MQ,STL,7
-2,6,3,2,15,892,MQ,STL,8
-4,6,4,3,15,892,MQ,STL,9
-10,6,5,4,15,892,MQ,STL,10
38,6,6,5,15,892,MQ,STL,11
76,6,7,6,15,892,MQ,STL,12
3,6,8,7,15,892,MQ,STL,13
-9,6,9,1,15,892,MQ,STL,14
3,6,10,2,15,892,MQ,STL,15
-12,6,11,3,15,892,MQ,STL,16
-1,6,12,4,15,892,MQ,STL,17
56,6,13,5,15,892,MQ,STL,18
-6,6,15,7,15,892,MQ,STL,19
7,6,16,1,15,892,MQ,STL,18
-2,6,17,2,15,892,MQ,STL,17
13,6,18,3,15,892,MQ,STL,16
144,6,19,4,15,892,MQ,STL,15
-5,6,20,5,15,892,MQ,STL,14
4,6,21,6,15,892,MQ,STL,13
74,6,22,7,15,892,MQ,STL,12
52,6,23,1,15,892,MQ,STL,11
26,6,24,2,15,892,MQ,STL,10
39,6,25,3,15,892,MQ,STL,9
31,6,26,4,15,892,MQ,STL,8
47,6,27,5,15,892,MQ,STL,7
3,6,28,6,15,892,MQ,STL,6
-6,6,29,7,15,892,MQ,STL,5
204,6,30,1,15,892,MQ,STL,4
-3,6,7,6,19,426,MQ,RDU,12
7,6,21,6,19,426,MQ,RDU,13
72,6,28,6,19,426,MQ,RDU,6
-4,6,1,7,16,213,MQ,DCA,6
-10,6,2,1,16,213,MQ,DCA,7
1,6,3,2,16,213,MQ,DCA,8
-3,6,5,4,16,213,MQ,DCA,10
0,6,6,5,16,213,MQ,DCA,11
8,6,7,6,16,213,MQ,DCA,12
-5,6,8,7,16,213,MQ,DCA,13
-4,6,9,1,16,213,MQ,DCA,14
-10,6,10,2,16,213,MQ,DCA,15
-10,6,11,3,16,213,MQ,DCA,16
-2,6,12,4,16,213,MQ,DCA,17
265,6,13,5,16,213,MQ,DCA,18
18,6,15,7,16,213,MQ,DCA,19
84,6,16,1,16,213,MQ,DCA,18
-7,6,17,2,16,213,MQ,DCA,17
-1,6,18,3,16,213,MQ,DCA,16
124,6,19,4,16,213,MQ,DCA,15
-7,6,20,5,16,213,MQ,DCA,14
0,6,21,6,16,213,MQ,DCA,13
55,6,23,1,16,213,MQ,DCA,11
19,6,25,3,16,213,MQ,DCA,9
9,6,26,4,16,213,MQ,DCA,8
237,6,27,5,16,213,MQ,DCA,7
8,6,28,6,16,213,MQ,DCA,6
-3,6,29,7,16,213,MQ,DCA,5
1,6,30,1,16,213,MQ,DCA,4
81,6,1,7,18,213,MQ,DCA,6
37,6,2,1,18,213,MQ,DCA,7
-2,6,3,2,18,213,MQ,DCA,8
253,6,4,3,18,213,MQ,DCA,9
-3,6,5,4,18,213,MQ,DCA,10
30,6,6,5,18,213,MQ,DCA,11
-10,6,7,6,18,213,MQ,DCA,12
-3,6,9,1,18,213,MQ,DCA,14
-8,6,11,3,18,213,MQ,DCA,16
-5,6,12,4,18,213,MQ,DCA,17
270,6,13,5,18,213,MQ,DCA,18
62,6,15,7,18,213,MQ,DCA,19
28,6,17,2,18,213,MQ,DCA,17
-9,6,18,3,18,213,MQ,DCA,16
30,6,19,4,18,213,MQ,DCA,15
-7,6,20,5,18,213,MQ,DCA,14
17,6,21,6,18,213,MQ,DCA,13
83,6,23,1,18,213,MQ,DCA,11
100,6,24,2,18,213,MQ,DCA,10
26,6,25,3,18,213,MQ,DCA,9
-5,6,26,4,18,213,MQ,DCA,8
44,6,28,6,18,213,MQ,DCA,6
0,6,30,1,18,213,MQ,DCA,4
-3,6,1,7,22,213,MQ,DCA,6
-4,6,2,1,22,213,MQ,DCA,7
-6,6,3,2,22,213,MQ,DCA,8
-10,6,5,4,22,213,MQ,DCA,10
-10,6,6,5,22,213,MQ,DCA,11
0,6,7,6,22,213,MQ,DCA,12
-2,6,9,1,22,213,MQ,DCA,14
120,6,10,2,22,213,MQ,DCA,15
-11,6,11,3,22,213,MQ,DCA,16
-1,6,12,4,22,213,MQ,DCA,17
11,6,13,5,22,213,MQ,DCA,18
87,6,15,7,22,213,MQ,DCA,19
-4,6,17,2,22,213,MQ,DCA,17
82,6,18,3,22,213,MQ,DCA,16
-10,6,19,4,22,213,MQ,DCA,15
12,6,20,5,22,213,MQ,DCA,14
-4,6,21,6,22,213,MQ,DCA,13
137,6,22,7,22,213,MQ,DCA,12
54,6,24,2,22,213,MQ,DCA,10
-9,6,25,3,22,213,MQ,DCA,9
-3,6,26,4,22,213,MQ,DCA,8
-4,6,27,5,22,213,MQ,DCA,7
79,6,28,6,22,213,MQ,DCA,6
20,6,29,7,22,213,MQ,DCA,5
-7,6,30,1,22,213,MQ,DCA,4
32,6,7,6,14,213,MQ,DCA,12
-1,6,14,6,14,213,MQ,DCA,19
-3,6,21,6,14,213,MQ,DCA,13
-1,6,28,6,14,213,MQ,DCA,6
0,6,1,7,14,213,MQ,DCA,6
7,6,8,7,14,213,MQ,DCA,13
50,6,15,7,14,213,MQ,DCA,19
62,6,22,7,14,213,MQ,DCA,12
-1,6,29,7,14,213,MQ,DCA,5
10,6,1,7,10,213,MQ,DCA,6
-6,6,2,1,10,213,MQ,DCA,7
18,6,3,2,10,213,MQ,DCA,8
-4,6,4,3,10,213,MQ,DCA,9
-7,6,5,4,10,213,MQ,DCA,10
-2,6,6,5,10,213,MQ,DCA,11
-3,6,7,6,11,213,MQ,DCA,12
-4,6,8,7,10,213,MQ,DCA,13
-6,6,9,1,10,213,MQ,DCA,14
-9,6,10,2,10,213,MQ,DCA,15
-5,6,11,3,10,213,MQ,DCA,16
-8,6,12,4,10,213,MQ,DCA,17
-7,6,13,5,10,213,MQ,DCA,18
-6,6,14,6,11,213,MQ,DCA,19
55,6,15,7,10,213,MQ,DCA,19
20,6,16,1,10,213,MQ,DCA,18
-5,6,17,2,10,213,MQ,DCA,17
-5,6,18,3,10,213,MQ,DCA,16
-8,6,19,4,10,213,MQ,DCA,15
-2,6,20,5,10,213,MQ,DCA,14
-5,6,21,6,11,213,MQ,DCA,13
-5,6,22,7,10,213,MQ,DCA,12
-3,6,23,1,10,213,MQ,DCA,11
-8,6,24,2,10,213,MQ,DCA,10
-5,6,25,3,10,213,MQ,DCA,9
-4,6,26,4,10,213,MQ,DCA,8
-6,6,27,5,10,213,MQ,DCA,7
-2,6,28,6,11,213,MQ,DCA,6
-1,6,29,7,10,213,MQ,DCA,5
-1,6,30,1,10,213,MQ,DCA,4
-5,6,1,7,17,1028,NW,MSP,6
0,6,2,1,17,1028,NW,MSP,7
40,6,3,2,17,1028,NW,MSP,8
81,6,4,3,17,1028,NW,MSP,9
