18,10,1,3,14,228,YV,IAD,12
2,10,2,4,14,228,YV,IAD,11
72,10,3,5,14,228,YV,IAD,10
-10,10,4,6,18,228,YV,IAD,9
0,10,5,7,10,228,YV,IAD,8
0,10,5,7,14,228,YV,IAD,8
10,10,6,1,14,228,YV,IAD,7
112,10,7,2,14,228,YV,IAD,6
-5,10,8,3,14,228,YV,IAD,5
103,10,9,4,14,228,YV,IAD,4
-3,10,10,5,14,228,YV,IAD,3
-1,10,11,6,18,228,YV,IAD,2
0,10,12,7,10,228,YV,IAD,1
-3,10,12,7,14,228,YV,IAD,1
-1,10,13,1,14,228,YV,IAD,0
-4,10,14,2,14,228,YV,IAD,1
-5,10,15,3,14,228,YV,IAD,2
-4,10,16,4,14,228,YV,IAD,3
-7,10,17,5,14,228,YV,IAD,4
0,10,18,6,18,228,YV,IAD,5
-12,10,19,7,10,228,YV,IAD,6
5,10,19,7,14,228,YV,IAD,6
13,10,20,1,14,228,YV,IAD,7
-4,10,21,2,14,228,YV,IAD,8
0,10,22,3,14,228,YV,IAD,9
4,10,23,4,14,228,YV,IAD,10
-6,10,24,5,14,228,YV,IAD,11
2,10,25,6,18,228,YV,IAD,12
208,10,26,7,10,228,YV,IAD,13
0,10,26,7,14,228,YV,IAD,13
-12,10,27,1,14,228,YV,IAD,14
235,10,28,2,14,228,YV,IAD,14
-4,10,29,3,14,228,YV,IAD,13
-6,10,30,4,14,228,YV,IAD,12
0,10,31,5,14,228,YV,IAD,11
-2,10,1,3,13,426,OH,RDU,12
10,10,1,3,13,187,OH,BOS,12
0,10,1,3,19,1391,OH,DFW,12
-5,10,1,3,20,508,OH,DTW,12
0,10,1,3,21,760,OH,ATL,12
0,10,1,3,14,288,OH,RIC,12
-7,10,1,3,17,94,OH,PHL,12
-5,10,1,3,15,274,OH,PWM,12
-5,10,1,3,16,426,OH,RDU,12
-5,10,1,3,11,892,OH,STL,12
-5,10,1,3,17,1522,OH,AUS,12
-5,10,1,3,13,1028,OH,MSP,12
-5,10,1,3,20,1028,OH,MSP,12
-5,10,1,3,19,425,OH,CLE,12
25,10,1,3,18,892,OH,STL,12
-10,10,1,3,9,740,OH,ORD,12
-5,10,1,3,9,184,OH,BWI,12
-5,10,1,3,8,425,OH,CLE,12
-5,10,1,3,8,589,OH,CVG,12
-5,10,1,3,14,301,OH,BUF,12
0,10,1,3,12,382,OH,BGR,12
10,10,1,3,15,340,OH,PIT,12
15,10,1,3,8,1005,OH,TPA,12
70,10,1,3,21,301,OH,BUF,12
25,10,1,3,22,144,OH,PVD,12
-5,10,1,3,16,740,OH,ORD,12
0,10,1,3,13,589,OH,CVG,12
0,10,1,3,19,382,OH,BGR,12
-2,10,1,3,16,483,OH,CMH,12
-7,10,1,3,8,426,OH,RDU,12
-5,10,1,3,12,187,OH,BOS,12
31,10,1,3,19,766,OH,BNA,12
21,10,1,3,21,589,OH,CVG,12
0,10,1,3,14,264,OH,ROC,12
-5,10,1,3,12,213,OH,DCA,12
25,10,1,3,18,213,OH,DCA,12
-10,10,1,3,12,425,OH,CLE,12
0,10,1,3,16,508,OH,DTW,12
0,10,1,3,12,301,OH,BUF,12
0,10,1,3,15,144,OH,PVD,12
-10,10,1,3,7,740,OH,ORD,12
-5,10,1,3,8,106,OH,BDL,12
-10,10,1,3,9,766,OH,BNA,12
-10,10,1,3,8,187,OH,BOS,12
0,10,1,3,9,187,OH,BOS,12
-2,10,1,3,19,187,OH,BOS,12
0,10,1,3,22,187,OH,BOS,12
0,10,2,4,13,426,OH,RDU,11
27,10,2,4,13,187,OH,BOS,11
75,10,2,4,19,1391,OH,DFW,11
0,10,2,4,8,425,OH,CLE,11
-5,10,2,4,20,508,OH,DTW,11
0,10,2,4,21,760,OH,ATL,11
0,10,2,4,14,288,OH,RIC,11
-4,10,2,4,17,94,OH,PHL,11
0,10,2,4,15,274,OH,PWM,11
0,10,2,4,16,426,OH,RDU,11
-5,10,2,4,11,892,OH,STL,11
35,10,2,4,17,1522,OH,AUS,11
10,10,2,4,13,1028,OH,MSP,11
0,10,2,4,20,1028,OH,MSP,11
-5,10,2,4,19,425,OH,CLE,11
33,10,2,4,18,892,OH,STL,11
-5,10,2,4,9,740,OH,ORD,11
-10,10,2,4,9,184,OH,BWI,11
50,10,2,4,8,589,OH,CVG,11
0,10,2,4,14,301,OH,BUF,11
-5,10,2,4,12,382,OH,BGR,11
0,10,2,4,15,340,OH,PIT,11
0,10,2,4,8,1005,OH,TPA,11
0,10,2,4,21,301,OH,BUF,11
-5,10,2,4,22,144,OH,PVD,11
15,10,2,4,16,740,OH,ORD,11
0,10,2,4,13,589,OH,CVG,11
0,10,2,4,19,382,OH,BGR,11
0,10,2,4,16,483,OH,CMH,11
9,10,2,4,8,426,OH,RDU,11
0,10,2,4,12,187,OH,BOS,11
0,10,2,4,20,766,OH,BNA,11
0,10,2,4,21,589,OH,CVG,11
14,10,2,4,14,264,OH,ROC,11
0,10,2,4,12,213,OH,DCA,11
0,10,2,4,18,213,OH,DCA,11
-10,10,2,4,12,425,OH,CLE,11
0,10,2,4,16,508,OH,DTW,11
0,10,2,4,12,301,OH,BUF,11
70,10,2,4,15,144,OH,PVD,11
-5,10,2,4,7,740,OH,ORD,11
0,10,2,4,8,106,OH,BDL,11
-2,10,2,4,9,766,OH,BNA,11
0,10,2,4,8,187,OH,BOS,11
-10,10,2,4,9,187,OH,BOS,11
0,10,2,4,19,187,OH,BOS,11
0,10,2,4,22,187,OH,BOS,11
0,10,3,5,13,426,OH,RDU,10
0,10,3,5,13,187,OH,BOS,10
56,10,3,5,19,1391,OH,DFW,10
0,10,3,5,8,425,OH,CLE,10
0,10,3,5,20,508,OH,DTW,10
36,10,3,5,21,760,OH,ATL,10
0,10,3,5,14,288,OH,RIC,10
5,10,3,5,17,94,OH,PHL,10
0,10,3,5,15,274,OH,PWM,10
-3,10,3,5,16,426,OH,RDU,10
-5,10,3,5,11,892,OH,STL,10
0,10,3,5,17,1522,OH,AUS,10
-10,10,3,5,13,1028,OH,MSP,10
-5,10,3,5,20,1028,OH,MSP,10
15,10,3,5,19,425,OH,CLE,10
0,10,3,5,18,892,OH,STL,10
23,10,3,5,9,740,OH,ORD,10
10,10,3,5,9,184,OH,BWI,10
0,10,3,5,8,589,OH,CVG,10
-7,10,3,5,14,301,OH,BUF,10
-1,10,3,5,12,382,OH,BGR,10
60,10,3,5,15,340,OH,PIT,10
0,10,3,5,8,1005,OH,TPA,10
0,10,3,5,21,301,OH,BUF,10
-5,10,3,5,22,144,OH,PVD,10
0,10,3,5,16,740,OH,ORD,10
0,10,3,5,13,589,OH,CVG,10
0,10,3,5,19,382,OH,BGR,10
-10,10,3,5,16,483,OH,CMH,10
-2,10,3,5,8,426,OH,RDU,10
0,10,3,5,12,187,OH,BOS,10
-3,10,3,5,19,766,OH,BNA,10
0,10,3,5,21,589,OH,CVG,10
-10,10,3,5,14,264,OH,ROC,10
-9,10,3,5,12,213,OH,DCA,10
-2,10,3,5,18,213,OH,DCA,10
-10,10,3,5,12,425,OH,CLE,10
0,10,3,5,16,508,OH,DTW,10
-5,10,3,5,12,301,OH,BUF,10
0,10,3,5,15,144,OH,PVD,10
-10,10,3,5,7,740,OH,ORD,10
0,10,3,5,8,106,OH,BDL,10
18,10,3,5,9,766,OH,BNA,10
-3,10,3,5,8,187,OH,BOS,10
0,10,3,5,9,187,OH,BOS,10
80,10,3,5,19,187,OH,BOS,10
0,10,3,5,22,187,OH,BOS,10
0,10,4,6,13,426,OH,RDU,9
-7,10,4,6,12,187,OH,BOS,9
0,10,4,6,19,1391,OH,DFW,9
0,10,4,6,8,425,OH,CLE,9
0,10,4,6,8,426,OH,RDU,9
-1,10,4,6,21,760,OH,ATL,9
-7,10,4,6,21,184,OH,BWI,9
0,10,4,6,14,288,OH,RIC,9
15,10,4,6,17,94,OH,PHL,9
-6,10,4,6,15,274,OH,PWM,9
0,10,4,6,16,426,OH,RDU,9
0,10,4,6,11,892,OH,STL,9
25,10,4,6,17,1522,OH,AUS,9
-5,10,4,6,13,1028,OH,MSP,9
150,10,4,6,20,1028,OH,MSP,9
-6,10,4,6,19,425,OH,CLE,9
0,10,4,6,18,892,OH,STL,9
-10,10,4,6,9,740,OH,ORD,9
-10,10,4,6,9,184,OH,BWI,9
-5,10,4,6,8,589,OH,CVG,9
0,10,4,6,14,301,OH,BUF,9
-10,10,4,6,12,382,OH,BGR,9
0,10,4,6,15,340,OH,PIT,9
0,10,4,6,8,1005,OH,TPA,9
-5,10,4,6,21,301,OH,BUF,9
-5,10,4,6,22,144,OH,PVD,9
0,10,4,6,16,740,OH,ORD,9
0,10,4,6,13,589,OH,CVG,9
-10,10,4,6,19,382,OH,BGR,9
0,10,4,6,12,483,OH,CMH,9
-10,10,4,6,19,766,OH,BNA,9
-4,10,4,6,21,589,OH,CVG,9
-5,10,4,6,13,213,OH,DCA,9
-5,10,4,6,18,213,OH,DCA,9
-5,10,4,6,12,425,OH,CLE,9
0,10,4,6,16,508,OH,DTW,9
-10,10,4,6,15,144,OH,PVD,9
0,10,4,6,13,740,OH,ORD,9
-5,10,4,6,8,106,OH,BDL,9
13,10,4,6,9,766,OH,BNA,9
0,10,4,6,8,187,OH,BOS,9
0,10,4,6,9,187,OH,BOS,9
0,10,4,6,13,187,OH,BOS,9
0,10,4,6,19,187,OH,BOS,9
10,10,4,6,22,187,OH,BOS,9
0,10,5,7,13,426,OH,RDU,8
0,10,5,7,13,187,OH,BOS,8
91,10,5,7,19,1391,OH,DFW,8
0,10,5,7,8,425,OH,CLE,8
0,10,5,7,20,508,OH,DTW,8
36,10,5,7,21,760,OH,ATL,8
35,10,5,7,14,288,OH,RIC,8
25,10,5,7,17,94,OH,PHL,8
-5,10,5,7,15,274,OH,PWM,8
29,10,5,7,16,426,OH,RDU,8
-5,10,5,7,11,892,OH,STL,8
0,10,5,7,17,1522,OH,AUS,8
-5,10,5,7,13,1028,OH,MSP,8
57,10,5,7,20,1028,OH,MSP,8
-10,10,5,7,19,425,OH,CLE,8
-7,10,5,7,18,892,OH,STL,8
-10,10,5,7,9,740,OH,ORD,8
55,10,5,7,9,184,OH,BWI,8
0,10,5,7,8,589,OH,CVG,8
30,10,5,7,14,301,OH,BUF,8
0,10,5,7,12,382,OH,BGR,8
50,10,5,7,15,340,OH,PIT,8
-3,10,5,7,8,1005,OH,TPA,8
25,10,5,7,21,301,OH,BUF,8
0,10,5,7,22,144,OH,PVD,8
0,10,5,7,16,740,OH,ORD,8
0,10,5,7,13,589,OH,CVG,8
-8,10,5,7,19,382,OH,BGR,8
-5,10,5,7,16,483,OH,CMH,8
0,10,5,7,8,426,OH,RDU,8
110,10,5,7,12,187,OH,BOS,8
-2,10,5,7,19,766,OH,BNA,8
41,10,5,7,21,589,OH,CVG,8
-8,10,5,7,14,264,OH,ROC,8
-10,10,5,7,12,213,OH,DCA,8
-5,10,5,7,18,213,OH,DCA,8
0,10,5,7,12,425,OH,CLE,8
0,10,5,7,16,508,OH,DTW,8
0,10,5,7,12,301,OH,BUF,8
0,10,5,7,15,144,OH,PVD,8
0,10,5,7,7,740,OH,ORD,8
25,10,5,7,8,106,OH,BDL,8
0,10,5,7,9,766,OH,BNA,8
0,10,5,7,8,187,OH,BOS,8
0,10,5,7,9,187,OH,BOS,8
60,10,5,7,19,187,OH,BOS,8
-5,10,5,7,22,187,OH,BOS,8
0,10,6,1,13,426,OH,RDU,7
-5,10,6,1,13,187,OH,BOS,7
-10,10,6,1,19,1391,OH,DFW,7
-5,10,6,1,8,425,OH,CLE,7
0,10,6,1,20,508,OH,DTW,7
0,10,6,1,21,760,OH,ATL,7
-2,10,6,1,14,288,OH,RIC,7
-5,10,6,1,17,94,OH,PHL,7
-10,10,6,1,15,274,OH,PWM,7
0,10,6,1,16,426,OH,RDU,7
-10,10,6,1,11,892,OH,STL,7
-5,10,6,1,17,1522,OH,AUS,7
0,10,6,1,13,1028,OH,MSP,7
0,10,6,1,20,1028,OH,MSP,7
10,10,6,1,19,425,OH,CLE,7
-5,10,6,1,18,892,OH,STL,7
0,10,6,1,9,740,OH,ORD,7
-5,10,6,1,9,184,OH,BWI,7
0,10,6,1,8,589,OH,CVG,7
0,10,6,1,14,301,OH,BUF,7
-4,10,6,1,12,382,OH,BGR,7
0,10,6,1,15,340,OH,PIT,7
0,10,6,1,8,1005,OH,TPA,7
-5,10,6,1,21,301,OH,BUF,7
-10,10,6,1,22,144,OH,PVD,7
0,10,6,1,16,740,OH,ORD,7
0,10,6,1,13,589,OH,CVG,7
-7,10,6,1,19,382,OH,BGR,7
0,10,6,1,16,483,OH,CMH,7
0,10,6,1,8,426,OH,RDU,7
0,10,6,1,12,187,OH,BOS,7
-10,10,6,1,19,766,OH,BNA,7
-16,10,6,1,21,589,OH,CVG,7
-5,10,6,1,14,264,OH,ROC,7
-10,10,6,1,12,213,OH,DCA,7
0,10,6,1,18,213,OH,DCA,7
0,10,6,1,12,425,OH,CLE,7
0,10,6,1,16,508,OH,DTW,7
0,10,6,1,12,301,OH,BUF,7
-10,10,6,1,15,144,OH,PVD,7
0,10,6,1,7,740,OH,ORD,7
45,10,6,1,8,106,OH,BDL,7
-2,10,6,1,9,766,OH,BNA,7
0,10,6,1,8,187,OH,BOS,7
-3,10,6,1,9,187,OH,BOS,7
0,10,6,1,19,187,OH,BOS,7
37,10,6,1,22,187,OH,BOS,7
0,10,7,2,13,426,OH,RDU,6
5,10,7,2,12,187,OH,BOS,6
-5,10,7,2,13,187,OH,BOS,6
0,10,7,2,19,1391,OH,DFW,6
-5,10,7,2,8,425,OH,CLE,6
-10,10,7,2,20,508,OH,DTW,6
0,10,7,2,21,760,OH,ATL,6
-8,10,7,2,14,288,OH,RIC,6
-5,10,7,2,17,94,OH,PHL,6
0,10,7,2,15,274,OH,PWM,6
0,10,7,2,16,426,OH,RDU,6
0,10,7,2,17,1522,OH,AUS,6
-10,10,7,2,13,1028,OH,MSP,6
0,10,7,2,20,1028,OH,MSP,6
-10,10,7,2,19,425,OH,CLE,6
25,10,7,2,18,892,OH,STL,6
-10,10,7,2,9,740,OH,ORD,6
-6,10,7,2,8,589,OH,CVG,6
-7,10,7,2,14,301,OH,BUF,6
0,10,7,2,12,382,OH,BGR,6
0,10,7,2,15,340,OH,PIT,6
0,10,7,2,8,1005,OH,TPA,6
-3,10,7,2,21,301,OH,BUF,6
-10,10,7,2,22,144,OH,PVD,6
15,10,7,2,16,740,OH,ORD,6
-5,10,7,2,13,589,OH,CVG,6
0,10,7,2,19,382,OH,BGR,6
-6,10,7,2,16,483,OH,CMH,6
0,10,7,2,8,426,OH,RDU,6
-10,10,7,2,19,766,OH,BNA,6
0,10,7,2,21,589,OH,CVG,6
-10,10,7,2,12,213,OH,DCA,6
-10,10,7,2,18,213,OH,DCA,6
-10,10,7,2,12,425,OH,CLE,6
-5,10,7,2,16,508,OH,DTW,6
-10,10,7,2,12,301,OH,BUF,6
-10,10,7,2,15,144,OH,PVD,6
-5,10,7,2,7,740,OH,ORD,6
-5,10,7,2,8,106,OH,BDL,6
-5,10,7,2,9,766,OH,BNA,6
-5,10,7,2,8,187,OH,BOS,6
-10,10,7,2,9,187,OH,BOS,6
30,10,7,2,19,187,OH,BOS,6
-6,10,7,2,22,187,OH,BOS,6
0,10,8,3,13,426,OH,RDU,5
0,10,8,3,13,187,OH,BOS,5
-1,10,8,3,19,1391,OH,DFW,5
0,10,8,3,8,425,OH,CLE,5
-5,10,8,3,20,508,OH,DTW,5
0,10,8,3,21,760,OH,ATL,5
10,10,8,3,14,288,OH,RIC,5
0,10,8,3,17,94,OH,PHL,5
-10,10,8,3,15,274,OH,PWM,5
-5,10,8,3,16,426,OH,RDU,5
-10,10,8,3,11,892,OH,STL,5
110,10,8,3,17,1522,OH,AUS,5
0,10,8,3,13,1028,OH,MSP,5
-5,10,8,3,20,1028,OH,MSP,5
95,10,8,3,19,425,OH,CLE,5
-10,10,8,3,18,892,OH,STL,5
-5,10,8,3,9,740,OH,ORD,5
-5,10,8,3,9,184,OH,BWI,5
0,10,8,3,8,589,OH,CVG,5
-5,10,8,3,14,301,OH,BUF,5
-10,10,8,3,12,382,OH,BGR,5
105,10,8,3,15,340,OH,PIT,5
0,10,8,3,8,1005,OH,TPA,5
55,10,8,3,21,301,OH,BUF,5
-7,10,8,3,22,144,OH,PVD,5
0,10,8,3,16,740,OH,ORD,5
-5,10,8,3,13,589,OH,CVG,5
-5,10,8,3,19,382,OH,BGR,5
0,10,8,3,16,483,OH,CMH,5
20,10,8,3,8,426,OH,RDU,5
0,10,8,3,12,187,OH,BOS,5
-4,10,8,3,19,766,OH,BNA,5
-9,10,8,3,21,589,OH,CVG,5
-10,10,8,3,14,264,OH,ROC,5
-10,10,8,3,12,213,OH,DCA,5
-5,10,8,3,18,213,OH,DCA,5
-6,10,8,3,12,425,OH,CLE,5
0,10,8,3,16,508,OH,DTW,5
-5,10,8,3,12,301,OH,BUF,5
-10,10,8,3,15,144,OH,PVD,5
-10,10,8,3,7,740,OH,ORD,5
-3,10,8,3,8,106,OH,BDL,5
0,10,8,3,9,766,OH,BNA,5
0,10,8,3,8,187,OH,BOS,5
-8,10,8,3,9,187,OH,BOS,5
0,10,8,3,19,187,OH,BOS,5
-5,10,8,3,22,187,OH,BOS,5
-5,10,9,4,13,426,OH,RDU,4
0,10,9,4,13,187,OH,BOS,4
-1,10,9,4,19,1391,OH,DFW,4
10,10,9,4,8,425,OH,CLE,4
-3,10,9,4,20,508,OH,DTW,4
0,10,9,4,21,760,OH,ATL,4
0,10,9,4,14,288,OH,RIC,4
-9,10,9,4,17,94,OH,PHL,4
20,10,9,4,15,274,OH,PWM,4
-10,10,9,4,16,426,OH,RDU,4
-5,10,9,4,11,892,OH,STL,4
0,10,9,4,17,1522,OH,AUS,4
10,10,9,4,13,1028,OH,MSP,4
15,10,9,4,20,1028,OH,MSP,4
0,10,9,4,19,425,OH,CLE,4
-8,10,9,4,18,892,OH,STL,4
-10,10,9,4,9,740,OH,ORD,4
-7,10,9,4,9,184,OH,BWI,4
15,10,9,4,8,589,OH,CVG,4
0,10,9,4,14,301,OH,BUF,4
-5,10,9,4,12,382,OH,BGR,4
7,10,9,4,15,340,OH,PIT,4
0,10,9,4,8,1005,OH,TPA,4
0,10,9,4,21,301,OH,BUF,4
-10,10,9,4,22,144,OH,PVD,4
-5,10,9,4,16,740,OH,ORD,4
0,10,9,4,13,589,OH,CVG,4
-5,10,9,4,19,382,OH,BGR,4
-5,10,9,4,16,483,OH,CMH,4
0,10,9,4,8,426,OH,RDU,4
100,10,9,4,12,187,OH,BOS,4
-5,10,9,4,20,766,OH,BNA,4
0,10,9,4,21,589,OH,CVG,4
0,10,9,4,14,264,OH,ROC,4
-10,10,9,4,12,213,OH,DCA,4
-5,10,9,4,18,213,OH,DCA,4
-5,10,9,4,12,425,OH,CLE,4
0,10,9,4,16,508,OH,DTW,4
-5,10,9,4,12,301,OH,BUF,4
-7,10,9,4,15,144,OH,PVD,4
0,10,9,4,7,740,OH,ORD,4
0,10,9,4,8,106,OH,BDL,4
0,10,9,4,9,766,OH,BNA,4
45,10,9,4,8,187,OH,BOS,4
-5,10,9,4,9,187,OH,BOS,4
0,10,9,4,19,187,OH,BOS,4
0,10,9,4,22,187,OH,BOS,4
0,10,10,5,13,426,OH,RDU,3
0,10,10,5,13,187,OH,BOS,3
46,10,10,5,19,1391,OH,DFW,3
-5,10,10,5,8,425,OH,CLE,3
-6,10,10,5,20,508,OH,DTW,3
-4,10,10,5,21,760,OH,ATL,3
108,10,10,5,14,288,OH,RIC,3
10,10,10,5,17,94,OH,PHL,3
15,10,10,5,15,274,OH,PWM,3
0,10,10,5,16,426,OH,RDU,3
0,10,10,5,11,892,OH,STL,3
0,10,10,5,17,1522,OH,AUS,3
0,10,10,5,13,1028,OH,MSP,3
-2,10,10,5,20,1028,OH,MSP,3
-5,10,10,5,19,425,OH,CLE,3
20,10,10,5,18,892,OH,STL,3
0,10,10,5,9,740,OH,ORD,3
40,10,10,5,9,184,OH,BWI,3
0,10,10,5,8,589,OH,CVG,3
0,10,10,5,14,301,OH,BUF,3
50,10,10,5,12,382,OH,BGR,3
95,10,10,5,15,340,OH,PIT,3
0,10,10,5,8,1005,OH,TPA,3
12,10,10,5,21,301,OH,BUF,3
0,10,10,5,22,144,OH,PVD,3
30,10,10,5,16,740,OH,ORD,3
0,10,10,5,13,589,OH,CVG,3
-5,10,10,5,19,382,OH,BGR,3
-5,10,10,5,16,483,OH,CMH,3
0,10,10,5,8,426,OH,RDU,3
130,10,10,5,12,187,OH,BOS,3
-4,10,10,5,19,766,OH,BNA,3
13,10,10,5,21,589,OH,CVG,3
-5,10,10,5,14,264,OH,ROC,3
0,10,10,5,12,213,OH,DCA,3
-5,10,10,5,18,213,OH,DCA,3
-7,10,10,5,12,425,OH,CLE,3
0,10,10,5,16,508,OH,DTW,3
0,10,10,5,12,301,OH,BUF,3
0,10,10,5,15,144,OH,PVD,3
0,10,10,5,7,740,OH,ORD,3
0,10,10,5,8,106,OH,BDL,3
-7,10,10,5,9,766,OH,BNA,3
-5,10,10,5,8,187,OH,BOS,3
-5,10,10,5,9,187,OH,BOS,3
80,10,10,5,19,187,OH,BOS,3
0,10,10,5,22,187,OH,BOS,3
180,10,11,6,13,426,OH,RDU,2
-5,10,11,6,12,187,OH,BOS,2
0,10,11,6,19,1391,OH,DFW,2
0,10,11,6,8,425,OH,CLE,2
0,10,11,6,8,426,OH,RDU,2
0,10,11,6,21,760,OH,ATL,2
-10,10,11,6,21,184,OH,BWI,2
0,10,11,6,14,288,OH,RIC,2
0,10,11,6,17,94,OH,PHL,2
-8,10,11,6,15,274,OH,PWM,2
-5,10,11,6,16,426,OH,RDU,2
-5,10,11,6,11,892,OH,STL,2
-5,10,11,6,17,1522,OH,AUS,2
0,10,11,6,13,1028,OH,MSP,2
0,10,11,6,20,1028,OH,MSP,2
0,10,11,6,19,425,OH,CLE,2
-10,10,11,6,18,892,OH,STL,2
-3,10,11,6,9,740,OH,ORD,2
-5,10,11,6,9,184,OH,BWI,2
0,10,11,6,8,589,OH,CVG,2
-2,10,11,6,14,301,OH,BUF,2
0,10,11,6,12,382,OH,BGR,2
35,10,11,6,15,340,OH,PIT,2
10,10,11,6,8,1005,OH,TPA,2
-10,10,11,6,21,301,OH,BUF,2
0,10,11,6,22,144,OH,PVD,2
0,10,11,6,16,740,OH,ORD,2
20,10,11,6,13,589,OH,CVG,2
0,10,11,6,19,382,OH,BGR,2
0,10,11,6,12,483,OH,CMH,2
-9,10,11,6,19,766,OH,BNA,2
0,10,11,6,21,589,OH,CVG,2
-10,10,11,6,13,213,OH,DCA,2
-5,10,11,6,18,213,OH,DCA,2
0,10,11,6,12,425,OH,CLE,2
5,10,11,6,16,508,OH,DTW,2
-4,10,11,6,15,144,OH,PVD,2
-4,10,11,6,13,740,OH,ORD,2
0,10,11,6,8,106,OH,BDL,2
0,10,11,6,9,766,OH,BNA,2
0,10,11,6,8,187,OH,BOS,2
10,10,11,6,9,187,OH,BOS,2
0,10,11,6,13,187,OH,BOS,2
0,10,11,6,19,187,OH,BOS,2
0,10,11,6,22,187,OH,BOS,2
0,10,12,7,13,426,OH,RDU,1
43,10,12,7,13,187,OH,BOS,1
0,10,12,7,19,1391,OH,DFW,1
0,10,12,7,8,425,OH,CLE,1
-5,10,12,7,20,508,OH,DTW,1
0,10,12,7,21,760,OH,ATL,1
-5,10,12,7,14,288,OH,RIC,1
-10,10,12,7,17,94,OH,PHL,1
-5,10,12,7,15,274,OH,PWM,1
10,10,12,7,16,426,OH,RDU,1
-5,10,12,7,11,892,OH,STL,1
-5,10,12,7,17,1522,OH,AUS,1
85,10,12,7,13,1028,OH,MSP,1
0,10,12,7,20,1028,OH,MSP,1
-2,10,12,7,19,425,OH,CLE,1
30,10,12,7,18,892,OH,STL,1
0,10,12,7,9,740,OH,ORD,1
0,10,12,7,9,184,OH,BWI,1
-10,10,12,7,8,589,OH,CVG,1
40,10,12,7,14,301,OH,BUF,1
-2,10,12,7,12,382,OH,BGR,1
0,10,12,7,15,340,OH,PIT,1
0,10,12,7,8,1005,OH,TPA,1
75,10,12,7,21,301,OH,BUF,1
-5,10,12,7,22,144,OH,PVD,1
0,10,12,7,16,740,OH,ORD,1
-5,10,12,7,13,589,OH,CVG,1
-10,10,12,7,19,382,OH,BGR,1
0,10,12,7,16,483,OH,CMH,1
95,10,12,7,8,426,OH,RDU,1
0,10,12,7,12,187,OH,BOS,1
-5,10,12,7,19,766,OH,BNA,1
21,10,12,7,21,589,OH,CVG,1
0,10,12,7,14,264,OH,ROC,1
-2,10,12,7,12,213,OH,DCA,1
0,10,12,7,18,213,OH,DCA,1
-5,10,12,7,12,425,OH,CLE,1
-5,10,12,7,16,508,OH,DTW,1
0,10,12,7,12,301,OH,BUF,1
0,10,12,7,15,144,OH,PVD,1
-10,10,12,7,7,740,OH,ORD,1
0,10,12,7,8,106,OH,BDL,1
0,10,12,7,9,766,OH,BNA,1
0,10,12,7,8,187,OH,BOS,1
-8,10,12,7,9,187,OH,BOS,1
40,10,12,7,19,187,OH,BOS,1
33,10,12,7,22,187,OH,BOS,1
-1,10,13,1,13,426,OH,RDU,0
-9,10,13,1,13,187,OH,BOS,0
65,10,13,1,19,1391,OH,DFW,0
-5,10,13,1,8,425,OH,CLE,0
0,10,13,1,20,508,OH,DTW,0
-9,10,13,1,21,760,OH,ATL,0
55,10,13,1,14,288,OH,RIC,0
0,10,13,1,17,94,OH,PHL,0
0,10,13,1,15,274,OH,PWM,0
0,10,13,1,16,426,OH,RDU,0
10,10,13,1,11,892,OH,STL,0
20,10,13,1,17,1522,OH,AUS,0
0,10,13,1,13,1028,OH,MSP,0
-5,10,13,1,20,1028,OH,MSP,0
-5,10,13,1,19,425,OH,CLE,0
-10,10,13,1,18,892,OH,STL,0
0,10,13,1,9,740,OH,ORD,0
-10,10,13,1,9,184,OH,BWI,0
-5,10,13,1,8,589,OH,CVG,0
-2,10,13,1,14,301,OH,BUF,0
-10,10,13,1,12,382,OH,BGR,0
15,10,13,1,15,340,OH,PIT,0
15,10,13,1,8,1005,OH,TPA,0
0,10,13,1,21,301,OH,BUF,0
0,10,13,1,22,144,OH,PVD,0
0,10,13,1,16,740,OH,ORD,0
0,10,13,1,13,589,OH,CVG,0
-10,10,13,1,19,382,OH,BGR,0
-8,10,13,1,16,483,OH,CMH,0
8,10,13,1,8,426,OH,RDU,0
0,10,13,1,12,187,OH,BOS,0
-4,10,13,1,19,766,OH,BNA,0
-4,10,13,1,21,589,OH,CVG,0
0,10,13,1,14,264,OH,ROC,0
-10,10,13,1,12,213,OH,DCA,0
0,10,13,1,18,213,OH,DCA,0
-10,10,13,1,12,425,OH,CLE,0
12,10,13,1,16,508,OH,DTW,0
30,10,13,1,12,301,OH,BUF,0
-5,10,13,1,15,144,OH,PVD,0
0,10,13,1,7,740,OH,ORD,0
0,10,13,1,8,106,OH,BDL,0
0,10,13,1,9,766,OH,BNA,0
-5,10,13,1,8,187,OH,BOS,0
-10,10,13,1,9,187,OH,BOS,0
0,10,13,1,19,187,OH,BOS,0
-10,10,13,1,22,187,OH,BOS,0
0,10,14,2,13,426,OH,RDU,1
-5,10,14,2,12,187,OH,BOS,1
-5,10,14,2,13,187,OH,BOS,1
-4,10,14,2,19,1391,OH,DFW,1
-10,10,14,2,8,425,OH,CLE,1
0,10,14,2,20,508,OH,DTW,1
21,10,14,2,21,760,OH,ATL,1
12,10,14,2,14,288,OH,RIC,1
15,10,14,2,17,94,OH,PHL,1
-5,10,14,2,15,274,OH,PWM,1
-10,10,14,2,16,426,OH,RDU,1
0,10,14,2,17,1522,OH,AUS,1
30,10,14,2,13,1028,OH,MSP,1
0,10,14,2,20,1028,OH,MSP,1
-5,10,14,2,19,425,OH,CLE,1
0,10,14,2,18,892,OH,STL,1
0,10,14,2,9,740,OH,ORD,1
0,10,14,2,8,589,OH,CVG,1
0,10,14,2,14,301,OH,BUF,1
-10,10,14,2,12,382,OH,BGR,1
9,10,14,2,15,340,OH,PIT,1
0,10,14,2,8,1005,OH,TPA,1
15,10,14,2,21,301,OH,BUF,1
-2,10,14,2,22,144,OH,PVD,1
45,10,14,2,16,740,OH,ORD,1
-10,10,14,2,13,589,OH,CVG,1
-9,10,14,2,19,382,OH,BGR,1
-10,10,14,2,16,483,OH,CMH,1
-5,10,14,2,8,426,OH,RDU,1
-10,10,14,2,19,766,OH,BNA,1
-4,10,14,2,21,589,OH,CVG,1
-10,10,14,2,12,213,OH,DCA,1
-5,10,14,2,18,213,OH,DCA,1
-15,10,14,2,12,425,OH,CLE,1
20,10,14,2,16,508,OH,DTW,1
0,10,14,2,12,301,OH,BUF,1
-10,10,14,2,15,144,OH,PVD,1
-4,10,14,2,7,740,OH,ORD,1
-7,10,14,2,8,106,OH,BDL,1
0,10,14,2,9,766,OH,BNA,1
-5,10,14,2,8,187,OH,BOS,1
-2,10,14,2,9,187,OH,BOS,1
-7,10,14,2,19,187,OH,BOS,1
-10,10,14,2,22,187,OH,BOS,1
9,10,15,3,13,426,OH,RDU,2
5,10,15,3,13,187,OH,BOS,2
0,10,15,3,19,1391,OH,DFW,2
-10,10,15,3,8,425,OH,CLE,2
0,10,15,3,20,508,OH,DTW,2
0,10,15,3,21,760,OH,ATL,2
0,10,15,3,14,288,OH,RIC,2
-5,10,15,3,17,94,OH,PHL,2
0,10,15,3,15,274,OH,PWM,2
-5,10,15,3,16,426,OH,RDU,2
-10,10,15,3,11,892,OH,STL,2
-5,10,15,3,17,1522,OH,AUS,2
-5,10,15,3,13,1028,OH,MSP,2
0,10,15,3,20,1028,OH,MSP,2
0,10,15,3,19,425,OH,CLE,2
25,10,15,3,18,892,OH,STL,2
0,10,15,3,9,740,OH,ORD,2
-8,10,15,3,9,184,OH,BWI,2
-5,10,15,3,8,589,OH,CVG,2
0,10,15,3,14,301,OH,BUF,2
-10,10,15,3,12,382,OH,BGR,2
0,10,15,3,15,340,OH,PIT,2
-5,10,15,3,8,1005,OH,TPA,2
0,10,15,3,21,301,OH,BUF,2
-5,10,15,3,22,144,OH,PVD,2
15,10,15,3,16,740,OH,ORD,2
-10,10,15,3,13,589,OH,CVG,2
-5,10,15,3,19,382,OH,BGR,2
-5,10,15,3,16,483,OH,CMH,2
-1,10,15,3,8,426,OH,RDU,2
-5,10,15,3,12,187,OH,BOS,2
0,10,15,3,19,766,OH,BNA,2
-4,10,15,3,21,589,OH,CVG,2
0,10,15,3,14,264,OH,ROC,2
-10,10,15,3,12,213,OH,DCA,2
-10,10,15,3,18,213,OH,DCA,2
0,10,15,3,12,425,OH,CLE,2
0,10,15,3,16,508,OH,DTW,2
-5,10,15,3,12,301,OH,BUF,2
-3,10,15,3,15,144,OH,PVD,2
-4,10,15,3,7,740,OH,ORD,2
0,10,15,3,8,106,OH,BDL,2
-10,10,15,3,9,766,OH,BNA,2
0,10,15,3,8,187,OH,BOS,2
-10,10,15,3,9,187,OH,BOS,2
0,10,15,3,19,187,OH,BOS,2
-5,10,15,3,22,187,OH,BOS,2
12,10,16,4,13,426,OH,RDU,3
20,10,16,4,13,187,OH,BOS,3
45,10,16,4,19,1391,OH,DFW,3
0,10,16,4,8,425,OH,CLE,3
0,10,16,4,20,508,OH,DTW,3
41,10,16,4,21,760,OH,ATL,3
-5,10,16,4,14,288,OH,RIC,3
-5,10,16,4,17,94,OH,PHL,3
0,10,16,4,15,274,OH,PWM,3
80,10,16,4,16,426,OH,RDU,3
-10,10,16,4,11,892,OH,STL,3
0,10,16,4,17,1522,OH,AUS,3
0,10,16,4,13,1028,OH,MSP,3
-1,10,16,4,20,1028,OH,MSP,3
-5,10,16,4,19,425,OH,CLE,3
0,10,16,4,18,892,OH,STL,3
-5,10,16,4,9,740,OH,ORD,3
-2,10,16,4,9,184,OH,BWI,3
-4,10,16,4,8,589,OH,CVG,3
0,10,16,4,14,301,OH,BUF,3
20,10,16,4,12,382,OH,BGR,3
0,10,16,4,15,340,OH,PIT,3
0,10,16,4,8,1005,OH,TPA,3
0,10,16,4,21,301,OH,BUF,3
-5,10,16,4,22,144,OH,PVD,3
-1,10,16,4,16,740,OH,ORD,3
-7,10,16,4,13,589,OH,CVG,3
60,10,16,4,19,382,OH,BGR,3
-5,10,16,4,16,483,OH,CMH,3
5,10,16,4,8,426,OH,RDU,3
0,10,16,4,12,187,OH,BOS,3
0,10,16,4,20,766,OH,BNA,3
61,10,16,4,21,589,OH,CVG,3
0,10,16,4,14,264,OH,ROC,3
-10,10,16,4,12,213,OH,DCA,3
-5,10,16,4,18,213,OH,DCA,3
-5,10,16,4,12,425,OH,CLE,3
0,10,16,4,16,508,OH,DTW,3
15,10,16,4,12,301,OH,BUF,3
0,10,16,4,15,144,OH,PVD,3
0,10,16,4,7,740,OH,ORD,3
-5,10,16,4,8,106,OH,BDL,3
-7,10,16,4,9,766,OH,BNA,3
0,10,16,4,8,187,OH,BOS,3
0,10,16,4,9,187,OH,BOS,3
45,10,16,4,19,187,OH,BOS,3
0,10,16,4,22,187,OH,BOS,3
0,10,17,5,13,426,OH,RDU,4
0,10,17,5,13,187,OH,BOS,4
0,10,17,5,19,1391,OH,DFW,4
0,10,17,5,8,425,OH,CLE,4
-10,10,17,5,20,508,OH,DTW,4
61,10,17,5,21,760,OH,ATL,4
0,10,17,5,14,288,OH,RIC,4
-1,10,17,5,17,94,OH,PHL,4
0,10,17,5,15,274,OH,PWM,4
0,10,17,5,16,426,OH,RDU,4
-10,10,17,5,11,892,OH,STL,4
0,10,17,5,17,1522,OH,AUS,4
35,10,17,5,13,1028,OH,MSP,4
0,10,17,5,20,1028,OH,MSP,4
0,10,17,5,19,425,OH,CLE,4
0,10,17,5,18,892,OH,STL,4
0,10,17,5,9,740,OH,ORD,4
0,10,17,5,9,184,OH,BWI,4
-1,10,17,5,8,589,OH,CVG,4
-10,10,17,5,14,301,OH,BUF,4
15,10,17,5,12,382,OH,BGR,4
10,10,17,5,15,340,OH,PIT,4
0,10,17,5,8,1005,OH,TPA,4
0,10,17,5,21,301,OH,BUF,4
0,10,17,5,22,144,OH,PVD,4
15,10,17,5,16,740,OH,ORD,4
-5,10,17,5,13,589,OH,CVG,4
0,10,17,5,19,382,OH,BGR,4
0,10,17,5,16,483,OH,CMH,4
75,10,17,5,8,426,OH,RDU,4
0,10,17,5,12,187,OH,BOS,4
-11,10,17,5,19,766,OH,BNA,4
-9,10,17,5,21,589,OH,CVG,4
21,10,17,5,14,264,OH,ROC,4
0,10,17,5,12,213,OH,DCA,4
-4,10,17,5,18,213,OH,DCA,4
-5,10,17,5,12,425,OH,CLE,4
-1,10,17,5,16,508,OH,DTW,4
15,10,17,5,12,301,OH,BUF,4
-5,10,17,5,15,144,OH,PVD,4
-10,10,17,5,7,740,OH,ORD,4
-5,10,17,5,8,106,OH,BDL,4
38,10,17,5,9,766,OH,BNA,4
0,10,17,5,8,187,OH,BOS,4
0,10,17,5,9,187,OH,BOS,4
0,10,17,5,19,187,OH,BOS,4
0,10,17,5,22,187,OH,BOS,4
0,10,18,6,13,426,OH,RDU,5
-3,10,18,6,12,187,OH,BOS,5
0,10,18,6,19,1391,OH,DFW,5
-5,10,18,6,8,425,OH,CLE,5
-5,10,18,6,8,426,OH,RDU,5
0,10,18,6,21,760,OH,ATL,5
0,10,18,6,21,184,OH,BWI,5
-5,10,18,6,14,288,OH,RIC,5
0,10,18,6,17,94,OH,PHL,5
0,10,18,6,15,274,OH,PWM,5
0,10,18,6,16,426,OH,RDU,5
0,10,18,6,11,892,OH,STL,5
0,10,18,6,17,1522,OH,AUS,5
0,10,18,6,13,1028,OH,MSP,5
20,10,18,6,20,1028,OH,MSP,5
-5,10,18,6,19,425,OH,CLE,5
-5,10,18,6,18,892,OH,STL,5
0,10,18,6,9,740,OH,ORD,5
0,10,18,6,9,184,OH,BWI,5
40,10,18,6,8,589,OH,CVG,5
-5,10,18,6,14,301,OH,BUF,5
-10,10,18,6,12,382,OH,BGR,5
10,10,18,6,15,340,OH,PIT,5
20,10,18,6,8,1005,OH,TPA,5
0,10,18,6,21,301,OH,BUF,5
0,10,18,6,22,144,OH,PVD,5
0,10,18,6,16,740,OH,ORD,5
0,10,18,6,13,589,OH,CVG,5
-10,10,18,6,19,382,OH,BGR,5
0,10,18,6,12,483,OH,CMH,5
-10,10,18,6,19,766,OH,BNA,5
-1,10,18,6,21,589,OH,CVG,5
0,10,18,6,13,213,OH,DCA,5
20,10,18,6,18,213,OH,DCA,5
-4,10,18,6,12,425,OH,CLE,5
50,10,18,6,16,508,OH,DTW,5
-10,10,18,6,15,144,OH,PVD,5
-5,10,18,6,13,740,OH,ORD,5
0,10,18,6,8,106,OH,BDL,5
0,10,18,6,9,766,OH,BNA,5
0,10,18,6,8,187,OH,BOS,5
0,10,18,6,9,187,OH,BOS,5
0,10,18,6,13,187,OH,BOS,5
0,10,18,6,19,187,OH,BOS,5
-5,10,18,6,22,187,OH,BOS,5
115,10,19,7,13,426,OH,RDU,6
0,10,19,7,13,187,OH,BOS,6
0,10,19,7,19,1391,OH,DFW,6
130,10,19,7,8,425,OH,CLE,6
0,10,19,7,20,508,OH,DTW,6
31,10,19,7,21,760,OH,ATL,6
-3,10,19,7,14,288,OH,RIC,6
0,10,19,7,17,94,OH,PHL,6
15,10,19,7,15,274,OH,PWM,6
10,10,19,7,16,426,OH,RDU,6
-6,10,19,7,11,892,OH,STL,6
-5,10,19,7,17,1522,OH,AUS,6
0,10,19,7,13,1028,OH,MSP,6
0,10,19,7,20,1028,OH,MSP,6
0,10,19,7,19,425,OH,CLE,6
-5,10,19,7,18,892,OH,STL,6
0,10,19,7,9,740,OH,ORD,6
0,10,19,7,9,184,OH,BWI,6
40,10,19,7,8,589,OH,CVG,6
30,10,19,7,14,301,OH,BUF,6
-5,10,19,7,12,382,OH,BGR,6
300,10,19,7,15,340,OH,PIT,6
288,10,19,7,8,1005,OH,TPA,6
-5,10,19,7,21,301,OH,BUF,6
-5,10,19,7,22,144,OH,PVD,6
0,10,19,7,16,740,OH,ORD,6
25,10,19,7,13,589,OH,CVG,6
30,10,19,7,19,382,OH,BGR,6
25,10,19,7,16,483,OH,CMH,6
0,10,19,7,8,426,OH,RDU,6
0,10,19,7,12,187,OH,BOS,6
-7,10,19,7,19,766,OH,BNA,6
0,10,19,7,21,589,OH,CVG,6
-5,10,19,7,14,264,OH,ROC,6
-10,10,19,7,12,213,OH,DCA,6
10,10,19,7,18,213,OH,DCA,6
0,10,19,7,12,425,OH,CLE,6
80,10,19,7,16,508,OH,DTW,6
-1,10,19,7,12,301,OH,BUF,6
-8,10,19,7,15,144,OH,PVD,6
0,10,19,7,7,740,OH,ORD,6
123,10,19,7,8,106,OH,BDL,6
148,10,19,7,9,766,OH,BNA,6
-5,10,19,7,8,187,OH,BOS,6
-5,10,19,7,9,187,OH,BOS,6
85,10,19,7,19,187,OH,BOS,6
-5,10,19,7,22,187,OH,BOS,6
-5,10,20,1,13,426,OH,RDU,7
55,10,20,1,13,187,OH,BOS,7
0,10,20,1,19,1391,OH,DFW,7
0,10,20,1,8,425,OH,CLE,7
-10,10,20,1,20,508,OH,DTW,7
0,10,20,1,21,760,OH,ATL,7
0,10,20,1,14,288,OH,RIC,7
0,10,20,1,17,94,OH,PHL,7
0,10,20,1,15,274,OH,PWM,7
-5,10,20,1,16,426,OH,RDU,7
-5,10,20,1,11,892,OH,STL,7
0,10,20,1,17,1522,OH,AUS,7
-10,10,20,1,13,1028,OH,MSP,7
0,10,20,1,20,1028,OH,MSP,7
0,10,20,1,19,425,OH,CLE,7
20,10,20,1,18,892,OH,STL,7
-5,10,20,1,9,740,OH,ORD,7
-5,10,20,1,9,184,OH,BWI,7
0,10,20,1,8,589,OH,CVG,7
-5,10,20,1,14,301,OH,BUF,7
-5,10,20,1,12,382,OH,BGR,7
35,10,20,1,15,340,OH,PIT,7
25,10,20,1,8,1005,OH,TPA,7
-10,10,20,1,21,301,OH,BUF,7
-5,10,20,1,22,144,OH,PVD,7
25,10,20,1,16,740,OH,ORD,7
0,10,20,1,13,589,OH,CVG,7
0,10,20,1,19,382,OH,BGR,7
-5,10,20,1,16,483,OH,CMH,7
25,10,20,1,8,426,OH,RDU,7
10,10,20,1,12,187,OH,BOS,7
36,10,20,1,19,766,OH,BNA,7
0,10,20,1,21,589,OH,CVG,7
0,10,20,1,14,264,OH,ROC,7
-12,10,20,1,12,213,OH,DCA,7
10,10,20,1,18,213,OH,DCA,7
-15,10,20,1,12,425,OH,CLE,7
0,10,20,1,16,508,OH,DTW,7
0,10,20,1,12,301,OH,BUF,7
0,10,20,1,15,144,OH,PVD,7
0,10,20,1,7,740,OH,ORD,7
0,10,20,1,8,106,OH,BDL,7
-2,10,20,1,9,766,OH,BNA,7
-10,10,20,1,8,187,OH,BOS,7
-10,10,20,1,9,187,OH,BOS,7
0,10,20,1,19,187,OH,BOS,7
0,10,20,1,22,187,OH,BOS,7
-6,10,21,2,13,426,OH,RDU,8
0,10,21,2,12,187,OH,BOS,8
0,10,21,2,13,187,OH,BOS,8
0,10,21,2,19,1391,OH,DFW,8
-9,10,21,2,8,425,OH,CLE,8
-10,10,21,2,20,508,OH,DTW,8
0,10,21,2,21,760,OH,ATL,8
-11,10,21,2,14,288,OH,RIC,8
0,10,21,2,17,94,OH,PHL,8
-5,10,21,2,15,274,OH,PWM,8
0,10,21,2,16,426,OH,RDU,8
0,10,21,2,17,1522,OH,AUS,8
0,10,21,2,13,1028,OH,MSP,8
-7,10,21,2,20,1028,OH,MSP,8
-10,10,21,2,19,425,OH,CLE,8
22,10,21,2,18,892,OH,STL,8
0,10,21,2,9,740,OH,ORD,8
-2,10,21,2,8,589,OH,CVG,8
15,10,21,2,14,301,OH,BUF,8
-10,10,21,2,12,382,OH,BGR,8
-5,10,21,2,15,340,OH,PIT,8
5,10,21,2,8,1005,OH,TPA,8
0,10,21,2,21,301,OH,BUF,8
-4,10,21,2,22,144,OH,PVD,8
0,10,21,2,16,740,OH,ORD,8
0,10,21,2,13,589,OH,CVG,8
-3,10,21,2,19,382,OH,BGR,8
105,10,21,2,16,483,OH,CMH,8
0,10,21,2,8,426,OH,RDU,8
16,10,21,2,19,766,OH,BNA,8
-5,10,21,2,21,589,OH,CVG,8
-5,10,21,2,12,213,OH,DCA,8
0,10,21,2,18,213,OH,DCA,8
-10,10,21,2,12,425,OH,CLE,8
0,10,21,2,16,508,OH,DTW,8
0,10,21,2,12,301,OH,BUF,8
-8,10,21,2,15,144,OH,PVD,8
0,10,21,2,7,740,OH,ORD,8
-10,10,21,2,8,106,OH,BDL,8
-10,10,21,2,9,766,OH,BNA,8
-10,10,21,2,8,187,OH,BOS,8
0,10,21,2,9,187,OH,BOS,8
0,10,21,2,19,187,OH,BOS,8
-7,10,21,2,22,187,OH,BOS,8
-10,10,22,3,13,426,OH,RDU,9
0,10,22,3,13,187,OH,BOS,9
6,10,22,3,19,1391,OH,DFW,9
-10,10,22,3,8,425,OH,CLE,9
-10,10,22,3,20,508,OH,DTW,9
-1,10,22,3,21,760,OH,ATL,9
0,10,22,3,14,288,OH,RIC,9
0,10,22,3,17,94,OH,PHL,9
-3,10,22,3,15,274,OH,PWM,9
-5,10,22,3,16,426,OH,RDU,9
45,10,22,3,11,892,OH,STL,9
0,10,22,3,17,1522,OH,AUS,9
0,10,22,3,13,1028,OH,MSP,9
-5,10,22,3,20,1028,OH,MSP,9
0,10,22,3,19,425,OH,CLE,9
0,10,22,3,18,892,OH,STL,9
-5,10,22,3,9,740,OH,ORD,9
-2,10,22,3,9,184,OH,BWI,9
-10,10,22,3,8,589,OH,CVG,9
0,10,22,3,14,301,OH,BUF,9
-2,10,22,3,12,382,OH,BGR,9
30,10,22,3,15,340,OH,PIT,9
0,10,22,3,8,1005,OH,TPA,9
-5,10,22,3,21,301,OH,BUF,9
20,10,22,3,22,144,OH,PVD,9
0,10,22,3,16,740,OH,ORD,9
-5,10,22,3,13,589,OH,CVG,9
-10,10,22,3,19,382,OH,BGR,9
-5,10,22,3,16,483,OH,CMH,9
0,10,22,3,8,426,OH,RDU,9
0,10,22,3,12,187,OH,BOS,9
-9,10,22,3,19,766,OH,BNA,9
-9,10,22,3,21,589,OH,CVG,9
9,10,22,3,14,264,OH,ROC,9
-2,10,22,3,12,213,OH,DCA,9
0,10,22,3,18,213,OH,DCA,9
-7,10,22,3,12,425,OH,CLE,9
0,10,22,3,16,508,OH,DTW,9
-5,10,22,3,12,301,OH,BUF,9
0,10,22,3,15,144,OH,PVD,9
-4,10,22,3,7,740,OH,ORD,9
-10,10,22,3,8,106,OH,BDL,9
18,10,22,3,9,766,OH,BNA,9
-5,10,22,3,8,187,OH,BOS,9
-10,10,22,3,9,187,OH,BOS,9
10,10,22,3,19,187,OH,BOS,9
-5,10,22,3,22,187,OH,BOS,9
-5,10,23,4,13,426,OH,RDU,10
0,10,23,4,13,187,OH,BOS,10
0,10,23,4,19,1391,OH,DFW,10
-10,10,23,4,8,425,OH,CLE,10
-10,10,23,4,20,508,OH,DTW,10
0,10,23,4,21,760,OH,ATL,10
10,10,23,4,14,288,OH,RIC,10
130,10,23,4,17,94,OH,PHL,10
-5,10,23,4,15,274,OH,PWM,10
-5,10,23,4,16,426,OH,RDU,10
-5,10,23,4,11,892,OH,STL,10
-6,10,23,4,17,1522,OH,AUS,10
0,10,23,4,13,1028,OH,MSP,10
0,10,23,4,20,1028,OH,MSP,10
-5,10,23,4,19,425,OH,CLE,10
-5,10,23,4,18,892,OH,STL,10
-5,10,23,4,9,740,OH,ORD,10
-5,10,23,4,9,184,OH,BWI,10
-7,10,23,4,8,589,OH,CVG,10
0,10,23,4,14,301,OH,BUF,10
-10,10,23,4,12,382,OH,BGR,10
15,10,23,4,15,340,OH,PIT,10
-5,10,23,4,8,1005,OH,TPA,10
-5,10,23,4,21,301,OH,BUF,10
0,10,23,4,22,144,OH,PVD,10
15,10,23,4,16,740,OH,ORD,10
-7,10,23,4,13,589,OH,CVG,10
0,10,23,4,19,382,OH,BGR,10
0,10,23,4,16,483,OH,CMH,10
0,10,23,4,8,426,OH,RDU,10
0,10,23,4,12,187,OH,BOS,10
-10,10,23,4,20,766,OH,BNA,10
-24,10,23,4,21,589,OH,CVG,10
0,10,23,4,14,264,OH,ROC,10
-5,10,23,4,12,213,OH,DCA,10
0,10,23,4,18,213,OH,DCA,10
-10,10,23,4,12,425,OH,CLE,10
-3,10,23,4,16,508,OH,DTW,10
10,10,23,4,12,301,OH,BUF,10
-8,10,23,4,15,144,OH,PVD,10
0,10,23,4,7,740,OH,ORD,10
-5,10,23,4,8,106,OH,BDL,10
0,10,23,4,9,766,OH,BNA,10
-2,10,23,4,8,187,OH,BOS,10
-10,10,23,4,9,187,OH,BOS,10
0,10,23,4,19,187,OH,BOS,10
-10,10,23,4,22,187,OH,BOS,10
0,10,24,5,13,426,OH,RDU,11
0,10,24,5,13,187,OH,BOS,11
186,10,24,5,19,1391,OH,DFW,11
0,10,24,5,8,425,OH,CLE,11
90,10,24,5,20,508,OH,DTW,11
5,10,24,5,21,760,OH,ATL,11
85,10,24,5,14,288,OH,RIC,11
90,10,24,5,17,94,OH,PHL,11
0,10,24,5,15,274,OH,PWM,11
0,10,24,5,16,426,OH,RDU,11
0,10,24,5,11,892,OH,STL,11
0,10,24,5,17,1522,OH,AUS,11
0,10,24,5,13,1028,OH,MSP,11
0,10,24,5,20,1028,OH,MSP,11
0,10,24,5,19,425,OH,CLE,11
-10,10,24,5,18,892,OH,STL,11
-10,10,24,5,9,740,OH,ORD,11
0,10,24,5,9,184,OH,BWI,11
0,10,24,5,8,589,OH,CVG,11
0,10,24,5,14,301,OH,BUF,11
0,10,24,5,12,382,OH,BGR,11
45,10,24,5,15,340,OH,PIT,11
-5,10,24,5,8,1005,OH,TPA,11
50,10,24,5,21,301,OH,BUF,11
-10,10,24,5,22,144,OH,PVD,11
40,10,24,5,16,740,OH,ORD,11
0,10,24,5,13,589,OH,CVG,11
0,10,24,5,19,382,OH,BGR,11
0,10,24,5,16,483,OH,CMH,11
0,10,24,5,8,426,OH,RDU,11
0,10,24,5,12,187,OH,BOS,11
-9,10,24,5,19,766,OH,BNA,11
0,10,24,5,21,589,OH,CVG,11
0,10,24,5,14,264,OH,ROC,11
-5,10,24,5,12,213,OH,DCA,11
-10,10,24,5,18,213,OH,DCA,11
-10,10,24,5,12,425,OH,CLE,11
0,10,24,5,16,508,OH,DTW,11
-10,10,24,5,12,301,OH,BUF,11
-10,10,24,5,15,144,OH,PVD,11
-10,10,24,5,7,740,OH,ORD,11
29,10,24,5,8,106,OH,BDL,11
0,10,24,5,9,766,OH,BNA,11
0,10,24,5,8,187,OH,BOS,11
-10,10,24,5,9,187,OH,BOS,11
-5,10,24,5,19,187,OH,BOS,11
-5,10,24,5,22,187,OH,BOS,11
-5,10,25,6,13,426,OH,RDU,12
0,10,25,6,12,187,OH,BOS,12
0,10,25,6,8,425,OH,CLE,12
20,10,25,6,8,426,OH,RDU,12
0,10,25,6,14,288,OH,RIC,12
15,10,25,6,15,274,OH,PWM,12
-10,10,25,6,11,892,OH,STL,12
-10,10,25,6,17,1522,OH,AUS,12
10,10,25,6,13,1028,OH,MSP,12
55,10,25,6,19,425,OH,CLE,12
0,10,25,6,9,740,OH,ORD,12
50,10,25,6,9,184,OH,BWI,12
0,10,25,6,8,589,OH,CVG,12
-5,10,25,6,14,301,OH,BUF,12
-10,10,25,6,12,382,OH,BGR,12
60,10,25,6,15,340,OH,PIT,12
0,10,25,6,8,1005,OH,TPA,12
110,10,25,6,16,740,OH,ORD,12
-1,10,25,6,13,589,OH,CVG,12
-5,10,25,6,12,483,OH,CMH,12
0,10,25,6,13,213,OH,DCA,12
0,10,25,6,18,213,OH,DCA,12
0,10,25,6,12,425,OH,CLE,12
80,10,25,6,16,508,OH,DTW,12
0,10,25,6,15,144,OH,PVD,12
0,10,25,6,13,740,OH,ORD,12
-6,10,25,6,8,106,OH,BDL,12
8,10,25,6,9,766,OH,BNA,12
0,10,25,6,8,187,OH,BOS,12
0,10,25,6,9,187,OH,BOS,12
0,10,25,6,13,187,OH,BOS,12
20,10,25,6,19,187,OH,BOS,12
60,10,26,7,13,426,OH,RDU,13
-4,10,26,7,21,340,OH,PIT,13
-10,10,26,7,13,187,OH,BOS,13
16,10,26,7,19,1391,OH,DFW,13
0,10,26,7,8,425,OH,CLE,13
0,10,26,7,20,508,OH,DTW,13
91,10,26,7,21,760,OH,ATL,13
0,10,26,7,14,288,OH,RIC,13
-3,10,26,7,17,94,OH,PHL,13
-5,10,26,7,15,274,OH,PWM,13
-5,10,26,7,16,426,OH,RDU,13
0,10,26,7,11,892,OH,STL,13
0,10,26,7,17,1522,OH,AUS,13
0,10,26,7,13,1028,OH,MSP,13
0,10,26,7,20,1028,OH,MSP,13
-5,10,26,7,19,425,OH,CLE,13
-6,10,26,7,18,892,OH,STL,13
0,10,26,7,9,740,OH,ORD,13
-10,10,26,7,9,184,OH,BWI,13
0,10,26,7,8,589,OH,CVG,13
-5,10,26,7,14,301,OH,BUF,13
17,10,26,7,12,382,OH,BGR,13
95,10,26,7,15,340,OH,PIT,13
0,10,26,7,8,1005,OH,TPA,13
30,10,26,7,21,301,OH,BUF,13
0,10,26,7,22,144,OH,PVD,13
35,10,26,7,16,740,OH,ORD,13
35,10,26,7,13,589,OH,CVG,13
0,10,26,7,19,382,OH,BGR,13
0,10,26,7,16,483,OH,CMH,13
20,10,26,7,8,426,OH,RDU,13
0,10,26,7,12,187,OH,BOS,13
0,10,26,7,19,766,OH,BNA,13
0,10,26,7,21,589,OH,CVG,13
-5,10,26,7,14,264,OH,ROC,13
0,10,26,7,12,213,OH,DCA,13
0,10,26,7,18,213,OH,DCA,13
-5,10,26,7,12,425,OH,CLE,13
0,10,26,7,16,508,OH,DTW,13
0,10,26,7,12,301,OH,BUF,13
15,10,26,7,15,144,OH,PVD,13
0,10,26,7,7,740,OH,ORD,13
35,10,26,7,8,106,OH,BDL,13
0,10,26,7,9,766,OH,BNA,13
0,10,26,7,8,187,OH,BOS,13
0,10,26,7,9,187,OH,BOS,13
0,10,26,7,22,187,OH,BOS,13
0,10,27,1,13,426,OH,RDU,14
-5,10,27,1,13,187,OH,BOS,14
36,10,27,1,19,1391,OH,DFW,14
0,10,27,1,8,425,OH,CLE,14
0,10,27,1,20,508,OH,DTW,14
0,10,27,1,21,760,OH,ATL,14
-5,10,27,1,14,288,OH,RIC,14
75,10,27,1,17,94,OH,PHL,14
0,10,27,1,15,274,OH,PWM,14
0,10,27,1,16,426,OH,RDU,14
40,10,27,1,11,892,OH,STL,14
0,10,27,1,17,1522,OH,AUS,14
10,10,27,1,13,1028,OH,MSP,14
25,10,27,1,20,1028,OH,MSP,14
0,10,27,1,19,425,OH,CLE,14
0,10,27,1,18,892,OH,STL,14
-1,10,27,1,9,740,OH,ORD,14
-3,10,27,1,9,184,OH,BWI,14
25,10,27,1,8,589,OH,CVG,14
-10,10,27,1,14,301,OH,BUF,14
0,10,27,1,12,382,OH,BGR,14
0,10,27,1,15,340,OH,PIT,14
10,10,27,1,8,1005,OH,TPA,14
0,10,27,1,21,301,OH,BUF,14
0,10,27,1,22,144,OH,PVD,14
0,10,27,1,16,740,OH,ORD,14
0,10,27,1,13,589,OH,CVG,14
-10,10,27,1,19,382,OH,BGR,14
-6,10,27,1,16,483,OH,CMH,14
65,10,27,1,8,426,OH,RDU,14
0,10,27,1,12,187,OH,BOS,14
16,10,27,1,19,766,OH,BNA,14
-10,10,27,1,21,589,OH,CVG,14
0,10,27,1,14,264,OH,ROC,14
0,10,27,1,12,213,OH,DCA,14
24,10,27,1,18,213,OH,DCA,14
-5,10,27,1,12,425,OH,CLE,14
0,10,27,1,16,508,OH,DTW,14
0,10,27,1,12,301,OH,BUF,14
0,10,27,1,15,144,OH,PVD,14
-4,10,27,1,7,740,OH,ORD,14
0,10,27,1,8,106,OH,BDL,14
0,10,27,1,9,766,OH,BNA,14
0,10,27,1,8,187,OH,BOS,14
0,10,27,1,9,187,OH,BOS,14
18,10,27,1,19,187,OH,BOS,14
0,10,27,1,22,187,OH,BOS,14
0,10,28,2,13,426,OH,RDU,14
0,10,28,2,12,187,OH,BOS,14
19,10,28,2,19,1391,OH,DFW,14
-5,10,28,2,8,425,OH,CLE,14
55,10,28,2,20,508,OH,DTW,14
54,10,28,2,21,760,OH,ATL,14
-5,10,28,2,14,288,OH,RIC,14
225,10,28,2,17,94,OH,PHL,14
15,10,28,2,15,274,OH,PWM,14
0,10,28,2,16,426,OH,RDU,14
0,10,28,2,17,1522,OH,AUS,14
35,10,28,2,13,1028,OH,MSP,14
60,10,28,2,20,1028,OH,MSP,14
0,10,28,2,19,425,OH,CLE,14
52,10,28,2,18,892,OH,STL,14
45,10,28,2,9,740,OH,ORD,14
9,10,28,2,8,589,OH,CVG,14
-5,10,28,2,14,301,OH,BUF,14
0,10,28,2,12,382,OH,BGR,14
0,10,28,2,15,340,OH,PIT,14
-5,10,28,2,8,1005,OH,TPA,14
65,10,28,2,21,301,OH,BUF,14
-5,10,28,2,22,144,OH,PVD,14
0,10,28,2,16,740,OH,ORD,14
-5,10,28,2,13,589,OH,CVG,14
-5,10,28,2,19,382,OH,BGR,14
85,10,28,2,16,483,OH,CMH,14
0,10,28,2,8,426,OH,RDU,14
0,10,28,2,19,766,OH,BNA,14
-9,10,28,2,21,589,OH,CVG,14
-10,10,28,2,12,213,OH,DCA,14
0,10,28,2,18,213,OH,DCA,14
-10,10,28,2,12,425,OH,CLE,14
100,10,28,2,16,508,OH,DTW,14
0,10,28,2,12,301,OH,BUF,14
0,10,28,2,15,144,OH,PVD,14
-4,10,28,2,7,740,OH,ORD,14
-10,10,28,2,8,106,OH,BDL,14
48,10,28,2,9,766,OH,BNA,14
-5,10,28,2,8,187,OH,BOS,14
45,10,28,2,9,187,OH,BOS,14
125,10,28,2,19,187,OH,BOS,14
-5,10,28,2,22,187,OH,BOS,14
0,10,29,3,13,426,OH,RDU,13
0,10,29,3,13,187,OH,BOS,13
6,10,29,3,19,1391,OH,DFW,13
0,10,29,3,8,425,OH,CLE,13
-10,10,29,3,20,508,OH,DTW,13
0,10,29,3,21,760,OH,ATL,13
0,10,29,3,14,288,OH,RIC,13
0,10,29,3,17,94,OH,PHL,13
45,10,29,3,15,274,OH,PWM,13
0,10,29,3,16,426,OH,RDU,13
-5,10,29,3,11,892,OH,STL,13
15,10,29,3,17,1522,OH,AUS,13
-10,10,29,3,13,1028,OH,MSP,13
0,10,29,3,20,1028,OH,MSP,13
0,10,29,3,19,425,OH,CLE,13
15,10,29,3,18,892,OH,STL,13
-10,10,29,3,9,740,OH,ORD,13
-10,10,29,3,9,184,OH,BWI,13
-1,10,29,3,8,589,OH,CVG,13
0,10,29,3,14,301,OH,BUF,13
-10,10,29,3,12,382,OH,BGR,13
29,10,29,3,15,340,OH,PIT,13
-2,10,29,3,8,1005,OH,TPA,13
-5,10,29,3,21,301,OH,BUF,13
-10,10,29,3,22,144,OH,PVD,13
-5,10,29,3,16,740,OH,ORD,13
-5,10,29,3,13,589,OH,CVG,13
-10,10,29,3,19,382,OH,BGR,13
-8,10,29,3,16,483,OH,CMH,13
0,10,29,3,8,426,OH,RDU,13
-3,10,29,3,12,187,OH,BOS,13
36,10,29,3,19,766,OH,BNA,13
0,10,29,3,21,589,OH,CVG,13
-3,10,29,3,14,264,OH,ROC,13
-5,10,29,3,12,213,OH,DCA,13
0,10,29,3,18,213,OH,DCA,13
0,10,29,3,12,425,OH,CLE,13
15,10,29,3,16,508,OH,DTW,13
-10,10,29,3,12,301,OH,BUF,13
-5,10,29,3,15,144,OH,PVD,13
76,10,29,3,7,740,OH,ORD,13
5,10,29,3,8,106,OH,BDL,13
-7,10,29,3,9,766,OH,BNA,13
0,10,29,3,8,187,OH,BOS,13
-5,10,29,3,9,187,OH,BOS,13
19,10,29,3,19,187,OH,BOS,13
-10,10,29,3,22,187,OH,BOS,13
-5,10,30,4,13,426,OH,RDU,12
0,10,30,4,13,187,OH,BOS,12
75,10,30,4,19,1391,OH,DFW,12
0,10,30,4,8,425,OH,CLE,12
0,10,30,4,20,508,OH,DTW,12
0,10,30,4,21,760,OH,ATL,12
-10,10,30,4,14,288,OH,RIC,12
0,10,30,4,17,94,OH,PHL,12
-5,10,30,4,15,274,OH,PWM,12
-5,10,30,4,16,426,OH,RDU,12
-10,10,30,4,11,892,OH,STL,12
-5,10,30,4,17,1522,OH,AUS,12
-5,10,30,4,13,1028,OH,MSP,12
15,10,30,4,20,1028,OH,MSP,12
-4,10,30,4,19,425,OH,CLE,12
-7,10,30,4,18,892,OH,STL,12
-5,10,30,4,9,740,OH,ORD,12
-5,10,30,4,9,184,OH,BWI,12
0,10,30,4,8,589,OH,CVG,12
-5,10,30,4,14,301,OH,BUF,12
-8,10,30,4,12,382,OH,BGR,12
0,10,30,4,15,340,OH,PIT,12
-5,10,30,4,8,1005,OH,TPA,12
65,10,30,4,21,301,OH,BUF,12
0,10,30,4,22,144,OH,PVD,12
29,10,30,4,16,740,OH,ORD,12
7,10,30,4,13,589,OH,CVG,12
0,10,30,4,19,382,OH,BGR,12
0,10,30,4,16,483,OH,CMH,12
0,10,30,4,8,426,OH,RDU,12
0,10,30,4,12,187,OH,BOS,12
-10,10,30,4,20,766,OH,BNA,12
-4,10,30,4,21,589,OH,CVG,12
-10,10,30,4,14,264,OH,ROC,12
-10,10,30,4,12,213,OH,DCA,12
0,10,30,4,18,213,OH,DCA,12
-5,10,30,4,12,425,OH,CLE,12
0,10,30,4,16,508,OH,DTW,12
-5,10,30,4,12,301,OH,BUF,12
0,10,30,4,15,144,OH,PVD,12
0,10,30,4,7,740,OH,ORD,12
0,10,30,4,8,106,OH,BDL,12
-7,10,30,4,9,766,OH,BNA,12
0,10,30,4,8,187,OH,BOS,12
0,10,30,4,9,187,OH,BOS,12
25,10,30,4,19,187,OH,BOS,12
-5,10,30,4,22,187,OH,BOS,12
0,10,31,5,13,426,OH,RDU,11
0,10,31,5,13,187,OH,BOS,11
16,10,31,5,19,1391,OH,DFW,11
5,10,31,5,8,425,OH,CLE,11
-25,10,31,5,20,508,OH,DTW,11
5,10,31,5,14,288,OH,RIC,11
-5,10,31,5,17,94,OH,PHL,11
-5,10,31,5,15,274,OH,PWM,11
-3,10,31,5,16,426,OH,RDU,11
-10,10,31,5,11,892,OH,STL,11
-7,10,31,5,13,1028,OH,MSP,11
20,10,31,5,20,1028,OH,MSP,11
-5,10,31,5,19,425,OH,CLE,11
35,10,31,5,18,892,OH,STL,11
0,10,31,5,9,740,OH,ORD,11
-5,10,31,5,9,184,OH,BWI,11
-5,10,31,5,8,589,OH,CVG,11
-5,10,31,5,14,301,OH,BUF,11
-10,10,31,5,12,382,OH,BGR,11
15,10,31,5,15,340,OH,PIT,11
0,10,31,5,8,1005,OH,TPA,11
0,10,31,5,21,301,OH,BUF,11
-10,10,31,5,22,144,OH,PVD,11
35,10,31,5,16,740,OH,ORD,11
0,10,31,5,13,589,OH,CVG,11
-5,10,31,5,19,382,OH,BGR,11
-10,10,31,5,16,483,OH,CMH,11
0,10,31,5,8,426,OH,RDU,11
0,10,31,5,12,187,OH,BOS,11
0,10,31,5,19,766,OH,BNA,11
-4,10,31,5,21,589,OH,CVG,11
-5,10,31,5,14,264,OH,ROC,11
-2,10,31,5,12,213,OH,DCA,11
0,10,31,5,18,213,OH,DCA,11
-8,10,31,5,12,425,OH,CLE,11
0,10,31,5,16,508,OH,DTW,11
0,10,31,5,12,301,OH,BUF,11
20,10,31,5,15,144,OH,PVD,11
0,10,31,5,7,740,OH,ORD,11
-5,10,31,5,8,106,OH,BDL,11
0,10,31,5,9,766,OH,BNA,11
0,10,31,5,8,187,OH,BOS,11
0,10,31,5,9,187,OH,BOS,11
0,10,31,5,19,187,OH,BOS,11
-10,10,31,5,22,187,OH,BOS,11
-5,10,31,5,20,213,OH,DCA,11
-2,10,1,3,6,2586,UA,SFO,12
-7,10,2,4,6,2586,UA,SFO,11
5,10,3,5,6,2586,UA,SFO,10
24,10,4,6,6,2586,UA,SFO,9
-6,10,5,7,6,2586,UA,SFO,8
4,10,6,1,6,2586,UA,SFO,7
-2,10,7,2,6,2586,UA,SFO,6
-6,10,8,3,6,2586,UA,SFO,5
-1,10,9,4,6,2586,UA,SFO,4
125,10,10,5,6,2586,UA,SFO,3
-4,10,11,6,6,2586,UA,SFO,2
-3,10,12,7,6,2586,UA,SFO,1
-5,10,13,1,6,2586,UA,SFO,0
-8,10,14,2,6,2586,UA,SFO,1
-7,10,15,3,6,2586,UA,SFO,2
-3,10,16,4,6,2586,UA,SFO,3
-3,10,17,5,6,2586,UA,SFO,4
-4,10,18,6,6,2586,UA,SFO,5
-2,10,19,7,6,2586,UA,SFO,6
-1,10,20,1,6,2586,UA,SFO,7
-2,10,21,2,6,2586,UA,SFO,8
-4,10,22,3,6,2586,UA,SFO,9
-2,10,23,4,6,2586,UA,SFO,10
0,10,24,5,6,2586,UA,SFO,11
-2,10,25,6,6,2586,UA,SFO,12
0,10,26,7,6,2586,UA,SFO,13
-4,10,27,1,6,2586,UA,SFO,14
-2,10,28,2,6,2586,UA,SFO,14
-2,10,29,3,6,2586,UA,SFO,13
121,10,30,4,6,2586,UA,SFO,12
-3,10,31,5,6,2586,UA,SFO,11
0,10,1,3,11,2586,UA,SFO,12
-4,10,2,4,11,2586,UA,SFO,11
-5,10,3,5,11,2586,UA,SFO,10
-5,10,4,6,11,2586,UA,SFO,9
-8,10,5,7,11,2586,UA,SFO,8
-5,10,6,1,11,2586,UA,SFO,7
-4,10,7,2,11,2586,UA,SFO,6
-5,10,8,3,11,2586,UA,SFO,5
-7,10,9,4,11,2586,UA,SFO,4
-6,10,10,5,11,2586,UA,SFO,3
14,10,11,6,11,2586,UA,SFO,2
-7,10,12,7,11,2586,UA,SFO,1
1,10,13,1,11,2586,UA,SFO,0
-4,10,14,2,11,2586,UA,SFO,1
-4,10,15,3,11,2586,UA,SFO,2
-2,10,16,4,11,2586,UA,SFO,3
0,10,17,5,11,2586,UA,SFO,4
-3,10,18,6,11,2586,UA,SFO,5
-5,10,19,7,11,2586,UA,SFO,6
32,10,20,1,11,2586,UA,SFO,7
2,10,21,2,11,2586,UA,SFO,8
-6,10,22,3,11,2586,UA,SFO,9
0,10,23,4,11,2586,UA,SFO,10
-5,10,24,5,11,2586,UA,SFO,11
10,10,25,6,11,2586,UA,SFO,12
4,10,26,7,11,2586,UA,SFO,13
-12,10,27,1,11,2586,UA,SFO,14
12,10,28,2,11,2586,UA,SFO,14
0,10,29,3,11,2586,UA,SFO,13
-4,10,30,4,11,2586,UA,SFO,12
-8,10,31,5,11,2586,UA,SFO,11
0,10,1,3,15,2586,UA,SFO,12
1,10,2,4,15,2586,UA,SFO,11
-2,10,3,5,15,2586,UA,SFO,10
-3,10,4,6,15,2586,UA,SFO,9
17,10,5,7,15,2586,UA,SFO,8
-3,10,6,1,15,2586,UA,SFO,7
0,10,7,2,15,2586,UA,SFO,6
-4,10,8,3,15,2586,UA,SFO,5
-3,10,9,4,15,2586,UA,SFO,4
-4,10,10,5,15,2586,UA,SFO,3
3,10,11,6,15,2586,UA,SFO,2
-3,10,12,7,15,2586,UA,SFO,1
-4,10,13,1,15,2586,UA,SFO,0
89,10,14,2,15,2586,UA,SFO,1
-2,10,15,3,15,2586,UA,SFO,2
2,10,16,4,15,2586,UA,SFO,3
-7,10,17,5,15,2586,UA,SFO,4
13,10,18,6,15,2586,UA,SFO,5
15,10,19,7,15,2586,UA,SFO,6
36,10,20,1,15,2586,UA,SFO,7
-2,10,21,2,15,2586,UA,SFO,8
-4,10,22,3,15,2586,UA,SFO,9
-6,10,23,4,15,2586,UA,SFO,10
-5,10,24,5,15,2586,UA,SFO,11
-2,10,25,6,15,2586,UA,SFO,12
-3,10,26,7,15,2586,UA,SFO,13
0,10,27,1,15,2586,UA,SFO,14
3,10,28,2,15,2586,UA,SFO,14
-1,10,29,3,15,2586,UA,SFO,13
0,10,30,4,15,2586,UA,SFO,12
-2,10,31,5,15,2586,UA,SFO,11
-4,10,1,3,17,2586,UA,SFO,12
-3,10,2,4,17,2586,UA,SFO,11
18,10,3,5,17,2586,UA,SFO,10
-5,10,4,6,17,2586,UA,SFO,9
0,10,5,7,17,2586,UA,SFO,8
-5,10,6,1,17,2586,UA,SFO,7
0,10,7,2,17,2586,UA,SFO,6
3,10,8,3,17,2586,UA,SFO,5
-3,10,9,4,17,2586,UA,SFO,4
2,10,10,5,17,2586,UA,SFO,3
-3,10,11,6,17,2586,UA,SFO,2
3,10,12,7,17,2586,UA,SFO,1
1,10,13,1,17,2586,UA,SFO,0
34,10,14,2,17,2586,UA,SFO,1
-3,10,15,3,17,2586,UA,SFO,2
-6,10,16,4,17,2586,UA,SFO,3
1,10,17,5,17,2586,UA,SFO,4
10,10,18,6,17,2586,UA,SFO,5
11,10,19,7,17,2586,UA,SFO,6
-1,10,20,1,17,2586,UA,SFO,7
0,10,21,2,17,2586,UA,SFO,8
-4,10,22,3,17,2586,UA,SFO,9
-2,10,23,4,17,2586,UA,SFO,10
-2,10,24,5,17,2586,UA,SFO,11
-12,10,25,6,17,2586,UA,SFO,12
-2,10,26,7,17,2586,UA,SFO,13
-2,10,27,1,17,2586,UA,SFO,14
-4,10,28,2,17,2586,UA,SFO,14
-2,10,29,3,17,2586,UA,SFO,13
0,10,30,4,17,2586,UA,SFO,12
3,10,31,5,17,2586,UA,SFO,11
17,10,1,3,20,2586,UA,SFO,12
29,10,2,4,20,2586,UA,SFO,11
9,10,3,5,20,2586,UA,SFO,10
-4,10,5,7,20,2586,UA,SFO,8
-4,10,6,1,20,2586,UA,SFO,7
0,10,7,2,20,2586,UA,SFO,6
0,10,8,3,20,2586,UA,SFO,5
-1,10,9,4,20,2586,UA,SFO,4
33,10,10,5,20,2586,UA,SFO,3
-9,10,12,7,20,2586,UA,SFO,1
-4,10,13,1,20,2586,UA,SFO,0
35,10,14,2,20,2586,UA,SFO,1
-4,10,15,3,20,2586,UA,SFO,2
-6,10,16,4,20,2586,UA,SFO,3
0,10,17,5,20,2586,UA,SFO,4
57,10,19,7,20,2586,UA,SFO,6
16,10,20,1,20,2586,UA,SFO,7
1,10,21,2,20,2586,UA,SFO,8
-2,10,22,3,20,2586,UA,SFO,9
-1,10,23,4,20,2586,UA,SFO,10
0,10,24,5,20,2586,UA,SFO,11
0,10,26,7,20,2586,UA,SFO,13
-5,10,27,1,20,2586,UA,SFO,14
-4,10,28,2,20,2586,UA,SFO,14
-2,10,29,3,20,2586,UA,SFO,13
11,10,30,4,20,2586,UA,SFO,12
11,10,31,5,20,2586,UA,SFO,11
0,10,1,3,6,2475,UA,LAX,12
-5,10,2,4,6,2475,UA,LAX,11
-4,10,3,5,6,2475,UA,LAX,10
2,10,4,6,6,2475,UA,LAX,9
-5,10,5,7,6,2475,UA,LAX,8
-7,10,6,1,6,2475,UA,LAX,7
-6,10,7,2,6,2475,UA,LAX,6
0,10,8,3,6,2475,UA,LAX,5
-1,10,9,4,6,2475,UA,LAX,4
-9,10,10,5,6,2475,UA,LAX,3
-4,10,11,6,6,2475,UA,LAX,2
6,10,12,7,6,2475,UA,LAX,1
-5,10,13,1,6,2475,UA,LAX,0
-3,10,14,2,6,2475,UA,LAX,1
-2,10,15,3,6,2475,UA,LAX,2
-2,10,16,4,6,2475,UA,LAX,3
0,10,17,5,6,2475,UA,LAX,4
-1,10,18,6,6,2475,UA,LAX,5
-2,10,19,7,6,2475,UA,LAX,6
-2,10,20,1,6,2475,UA,LAX,7
-3,10,21,2,6,2475,UA,LAX,8
3,10,22,3,6,2475,UA,LAX,9
1,10,23,4,6,2475,UA,LAX,10
0,10,24,5,6,2475,UA,LAX,11
3,10,25,6,6,2475,UA,LAX,12
-1,10,26,7,6,2475,UA,LAX,13
-5,10,27,1,6,2475,UA,LAX,14
-6,10,28,2,6,2475,UA,LAX,14
-1,10,29,3,6,2475,UA,LAX,13
-4,10,30,4,6,2475,UA,LAX,12
-4,10,31,5,6,2475,UA,LAX,11
10,10,1,3,8,2475,UA,LAX,12
-2,10,2,4,8,2475,UA,LAX,11
-5,10,3,5,8,2475,UA,LAX,10
0,10,4,6,8,2475,UA,LAX,9
39,10,5,7,8,2475,UA,LAX,8
-8,10,6,1,8,2475,UA,LAX,7
-7,10,7,2,8,2475,UA,LAX,6
-1,10,8,3,8,2475,UA,LAX,5
18,10,9,4,8,2475,UA,LAX,4
1,10,10,5,8,2475,UA,LAX,3
-7,10,11,6,8,2475,UA,LAX,2
5,10,12,7,8,2475,UA,LAX,1
-2,10,13,1,8,2475,UA,LAX,0
1,10,14,2,8,2475,UA,LAX,1
-7,10,15,3,8,2475,UA,LAX,2
2,10,16,4,8,2475,UA,LAX,3
-5,10,17,5,8,2475,UA,LAX,4
-9,10,18,6,8,2475,UA,LAX,5
1,10,19,7,8,2475,UA,LAX,6
-2,10,20,1,8,2475,UA,LAX,7
-4,10,21,2,8,2475,UA,LAX,8
-3,10,22,3,8,2475,UA,LAX,9
-5,10,23,4,8,2475,UA,LAX,10
-5,10,24,5,8,2475,UA,LAX,11
1,10,25,6,8,2475,UA,LAX,12
0,10,26,7,8,2475,UA,LAX,13
1,10,27,1,8,2475,UA,LAX,14
0,10,28,2,8,2475,UA,LAX,14
1,10,29,3,8,2475,UA,LAX,13
14,10,30,4,8,2475,UA,LAX,12
-7,10,31,5,8,2475,UA,LAX,11
0,10,1,3,15,2475,UA,LAX,12
-2,10,2,4,15,2475,UA,LAX,11
40,10,3,5,15,2475,UA,LAX,10
-5,10,4,6,15,2475,UA,LAX,9
-1,10,5,7,15,2475,UA,LAX,8
-1,10,6,1,15,2475,UA,LAX,7
-4,10,7,2,15,2475,UA,LAX,6
-6,10,8,3,15,2475,UA,LAX,5
-5,10,9,4,15,2475,UA,LAX,4
-6,10,10,5,15,2475,UA,LAX,3
-1,10,11,6,15,2475,UA,LAX,2
-2,10,12,7,15,2475,UA,LAX,1
13,10,13,1,15,2475,UA,LAX,0
1,10,14,2,15,2475,UA,LAX,1
-6,10,15,3,15,2475,UA,LAX,2
-8,10,16,4,15,2475,UA,LAX,3
0,10,17,5,15,2475,UA,LAX,4
85,10,18,6,15,2475,UA,LAX,5
90,10,19,7,15,2475,UA,LAX,6
-3,10,20,1,15,2475,UA,LAX,7
-2,10,21,2,15,2475,UA,LAX,8
1,10,22,3,15,2475,UA,LAX,9
-2,10,23,4,15,2475,UA,LAX,10
-6,10,24,5,15,2475,UA,LAX,11
127,10,25,6,15,2475,UA,LAX,12
-6,10,26,7,15,2475,UA,LAX,13
10,10,27,1,15,2475,UA,LAX,14
14,10,28,2,15,2475,UA,LAX,14
-3,10,29,3,15,2475,UA,LAX,13
0,10,30,4,15,2475,UA,LAX,12
-1,10,31,5,15,2475,UA,LAX,11
63,10,1,3,18,2475,UA,LAX,12
-3,10,2,4,18,2475,UA,LAX,11
-9,10,3,5,18,2475,UA,LAX,10
-2,10,5,7,18,2475,UA,LAX,8
-2,10,6,1,18,2475,UA,LAX,7
-4,10,7,2,18,2475,UA,LAX,6
18,10,8,3,18,2475,UA,LAX,5
-2,10,9,4,18,2475,UA,LAX,4
12,10,10,5,18,2475,UA,LAX,3
2,10,12,7,18,2475,UA,LAX,1
-5,10,13,1,18,2475,UA,LAX,0
-6,10,14,2,18,2475,UA,LAX,1
-2,10,15,3,18,2475,UA,LAX,2
-1,10,16,4,18,2475,UA,LAX,3
0,10,17,5,18,2475,UA,LAX,4
43,10,19,7,18,2475,UA,LAX,6
1,10,20,1,18,2475,UA,LAX,7
-5,10,21,2,18,2475,UA,LAX,8
6,10,22,3,18,2475,UA,LAX,9
-3,10,23,4,18,2475,UA,LAX,10
6,10,24,5,18,2475,UA,LAX,11
132,10,26,7,18,2475,UA,LAX,13
96,10,27,1,18,2475,UA,LAX,14
40,10,28,2,18,2475,UA,LAX,14
12,10,29,3,18,2475,UA,LAX,13
-3,10,30,4,18,2475,UA,LAX,12
19,10,31,5,18,2475,UA,LAX,11
-10,10,1,3,11,2475,UA,LAX,12
-7,10,2,4,11,2475,UA,LAX,11
-2,10,3,5,11,2475,UA,LAX,10
0,10,4,6,11,2475,UA,LAX,9
-4,10,5,7,11,2475,UA,LAX,8
-5,10,6,1,11,2475,UA,LAX,7
-1,10,7,2,11,2475,UA,LAX,6
-5,10,8,3,11,2475,UA,LAX,5
-2,10,9,4,11,2475,UA,LAX,4
-8,10,10,5,11,2475,UA,LAX,3
9,10,11,6,11,2475,UA,LAX,2
-4,10,12,7,11,2475,UA,LAX,1
-11,10,13,1,11,2475,UA,LAX,0
-3,10,14,2,11,2475,UA,LAX,1
0,10,15,3,11,2475,UA,LAX,2
-1,10,16,4,11,2475,UA,LAX,3
-3,10,17,5,11,2475,UA,LAX,4
-4,10,18,6,11,2475,UA,LAX,5
13,10,19,7,11,2475,UA,LAX,6
57,10,20,1,11,2475,UA,LAX,7
-3,10,21,2,11,2475,UA,LAX,8
-2,10,22,3,11,2475,UA,LAX,9
-2,10,23,4,11,2475,UA,LAX,10
-7,10,24,5,11,2475,UA,LAX,11
-4,10,25,6,11,2475,UA,LAX,12
-5,10,26,7,11,2475,UA,LAX,13
-4,10,27,1,11,2475,UA,LAX,14
8,10,28,2,11,2475,UA,LAX,14
10,10,29,3,11,2475,UA,LAX,13
-2,10,30,4,11,2475,UA,LAX,12
-4,10,31,5,11,2475,UA,LAX,11
-1,10,1,3,7,2586,UA,SFO,12
-6,10,2,4,7,2586,UA,SFO,11
-11,10,3,5,7,2586,UA,SFO,10
0,10,4,6,7,2586,UA,SFO,9
-7,10,5,7,7,2586,UA,SFO,8
-2,10,6,1,7,2586,UA,SFO,7
0,10,7,2,7,2586,UA,SFO,6
-3,10,8,3,7,2586,UA,SFO,5
-1,10,9,4,7,2586,UA,SFO,4
0,10,10,5,7,2586,UA,SFO,3
-7,10,11,6,7,2586,UA,SFO,2
-6,10,12,7,7,2586,UA,SFO,1
-3,10,13,1,7,2586,UA,SFO,0
-3,10,14,2,7,2586,UA,SFO,1
-6,10,15,3,7,2586,UA,SFO,2
-1,10,16,4,7,2586,UA,SFO,3
0,10,17,5,7,2586,UA,SFO,4
-7,10,18,6,7,2586,UA,SFO,5
-2,10,19,7,7,2586,UA,SFO,6
79,10,20,1,7,2586,UA,SFO,7
-2,10,21,2,7,2586,UA,SFO,8
-1,10,22,3,7,2586,UA,SFO,9
0,10,23,4,7,2586,UA,SFO,10
3,10,24,5,7,2586,UA,SFO,11
-3,10,26,7,7,2586,UA,SFO,13
-2,10,27,1,7,2586,UA,SFO,14
-6,10,28,2,7,2586,UA,SFO,14
23,10,29,3,7,2586,UA,SFO,13
-6,10,30,4,7,2586,UA,SFO,12
7,10,31,5,7,2586,UA,SFO,11
-8,10,1,3,17,2475,UA,LAX,12
-5,10,2,4,17,2475,UA,LAX,11
3,10,3,5,17,2475,UA,LAX,10
-6,10,4,6,17,2475,UA,LAX,9
-2,10,5,7,17,2475,UA,LAX,8
2,10,6,1,17,2475,UA,LAX,7
-1,10,7,2,17,2475,UA,LAX,6
-6,10,8,3,17,2475,UA,LAX,5
-13,10,9,4,17,2475,UA,LAX,4
-5,10,10,5,17,2475,UA,LAX,3
-5,10,11,6,17,2475,UA,LAX,2
-3,10,12,7,17,2475,UA,LAX,1
-8,10,13,1,17,2475,UA,LAX,0
-7,10,14,2,17,2475,UA,LAX,1
-5,10,15,3,17,2475,UA,LAX,2
-7,10,16,4,17,2475,UA,LAX,3
-4,10,17,5,17,2475,UA,LAX,4
31,10,18,6,17,2475,UA,LAX,5
39,10,19,7,17,2475,UA,LAX,6
-8,10,20,1,17,2475,UA,LAX,7
-3,10,21,2,17,2475,UA,LAX,8
-5,10,22,3,17,2475,UA,LAX,9
0,10,23,4,17,2475,UA,LAX,10
-4,10,24,5,17,2475,UA,LAX,11
198,10,25,6,17,2475,UA,LAX,12
0,10,26,7,17,2475,UA,LAX,13
-3,10,27,1,17,2475,UA,LAX,14
-1,10,28,2,17,2475,UA,LAX,14
-3,10,29,3,17,2475,UA,LAX,13
2,10,30,4,17,2475,UA,LAX,12
4,10,31,5,17,2475,UA,LAX,11
-2,10,1,3,8,2586,UA,SFO,12
-5,10,2,4,8,2586,UA,SFO,11
0,10,3,5,8,2586,UA,SFO,10
5,10,4,6,8,2586,UA,SFO,9
0,10,5,7,8,2586,UA,SFO,8
3,10,6,1,8,2586,UA,SFO,7
-4,10,7,2,8,2586,UA,SFO,6
-1,10,8,3,8,2586,UA,SFO,5
8,10,9,4,8,2586,UA,SFO,4
0,10,10,5,8,2586,UA,SFO,3
-7,10,11,6,8,2586,UA,SFO,2
-2,10,12,7,8,2586,UA,SFO,1
-3,10,13,1,8,2586,UA,SFO,0
-5,10,14,2,8,2586,UA,SFO,1
-2,10,15,3,8,2586,UA,SFO,2
-3,10,16,4,8,2586,UA,SFO,3
-3,10,17,5,8,2586,UA,SFO,4
15,10,18,6,8,2586,UA,SFO,5
-1,10,19,7,8,2586,UA,SFO,6
-4,10,20,1,8,2586,UA,SFO,7
-2,10,21,2,8,2586,UA,SFO,8
17,10,22,3,8,2586,UA,SFO,9
1,10,23,4,8,2586,UA,SFO,10
13,10,24,5,8,2586,UA,SFO,11
89,10,25,6,8,2586,UA,SFO,12
1,10,26,7,8,2586,UA,SFO,13
-1,10,27,1,8,2586,UA,SFO,14
17,10,28,2,8,2586,UA,SFO,14
64,10,29,3,8,2586,UA,SFO,13
-4,10,30,4,8,2586,UA,SFO,12
1,10,31,5,8,2586,UA,SFO,11
-6,10,25,6,7,2586,UA,SFO,12
19,10,1,3,17,2248,US,LAS,12
18,10,1,3,7,2248,US,LAS,12
-5,10,1,3,6,2153,US,PHX,12
-2,10,1,3,15,2153,US,PHX,12
-4,10,1,3,9,2153,US,PHX,12
-5,10,2,4,17,2248,US,LAS,11
-4,10,2,4,7,2248,US,LAS,11
-3,10,2,4,6,2153,US,PHX,11
0,10,2,4,15,2153,US,PHX,11
-1,10,2,4,9,2153,US,PHX,11
-8,10,3,5,17,2248,US,LAS,10
-3,10,3,5,7,2248,US,LAS,10
-5,10,3,5,6,2153,US,PHX,10
0,10,3,5,15,2153,US,PHX,10
2,10,3,5,9,2153,US,PHX,10
-5,10,4,6,17,2248,US,LAS,9
-1,10,4,6,7,2248,US,LAS,9
0,10,4,6,6,2153,US,PHX,9
7,10,4,6,9,2153,US,PHX,9
-5,10,5,7,17,2248,US,LAS,8
0,10,5,7,7,2248,US,LAS,8
0,10,5,7,6,2153,US,PHX,8
11,10,5,7,15,2153,US,PHX,8
0,10,5,7,9,2153,US,PHX,8
-7,10,6,1,17,2248,US,LAS,7
-2,10,6,1,7,2248,US,LAS,7
-8,10,6,1,6,2153,US,PHX,7
-6,10,6,1,15,2153,US,PHX,7
-5,10,6,1,9,2153,US,PHX,7
5,10,7,2,17,2248,US,LAS,6
-7,10,7,2,7,2248,US,LAS,6
-5,10,7,2,6,2153,US,PHX,6
-1,10,7,2,15,2153,US,PHX,6
3,10,7,2,9,2153,US,PHX,6
34,10,8,3,17,2248,US,LAS,5
-2,10,8,3,6,2153,US,PHX,5
-5,10,8,3,15,2153,US,PHX,5
3,10,8,3,9,2153,US,PHX,5
-1,10,9,4,17,2248,US,LAS,4
-1,10,9,4,7,2248,US,LAS,4
2,10,9,4,6,2153,US,PHX,4
175,10,9,4,15,2153,US,PHX,4
-5,10,9,4,9,2153,US,PHX,4
0,10,10,5,17,2248,US,LAS,3
-2,10,10,5,7,2248,US,LAS,3
1,10,10,5,6,2153,US,PHX,3
0,10,10,5,15,2153,US,PHX,3
-4,10,10,5,9,2153,US,PHX,3
-3,10,11,6,17,2248,US,LAS,2
-1,10,11,6,7,2248,US,LAS,2
2,10,11,6,6,2153,US,PHX,2
1,10,11,6,9,2153,US,PHX,2
1,10,12,7,17,2248,US,LAS,1
-2,10,12,7,7,2248,US,LAS,1
5,10,12,7,6,2153,US,PHX,1
0,10,12,7,15,2153,US,PHX,1
-1,10,12,7,9,2153,US,PHX,1
-4,10,13,1,17,2248,US,LAS,0
-3,10,13,1,7,2248,US,LAS,0
10,10,13,1,6,2153,US,PHX,0
2,10,13,1,15,2153,US,PHX,0
21,10,13,1,9,2153,US,PHX,0
-3,10,14,2,17,2248,US,LAS,1
-4,10,14,2,7,2248,US,LAS,1
-3,10,14,2,6,2153,US,PHX,1
-6,10,14,2,15,2153,US,PHX,1
-2,10,14,2,9,2153,US,PHX,1
-1,10,15,3,17,2248,US,LAS,2
17,10,15,3,6,2153,US,PHX,2
-10,10,15,3,15,2153,US,PHX,2
-6,10,15,3,9,2153,US,PHX,2
-3,10,16,4,17,2248,US,LAS,3
18,10,16,4,7,2248,US,LAS,3
-8,10,16,4,6,2153,US,PHX,3
-3,10,16,4,15,2153,US,PHX,3
-1,10,16,4,9,2153,US,PHX,3
13,10,17,5,17,2248,US,LAS,4
-5,10,17,5,7,2248,US,LAS,4
-4,10,17,5,6,2153,US,PHX,4
-3,10,17,5,15,2153,US,PHX,4
-4,10,17,5,9,2153,US,PHX,4
33,10,18,6,17,2248,US,LAS,5
-2,10,18,6,7,2248,US,LAS,5
5,10,18,6,6,2153,US,PHX,5
-1,10,18,6,9,2153,US,PHX,5
81,10,19,7,17,2248,US,LAS,6
-5,10,19,7,7,2248,US,LAS,6
-1,10,19,7,15,2153,US,PHX,6
-3,10,19,7,9,2153,US,PHX,6
11,10,19,7,6,2153,US,PHX,6
-5,10,20,1,17,2248,US,LAS,7
11,10,20,1,7,2248,US,LAS,7
7,10,20,1,6,2153,US,PHX,7
3,10,20,1,15,2153,US,PHX,7
2,10,20,1,9,2153,US,PHX,7
-1,10,21,2,17,2248,US,LAS,8
-7,10,21,2,7,2248,US,LAS,8
-2,10,21,2,6,2153,US,PHX,8
-1,10,21,2,15,2153,US,PHX,8
-1,10,21,2,9,2153,US,PHX,8
15,10,22,3,17,2248,US,LAS,9
-9,10,22,3,6,2153,US,PHX,9
5,10,22,3,15,2153,US,PHX,9
2,10,22,3,9,2153,US,PHX,9
-4,10,23,4,17,2248,US,LAS,10
-4,10,23,4,7,2248,US,LAS,10
-3,10,23,4,6,2153,US,PHX,10
-5,10,23,4,15,2153,US,PHX,10
-3,10,23,4,9,2153,US,PHX,10
25,10,24,5,17,2248,US,LAS,11
-3,10,24,5,7,2248,US,LAS,11
1,10,24,5,6,2153,US,PHX,11
0,10,24,5,15,2153,US,PHX,11
-1,10,24,5,9,2153,US,PHX,11
324,10,25,6,17,2248,US,LAS,12
-1,10,25,6,7,2248,US,LAS,12
-1,10,25,6,6,2153,US,PHX,12
-2,10,25,6,9,2153,US,PHX,12
-2,10,26,7,17,2248,US,LAS,13
64,10,26,7,7,2248,US,LAS,13
3,10,26,7,15,2153,US,PHX,13
119,10,26,7,9,2153,US,PHX,13
-2,10,26,7,6,2153,US,PHX,13
13,10,27,1,17,2248,US,LAS,14
1,10,27,1,7,2248,US,LAS,14
-1,10,27,1,6,2153,US,PHX,14
-1,10,27,1,15,2153,US,PHX,14
12,10,27,1,9,2153,US,PHX,14
0,10,28,2,17,2248,US,LAS,14
-8,10,28,2,7,2248,US,LAS,14
0,10,28,2,6,2153,US,PHX,14
0,10,28,2,15,2153,US,PHX,14
-8,10,28,2,9,2153,US,PHX,14
34,10,29,3,17,2248,US,LAS,13
-6,10,29,3,6,2153,US,PHX,13
23,10,29,3,15,2153,US,PHX,13
-2,10,29,3,9,2153,US,PHX,13
-4,10,30,4,17,2248,US,LAS,12
-1,10,30,4,7,2248,US,LAS,12
-3,10,30,4,6,2153,US,PHX,12
-4,10,30,4,15,2153,US,PHX,12
-4,10,30,4,9,2153,US,PHX,12
11,10,31,5,17,2248,US,LAS,11
-5,10,31,5,7,2248,US,LAS,11
-8,10,31,5,6,2153,US,PHX,11
-2,10,31,5,15,2153,US,PHX,11
-2,10,31,5,9,2153,US,PHX,11
4,10,15,3,7,1989,DL,SLC,2
-3,10,15,3,9,1989,DL,SLC,2
-12,10,15,3,19,1989,DL,SLC,2
-3,10,16,4,12,944,DL,MCO,3
-3,10,16,4,20,2475,DL,LAX,3
6,10,16,4,8,760,DL,ATL,3
-3,10,16,4,19,1005,DL,TPA,3
20,10,16,4,16,187,DL,BOS,3
5,10,16,4,19,2586,DL,SFO,3
-3,10,16,4,16,2475,DL,LAX,3
-2,10,16,4,17,2248,DL,LAS,3
-4,10,16,4,16,2421,DL,SEA,3
-4,10,16,4,16,1989,DL,SLC,3
-3,10,16,4,19,1069,DL,FLL,3
-6,10,16,4,16,2446,DL,SAN,3
-7,10,16,4,16,944,DL,MCO,3
12,10,16,4,18,2475,DL,LAX,3
0,10,16,4,16,2586,DL,SFO,3
0,10,16,4,17,589,DL,CVG,3
0,10,16,4,19,760,DL,ATL,3
23,10,16,4,13,2475,DL,LAX,3
9,10,16,4,18,1626,DL,DEN,3
0,10,16,4,19,2454,DL,PDX,3
-4,10,16,4,8,2475,DL,LAX,3
-6,10,16,4,16,760,DL,ATL,3
-1,10,16,4,12,760,DL,ATL,3
-3,10,16,4,6,760,DL,ATL,3
-5,10,16,4,8,1597,DL,SJU,3
-5,10,16,4,7,2475,DL,LAX,3
-1,10,16,4,11,2475,DL,LAX,3
-2,10,16,4,8,2586,DL,SFO,3
29,10,16,4,9,2248,DL,LAS,3
48,10,16,4,21,2248,DL,LAS,3
-4,10,16,4,8,2421,DL,SEA,3
-3,10,16,4,19,2421,DL,SEA,3
-2,10,16,4,16,2153,DL,PHX,3
2,10,16,4,8,1069,DL,FLL,3
-1,10,16,4,10,1069,DL,FLL,3
-3,10,16,4,14,1069,DL,FLL,3
-4,10,16,4,8,944,DL,MCO,3
8,10,16,4,20,944,DL,MCO,3
-6,10,16,4,8,1090,DL,MIA,3
-6,10,16,4,10,1090,DL,MIA,3
-3,10,16,4,19,1090,DL,MIA,3
-4,10,16,4,12,1005,DL,TPA,3
-2,10,16,4,7,1989,DL,SLC,3
-3,10,16,4,9,1989,DL,SLC,3
52,10,16,4,19,1989,DL,SLC,3
2,10,17,5,12,944,DL,MCO,4
12,10,17,5,20,2475,DL,LAX,4
-2,10,17,5,8,760,DL,ATL,4
-4,10,17,5,19,1005,DL,TPA,4
-5,10,17,5,16,187,DL,BOS,4
7,10,17,5,19,2586,DL,SFO,4
-2,10,17,5,16,2475,DL,LAX,4
-3,10,17,5,17,2248,DL,LAS,4
-3,10,17,5,16,2421,DL,SEA,4
9,10,17,5,16,1989,DL,SLC,4
22,10,17,5,19,1069,DL,FLL,4
-2,10,17,5,16,2446,DL,SAN,4
-5,10,17,5,8,2248,DL,LAS,4
20,10,17,5,16,944,DL,MCO,4
-2,10,17,5,18,2475,DL,LAX,4
1,10,17,5,16,2586,DL,SFO,4
9,10,17,5,17,589,DL,CVG,4
9,10,17,5,19,760,DL,ATL,4
-2,10,17,5,13,2475,DL,LAX,4
-5,10,17,5,18,1626,DL,DEN,4
-4,10,17,5,19,2454,DL,PDX,4
-2,10,17,5,8,2475,DL,LAX,4
1,10,17,5,16,760,DL,ATL,4
5,10,17,5,12,760,DL,ATL,4
-2,10,17,5,6,760,DL,ATL,4
-1,10,17,5,8,1597,DL,SJU,4
-4,10,17,5,7,2475,DL,LAX,4
0,10,17,5,11,2475,DL,LAX,4
-5,10,17,5,8,2586,DL,SFO,4
-5,10,17,5,8,2248,DL,LAS,4
11,10,17,5,9,2248,DL,LAS,4
9,10,17,5,21,2248,DL,LAS,4
-4,10,17,5,8,2421,DL,SEA,4
-2,10,17,5,19,2421,DL,SEA,4
-3,10,17,5,16,2153,DL,PHX,4
-3,10,17,5,10,1069,DL,FLL,4
-2,10,17,5,14,1069,DL,FLL,4
2,10,17,5,8,944,DL,MCO,4
41,10,17,5,20,944,DL,MCO,4
-2,10,17,5,8,1090,DL,MIA,4
-5,10,17,5,10,1090,DL,MIA,4
1,10,17,5,12,1005,DL,TPA,4
-3,10,17,5,7,1989,DL,SLC,4
-4,10,17,5,9,1989,DL,SLC,4
-5,10,17,5,19,1989,DL,SLC,4
37,10,18,6,12,944,DL,MCO,5
8,10,18,6,20,2475,DL,LAX,5
26,10,18,6,8,760,DL,ATL,5
-2,10,18,6,19,1005,DL,TPA,5
-1,10,18,6,16,187,DL,BOS,5
3,10,18,6,19,2586,DL,SFO,5
3,10,18,6,16,2475,DL,LAX,5
9,10,18,6,17,2248,DL,LAS,5
18,10,18,6,16,2421,DL,SEA,5
50,10,18,6,15,1989,DL,SLC,5
-7,10,18,6,19,1069,DL,FLL,5
-3,10,18,6,16,2446,DL,SAN,5
-4,10,18,6,8,2248,DL,LAS,5
-1,10,18,6,16,944,DL,MCO,5
29,10,18,6,18,2475,DL,LAX,5
-1,10,18,6,16,2586,DL,SFO,5
45,10,18,6,17,589,DL,CVG,5
-1,10,18,6,19,760,DL,ATL,5
-5,10,18,6,13,2475,DL,LAX,5
1,10,18,6,18,1626,DL,DEN,5
0,10,18,6,19,2454,DL,PDX,5
64,10,18,6,8,2475,DL,LAX,5
20,10,18,6,16,760,DL,ATL,5
0,10,18,6,12,760,DL,ATL,5
0,10,18,6,6,760,DL,ATL,5
-7,10,18,6,8,1597,DL,SJU,5
-1,10,18,6,8,2586,DL,SFO,5
4,10,18,6,8,2421,DL,SEA,5
0,10,18,6,16,2153,DL,PHX,5
-6,10,18,6,8,1069,DL,FLL,5
-5,10,18,6,14,1069,DL,FLL,5
-2,10,18,6,8,944,DL,MCO,5
14,10,18,6,20,944,DL,MCO,5
-5,10,18,6,8,1090,DL,MIA,5
-1,10,18,6,10,1090,DL,MIA,5
-7,10,18,6,19,1090,DL,MIA,5
-3,10,18,6,12,1005,DL,TPA,5
-2,10,18,6,7,1989,DL,SLC,5
-4,10,18,6,9,1989,DL,SLC,5
-10,10,18,6,19,1989,DL,SLC,5
-5,10,19,7,12,944,DL,MCO,6
-5,10,19,7,20,2475,DL,LAX,6
17,10,19,7,8,760,DL,ATL,6
2,10,19,7,19,1005,DL,TPA,6
21,10,19,7,16,187,DL,BOS,6
8,10,19,7,19,2586,DL,SFO,6
12,10,19,7,16,2475,DL,LAX,6
-4,10,19,7,17,2248,DL,LAS,6
-1,10,19,7,16,2421,DL,SEA,6
0,10,19,7,16,1989,DL,SLC,6
21,10,19,7,19,1069,DL,FLL,6
-3,10,19,7,16,2446,DL,SAN,6
-5,10,19,7,16,944,DL,MCO,6
0,10,19,7,18,2475,DL,LAX,6
48,10,19,7,16,2586,DL,SFO,6
30,10,19,7,17,589,DL,CVG,6
1,10,19,7,19,760,DL,ATL,6
-3,10,19,7,13,2475,DL,LAX,6
0,10,19,7,18,1626,DL,DEN,6
-1,10,19,7,19,2454,DL,PDX,6
8,10,19,7,8,2475,DL,LAX,6
-1,10,19,7,16,760,DL,ATL,6
-2,10,19,7,12,760,DL,ATL,6
0,10,19,7,6,760,DL,ATL,6
1,10,19,7,8,1597,DL,SJU,6
4,10,19,7,11,2475,DL,LAX,6
-10,10,19,7,8,2586,DL,SFO,6
-4,10,19,7,9,2248,DL,LAS,6
-4,10,19,7,21,2248,DL,LAS,6
-2,10,19,7,8,2421,DL,SEA,6
-4,10,19,7,19,2421,DL,SEA,6
-2,10,19,7,16,2153,DL,PHX,6
-3,10,19,7,8,1069,DL,FLL,6
6,10,19,7,10,1069,DL,FLL,6
-4,10,19,7,14,1069,DL,FLL,6
-4,10,19,7,8,944,DL,MCO,6
0,10,19,7,20,944,DL,MCO,6
-2,10,19,7,8,1090,DL,MIA,6
-4,10,19,7,10,1090,DL,MIA,6
-6,10,19,7,19,1090,DL,MIA,6
-4,10,19,7,7,1989,DL,SLC,6
-5,10,19,7,9,1989,DL,SLC,6
-1,10,19,7,19,1989,DL,SLC,6
-4,10,20,1,12,944,DL,MCO,7
2,10,20,1,20,2475,DL,LAX,7
13,10,20,1,8,760,DL,ATL,7
-4,10,20,1,19,1005,DL,TPA,7
-7,10,20,1,16,187,DL,BOS,7
8,10,20,1,19,2586,DL,SFO,7
3,10,20,1,16,2475,DL,LAX,7
-3,10,20,1,17,2248,DL,LAS,7
-6,10,20,1,16,2421,DL,SEA,7
10,10,20,1,15,1989,DL,SLC,7
1,10,20,1,19,1069,DL,FLL,7
-5,10,20,1,16,2446,DL,SAN,7
-3,10,20,1,8,2248,DL,LAS,7
-2,10,20,1,16,944,DL,MCO,7
-1,10,20,1,18,2475,DL,LAX,7
16,10,20,1,16,2586,DL,SFO,7
-7,10,20,1,17,589,DL,CVG,7
-2,10,20,1,19,760,DL,ATL,7
0,10,20,1,13,2475,DL,LAX,7
-3,10,20,1,18,1626,DL,DEN,7
0,10,20,1,19,2454,DL,PDX,7
-2,10,20,1,8,2475,DL,LAX,7
10,10,20,1,16,760,DL,ATL,7
16,10,20,1,12,760,DL,ATL,7
-5,10,20,1,6,760,DL,ATL,7
-2,10,20,1,7,2475,DL,LAX,7
-5,10,20,1,11,2475,DL,LAX,7
-3,10,20,1,8,2586,DL,SFO,7
-1,10,20,1,8,2248,DL,LAS,7
-4,10,20,1,9,2248,DL,LAS,7
-2,10,20,1,21,2248,DL,LAS,7
-2,10,20,1,8,2421,DL,SEA,7
-4,10,20,1,19,2421,DL,SEA,7
-4,10,20,1,16,2153,DL,PHX,7
-3,10,20,1,8,1069,DL,FLL,7
6,10,20,1,10,1069,DL,FLL,7
-4,10,20,1,14,1069,DL,FLL,7
-4,10,20,1,8,944,DL,MCO,7
-4,10,20,1,20,944,DL,MCO,7
-6,10,20,1,8,1090,DL,MIA,7
-4,10,20,1,10,1090,DL,MIA,7
19,10,20,1,19,1090,DL,MIA,7
-1,10,20,1,12,1005,DL,TPA,7
0,10,20,1,7,1989,DL,SLC,7
-3,10,20,1,9,1989,DL,SLC,7
13,10,20,1,19,1989,DL,SLC,7
0,10,21,2,12,944,DL,MCO,8
-3,10,21,2,20,2475,DL,LAX,8
9,10,21,2,8,760,DL,ATL,8
-4,10,21,2,19,1005,DL,TPA,8
0,10,21,2,16,187,DL,BOS,8
-1,10,21,2,19,2586,DL,SFO,8
-4,10,21,2,16,2475,DL,LAX,8
-4,10,21,2,17,2248,DL,LAS,8
-1,10,21,2,16,2421,DL,SEA,8
-4,10,21,2,15,1989,DL,SLC,8
-6,10,21,2,19,1069,DL,FLL,8
18,10,21,2,16,2446,DL,SAN,8
37,10,21,2,16,944,DL,MCO,8
-3,10,21,2,18,2475,DL,LAX,8
-3,10,21,2,16,2586,DL,SFO,8
-5,10,21,2,17,589,DL,CVG,8
-4,10,21,2,19,760,DL,ATL,8
-3,10,21,2,13,2475,DL,LAX,8
-2,10,21,2,18,1626,DL,DEN,8
-5,10,21,2,19,2454,DL,PDX,8
-6,10,21,2,8,2475,DL,LAX,8
-2,10,21,2,16,760,DL,ATL,8
-3,10,21,2,12,760,DL,ATL,8
-4,10,21,2,6,760,DL,ATL,8
-1,10,21,2,7,2475,DL,LAX,8
-3,10,21,2,11,2475,DL,LAX,8
-4,10,21,2,8,2586,DL,SFO,8
-5,10,21,2,9,2248,DL,LAS,8
-5,10,21,2,8,2421,DL,SEA,8
-8,10,21,2,19,2421,DL,SEA,8
2,10,21,2,16,2153,DL,PHX,8
-4,10,21,2,8,1069,DL,FLL,8
-2,10,21,2,14,1069,DL,FLL,8
-4,10,21,2,8,944,DL,MCO,8
8,10,21,2,20,944,DL,MCO,8
-5,10,21,2,8,1090,DL,MIA,8
-3,10,21,2,10,1090,DL,MIA,8
-4,10,21,2,19,1090,DL,MIA,8
-2,10,21,2,12,1005,DL,TPA,8
-2,10,21,2,7,1989,DL,SLC,8
-3,10,21,2,9,1989,DL,SLC,8
-2,10,21,2,19,1989,DL,SLC,8
10,10,22,3,12,944,DL,MCO,9
20,10,22,3,20,2475,DL,LAX,9
-1,10,22,3,8,760,DL,ATL,9
-3,10,22,3,19,1005,DL,TPA,9
41,10,22,3,16,187,DL,BOS,9
36,10,22,3,19,2586,DL,SFO,9
-2,10,22,3,16,2475,DL,LAX,9
-5,10,22,3,17,2248,DL,LAS,9
-6,10,22,3,16,2421,DL,SEA,9
22,10,22,3,15,1989,DL,SLC,9
1,10,22,3,19,1069,DL,FLL,9
-3,10,22,3,16,2446,DL,SAN,9
-1,10,22,3,8,2248,DL,LAS,9
11,10,22,3,16,944,DL,MCO,9
-2,10,22,3,18,2475,DL,LAX,9
-3,10,22,3,16,2586,DL,SFO,9
-2,10,22,3,17,589,DL,CVG,9
-5,10,22,3,19,760,DL,ATL,9
-4,10,22,3,13,2475,DL,LAX,9
-3,10,22,3,18,1626,DL,DEN,9
-3,10,22,3,19,2454,DL,PDX,9
-6,10,22,3,8,2475,DL,LAX,9
10,10,22,3,16,760,DL,ATL,9
1,10,22,3,12,760,DL,ATL,9
-7,10,22,3,6,760,DL,ATL,9
-4,10,22,3,7,2475,DL,LAX,9
-2,10,22,3,11,2475,DL,LAX,9
-4,10,22,3,8,2586,DL,SFO,9
-4,10,22,3,8,2248,DL,LAS,9
-4,10,22,3,9,2248,DL,LAS,9
1,10,22,3,21,2248,DL,LAS,9
-2,10,22,3,8,2421,DL,SEA,9
-4,10,22,3,19,2421,DL,SEA,9
-1,10,22,3,16,2153,DL,PHX,9
-5,10,22,3,8,1069,DL,FLL,9
-5,10,22,3,14,1069,DL,FLL,9
-5,10,22,3,8,944,DL,MCO,9
38,10,22,3,20,944,DL,MCO,9
-5,10,22,3,8,1090,DL,MIA,9
-4,10,22,3,10,1090,DL,MIA,9
-3,10,22,3,19,1090,DL,MIA,9
-1,10,22,3,12,1005,DL,TPA,9
-3,10,22,3,7,1989,DL,SLC,9
-4,10,22,3,9,1989,DL,SLC,9
12,10,22,3,19,1989,DL,SLC,9
-2,10,23,4,12,944,DL,MCO,10
-4,10,23,4,20,2475,DL,LAX,10
10,10,23,4,8,760,DL,ATL,10
-4,10,23,4,19,1005,DL,TPA,10
4,10,23,4,16,187,DL,BOS,10
0,10,23,4,19,2586,DL,SFO,10
-2,10,23,4,16,2475,DL,LAX,10
335,10,23,4,17,2248,DL,LAS,10
-1,10,23,4,16,2421,DL,SEA,10
-3,10,23,4,16,1989,DL,SLC,10
-2,10,23,4,19,1069,DL,FLL,10
9,10,23,4,16,2446,DL,SAN,10
138,10,23,4,16,944,DL,MCO,10
-2,10,23,4,18,2475,DL,LAX,10
0,10,23,4,16,2586,DL,SFO,10
-6,10,23,4,17,589,DL,CVG,10
-8,10,23,4,19,760,DL,ATL,10
-2,10,23,4,13,2475,DL,LAX,10
-4,10,23,4,18,1626,DL,DEN,10
25,10,23,4,19,2454,DL,PDX,10
-2,10,23,4,8,2475,DL,LAX,10
-4,10,23,4,16,760,DL,ATL,10
21,10,23,4,12,760,DL,ATL,10
-3,10,23,4,6,760,DL,ATL,10
-3,10,23,4,8,1597,DL,SJU,10
-2,10,23,4,7,2475,DL,LAX,10
-3,10,23,4,11,2475,DL,LAX,10
-4,10,23,4,8,2586,DL,SFO,10
-5,10,23,4,9,2248,DL,LAS,10
16,10,23,4,21,2248,DL,LAS,10
0,10,23,4,8,2421,DL,SEA,10
-7,10,23,4,19,2421,DL,SEA,10
-4,10,23,4,16,2153,DL,PHX,10
-1,10,23,4,8,1069,DL,FLL,10
0,10,23,4,10,1069,DL,FLL,10
-2,10,23,4,14,1069,DL,FLL,10
-6,10,23,4,8,944,DL,MCO,10
11,10,23,4,20,944,DL,MCO,10
-5,10,23,4,8,1090,DL,MIA,10
-1,10,23,4,10,1090,DL,MIA,10
40,10,23,4,19,1090,DL,MIA,10
-3,10,23,4,12,1005,DL,TPA,10
-2,10,23,4,7,1989,DL,SLC,10
-4,10,23,4,9,1989,DL,SLC,10
-5,10,23,4,19,1989,DL,SLC,10
1,10,24,5,12,944,DL,MCO,11
-3,10,24,5,20,2475,DL,LAX,11
-4,10,24,5,8,760,DL,ATL,11
11,10,24,5,19,1005,DL,TPA,11
1,10,24,5,16,187,DL,BOS,11
-4,10,24,5,19,2586,DL,SFO,11
-2,10,24,5,16,2475,DL,LAX,11
-6,10,24,5,17,2248,DL,LAS,11
-3,10,24,5,16,2421,DL,SEA,11
5,10,24,5,16,1989,DL,SLC,11
15,10,24,5,19,1069,DL,FLL,11
-1,10,24,5,16,2446,DL,SAN,11
-4,10,24,5,8,2248,DL,LAS,11
5,10,24,5,16,944,DL,MCO,11
-5,10,24,5,18,2475,DL,LAX,11
5,10,24,5,16,2586,DL,SFO,11
24,10,24,5,17,589,DL,CVG,11
38,10,24,5,19,760,DL,ATL,11
1,10,24,5,13,2475,DL,LAX,11
-2,10,24,5,18,1626,DL,DEN,11
20,10,24,5,19,2454,DL,PDX,11
12,10,24,5,8,2475,DL,LAX,11
9,10,24,5,16,760,DL,ATL,11
6,10,24,5,12,760,DL,ATL,11
-4,10,24,5,6,760,DL,ATL,11
-4,10,24,5,8,1597,DL,SJU,11
-4,10,24,5,7,2475,DL,LAX,11
-2,10,24,5,11,2475,DL,LAX,11
-5,10,24,5,8,2586,DL,SFO,11
-3,10,24,5,8,2248,DL,LAS,11
23,10,24,5,9,2248,DL,LAS,11
-3,10,24,5,21,2248,DL,LAS,11
-4,10,24,5,8,2421,DL,SEA,11
-2,10,24,5,19,2421,DL,SEA,11
-3,10,24,5,16,2153,DL,PHX,11
-5,10,24,5,8,1069,DL,FLL,11
10,10,24,5,10,1069,DL,FLL,11
-4,10,24,5,14,1069,DL,FLL,11
-8,10,24,5,8,944,DL,MCO,11
-4,10,24,5,20,944,DL,MCO,11
-5,10,24,5,8,1090,DL,MIA,11
0,10,24,5,19,1090,DL,MIA,11
-4,10,24,5,12,1005,DL,TPA,11
38,10,24,5,7,1989,DL,SLC,11
-1,10,24,5,9,1989,DL,SLC,11
-5,10,24,5,19,1989,DL,SLC,11
16,10,25,6,12,944,DL,MCO,12
115,10,25,6,20,2475,DL,LAX,12
3,10,25,6,8,760,DL,ATL,12
71,10,25,6,16,187,DL,BOS,12
49,10,25,6,19,2586,DL,SFO,12
1,10,25,6,16,2475,DL,LAX,12
0,10,25,6,17,2248,DL,LAS,12
9,10,25,6,16,2421,DL,SEA,12
-5,10,25,6,15,1989,DL,SLC,12
4,10,25,6,19,1069,DL,FLL,12
-5,10,25,6,16,2446,DL,SAN,12
0,10,25,6,18,2475,DL,LAX,12
-5,10,25,6,16,2586,DL,SFO,12
174,10,25,6,17,589,DL,CVG,12
20,10,25,6,19,760,DL,ATL,12
-4,10,25,6,13,2475,DL,LAX,12
23,10,25,6,18,1626,DL,DEN,12
164,10,25,6,19,2454,DL,PDX,12
2,10,25,6,8,2475,DL,LAX,12
14,10,25,6,16,760,DL,ATL,12
-6,10,25,6,6,760,DL,ATL,12
-5,10,25,6,8,1597,DL,SJU,12
-6,10,25,6,8,2586,DL,SFO,12
-5,10,25,6,8,2421,DL,SEA,12
108,10,25,6,16,2153,DL,PHX,12
-4,10,25,6,8,1069,DL,FLL,12
-4,10,25,6,14,1069,DL,FLL,12
-3,10,25,6,8,944,DL,MCO,12
30,10,25,6,16,944,DL,MCO,12
47,10,25,6,20,944,DL,MCO,12
-3,10,25,6,8,1090,DL,MIA,12
-4,10,25,6,10,1090,DL,MIA,12
-3,10,25,6,12,1005,DL,TPA,12
102,10,25,6,19,1005,DL,TPA,12
-5,10,25,6,7,1989,DL,SLC,12
7,10,25,6,9,1989,DL,SLC,12
-4,10,25,6,19,1989,DL,SLC,12
-2,10,26,7,9,760,DL,ATL,13
6,10,26,7,16,187,DL,BOS,13
0,10,26,7,19,2586,DL,SFO,13
96,10,26,7,16,2475,DL,LAX,13
-2,10,26,7,13,2475,DL,LAX,13
1,10,26,7,20,2475,DL,LAX,13
7,10,26,7,19,1069,DL,FLL,13
5,10,26,7,16,2446,DL,SAN,13
-1,10,26,7,18,2475,DL,LAX,13
-3,10,26,7,16,2421,DL,SEA,13
0,10,26,7,17,589,DL,CVG,13
12,10,26,7,19,760,DL,ATL,13
7,10,26,7,18,1626,DL,DEN,13
-5,10,26,7,19,2454,DL,PDX,13
-4,10,26,7,8,2475,DL,LAX,13
0,10,26,7,8,760,DL,ATL,13
-2,10,26,7,16,760,DL,ATL,13
2,10,26,7,15,1989,DL,SLC,13
69,10,26,7,6,760,DL,ATL,13
-2,10,26,7,8,1597,DL,SJU,13
23,10,26,7,11,2475,DL,LAX,13
-5,10,26,7,8,2586,DL,SFO,13
20,10,26,7,16,2586,DL,SFO,13
-2,10,26,7,8,2248,DL,LAS,13
-3,10,26,7,9,2248,DL,LAS,13
-5,10,26,7,17,2248,DL,LAS,13
3,10,26,7,21,2248,DL,LAS,13
-7,10,26,7,8,2421,DL,SEA,13
12,10,26,7,19,2421,DL,SEA,13
5,10,26,7,16,2153,DL,PHX,13
-3,10,26,7,8,1069,DL,FLL,13
-3,10,26,7,10,1069,DL,FLL,13
-2,10,26,7,14,1069,DL,FLL,13
-5,10,26,7,8,944,DL,MCO,13
-4,10,26,7,13,944,DL,MCO,13
0,10,26,7,16,944,DL,MCO,13
-1,10,26,7,20,944,DL,MCO,13
-2,10,26,7,8,1090,DL,MIA,13
0,10,26,7,10,1090,DL,MIA,13
119,10,26,7,19,1090,DL,MIA,13
-5,10,26,7,19,1005,DL,TPA,13
-5,10,26,7,7,1989,DL,SLC,13
-2,10,26,7,9,1989,DL,SLC,13
12,10,26,7,19,1989,DL,SLC,13
6,10,27,1,9,760,DL,ATL,14
1,10,27,1,8,2475,DL,LAX,14
-5,10,27,1,16,187,DL,BOS,14
-2,10,27,1,19,2586,DL,SFO,14
-4,10,27,1,16,2475,DL,LAX,14
-2,10,27,1,13,2475,DL,LAX,14
35,10,27,1,20,2475,DL,LAX,14
-1,10,27,1,19,1069,DL,FLL,14
-1,10,27,1,16,2446,DL,SAN,14
-2,10,27,1,18,2475,DL,LAX,14
-5,10,27,1,16,2421,DL,SEA,14
-10,10,27,1,17,589,DL,CVG,14
-4,10,27,1,19,760,DL,ATL,14
20,10,27,1,18,1626,DL,DEN,14
-5,10,27,1,19,2454,DL,PDX,14
1,10,27,1,8,760,DL,ATL,14
-4,10,27,1,16,760,DL,ATL,14
3,10,27,1,15,1989,DL,SLC,14
-4,10,27,1,6,760,DL,ATL,14
-2,10,27,1,7,2475,DL,LAX,14
0,10,27,1,11,2475,DL,LAX,14
-2,10,27,1,8,2586,DL,SFO,14
1,10,27,1,16,2586,DL,SFO,14
-1,10,27,1,8,2248,DL,LAS,14
-3,10,27,1,9,2248,DL,LAS,14
-8,10,27,1,17,2248,DL,LAS,14
-3,10,27,1,21,2248,DL,LAS,14
-2,10,27,1,8,2421,DL,SEA,14
7,10,27,1,19,2421,DL,SEA,14
256,10,27,1,16,2153,DL,PHX,14
-1,10,27,1,8,1069,DL,FLL,14
-4,10,27,1,10,1069,DL,FLL,14
1,10,27,1,14,1069,DL,FLL,14
-1,10,27,1,8,944,DL,MCO,14
-6,10,27,1,13,944,DL,MCO,14
-1,10,27,1,16,944,DL,MCO,14
-3,10,27,1,20,944,DL,MCO,14
-4,10,27,1,8,1090,DL,MIA,14
-5,10,27,1,10,1090,DL,MIA,14
7,10,27,1,19,1090,DL,MIA,14
-4,10,27,1,12,1005,DL,TPA,14
0,10,27,1,19,1005,DL,TPA,14
-3,10,27,1,7,1989,DL,SLC,14
-3,10,27,1,9,1989,DL,SLC,14
-5,10,27,1,19,1989,DL,SLC,14
0,10,28,2,9,760,DL,ATL,14
-1,10,28,2,8,2475,DL,LAX,14
58,10,28,2,16,187,DL,BOS,14
-1,10,28,2,19,2586,DL,SFO,14
6,10,28,2,16,2475,DL,LAX,14
-4,10,28,2,13,2475,DL,LAX,14
45,10,28,2,20,2475,DL,LAX,14
-2,10,28,2,19,1069,DL,FLL,14
4,10,28,2,16,2446,DL,SAN,14
32,10,28,2,18,2475,DL,LAX,14
21,10,28,2,16,2421,DL,SEA,14
64,10,28,2,17,589,DL,CVG,14
-5,10,28,2,19,760,DL,ATL,14
3,10,28,2,18,1626,DL,DEN,14
-6,10,28,2,19,2454,DL,PDX,14
-5,10,28,2,8,760,DL,ATL,14
8,10,28,2,16,760,DL,ATL,14
26,10,28,2,15,1989,DL,SLC,14
-2,10,28,2,6,760,DL,ATL,14
-2,10,28,2,7,2475,DL,LAX,14
-4,10,28,2,11,2475,DL,LAX,14
-5,10,28,2,8,2586,DL,SFO,14
-4,10,28,2,16,2586,DL,SFO,14
-4,10,28,2,8,2248,DL,LAS,14
-3,10,28,2,9,2248,DL,LAS,14
-5,10,28,2,17,2248,DL,LAS,14
0,10,28,2,8,2421,DL,SEA,14
-6,10,28,2,19,2421,DL,SEA,14
1,10,28,2,16,2153,DL,PHX,14
-5,10,28,2,8,1069,DL,FLL,14
-2,10,28,2,14,1069,DL,FLL,14
-5,10,28,2,8,944,DL,MCO,14
-1,10,28,2,12,944,DL,MCO,14
-2,10,28,2,16,944,DL,MCO,14
33,10,28,2,20,944,DL,MCO,14
-1,10,28,2,8,1090,DL,MIA,14
-2,10,28,2,19,1090,DL,MIA,14
-3,10,28,2,12,1005,DL,TPA,14
-1,10,28,2,19,1005,DL,TPA,14
-5,10,28,2,7,1989,DL,SLC,14
-5,10,28,2,9,1989,DL,SLC,14
262,10,28,2,19,1989,DL,SLC,14
-2,10,29,3,9,760,DL,ATL,13
-5,10,29,3,8,2475,DL,LAX,13
-5,10,29,3,16,187,DL,BOS,13
30,10,29,3,19,2586,DL,SFO,13
-1,10,29,3,16,2475,DL,LAX,13
-2,10,29,3,13,2475,DL,LAX,13
24,10,29,3,20,2475,DL,LAX,13
44,10,29,3,19,1069,DL,FLL,13
-5,10,29,3,16,2446,DL,SAN,13
-3,10,29,3,18,2475,DL,LAX,13
-5,10,29,3,16,2421,DL,SEA,13
-8,10,29,3,17,589,DL,CVG,13
-1,10,29,3,19,760,DL,ATL,13
-8,10,29,3,18,1626,DL,DEN,13
5,10,29,3,19,2454,DL,PDX,13
3,10,29,3,8,760,DL,ATL,13
0,10,29,3,16,760,DL,ATL,13
3,10,29,3,15,1989,DL,SLC,13
-5,10,29,3,6,760,DL,ATL,13
-5,10,29,3,7,2475,DL,LAX,13
-1,10,29,3,11,2475,DL,LAX,13
-3,10,29,3,8,2586,DL,SFO,13
-3,10,29,3,16,2586,DL,SFO,13
-3,10,29,3,8,2248,DL,LAS,13
-3,10,29,3,9,2248,DL,LAS,13
-8,10,29,3,17,2248,DL,LAS,13
-2,10,29,3,21,2248,DL,LAS,13
-5,10,29,3,8,2421,DL,SEA,13
-5,10,29,3,19,2421,DL,SEA,13
-6,10,29,3,16,2153,DL,PHX,13
-4,10,29,3,8,1069,DL,FLL,13
-6,10,29,3,14,1069,DL,FLL,13
-1,10,29,3,8,944,DL,MCO,13
-3,10,29,3,13,944,DL,MCO,13
20,10,29,3,16,944,DL,MCO,13
6,10,29,3,20,944,DL,MCO,13
-1,10,29,3,10,1090,DL,MIA,13
-2,10,29,3,19,1090,DL,MIA,13
0,10,29,3,12,1005,DL,TPA,13
49,10,29,3,19,1005,DL,TPA,13
-5,10,29,3,7,1989,DL,SLC,13
-5,10,29,3,9,1989,DL,SLC,13
-5,10,29,3,19,1989,DL,SLC,13
-4,10,30,4,9,760,DL,ATL,12
-6,10,30,4,8,2475,DL,LAX,12
-3,10,30,4,16,187,DL,BOS,12
36,10,30,4,19,2586,DL,SFO,12
-5,10,30,4,16,2475,DL,LAX,12
-1,10,30,4,13,2475,DL,LAX,12
10,10,30,4,20,2475,DL,LAX,12
-2,10,30,4,19,1069,DL,FLL,12
14,10,30,4,16,2446,DL,SAN,12
3,10,30,4,18,2475,DL,LAX,12
-4,10,30,4,16,2421,DL,SEA,12
-8,10,30,4,17,589,DL,CVG,12
10,10,30,4,19,760,DL,ATL,12
-2,10,30,4,18,1626,DL,DEN,12
-2,10,30,4,19,2454,DL,PDX,12
10,10,30,4,8,760,DL,ATL,12
0,10,30,4,16,760,DL,ATL,12
0,10,30,4,15,1989,DL,SLC,12
11,10,30,4,6,760,DL,ATL,12
-2,10,30,4,8,1597,DL,SJU,12
-3,10,30,4,7,2475,DL,LAX,12
-1,10,30,4,11,2475,DL,LAX,12
0,10,30,4,8,2586,DL,SFO,12
4,10,30,4,16,2586,DL,SFO,12
-5,10,30,4,8,2248,DL,LAS,12
-1,10,30,4,9,2248,DL,LAS,12
263,10,30,4,17,2248,DL,LAS,12
1,10,30,4,21,2248,DL,LAS,12
-5,10,30,4,8,2421,DL,SEA,12
-1,10,30,4,19,2421,DL,SEA,12
-5,10,30,4,16,2153,DL,PHX,12
-2,10,30,4,8,1069,DL,FLL,12
6,10,30,4,10,1069,DL,FLL,12
12,10,30,4,14,1069,DL,FLL,12
0,10,30,4,8,944,DL,MCO,12
0,10,30,4,13,944,DL,MCO,12
177,10,30,4,16,944,DL,MCO,12
54,10,30,4,20,944,DL,MCO,12
-4,10,30,4,8,1090,DL,MIA,12
-3,10,30,4,10,1090,DL,MIA,12
-2,10,30,4,19,1090,DL,MIA,12
-3,10,30,4,12,1005,DL,TPA,12
200,10,30,4,19,1005,DL,TPA,12
-3,10,30,4,7,1989,DL,SLC,12
-5,10,30,4,9,1989,DL,SLC,12
-5,10,30,4,19,1989,DL,SLC,12
3,10,31,5,9,760,DL,ATL,11
-3,10,31,5,8,2475,DL,LAX,11
-3,10,31,5,16,187,DL,BOS,11
0,10,31,5,19,2586,DL,SFO,11
-1,10,31,5,16,2475,DL,LAX,11
-5,10,31,5,13,2475,DL,LAX,11
-4,10,31,5,20,2475,DL,LAX,11
44,10,31,5,19,1069,DL,FLL,11
1,10,31,5,16,2446,DL,SAN,11
-5,10,31,5,16,2421,DL,SEA,11
-6,10,31,5,17,589,DL,CVG,11
75,10,31,5,19,760,DL,ATL,11
-5,10,31,5,18,1626,DL,DEN,11
47,10,31,5,19,2454,DL,PDX,11
5,10,31,5,8,760,DL,ATL,11
-1,10,31,5,16,760,DL,ATL,11
-5,10,31,5,15,1989,DL,SLC,11
-2,10,31,5,6,760,DL,ATL,11
-4,10,31,5,8,1597,DL,SJU,11
-2,10,31,5,7,2475,DL,LAX,11
-3,10,31,5,11,2475,DL,LAX,11
-2,10,31,5,8,2586,DL,SFO,11
55,10,31,5,16,2586,DL,SFO,11
-2,10,31,5,8,2248,DL,LAS,11
-1,10,31,5,9,2248,DL,LAS,11
0,10,31,5,17,2248,DL,LAS,11
15,10,31,5,21,2248,DL,LAS,11
-2,10,31,5,8,2421,DL,SEA,11
18,10,31,5,19,2421,DL,SEA,11
-4,10,31,5,16,2153,DL,PHX,11
-5,10,31,5,8,1069,DL,FLL,11
-1,10,31,5,10,1069,DL,FLL,11
-2,10,31,5,14,1069,DL,FLL,11
-3,10,31,5,8,944,DL,MCO,11
-5,10,31,5,13,944,DL,MCO,11
-3,10,31,5,16,944,DL,MCO,11
3,10,31,5,20,944,DL,MCO,11
-5,10,31,5,8,1090,DL,MIA,11
-3,10,31,5,10,1090,DL,MIA,11
-5,10,31,5,19,1090,DL,MIA,11
-3,10,31,5,12,1005,DL,TPA,11
-5,10,31,5,19,1005,DL,TPA,11
-3,10,31,5,7,1989,DL,SLC,11
-2,10,31,5,9,1989,DL,SLC,11
-7,10,31,5,19,1989,DL,SLC,11
-2,10,1,3,15,184,MQ,BWI,12
-7,10,2,4,15,184,MQ,BWI,11
-6,10,3,5,15,184,MQ,BWI,10
-1,10,4,6,15,184,MQ,BWI,9
11,10,5,7,15,184,MQ,BWI,8
22,10,6,1,15,184,MQ,BWI,7
-8,10,7,2,15,184,MQ,BWI,6
-10,10,8,3,15,184,MQ,BWI,5
-2,10,9,4,15,184,MQ,BWI,4
9,10,10,5,15,184,MQ,BWI,3
0,10,11,6,15,184,MQ,BWI,2
17,10,12,7,15,184,MQ,BWI,1
-4,10,13,1,15,184,MQ,BWI,0
-11,10,14,2,15,184,MQ,BWI,1
-5,10,15,3,15,184,MQ,BWI,2
0,10,16,4,15,184,MQ,BWI,3
-9,10,17,5,15,184,MQ,BWI,4
-2,10,18,6,15,184,MQ,BWI,5
-5,10,19,7,15,184,MQ,BWI,6
-8,10,20,1,15,184,MQ,BWI,7
125,10,21,2,15,184,MQ,BWI,8
-5,10,22,3,15,184,MQ,BWI,9
-6,10,23,4,15,184,MQ,BWI,10
-9,10,24,5,15,184,MQ,BWI,11
109,10,25,6,15,184,MQ,BWI,12
-2,10,26,7,15,184,MQ,BWI,13
-4,10,27,1,15,184,MQ,BWI,14
-8,10,28,2,15,184,MQ,BWI,14
-11,10,29,3,15,184,MQ,BWI,13
-10,10,30,4,15,184,MQ,BWI,12
-4,10,31,5,15,184,MQ,BWI,11
-6,10,1,3,15,340,MQ,PIT,12
-7,10,2,4,15,340,MQ,PIT,11
-1,10,3,5,15,340,MQ,PIT,10
-5,10,4,6,15,340,MQ,PIT,9
76,10,5,7,15,340,MQ,PIT,8
1,10,6,1,15,340,MQ,PIT,7
-5,10,7,2,15,340,MQ,PIT,6
-7,10,8,3,15,340,MQ,PIT,5
0,10,9,4,15,340,MQ,PIT,4
2,10,10,5,15,340,MQ,PIT,3
25,10,11,6,15,340,MQ,PIT,2
-4,10,12,7,15,340,MQ,PIT,1
17,10,13,1,15,340,MQ,PIT,0
-10,10,14,2,15,340,MQ,PIT,1
-7,10,15,3,15,340,MQ,PIT,2
-5,10,16,4,15,340,MQ,PIT,3
-7,10,17,5,15,340,MQ,PIT,4
-3,10,18,6,15,340,MQ,PIT,5
2,10,19,7,15,340,MQ,PIT,6
-2,10,20,1,15,340,MQ,PIT,7
-5,10,21,2,15,340,MQ,PIT,8
-2,10,22,3,15,340,MQ,PIT,9
7,10,23,4,15,340,MQ,PIT,10
-4,10,24,5,15,340,MQ,PIT,11
184,10,25,6,15,340,MQ,PIT,12
0,10,26,7,15,340,MQ,PIT,13
0,10,27,1,15,340,MQ,PIT,14
-6,10,28,2,15,340,MQ,PIT,14
5,10,29,3,15,340,MQ,PIT,13
39,10,30,4,15,340,MQ,PIT,12
0,10,31,5,15,340,MQ,PIT,11
-5,10,1,3,17,425,MQ,CLE,12
-9,10,2,4,17,425,MQ,CLE,11
-8,10,3,5,17,425,MQ,CLE,10
-2,10,4,6,17,425,MQ,CLE,9
42,10,5,7,17,425,MQ,CLE,8
-5,10,6,1,17,425,MQ,CLE,7
-6,10,7,2,17,425,MQ,CLE,6
0,10,8,3,17,425,MQ,CLE,5
-1,10,9,4,17,425,MQ,CLE,4
-5,10,10,5,17,425,MQ,CLE,3
-9,10,11,6,17,425,MQ,CLE,2
0,10,12,7,17,425,MQ,CLE,1
-7,10,13,1,17,425,MQ,CLE,0
-6,10,14,2,17,425,MQ,CLE,1
-3,10,15,3,17,425,MQ,CLE,2
-5,10,16,4,17,425,MQ,CLE,3
-3,10,17,5,17,425,MQ,CLE,4
14,10,18,6,17,425,MQ,CLE,5
-5,10,19,7,17,425,MQ,CLE,6
1,10,20,1,17,425,MQ,CLE,7
-2,10,21,2,17,425,MQ,CLE,8
28,10,22,3,17,425,MQ,CLE,9
-3,10,23,4,17,425,MQ,CLE,10
-5,10,24,5,17,425,MQ,CLE,11
7,10,26,7,17,425,MQ,CLE,13
-5,10,27,1,17,425,MQ,CLE,14
43,10,28,2,17,425,MQ,CLE,14
-1,10,29,3,17,425,MQ,CLE,13
-7,10,30,4,17,425,MQ,CLE,12
6,10,31,5,17,425,MQ,CLE,11
-3,10,1,3,22,187,MQ,BOS,12
-7,10,2,4,22,187,MQ,BOS,11
-4,10,3,5,22,187,MQ,BOS,10
-10,10,4,6,22,187,MQ,BOS,9
-6,10,5,7,22,187,MQ,BOS,8
-5,10,6,1,22,187,MQ,BOS,7
-7,10,7,2,22,187,MQ,BOS,6
-10,10,8,3,22,187,MQ,BOS,5
-7,10,9,4,22,187,MQ,BOS,4
-10,10,10,5,22,187,MQ,BOS,3
-9,10,11,6,22,187,MQ,BOS,2
-7,10,12,7,22,187,MQ,BOS,1
-7,10,13,1,22,187,MQ,BOS,0
-4,10,14,2,22,187,MQ,BOS,1
-5,10,15,3,22,187,MQ,BOS,2
-8,10,16,4,22,187,MQ,BOS,3
-17,10,17,5,22,187,MQ,BOS,4
-14,10,18,6,22,187,MQ,BOS,5
-11,10,19,7,22,187,MQ,BOS,6
-10,10,20,1,22,187,MQ,BOS,7
-11,10,21,2,22,187,MQ,BOS,8
-7,10,22,3,22,187,MQ,BOS,9
-4,10,23,4,22,187,MQ,BOS,10
-10,10,24,5,22,187,MQ,BOS,11
-1,10,26,7,22,187,MQ,BOS,13
-3,10,27,1,22,187,MQ,BOS,14
-6,10,28,2,22,187,MQ,BOS,14
-6,10,29,3,22,187,MQ,BOS,13
-12,10,30,4,22,187,MQ,BOS,12
-7,10,31,5,22,187,MQ,BOS,11
-7,10,1,3,8,187,MQ,BOS,12
-7,10,2,4,8,187,MQ,BOS,11
-7,10,3,5,8,187,MQ,BOS,10
-3,10,4,6,8,187,MQ,BOS,9
-9,10,5,7,8,187,MQ,BOS,8
-6,10,6,1,8,187,MQ,BOS,7
-4,10,7,2,8,187,MQ,BOS,6
-2,10,8,3,8,187,MQ,BOS,5
-6,10,9,4,8,187,MQ,BOS,4
-7,10,10,5,8,187,MQ,BOS,3
-7,10,11,6,8,187,MQ,BOS,2
-7,10,12,7,8,187,MQ,BOS,1
-2,10,13,1,8,187,MQ,BOS,0
-4,10,14,2,8,187,MQ,BOS,1
0,10,15,3,8,187,MQ,BOS,2
-6,10,16,4,8,187,MQ,BOS,3
-9,10,17,5,8,187,MQ,BOS,4
-5,10,18,6,8,187,MQ,BOS,5
-7,10,19,7,8,187,MQ,BOS,6
20,10,20,1,8,187,MQ,BOS,7
-10,10,21,2,8,187,MQ,BOS,8
-4,10,22,3,8,187,MQ,BOS,9
-1,10,23,4,8,187,MQ,BOS,10
47,10,24,5,8,187,MQ,BOS,11
-5,10,25,6,8,187,MQ,BOS,12
-4,10,27,1,8,187,MQ,BOS,14
-5,10,29,3,8,187,MQ,BOS,13
-9,10,30,4,8,187,MQ,BOS,12
-2,10,31,5,8,187,MQ,BOS,11
168,10,1,3,20,187,MQ,BOS,12
1,10,2,4,20,187,MQ,BOS,11
-5,10,3,5,20,187,MQ,BOS,10
21,10,4,6,20,187,MQ,BOS,9
55,10,5,7,20,187,MQ,BOS,8
-5,10,6,1,20,187,MQ,BOS,7
-7,10,7,2,20,187,MQ,BOS,6
40,10,8,3,20,187,MQ,BOS,5
43,10,9,4,20,187,MQ,BOS,4
2,10,10,5,20,187,MQ,BOS,3
-10,10,11,6,20,187,MQ,BOS,2
21,10,12,7,20,187,MQ,BOS,1
-6,10,13,1,20,187,MQ,BOS,0
-8,10,14,2,20,187,MQ,BOS,1
-3,10,15,3,20,187,MQ,BOS,2
74,10,16,4,20,187,MQ,BOS,3
8,10,17,5,20,187,MQ,BOS,4
-10,10,18,6,20,187,MQ,BOS,5
9,10,19,7,20,187,MQ,BOS,6
-8,10,20,1,20,187,MQ,BOS,7
-7,10,21,2,20,187,MQ,BOS,8
21,10,22,3,20,187,MQ,BOS,9
0,10,23,4,20,187,MQ,BOS,10
11,10,24,5,20,187,MQ,BOS,11
12,10,26,7,20,187,MQ,BOS,13
-3,10,27,1,20,187,MQ,BOS,14
-4,10,29,3,20,187,MQ,BOS,13
18,10,30,4,20,187,MQ,BOS,12
-3,10,31,5,20,187,MQ,BOS,11
-3,10,1,3,14,187,MQ,BOS,12
-2,10,2,4,14,187,MQ,BOS,11
-4,10,3,5,14,187,MQ,BOS,10
-2,10,4,6,14,187,MQ,BOS,9
18,10,5,7,14,187,MQ,BOS,8
-11,10,6,1,14,187,MQ,BOS,7
-6,10,7,2,14,187,MQ,BOS,6
-5,10,8,3,14,187,MQ,BOS,5
32,10,9,4,14,187,MQ,BOS,4
5,10,10,5,14,187,MQ,BOS,3
-5,10,11,6,14,187,MQ,BOS,2
-7,10,12,7,14,187,MQ,BOS,1
-8,10,13,1,14,187,MQ,BOS,0
19,10,14,2,14,187,MQ,BOS,1
0,10,15,3,14,187,MQ,BOS,2
-3,10,16,4,14,187,MQ,BOS,3
3,10,17,5,14,187,MQ,BOS,4
-1,10,18,6,14,187,MQ,BOS,5
-6,10,19,7,14,187,MQ,BOS,6
-7,10,20,1,14,187,MQ,BOS,7
-8,10,21,2,14,187,MQ,BOS,8
-4,10,22,3,14,187,MQ,BOS,9
-5,10,23,4,14,187,MQ,BOS,10
-5,10,24,5,14,187,MQ,BOS,11
11,10,25,6,14,187,MQ,BOS,12
0,10,26,7,14,187,MQ,BOS,13
-6,10,27,1,14,187,MQ,BOS,14
15,10,28,2,14,187,MQ,BOS,14
-5,10,29,3,14,187,MQ,BOS,13
16,10,30,4,14,187,MQ,BOS,12
-2,10,31,5,14,187,MQ,BOS,11
-1,10,1,3,11,187,MQ,BOS,12
-5,10,2,4,11,187,MQ,BOS,11
-12,10,3,5,11,187,MQ,BOS,10
-9,10,4,6,10,187,MQ,BOS,9
-9,10,5,7,10,187,MQ,BOS,8
-5,10,6,1,11,187,MQ,BOS,7
-11,10,7,2,11,187,MQ,BOS,6
-3,10,8,3,11,187,MQ,BOS,5
-7,10,9,4,11,187,MQ,BOS,4
-4,10,10,5,11,187,MQ,BOS,3
-5,10,11,6,10,187,MQ,BOS,2
-10,10,12,7,10,187,MQ,BOS,1
9,10,13,1,11,187,MQ,BOS,0
-4,10,14,2,11,187,MQ,BOS,1
-5,10,15,3,11,187,MQ,BOS,2
-5,10,16,4,11,187,MQ,BOS,3
-5,10,17,5,11,187,MQ,BOS,4
-6,10,18,6,10,187,MQ,BOS,5
-8,10,19,7,10,187,MQ,BOS,6
-5,10,20,1,11,187,MQ,BOS,7
-12,10,21,2,11,187,MQ,BOS,8
-5,10,22,3,11,187,MQ,BOS,9
-3,10,23,4,11,187,MQ,BOS,10
-2,10,24,5,11,187,MQ,BOS,11
0,10,25,6,10,187,MQ,BOS,12
9,10,26,7,10,187,MQ,BOS,13
-1,10,27,1,11,187,MQ,BOS,14
10,10,28,2,11,187,MQ,BOS,14
-5,10,29,3,11,187,MQ,BOS,13
-5,10,30,4,11,187,MQ,BOS,12
-5,10,31,5,11,187,MQ,BOS,11
-2,10,4,6,13,187,MQ,BOS,9
-3,10,11,6,13,187,MQ,BOS,2
-3,10,18,6,13,187,MQ,BOS,5
-6,10,25,6,13,187,MQ,BOS,12
-3,10,1,3,13,426,MQ,RDU,12
-5,10,2,4,13,426,MQ,RDU,11
-2,10,3,5,13,426,MQ,RDU,10
-10,10,4,6,18,426,MQ,RDU,9
-2,10,5,7,13,426,MQ,RDU,8
-7,10,6,1,13,426,MQ,RDU,7
-6,10,7,2,13,426,MQ,RDU,6
-8,10,8,3,13,426,MQ,RDU,5
-3,10,9,4,13,426,MQ,RDU,4
16,10,10,5,13,426,MQ,RDU,3
-6,10,11,6,18,426,MQ,RDU,2
28,10,12,7,13,426,MQ,RDU,1
-8,10,13,1,13,426,MQ,RDU,0
-7,10,14,2,13,426,MQ,RDU,1
-7,10,15,3,13,426,MQ,RDU,2
-6,10,16,4,13,426,MQ,RDU,3
-2,10,17,5,13,426,MQ,RDU,4
-6,10,18,6,18,426,MQ,RDU,5
-2,10,19,7,13,426,MQ,RDU,6
-4,10,20,1,13,426,MQ,RDU,7
-7,10,21,2,13,426,MQ,RDU,8
-4,10,22,3,13,426,MQ,RDU,9
3,10,23,4,13,426,MQ,RDU,10
22,10,24,5,13,426,MQ,RDU,11
28,10,26,7,13,426,MQ,RDU,13
-6,10,27,1,13,426,MQ,RDU,14
-4,10,28,2,13,426,MQ,RDU,14
-3,10,29,3,13,426,MQ,RDU,13
0,10,30,4,13,426,MQ,RDU,12
1,10,31,5,13,426,MQ,RDU,11
-5,10,1,3,17,187,MQ,BOS,12
-12,10,2,4,17,187,MQ,BOS,11
-5,10,3,5,17,187,MQ,BOS,10
31,10,4,6,17,187,MQ,BOS,9
11,10,5,7,17,187,MQ,BOS,8
-4,10,6,1,17,187,MQ,BOS,7
-3,10,7,2,17,187,MQ,BOS,6
-5,10,8,3,17,187,MQ,BOS,5
-7,10,9,4,17,187,MQ,BOS,4
-9,10,10,5,17,187,MQ,BOS,3
-7,10,11,6,17,187,MQ,BOS,2
-2,10,12,7,17,187,MQ,BOS,1
-6,10,13,1,17,187,MQ,BOS,0
-5,10,14,2,17,187,MQ,BOS,1
70,10,15,3,17,187,MQ,BOS,2
-7,10,16,4,17,187,MQ,BOS,3
-2,10,17,5,17,187,MQ,BOS,4
78,10,18,6,17,187,MQ,BOS,5
-4,10,19,7,17,187,MQ,BOS,6
-3,10,20,1,17,187,MQ,BOS,7
-4,10,21,2,17,187,MQ,BOS,8
0,10,22,3,17,187,MQ,BOS,9
-4,10,23,4,17,187,MQ,BOS,10
-6,10,24,5,17,187,MQ,BOS,11
-1,10,26,7,17,187,MQ,BOS,13
-5,10,27,1,17,187,MQ,BOS,14
69,10,28,2,17,187,MQ,BOS,14
-6,10,29,3,17,187,MQ,BOS,13
0,10,30,4,17,187,MQ,BOS,12
-5,10,31,5,17,187,MQ,BOS,11
-4,10,1,3,12,426,MQ,RDU,12
-10,10,2,4,12,426,MQ,RDU,11
15,10,3,5,12,426,MQ,RDU,10
-5,10,4,6,12,426,MQ,RDU,9
-10,10,5,7,12,426,MQ,RDU,8
-5,10,6,1,12,426,MQ,RDU,7
-5,10,7,2,12,426,MQ,RDU,6
-6,10,8,3,12,426,MQ,RDU,5
-6,10,9,4,12,426,MQ,RDU,4
0,10,10,5,12,426,MQ,RDU,3
-5,10,11,6,12,426,MQ,RDU,2
-5,10,12,7,12,426,MQ,RDU,1
-2,10,13,1,12,426,MQ,RDU,0
-4,10,14,2,12,426,MQ,RDU,1
-2,10,15,3,12,426,MQ,RDU,2
-10,10,16,4,12,426,MQ,RDU,3
-5,10,17,5,12,426,MQ,RDU,4
-5,10,18,6,12,426,MQ,RDU,5
-5,10,19,7,12,426,MQ,RDU,6
-5,10,20,1,12,426,MQ,RDU,7
-3,10,21,2,12,426,MQ,RDU,8
-2,10,22,3,12,426,MQ,RDU,9
-7,10,23,4,12,426,MQ,RDU,10
-1,10,24,5,12,426,MQ,RDU,11
-5,10,25,6,12,426,MQ,RDU,12
33,10,26,7,12,426,MQ,RDU,13
-6,10,27,1,12,426,MQ,RDU,14
-5,10,28,2,12,426,MQ,RDU,14
-7,10,29,3,12,426,MQ,RDU,13
111,10,30,4,12,426,MQ,RDU,12
-5,10,31,5,12,426,MQ,RDU,11
-10,10,1,3,8,426,MQ,RDU,12
-5,10,2,4,8,426,MQ,RDU,11
-7,10,3,5,8,426,MQ,RDU,10
-4,10,4,6,8,426,MQ,RDU,9
-7,10,5,7,8,426,MQ,RDU,8
-2,10,6,1,8,426,MQ,RDU,7
-10,10,7,2,8,426,MQ,RDU,6
-10,10,8,3,8,426,MQ,RDU,5
0,10,9,4,8,426,MQ,RDU,4
-2,10,10,5,8,426,MQ,RDU,3
88,10,11,6,8,426,MQ,RDU,2
-9,10,12,7,8,426,MQ,RDU,1
-2,10,13,1,8,426,MQ,RDU,0
-5,10,14,2,8,426,MQ,RDU,1
-5,10,15,3,8,426,MQ,RDU,2
-5,10,16,4,8,426,MQ,RDU,3
-3,10,17,5,8,426,MQ,RDU,4
2,10,19,7,8,426,MQ,RDU,6
-4,10,20,1,8,426,MQ,RDU,7
-8,10,21,2,8,426,MQ,RDU,8
-3,10,22,3,8,426,MQ,RDU,9
-5,10,23,4,8,426,MQ,RDU,10
21,10,24,5,8,426,MQ,RDU,11
-2,10,25,6,8,426,MQ,RDU,12
-3,10,26,7,8,426,MQ,RDU,13
-5,10,27,1,8,426,MQ,RDU,14
2,10,28,2,8,426,MQ,RDU,14
43,10,29,3,8,426,MQ,RDU,13
0,10,30,4,8,426,MQ,RDU,12
-3,10,31,5,8,426,MQ,RDU,11
8,10,1,3,21,426,MQ,RDU,12
-5,10,2,4,21,426,MQ,RDU,11
39,10,3,5,21,426,MQ,RDU,10
-6,10,4,6,21,426,MQ,RDU,9
36,10,5,7,21,426,MQ,RDU,8
-6,10,6,1,21,426,MQ,RDU,7
-11,10,7,2,21,426,MQ,RDU,6
-1,10,8,3,21,426,MQ,RDU,5
5,10,9,4,21,426,MQ,RDU,4
-6,10,10,5,21,426,MQ,RDU,3
-3,10,11,6,21,426,MQ,RDU,2
9,10,12,7,21,426,MQ,RDU,1
-9,10,13,1,21,426,MQ,RDU,0
-3,10,14,2,21,426,MQ,RDU,1
-5,10,15,3,21,426,MQ,RDU,2
12,10,16,4,21,426,MQ,RDU,3
29,10,17,5,21,426,MQ,RDU,4
-3,10,18,6,21,426,MQ,RDU,5
-2,10,19,7,21,426,MQ,RDU,6
-2,10,20,1,21,426,MQ,RDU,7
-9,10,21,2,21,426,MQ,RDU,8
-3,10,22,3,21,426,MQ,RDU,9
6,10,23,4,21,426,MQ,RDU,10
47,10,24,5,21,426,MQ,RDU,11
48,10,26,7,21,426,MQ,RDU,13
-10,10,27,1,21,426,MQ,RDU,14
70,10,28,2,21,426,MQ,RDU,14
-3,10,29,3,21,426,MQ,RDU,13
10,10,30,4,21,426,MQ,RDU,12
6,10,31,5,21,426,MQ,RDU,11
-4,10,1,3,15,426,MQ,RDU,12
-6,10,2,4,15,426,MQ,RDU,11
-3,10,3,5,15,426,MQ,RDU,10
4,10,4,6,15,426,MQ,RDU,9
-4,10,5,7,15,426,MQ,RDU,8
-5,10,6,1,15,426,MQ,RDU,7
-10,10,7,2,15,426,MQ,RDU,6
9,10,8,3,15,426,MQ,RDU,5
-3,10,9,4,15,426,MQ,RDU,4
-1,10,10,5,15,426,MQ,RDU,3
-3,10,11,6,15,426,MQ,RDU,2
-5,10,12,7,15,426,MQ,RDU,1
-2,10,13,1,15,426,MQ,RDU,0
61,10,14,2,15,426,MQ,RDU,1
-6,10,15,3,15,426,MQ,RDU,2
27,10,16,4,15,426,MQ,RDU,3
0,10,17,5,15,426,MQ,RDU,4
-2,10,18,6,15,426,MQ,RDU,5
-1,10,19,7,15,426,MQ,RDU,6
-3,10,20,1,15,426,MQ,RDU,7
-5,10,21,2,15,426,MQ,RDU,8
0,10,22,3,15,426,MQ,RDU,9
-5,10,23,4,15,426,MQ,RDU,10
-3,10,24,5,15,426,MQ,RDU,11
0,10,25,6,15,426,MQ,RDU,12
0,10,26,7,15,426,MQ,RDU,13
51,10,27,1,15,426,MQ,RDU,14
10,10,28,2,15,426,MQ,RDU,14
-1,10,29,3,15,426,MQ,RDU,13
-6,10,30,4,15,426,MQ,RDU,12
13,10,31,5,15,426,MQ,RDU,11
-4,10,1,3,15,892,MQ,STL,12
3,10,2,4,15,892,MQ,STL,11
0,10,3,5,15,892,MQ,STL,10
3,10,4,6,15,892,MQ,STL,9
8,10,5,7,15,892,MQ,STL,8
-2,10,6,1,15,892,MQ,STL,7
-1,10,7,2,15,892,MQ,STL,6
-4,10,8,3,15,892,MQ,STL,5
163,10,9,4,15,892,MQ,STL,4
1,10,10,5,15,892,MQ,STL,3
2,10,11,6,15,892,MQ,STL,2
-5,10,12,7,15,892,MQ,STL,1
16,10,13,1,15,892,MQ,STL,0
24,10,14,2,15,892,MQ,STL,1
7,10,15,3,15,892,MQ,STL,2
-4,10,16,4,15,892,MQ,STL,3
-1,10,17,5,15,892,MQ,STL,4
-7,10,18,6,15,892,MQ,STL,5
6,10,19,7,15,892,MQ,STL,6
-1,10,20,1,15,892,MQ,STL,7
-4,10,21,2,15,892,MQ,STL,8
-3,10,22,3,15,892,MQ,STL,9
14,10,23,4,15,892,MQ,STL,10
-7,10,24,5,15,892,MQ,STL,11
0,10,26,7,15,892,MQ,STL,13
20,10,27,1,15,892,MQ,STL,14
108,10,28,2,15,892,MQ,STL,14
-4,10,29,3,15,892,MQ,STL,13
75,10,30,4,15,892,MQ,STL,12
22,10,31,5,15,892,MQ,STL,11
44,10,4,6,19,426,MQ,RDU,9
1,10,11,6,19,426,MQ,RDU,2
-5,10,18,6,19,426,MQ,RDU,5
-4,10,1,3,16,213,MQ,DCA,12
-6,10,2,4,16,213,MQ,DCA,11
-3,10,3,5,16,213,MQ,DCA,10
17,10,4,6,16,213,MQ,DCA,9
57,10,5,7,16,213,MQ,DCA,8
5,10,6,1,16,213,MQ,DCA,7
-10,10,7,2,16,213,MQ,DCA,6
-7,10,8,3,16,213,MQ,DCA,5
-2,10,9,4,16,213,MQ,DCA,4
0,10,10,5,16,213,MQ,DCA,3
30,10,11,6,16,213,MQ,DCA,2
-2,10,12,7,16,213,MQ,DCA,1
23,10,13,1,16,213,MQ,DCA,0
18,10,14,2,16,213,MQ,DCA,1
2,10,15,3,16,213,MQ,DCA,2
-4,10,16,4,16,213,MQ,DCA,3
-5,10,17,5,16,213,MQ,DCA,4
-5,10,18,6,16,213,MQ,DCA,5
-5,10,19,7,16,213,MQ,DCA,6
-1,10,20,1,16,213,MQ,DCA,7
-8,10,21,2,16,213,MQ,DCA,8
-4,10,22,3,16,213,MQ,DCA,9
16,10,23,4,16,213,MQ,DCA,10
-4,10,24,5,16,213,MQ,DCA,11
171,10,25,6,16,213,MQ,DCA,12
1,10,26,7,16,213,MQ,DCA,13
-5,10,27,1,16,213,MQ,DCA,14
-7,10,28,2,16,213,MQ,DCA,14
-8,10,29,3,16,213,MQ,DCA,13
54,10,30,4,16,213,MQ,DCA,12
52,10,31,5,16,213,MQ,DCA,11
-1,10,1,3,18,213,MQ,DCA,12
7,10,2,4,18,213,MQ,DCA,11
5,10,3,5,18,213,MQ,DCA,10
134,10,4,6,18,213,MQ,DCA,9
71,10,5,7,18,213,MQ,DCA,8
-7,10,6,1,18,213,MQ,DCA,7
-3,10,7,2,18,213,MQ,DCA,6
-4,10,8,3,18,213,MQ,DCA,5
87,10,9,4,18,213,MQ,DCA,4
-5,10,10,5,18,213,MQ,DCA,3
-8,10,11,6,18,213,MQ,DCA,2
28,10,12,7,18,213,MQ,DCA,1
-8,10,13,1,18,213,MQ,DCA,0
-5,10,14,2,18,213,MQ,DCA,1
6,10,15,3,18,213,MQ,DCA,2
-5,10,16,4,18,213,MQ,DCA,3
-7,10,17,5,18,213,MQ,DCA,4
-5,10,18,6,18,213,MQ,DCA,5
-5,10,19,7,18,213,MQ,DCA,6
-5,10,20,1,18,213,MQ,DCA,7
-3,10,21,2,18,213,MQ,DCA,8
-5,10,22,3,18,213,MQ,DCA,9
2,10,23,4,18,213,MQ,DCA,10
-2,10,24,5,18,213,MQ,DCA,11
92,10,26,7,18,213,MQ,DCA,13
-11,10,27,1,18,213,MQ,DCA,14
30,10,28,2,18,213,MQ,DCA,14
11,10,29,3,18,213,MQ,DCA,13
50,10,30,4,18,213,MQ,DCA,12
3,10,31,5,18,213,MQ,DCA,11
-3,10,1,3,22,213,MQ,DCA,12
-9,10,2,4,22,213,MQ,DCA,11
-5,10,3,5,22,213,MQ,DCA,10
-4,10,4,6,22,213,MQ,DCA,9
-4,10,5,7,22,213,MQ,DCA,8
-9,10,6,1,22,213,MQ,DCA,7
-8,10,7,2,22,213,MQ,DCA,6
-12,10,8,3,22,213,MQ,DCA,5
-6,10,9,4,22,213,MQ,DCA,4
-12,10,10,5,22,213,MQ,DCA,3
-5,10,11,6,22,213,MQ,DCA,2
-8,10,12,7,22,213,MQ,DCA,1
-7,10,13,1,22,213,MQ,DCA,0
-8,10,14,2,22,213,MQ,DCA,1
-10,10,15,3,22,213,MQ,DCA,2
-5,10,16,4,22,213,MQ,DCA,3
-6,10,17,5,22,213,MQ,DCA,4
-7,10,18,6,22,213,MQ,DCA,5
-3,10,19,7,22,213,MQ,DCA,6
-2,10,20,1,22,213,MQ,DCA,7
-6,10,21,2,22,213,MQ,DCA,8
-11,10,22,3,22,213,MQ,DCA,9
-6,10,23,4,22,213,MQ,DCA,10
-5,10,24,5,22,213,MQ,DCA,11
-2,10,26,7,22,213,MQ,DCA,13
-3,10,27,1,22,213,MQ,DCA,14
13,10,28,2,22,213,MQ,DCA,14
-10,10,29,3,22,213,MQ,DCA,13
-4,10,30,4,22,213,MQ,DCA,12
-5,10,31,5,22,213,MQ,DCA,11
162,10,4,6,14,213,MQ,DCA,9
-5,10,11,6,14,213,MQ,DCA,2
-5,10,18,6,14,213,MQ,DCA,5
-4,10,25,6,14,213,MQ,DCA,12
19,10,5,7,14,213,MQ,DCA,8
-6,10,12,7,14,213,MQ,DCA,1
15,10,19,7,14,213,MQ,DCA,6
72,10,26,7,14,213,MQ,DCA,13
-6,10,1,3,10,213,MQ,DCA,12
-5,10,2,4,10,213,MQ,DCA,11
-10,10,3,5,10,213,MQ,DCA,10
-2,10,4,6,11,213,MQ,DCA,9
-1,10,5,7,10,213,MQ,DCA,8
-5,10,6,1,10,213,MQ,DCA,7
-12,10,7,2,10,213,MQ,DCA,6
-6,10,8,3,10,213,MQ,DCA,5
3,10,9,4,10,213,MQ,DCA,4
-1,10,10,5,10,213,MQ,DCA,3
-5,10,11,6,11,213,MQ,DCA,2
-8,10,12,7,10,213,MQ,DCA,1
-7,10,13,1,10,213,MQ,DCA,0
-2,10,14,2,10,213,MQ,DCA,1
-5,10,15,3,10,213,MQ,DCA,2
-5,10,16,4,10,213,MQ,DCA,3
-6,10,17,5,10,213,MQ,DCA,4
-6,10,18,6,11,213,MQ,DCA,5
36,10,19,7,10,213,MQ,DCA,6
-5,10,20,1,10,213,MQ,DCA,7
-5,10,21,2,10,213,MQ,DCA,8
-8,10,22,3,10,213,MQ,DCA,9
-4,10,23,4,10,213,MQ,DCA,10
-9,10,24,5,10,213,MQ,DCA,11
-2,10,25,6,11,213,MQ,DCA,12
-7,10,26,7,10,213,MQ,DCA,13
-4,10,27,1,10,213,MQ,DCA,14
77,10,28,2,10,213,MQ,DCA,14
-4,10,29,3,10,213,MQ,DCA,13
0,10,30,4,10,213,MQ,DCA,12
-3,10,31,5,10,213,MQ,DCA,11
-3,10,1,3,8,1028,NW,MSP,12
-1,10,2,4,8,1028,NW,MSP,11
-5,10,3,5,8,1028,NW,MSP,10
88,10,4,6,8,1028,NW,MSP,9
-6,10,5,7,8,1028,NW,MSP,8
9,10,6,1,8,1028,NW,MSP,7
-1,10,7,2,8,1028,NW,MSP,6
1,10,8,3,8,1028,NW,MSP,5
-5,10,9,4,8,1028,NW,MSP,4
-3,10,10,5,8,1028,NW,MSP,3
-4,10,11,6,8,1028,NW,MSP,2
-7,10,12,7,8,1028,NW,MSP,1
-5,10,13,1,8,1028,NW,MSP,0
0,10,14,2,8,1028,NW,MSP,1
-8,10,15,3,8,1028,NW,MSP,2
3,10,16,4,8,1028,NW,MSP,3
-3,10,17,5,8,1028,NW,MSP,4
-2,10,18,6,8,1028,NW,MSP,5
-1,10,19,7,8,1028,NW,MSP,6
2,10,20,1,8,1028,NW,MSP,7
48,10,21,2,8,1028,NW,MSP,8
5,10,22,3,8,1028,NW,MSP,9
4,10,23,4,8,1028,NW,MSP,10
41,10,24,5,8,1028,NW,MSP,11
-1,10,25,6,8,1028,NW,MSP,12
46,10,26,7,8,1028,NW,MSP,13
3,10,27,1,8,1028,NW,MSP,14
-8,10,28,2,8,1028,NW,MSP,14
-6,10,29,3,8,1028,NW,MSP,13
-9,10,30,4,8,1028,NW,MSP,12
3,10,31,5,8,1028,NW,MSP,11
5,10,1,3,17,1028,NW,MSP,12
13,10,2,4,17,1028,NW,MSP,11
3,10,3,5,17,1028,NW,MSP,10
5,10,4,6,17,1028,NW,MSP,9
49,10,5,7,17,1028,NW,MSP,8
3,10,6,1,17,1028,NW,MSP,7
4,10,7,2,17,1028,NW,MSP,6
0,10,8,3,17,1028,NW,MSP,5
1,10,9,4,17,1028,NW,MSP,4
-2,10,10,5,17,1028,NW,MSP,3
5,10,11,6,17,1028,NW,MSP,2
26,10,12,7,17,1028,NW,MSP,1
-3,10,13,1,17,1028,NW,MSP,0
-6,10,14,2,17,1028,NW,MSP,1
2,10,15,3,17,1028,NW,MSP,2
-9,10,16,4,17,1028,NW,MSP,3
3,10,17,5,17,1028,NW,MSP,4
3,10,18,6,17,1028,NW,MSP,5
-4,10,19,7,17,1028,NW,MSP,6
14,10,20,1,17,1028,NW,MSP,7
39,10,21,2,17,1028,NW,MSP,8
13,10,22,3,17,1028,NW,MSP,9
-2,10,23,4,17,1028,NW,MSP,10
-3,10,24,5,17,1028,NW,MSP,11
358,10,25,6,17,1028,NW,MSP,12
-3,10,26,7,17,1028,NW,MSP,13
0,10,27,1,17,1028,NW,MSP,14
14,10,28,2,17,1028,NW,MSP,14
35,10,29,3,17,1028,NW,MSP,13
23,10,30,4,17,1028,NW,MSP,12
13,10,31,5,17,1028,NW,MSP,11
-7,10,1,3,11,1028,NW,MSP,12
-1,10,2,4,11,1028,NW,MSP,11
-3,10,3,5,11,1028,NW,MSP,10
-2,10,4,6,11,1028,NW,MSP,9
-1,10,5,7,11,1028,NW,MSP,8
0,10,6,1,11,1028,NW,MSP,7
20,10,7,2,11,1028,NW,MSP,6
3,10,8,3,11,1028,NW,MSP,5
-1,10,9,4,11,1028,NW,MSP,4
-5,10,10,5,11,1028,NW,MSP,3
3,10,11,6,11,1028,NW,MSP,2
1,10,12,7,11,1028,NW,MSP,1
-2,10,13,1,11,1028,NW,MSP,0
-3,10,14,2,11,1028,NW,MSP,1
-4,10,15,3,11,1028,NW,MSP,2
-4,10,16,4,11,1028,NW,MSP,3
-4,10,17,5,11,1028,NW,MSP,4
-6,10,18,6,11,1028,NW,MSP,5
-4,10,19,7,11,1028,NW,MSP,6
-6,10,20,1,11,1028,NW,MSP,7
-2,10,21,2,11,1028,NW,MSP,8
-2,10,22,3,11,1028,NW,MSP,9
-5,10,23,4,11,1028,NW,MSP,10
20,10,24,5,11,1028,NW,MSP,11
-2,10,25,6,11,1028,NW,MSP,12
-14,10,26,7,11,1028,NW,MSP,13
0,10,27,1,11,1028,NW,MSP,14
36,10,28,2,11,1028,NW,MSP,14
-6,10,29,3,11,1028,NW,MSP,13
57,10,30,4,11,1028,NW,MSP,12
20,10,31,5,11,1028,NW,MSP,11
-10,10,4,6,12,508,NW,DTW,9
-11,10,11,6,12,508,NW,DTW,2
-12,10,18,6,12,508,NW,DTW,5
-8,10,25,6,12,508,NW,DTW,12
-4,10,1,3,16,508,NW,DTW,12
-4,10,2,4,16,508,NW,DTW,11
-2,10,3,5,16,508,NW,DTW,10
10,10,4,6,16,508,NW,DTW,9
-3,10,5,7,16,508,NW,DTW,8
4,10,6,1,16,508,NW,DTW,7
-3,10,7,2,16,508,NW,DTW,6
-7,10,8,3,16,508,NW,DTW,5
-3,10,9,4,16,508,NW,DTW,4
2,10,10,5,16,508,NW,DTW,3
35,10,11,6,16,508,NW,DTW,2
4,10,12,7,16,508,NW,DTW,1
23,10,13,1,16,508,NW,DTW,0
-2,10,14,2,16,508,NW,DTW,1
-5,10,15,3,16,508,NW,DTW,2
1,10,16,4,16,508,NW,DTW,3
10,10,17,5,16,508,NW,DTW,4
-3,10,18,6,16,508,NW,DTW,5
-1,10,19,7,16,508,NW,DTW,6
1,10,20,1,16,508,NW,DTW,7
-2,10,21,2,16,508,NW,DTW,8
-1,10,22,3,16,508,NW,DTW,9
-1,10,23,4,16,508,NW,DTW,10
3,10,24,5,16,508,NW,DTW,11
88,10,25,6,16,508,NW,DTW,12
-1,10,26,7,16,508,NW,DTW,13
-13,10,27,1,16,508,NW,DTW,14
-3,10,28,2,16,508,NW,DTW,14
0,10,29,3,16,508,NW,DTW,13
5,10,30,4,16,508,NW,DTW,12
-6,10,31,5,16,508,NW,DTW,11
-5,10,1,3,9,508,NW,DTW,12
-3,10,2,4,9,508,NW,DTW,11
12,10,3,5,9,508,NW,DTW,10
-4,10,4,6,9,508,NW,DTW,9
-6,10,6,1,9,508,NW,DTW,7
63,10,7,2,9,508,NW,DTW,6
16,10,8,3,9,508,NW,DTW,5
-8,10,9,4,9,508,NW,DTW,4
-1,10,10,5,9,508,NW,DTW,3
-6,10,11,6,9,508,NW,DTW,2
-5,10,13,1,9,508,NW,DTW,0
-7,10,14,2,9,508,NW,DTW,1
-9,10,15,3,9,508,NW,DTW,2
-5,10,16,4,9,508,NW,DTW,3
-7,10,17,5,9,508,NW,DTW,4
-6,10,18,6,9,508,NW,DTW,5
-7,10,20,1,9,508,NW,DTW,7
-12,10,21,2,9,508,NW,DTW,8
-3,10,22,3,9,508,NW,DTW,9
1,10,23,4,9,508,NW,DTW,10
83,10,24,5,9,508,NW,DTW,11
-5,10,25,6,9,508,NW,DTW,12
0,10,27,1,9,508,NW,DTW,14
-12,10,28,2,9,508,NW,DTW,14
-8,10,29,3,9,508,NW,DTW,13
-3,10,30,4,9,508,NW,DTW,12
-5,10,31,5,9,508,NW,DTW,11
