-4,5,1,4,15,541,YV,CLT,21
50,5,1,4,6,541,YV,CLT,21
-5,5,1,4,12,541,YV,CLT,21
0,5,2,5,6,541,YV,CLT,20
0,5,2,5,12,541,YV,CLT,20
70,5,3,6,6,541,YV,CLT,19
0,5,4,7,15,541,YV,CLT,18
-5,5,4,7,6,541,YV,CLT,18
0,5,5,1,15,541,YV,CLT,17
-5,5,5,1,6,541,YV,CLT,17
0,5,5,1,12,541,YV,CLT,17
16,5,6,2,15,541,YV,CLT,16
0,5,6,2,6,541,YV,CLT,16
0,5,6,2,12,541,YV,CLT,16
-9,5,7,3,15,541,YV,CLT,15
0,5,7,3,6,541,YV,CLT,15
0,5,7,3,12,541,YV,CLT,15
5,5,8,4,15,541,YV,CLT,14
0,5,8,4,6,541,YV,CLT,14
0,5,8,4,12,541,YV,CLT,14
16,5,9,5,15,541,YV,CLT,13
0,5,9,5,6,541,YV,CLT,13
-5,5,9,5,12,541,YV,CLT,13
0,5,10,6,6,541,YV,CLT,12
11,5,11,7,15,541,YV,CLT,11
-5,5,11,7,6,541,YV,CLT,11
36,5,12,1,15,541,YV,CLT,10
0,5,12,1,6,541,YV,CLT,10
0,5,12,1,12,541,YV,CLT,10
6,5,13,2,15,541,YV,CLT,9
0,5,13,2,6,541,YV,CLT,9
-5,5,13,2,12,541,YV,CLT,9
0,5,14,3,15,541,YV,CLT,8
5,5,14,3,6,541,YV,CLT,8
34,5,14,3,12,541,YV,CLT,8
0,5,15,4,15,541,YV,CLT,7
40,5,15,4,6,541,YV,CLT,7
0,5,15,4,12,541,YV,CLT,7
-4,5,16,5,15,541,YV,CLT,6
0,5,16,5,6,541,YV,CLT,6
0,5,16,5,12,541,YV,CLT,6
0,5,17,6,6,541,YV,CLT,5
0,5,18,7,15,541,YV,CLT,4
-5,5,18,7,6,541,YV,CLT,4
0,5,19,1,15,541,YV,CLT,3
0,5,19,1,6,541,YV,CLT,3
0,5,19,1,12,541,YV,CLT,3
221,5,20,2,15,541,YV,CLT,2
0,5,20,2,6,541,YV,CLT,2
15,5,20,2,12,541,YV,CLT,2
-9,5,21,3,15,541,YV,CLT,1
0,5,21,3,6,541,YV,CLT,1
-7,5,21,3,12,541,YV,CLT,1
116,5,22,4,15,541,YV,CLT,0
0,5,22,4,6,541,YV,CLT,0
-5,5,22,4,12,541,YV,CLT,0
29,5,23,5,15,541,YV,CLT,1
0,5,23,5,6,541,YV,CLT,1
0,5,23,5,12,541,YV,CLT,1
30,5,24,6,6,541,YV,CLT,2
0,5,25,7,15,541,YV,CLT,1
0,5,25,7,6,541,YV,CLT,1
0,5,26,1,15,541,YV,CLT,0
40,5,26,1,6,541,YV,CLT,0
-2,5,26,1,12,541,YV,CLT,0
0,5,27,2,15,541,YV,CLT,1
0,5,27,2,6,541,YV,CLT,1
-5,5,27,2,12,541,YV,CLT,1
-4,5,28,3,15,541,YV,CLT,2
70,5,28,3,6,541,YV,CLT,2
0,5,28,3,12,541,YV,CLT,2
-6,5,29,4,15,541,YV,CLT,3
0,5,29,4,6,541,YV,CLT,3
0,5,29,4,12,541,YV,CLT,3
11,5,30,5,15,541,YV,CLT,4
0,5,30,5,6,541,YV,CLT,4
0,5,30,5,12,541,YV,CLT,4
0,5,31,6,6,541,YV,CLT,5
110,5,2,5,19,740,OH,ORD,20
0,5,2,5,8,288,OH,RIC,20
-7,5,2,5,18,106,OH,BDL,20
-10,5,2,5,7,740,OH,ORD,20
40,5,2,5,16,740,OH,ORD,20
-10,5,2,5,16,483,OH,CMH,20
0,5,2,5,9,187,OH,BOS,20
-10,5,2,5,10,187,OH,BOS,20
15,5,2,5,14,187,OH,BOS,20
41,5,2,5,21,187,OH,BOS,20
0,5,2,5,20,267,OH,BTV,20
-10,5,2,5,20,589,OH,CVG,20
5,5,2,5,13,589,OH,CVG,20
0,5,2,5,14,267,OH,BTV,20
-5,5,2,5,13,301,OH,BUF,20
45,5,2,5,19,187,OH,BOS,20
8,5,2,5,16,508,OH,DTW,20
-3,5,2,5,16,340,OH,PIT,20
0,5,2,5,15,425,OH,CLE,20
-5,5,2,5,15,184,OH,BWI,20
0,5,3,6,12,213,OH,DCA,19
-7,5,3,6,18,145,OH,ALB,19
11,5,3,6,11,760,OH,ATL,19
52,5,3,6,19,508,OH,DTW,19
25,5,3,6,9,483,OH,CMH,19
0,5,3,6,9,267,OH,BTV,19
-5,5,3,6,9,425,OH,CLE,19
0,5,3,6,14,94,OH,PHL,19
-5,5,3,6,13,264,OH,ROC,19
0,5,3,6,19,144,OH,PVD,19
10,5,3,6,8,213,OH,DCA,19
-5,5,3,6,18,1522,OH,AUS,19
0,5,3,6,18,425,OH,CLE,19
0,5,3,6,9,740,OH,ORD,19
30,5,3,6,16,740,OH,ORD,19
-10,5,3,6,13,144,OH,PVD,19
30,5,3,6,16,426,OH,RDU,19
0,5,3,6,19,340,OH,PIT,19
-5,5,3,6,12,145,OH,ALB,19
0,5,3,6,18,213,OH,DCA,19
-5,5,3,6,19,740,OH,ORD,19
-4,5,3,6,8,288,OH,RIC,19
-7,5,3,6,7,740,OH,ORD,19
0,5,3,6,16,483,OH,CMH,19
135,5,3,6,18,184,OH,BWI,19
-5,5,3,6,13,209,OH,SYR,19
-10,5,3,6,10,187,OH,BOS,19
28,5,3,6,20,267,OH,BTV,19
0,5,3,6,20,589,OH,CVG,19
15,5,3,6,14,267,OH,BTV,19
0,5,3,6,19,187,OH,BOS,19
48,5,3,6,16,508,OH,DTW,19
10,5,3,6,15,425,OH,CLE,19
-10,5,4,7,12,213,OH,DCA,18
35,5,4,7,19,209,OH,SYR,18
5,5,4,7,20,264,OH,ROC,18
15,5,4,7,11,760,OH,ATL,18
0,5,4,7,19,508,OH,DTW,18
0,5,4,7,8,483,OH,CMH,18
-10,5,4,7,12,289,OH,ORF,18
-5,5,4,7,14,106,OH,BDL,18
1,5,4,7,14,288,OH,RIC,18
-5,5,4,7,19,144,OH,PVD,18
-5,5,4,7,8,213,OH,DCA,18
95,5,4,7,18,1522,OH,AUS,18
42,5,4,7,18,425,OH,CLE,18
-10,5,4,7,16,426,OH,RDU,18
0,5,4,7,13,94,OH,PHL,18
-6,5,4,7,12,145,OH,ALB,18
-6,5,4,7,18,213,OH,DCA,18
-5,5,4,7,19,740,OH,ORD,18
27,5,4,7,16,740,OH,ORD,18
20,5,4,7,16,483,OH,CMH,18
-2,5,4,7,10,187,OH,BOS,18
80,5,4,7,14,187,OH,BOS,18
-10,5,4,7,21,187,OH,BOS,18
0,5,4,7,20,267,OH,BTV,18
-7,5,4,7,20,589,OH,CVG,18
10,5,4,7,13,589,OH,CVG,18
-5,5,4,7,14,267,OH,BTV,18
70,5,4,7,19,187,OH,BOS,18
13,5,4,7,16,508,OH,DTW,18
-5,5,4,7,16,340,OH,PIT,18
-5,5,4,7,15,425,OH,CLE,18
0,5,4,7,15,184,OH,BWI,18
40,5,4,7,9,740,OH,ORD,18
-8,5,5,1,12,213,OH,DCA,17
-10,5,5,1,20,264,OH,ROC,17
0,5,5,1,11,760,OH,ATL,17
0,5,5,1,19,508,OH,DTW,17
0,5,5,1,13,264,OH,ROC,17
-5,5,5,1,9,267,OH,BTV,17
-5,5,5,1,9,425,OH,CLE,17
-11,5,5,1,14,106,OH,BDL,17
-9,5,5,1,14,288,OH,RIC,17
0,5,5,1,19,144,OH,PVD,17
0,5,5,1,8,213,OH,DCA,17
0,5,5,1,18,1522,OH,AUS,17
0,5,5,1,18,425,OH,CLE,17
0,5,5,1,8,508,OH,DTW,17
-2,5,5,1,16,426,OH,RDU,17
-5,5,5,1,13,94,OH,PHL,17
0,5,5,1,12,145,OH,ALB,17
-5,5,5,1,18,213,OH,DCA,17
165,5,5,1,19,740,OH,ORD,17
0,5,5,1,8,288,OH,RIC,17
-10,5,5,1,18,106,OH,BDL,17
-5,5,5,1,7,740,OH,ORD,17
0,5,5,1,16,740,OH,ORD,17
-10,5,5,1,16,483,OH,CMH,17
0,5,5,1,9,187,OH,BOS,17
-10,5,5,1,10,187,OH,BOS,17
23,5,5,1,14,187,OH,BOS,17
0,5,5,1,21,187,OH,BOS,17
0,5,5,1,20,267,OH,BTV,17
-6,5,5,1,20,589,OH,CVG,17
-5,5,5,1,13,589,OH,CVG,17
-5,5,5,1,14,267,OH,BTV,17
-5,5,5,1,13,301,OH,BUF,17
0,5,5,1,16,508,OH,DTW,17
0,5,5,1,16,340,OH,PIT,17
-5,5,5,1,15,425,OH,CLE,17
0,5,5,1,15,184,OH,BWI,17
-10,5,6,2,12,213,OH,DCA,16
-4,5,6,2,20,264,OH,ROC,16
0,5,6,2,11,760,OH,ATL,16
0,5,6,2,19,508,OH,DTW,16
0,5,6,2,13,264,OH,ROC,16
-10,5,6,2,9,267,OH,BTV,16
0,5,6,2,9,425,OH,CLE,16
-4,5,6,2,14,288,OH,RIC,16
-10,5,6,2,19,144,OH,PVD,16
-2,5,6,2,8,213,OH,DCA,16
-5,5,6,2,18,1522,OH,AUS,16
-5,5,6,2,18,425,OH,CLE,16
0,5,6,2,8,508,OH,DTW,16
-10,5,6,2,16,426,OH,RDU,16
0,5,6,2,13,589,OH,CVG,16
-10,5,6,2,13,94,OH,PHL,16
-10,5,6,2,12,145,OH,ALB,16
0,5,6,2,18,213,OH,DCA,16
0,5,6,2,19,740,OH,ORD,16
-10,5,6,2,8,288,OH,RIC,16
0,5,6,2,7,740,OH,ORD,16
0,5,6,2,16,740,OH,ORD,16
-5,5,6,2,16,483,OH,CMH,16
0,5,6,2,9,187,OH,BOS,16
-6,5,6,2,10,187,OH,BOS,16
0,5,6,2,14,187,OH,BOS,16
-6,5,6,2,21,187,OH,BOS,16
-5,5,6,2,20,267,OH,BTV,16
-10,5,6,2,20,589,OH,CVG,16
0,5,6,2,14,267,OH,BTV,16
0,5,6,2,13,301,OH,BUF,16
0,5,6,2,19,187,OH,BOS,16
-5,5,6,2,16,508,OH,DTW,16
-5,5,6,2,16,340,OH,PIT,16
-5,5,6,2,15,425,OH,CLE,16
-3,5,6,2,15,184,OH,BWI,16
-10,5,7,3,12,213,OH,DCA,15
-10,5,7,3,20,264,OH,ROC,15
-5,5,7,3,11,760,OH,ATL,15
0,5,7,3,19,508,OH,DTW,15
-5,5,7,3,13,264,OH,ROC,15
-10,5,7,3,9,267,OH,BTV,15
-5,5,7,3,9,425,OH,CLE,15
-10,5,7,3,14,106,OH,BDL,15
-4,5,7,3,14,288,OH,RIC,15
0,5,7,3,19,144,OH,PVD,15
45,5,7,3,8,213,OH,DCA,15
-7,5,7,3,18,1522,OH,AUS,15
-10,5,7,3,18,425,OH,CLE,15
-5,5,7,3,8,508,OH,DTW,15
-5,5,7,3,16,426,OH,RDU,15
-6,5,7,3,13,94,OH,PHL,15
-5,5,7,3,12,145,OH,ALB,15
-5,5,7,3,18,213,OH,DCA,15
0,5,7,3,19,740,OH,ORD,15
-10,5,7,3,8,288,OH,RIC,15
-5,5,7,3,18,106,OH,BDL,15
-10,5,7,3,7,740,OH,ORD,15
0,5,7,3,16,740,OH,ORD,15
-5,5,7,3,16,483,OH,CMH,15
-10,5,7,3,9,187,OH,BOS,15
-5,5,7,3,10,187,OH,BOS,15
10,5,7,3,14,187,OH,BOS,15
-6,5,7,3,21,187,OH,BOS,15
-5,5,7,3,20,267,OH,BTV,15
-5,5,7,3,20,589,OH,CVG,15
0,5,7,3,13,589,OH,CVG,15
-4,5,7,3,14,267,OH,BTV,15
-5,5,7,3,13,301,OH,BUF,15
0,5,7,3,19,187,OH,BOS,15
0,5,7,3,16,508,OH,DTW,15
0,5,7,3,16,340,OH,PIT,15
0,5,7,3,15,425,OH,CLE,15
-5,5,7,3,15,184,OH,BWI,15
0,5,8,4,12,213,OH,DCA,14
-5,5,8,4,20,264,OH,ROC,14
22,5,8,4,11,760,OH,ATL,14
-10,5,8,4,19,508,OH,DTW,14
-5,5,8,4,13,264,OH,ROC,14
-10,5,8,4,9,267,OH,BTV,14
0,5,8,4,9,425,OH,CLE,14
-10,5,8,4,14,106,OH,BDL,14
-10,5,8,4,14,288,OH,RIC,14
-1,5,8,4,19,144,OH,PVD,14
30,5,8,4,8,213,OH,DCA,14
0,5,8,4,18,1522,OH,AUS,14
-3,5,8,4,18,425,OH,CLE,14
0,5,8,4,8,508,OH,DTW,14
-5,5,8,4,16,426,OH,RDU,14
-7,5,8,4,13,94,OH,PHL,14
0,5,8,4,12,145,OH,ALB,14
-8,5,8,4,18,213,OH,DCA,14
-5,5,8,4,19,740,OH,ORD,14
0,5,8,4,8,288,OH,RIC,14
-5,5,8,4,18,106,OH,BDL,14
0,5,8,4,7,740,OH,ORD,14
56,5,8,4,16,740,OH,ORD,14
-3,5,8,4,16,483,OH,CMH,14
0,5,8,4,9,187,OH,BOS,14
-5,5,8,4,10,187,OH,BOS,14
115,5,8,4,14,187,OH,BOS,14
0,5,8,4,21,187,OH,BOS,14
0,5,8,4,20,267,OH,BTV,14
-10,5,8,4,20,589,OH,CVG,14
-6,5,8,4,13,589,OH,CVG,14
-10,5,8,4,14,267,OH,BTV,14
25,5,8,4,13,301,OH,BUF,14
135,5,8,4,19,187,OH,BOS,14
-9,5,8,4,16,508,OH,DTW,14
10,5,8,4,16,340,OH,PIT,14
-5,5,8,4,15,425,OH,CLE,14
0,5,8,4,15,184,OH,BWI,14
-2,5,9,5,12,213,OH,DCA,13
16,5,9,5,11,760,OH,ATL,13
50,5,9,5,19,508,OH,DTW,13
0,5,9,5,13,264,OH,ROC,13
-15,5,9,5,9,267,OH,BTV,13
-5,5,9,5,9,425,OH,CLE,13
-5,5,9,5,14,106,OH,BDL,13
0,5,9,5,14,288,OH,RIC,13
-5,5,9,5,8,213,OH,DCA,13
0,5,9,5,18,1522,OH,AUS,13
0,5,9,5,8,508,OH,DTW,13
21,5,9,5,16,426,OH,RDU,13
0,5,9,5,12,145,OH,ALB,13
15,5,9,5,18,213,OH,DCA,13
-10,5,9,5,8,288,OH,RIC,13
15,5,9,5,18,106,OH,BDL,13
-5,5,9,5,7,740,OH,ORD,13
0,5,9,5,16,740,OH,ORD,13
0,5,9,5,16,483,OH,CMH,13
-4,5,9,5,9,187,OH,BOS,13
-10,5,9,5,10,187,OH,BOS,13
8,5,9,5,20,267,OH,BTV,13
0,5,9,5,13,589,OH,CVG,13
0,5,9,5,14,267,OH,BTV,13
15,5,9,5,13,301,OH,BUF,13
13,5,9,5,19,187,OH,BOS,13
0,5,9,5,15,425,OH,CLE,13
-2,5,9,5,15,184,OH,BWI,13
-5,5,10,6,12,213,OH,DCA,12
-10,5,10,6,18,145,OH,ALB,12
70,5,10,6,11,760,OH,ATL,12
0,5,10,6,19,508,OH,DTW,12
-5,5,10,6,9,483,OH,CMH,12
10,5,10,6,9,267,OH,BTV,12
0,5,10,6,9,425,OH,CLE,12
-5,5,10,6,14,94,OH,PHL,12
0,5,10,6,13,264,OH,ROC,12
70,5,10,6,19,144,OH,PVD,12
-5,5,10,6,8,213,OH,DCA,12
20,5,10,6,18,1522,OH,AUS,12
15,5,10,6,18,425,OH,CLE,12
0,5,10,6,9,740,OH,ORD,12
0,5,10,6,16,740,OH,ORD,12
-10,5,10,6,13,144,OH,PVD,12
0,5,10,6,16,426,OH,RDU,12
-5,5,10,6,19,340,OH,PIT,12
-10,5,10,6,12,145,OH,ALB,12
-3,5,10,6,18,213,OH,DCA,12
-3,5,10,6,19,740,OH,ORD,12
0,5,10,6,8,288,OH,RIC,12
-10,5,10,6,7,740,OH,ORD,12
-10,5,10,6,16,483,OH,CMH,12
0,5,10,6,18,184,OH,BWI,12
20,5,10,6,13,209,OH,SYR,12
-10,5,10,6,10,187,OH,BOS,12
0,5,10,6,20,267,OH,BTV,12
0,5,10,6,20,589,OH,CVG,12
0,5,10,6,14,267,OH,BTV,12
0,5,10,6,19,187,OH,BOS,12
-7,5,10,6,16,508,OH,DTW,12
-10,5,10,6,15,425,OH,CLE,12
0,5,11,7,12,213,OH,DCA,11
0,5,11,7,19,209,OH,SYR,11
-5,5,11,7,20,264,OH,ROC,11
20,5,11,7,11,760,OH,ATL,11
-5,5,11,7,19,508,OH,DTW,11
-5,5,11,7,8,483,OH,CMH,11
-10,5,11,7,12,289,OH,ORF,11
0,5,11,7,14,106,OH,BDL,11
-1,5,11,7,14,288,OH,RIC,11
-5,5,11,7,19,144,OH,PVD,11
-10,5,11,7,8,213,OH,DCA,11
10,5,11,7,18,1522,OH,AUS,11
-5,5,11,7,18,425,OH,CLE,11
0,5,11,7,16,426,OH,RDU,11
-7,5,11,7,13,94,OH,PHL,11
-4,5,11,7,12,145,OH,ALB,11
-5,5,11,7,18,213,OH,DCA,11
-10,5,11,7,19,740,OH,ORD,11
40,5,11,7,16,740,OH,ORD,11
0,5,11,7,16,483,OH,CMH,11
0,5,11,7,10,187,OH,BOS,11
0,5,11,7,14,187,OH,BOS,11
0,5,11,7,21,187,OH,BOS,11
0,5,11,7,20,267,OH,BTV,11
-2,5,11,7,20,589,OH,CVG,11
-5,5,11,7,13,589,OH,CVG,11
-5,5,11,7,14,267,OH,BTV,11
55,5,11,7,19,187,OH,BOS,11
0,5,11,7,16,508,OH,DTW,11
0,5,11,7,16,340,OH,PIT,11
-10,5,11,7,15,425,OH,CLE,11
0,5,11,7,15,184,OH,BWI,11
-5,5,11,7,9,740,OH,ORD,11
-3,5,12,1,12,213,OH,DCA,10
100,5,12,1,11,760,OH,ATL,10
-5,5,12,1,19,508,OH,DTW,10
0,5,12,1,13,264,OH,ROC,10
-3,5,12,1,9,267,OH,BTV,10
-5,5,12,1,9,425,OH,CLE,10
0,5,12,1,14,106,OH,BDL,10
-9,5,12,1,14,288,OH,RIC,10
0,5,12,1,8,213,OH,DCA,10
-5,5,12,1,18,1522,OH,AUS,10
12,5,12,1,8,508,OH,DTW,10
0,5,12,1,16,426,OH,RDU,10
65,5,12,1,13,94,OH,PHL,10
-10,5,12,1,12,145,OH,ALB,10
0,5,12,1,19,740,OH,ORD,10
0,5,12,1,8,288,OH,RIC,10
20,5,12,1,18,106,OH,BDL,10
0,5,12,1,7,740,OH,ORD,10
55,5,12,1,16,740,OH,ORD,10
-5,5,12,1,16,483,OH,CMH,10
0,5,12,1,9,187,OH,BOS,10
-10,5,12,1,10,187,OH,BOS,10
45,5,12,1,14,187,OH,BOS,10
16,5,12,1,21,187,OH,BOS,10
30,5,12,1,20,267,OH,BTV,10
-10,5,12,1,20,589,OH,CVG,10
0,5,12,1,13,589,OH,CVG,10
35,5,12,1,14,267,OH,BTV,10
8,5,12,1,13,301,OH,BUF,10
50,5,12,1,19,187,OH,BOS,10
33,5,12,1,16,508,OH,DTW,10
100,5,12,1,16,340,OH,PIT,10
0,5,12,1,15,425,OH,CLE,10
18,5,12,1,15,184,OH,BWI,10
-9,5,13,2,12,213,OH,DCA,9
-5,5,13,2,20,264,OH,ROC,9
15,5,13,2,11,760,OH,ATL,9
100,5,13,2,19,508,OH,DTW,9
60,5,13,2,13,264,OH,ROC,9
0,5,13,2,9,267,OH,BTV,9
0,5,13,2,9,425,OH,CLE,9
-5,5,13,2,14,288,OH,RIC,9
-10,5,13,2,19,144,OH,PVD,9
-5,5,13,2,8,213,OH,DCA,9
0,5,13,2,18,1522,OH,AUS,9
0,5,13,2,18,425,OH,CLE,9
-10,5,13,2,8,508,OH,DTW,9
-10,5,13,2,16,426,OH,RDU,9
-5,5,13,2,13,589,OH,CVG,9
0,5,13,2,13,94,OH,PHL,9
-10,5,13,2,12,145,OH,ALB,9
-10,5,13,2,18,213,OH,DCA,9
-10,5,13,2,19,740,OH,ORD,9
-5,5,13,2,8,288,OH,RIC,9
-5,5,13,2,7,740,OH,ORD,9
0,5,13,2,16,740,OH,ORD,9
-5,5,13,2,16,483,OH,CMH,9
-5,5,13,2,9,187,OH,BOS,9
-5,5,13,2,10,187,OH,BOS,9
0,5,13,2,14,187,OH,BOS,9
-4,5,13,2,21,187,OH,BOS,9
0,5,13,2,20,267,OH,BTV,9
-10,5,13,2,20,589,OH,CVG,9
-10,5,13,2,14,267,OH,BTV,9
0,5,13,2,13,301,OH,BUF,9
10,5,13,2,19,187,OH,BOS,9
-7,5,13,2,16,508,OH,DTW,9
15,5,13,2,16,340,OH,PIT,9
-5,5,13,2,15,425,OH,CLE,9
-5,5,13,2,15,184,OH,BWI,9
-10,5,14,3,12,213,OH,DCA,8
12,5,14,3,20,264,OH,ROC,8
10,5,14,3,11,760,OH,ATL,8
0,5,14,3,19,508,OH,DTW,8
-7,5,14,3,13,264,OH,ROC,8
-10,5,14,3,9,267,OH,BTV,8
-10,5,14,3,9,425,OH,CLE,8
-4,5,14,3,14,106,OH,BDL,8
-12,5,14,3,14,288,OH,RIC,8
-10,5,14,3,19,144,OH,PVD,8
0,5,14,3,8,213,OH,DCA,8
-5,5,14,3,18,1522,OH,AUS,8
0,5,14,3,18,425,OH,CLE,8
-7,5,14,3,8,508,OH,DTW,8
0,5,14,3,16,426,OH,RDU,8
-10,5,14,3,13,94,OH,PHL,8
-7,5,14,3,12,145,OH,ALB,8
-8,5,14,3,18,213,OH,DCA,8
-5,5,14,3,19,740,OH,ORD,8
-10,5,14,3,8,288,OH,RIC,8
-10,5,14,3,18,106,OH,BDL,8
55,5,14,3,7,740,OH,ORD,8
45,5,14,3,16,740,OH,ORD,8
-5,5,14,3,16,483,OH,CMH,8
-5,5,14,3,9,187,OH,BOS,8
-5,5,14,3,10,187,OH,BOS,8
17,5,14,3,14,187,OH,BOS,8
-10,5,14,3,21,187,OH,BOS,8
17,5,14,3,20,267,OH,BTV,8
-4,5,14,3,20,589,OH,CVG,8
0,5,14,3,13,589,OH,CVG,8
0,5,14,3,14,267,OH,BTV,8
-4,5,14,3,13,301,OH,BUF,8
0,5,14,3,19,187,OH,BOS,8
23,5,14,3,16,508,OH,DTW,8
0,5,14,3,16,340,OH,PIT,8
-6,5,14,3,15,425,OH,CLE,8
0,5,14,3,15,184,OH,BWI,8
-5,5,15,4,12,213,OH,DCA,7
157,5,15,4,18,11,OH,LGA,7
35,5,15,4,20,264,OH,ROC,7
-5,5,15,4,11,760,OH,ATL,7
10,5,15,4,19,508,OH,DTW,7
54,5,15,4,13,264,OH,ROC,7
-10,5,15,4,9,267,OH,BTV,7
50,5,15,4,9,425,OH,CLE,7
0,5,15,4,14,106,OH,BDL,7
-4,5,15,4,14,288,OH,RIC,7
-5,5,15,4,19,144,OH,PVD,7
15,5,15,4,8,213,OH,DCA,7
0,5,15,4,18,1522,OH,AUS,7
-5,5,15,4,18,425,OH,CLE,7
0,5,15,4,8,508,OH,DTW,7
-10,5,15,4,16,426,OH,RDU,7
-5,5,15,4,13,94,OH,PHL,7
-15,5,15,4,12,145,OH,ALB,7
-5,5,15,4,18,213,OH,DCA,7
0,5,15,4,19,740,OH,ORD,7
-2,5,15,4,8,288,OH,RIC,7
0,5,15,4,18,106,OH,BDL,7
-5,5,15,4,7,740,OH,ORD,7
30,5,15,4,16,740,OH,ORD,7
-10,5,15,4,16,483,OH,CMH,7
-5,5,15,4,9,187,OH,BOS,7
0,5,15,4,10,187,OH,BOS,7
15,5,15,4,14,187,OH,BOS,7
11,5,15,4,21,187,OH,BOS,7
5,5,15,4,20,267,OH,BTV,7
30,5,15,4,20,589,OH,CVG,7
0,5,15,4,13,589,OH,CVG,7
110,5,15,4,14,267,OH,BTV,7
9,5,15,4,13,301,OH,BUF,7
25,5,15,4,19,187,OH,BOS,7
0,5,15,4,16,508,OH,DTW,7
-5,5,15,4,16,340,OH,PIT,7
-4,5,15,4,15,425,OH,CLE,7
0,5,15,4,15,184,OH,BWI,7
0,5,16,5,12,213,OH,DCA,6
126,5,16,5,20,264,OH,ROC,6
45,5,16,5,11,760,OH,ATL,6
85,5,16,5,19,508,OH,DTW,6
0,5,16,5,13,264,OH,ROC,6
-10,5,16,5,9,267,OH,BTV,6
30,5,16,5,9,425,OH,CLE,6
-9,5,16,5,14,106,OH,BDL,6
0,5,16,5,14,288,OH,RIC,6
55,5,16,5,19,144,OH,PVD,6
0,5,16,5,8,213,OH,DCA,6
98,5,16,5,18,1522,OH,AUS,6
0,5,16,5,18,425,OH,CLE,6
195,5,16,5,8,508,OH,DTW,6
13,5,16,5,16,426,OH,RDU,6
0,5,16,5,13,94,OH,PHL,6
-10,5,16,5,12,145,OH,ALB,6
0,5,16,5,18,213,OH,DCA,6
60,5,16,5,19,740,OH,ORD,6
-5,5,16,5,8,288,OH,RIC,6
120,5,16,5,18,106,OH,BDL,6
10,5,16,5,7,740,OH,ORD,6
14,5,16,5,16,740,OH,ORD,6
0,5,16,5,16,483,OH,CMH,6
0,5,16,5,9,187,OH,BOS,6
0,5,16,5,10,187,OH,BOS,6
35,5,16,5,14,187,OH,BOS,6
71,5,16,5,21,187,OH,BOS,6
125,5,16,5,20,267,OH,BTV,6
84,5,16,5,20,589,OH,CVG,6
51,5,16,5,13,589,OH,CVG,6
0,5,16,5,14,267,OH,BTV,6
55,5,16,5,13,301,OH,BUF,6
130,5,16,5,19,187,OH,BOS,6
23,5,16,5,16,508,OH,DTW,6
49,5,16,5,16,340,OH,PIT,6
28,5,16,5,15,425,OH,CLE,6
48,5,16,5,15,184,OH,BWI,6
15,5,17,6,19,508,OH,DTW,5
-7,5,17,6,9,483,OH,CMH,5
10,5,17,6,9,267,OH,BTV,5
-5,5,17,6,9,425,OH,CLE,5
-10,5,17,6,14,94,OH,PHL,5
0,5,17,6,13,264,OH,ROC,5
-7,5,17,6,19,144,OH,PVD,5
-5,5,17,6,8,213,OH,DCA,5
0,5,17,6,18,1522,OH,AUS,5
15,5,17,6,18,425,OH,CLE,5
-5,5,17,6,9,740,OH,ORD,5
0,5,17,6,16,740,OH,ORD,5
-5,5,17,6,13,144,OH,PVD,5
0,5,17,6,16,426,OH,RDU,5
80,5,17,6,19,340,OH,PIT,5
-10,5,17,6,12,145,OH,ALB,5
5,5,17,6,18,213,OH,DCA,5
0,5,17,6,19,740,OH,ORD,5
-10,5,17,6,8,288,OH,RIC,5
-2,5,17,6,12,213,OH,DCA,5
0,5,17,6,7,740,OH,ORD,5
-5,5,17,6,16,483,OH,CMH,5
-10,5,17,6,18,184,OH,BWI,5
-5,5,17,6,13,209,OH,SYR,5
0,5,17,6,10,187,OH,BOS,5
-10,5,17,6,20,267,OH,BTV,5
0,5,17,6,20,589,OH,CVG,5
-5,5,17,6,14,267,OH,BTV,5
0,5,17,6,19,187,OH,BOS,5
0,5,17,6,16,508,OH,DTW,5
-5,5,17,6,15,425,OH,CLE,5
4,5,17,6,18,145,OH,ALB,5
-10,5,17,6,11,760,OH,ATL,5
0,5,18,7,19,508,OH,DTW,4
0,5,18,7,8,483,OH,CMH,4
-10,5,18,7,12,289,OH,ORF,4
-10,5,18,7,14,106,OH,BDL,4
-5,5,18,7,14,288,OH,RIC,4
17,5,18,7,19,144,OH,PVD,4
-7,5,18,7,8,213,OH,DCA,4
190,5,18,7,18,1522,OH,AUS,4
-10,5,18,7,18,425,OH,CLE,4
-5,5,18,7,16,426,OH,RDU,4
125,5,18,7,13,94,OH,PHL,4
-10,5,18,7,12,145,OH,ALB,4
-5,5,18,7,18,213,OH,DCA,4
0,5,18,7,19,740,OH,ORD,4
-5,5,18,7,12,213,OH,DCA,4
0,5,18,7,16,740,OH,ORD,4
-10,5,18,7,16,483,OH,CMH,4
-3,5,18,7,10,187,OH,BOS,4
165,5,18,7,14,187,OH,BOS,4
0,5,18,7,21,187,OH,BOS,4
-5,5,18,7,20,267,OH,BTV,4
-5,5,18,7,20,589,OH,CVG,4
0,5,18,7,13,589,OH,CVG,4
0,5,18,7,14,267,OH,BTV,4
5,5,18,7,19,187,OH,BOS,4
18,5,18,7,16,508,OH,DTW,4
-5,5,18,7,16,340,OH,PIT,4
-5,5,18,7,15,425,OH,CLE,4
-7,5,18,7,15,184,OH,BWI,4
15,5,18,7,9,740,OH,ORD,4
0,5,18,7,19,209,OH,SYR,4
0,5,18,7,20,264,OH,ROC,4
50,5,19,1,19,508,OH,DTW,3
-3,5,19,1,13,264,OH,ROC,3
-5,5,19,1,9,267,OH,BTV,3
-7,5,19,1,9,425,OH,CLE,3
-9,5,19,1,14,106,OH,BDL,3
-6,5,19,1,14,288,OH,RIC,3
30,5,19,1,19,144,OH,PVD,3
-10,5,19,1,8,213,OH,DCA,3
0,5,19,1,18,1522,OH,AUS,3
0,5,19,1,18,425,OH,CLE,3
0,5,19,1,8,508,OH,DTW,3
0,5,19,1,16,426,OH,RDU,3
-5,5,19,1,13,94,OH,PHL,3
-9,5,19,1,12,145,OH,ALB,3
-5,5,19,1,18,213,OH,DCA,3
0,5,19,1,19,740,OH,ORD,3
0,5,19,1,8,288,OH,RIC,3
-5,5,19,1,18,106,OH,BDL,3
-2,5,19,1,12,213,OH,DCA,3
0,5,19,1,7,740,OH,ORD,3
40,5,19,1,16,740,OH,ORD,3
-5,5,19,1,16,483,OH,CMH,3
-2,5,19,1,9,187,OH,BOS,3
-7,5,19,1,10,187,OH,BOS,3
18,5,19,1,14,187,OH,BOS,3
11,5,19,1,21,187,OH,BOS,3
85,5,19,1,20,267,OH,BTV,3
35,5,19,1,20,589,OH,CVG,3
49,5,19,1,13,589,OH,CVG,3
0,5,19,1,14,267,OH,BTV,3
0,5,19,1,13,301,OH,BUF,3
0,5,19,1,19,187,OH,BOS,3
0,5,19,1,16,508,OH,DTW,3
-5,5,19,1,16,340,OH,PIT,3
-5,5,19,1,15,425,OH,CLE,3
0,5,19,1,15,184,OH,BWI,3
0,5,19,1,20,264,OH,ROC,3
0,5,19,1,11,760,OH,ATL,3
0,5,20,2,19,508,OH,DTW,2
-10,5,20,2,13,264,OH,ROC,2
0,5,20,2,9,267,OH,BTV,2
-8,5,20,2,9,425,OH,CLE,2
-4,5,20,2,14,288,OH,RIC,2
5,5,20,2,19,144,OH,PVD,2
-5,5,20,2,8,213,OH,DCA,2
39,5,20,2,18,1522,OH,AUS,2
-10,5,20,2,18,425,OH,CLE,2
0,5,20,2,8,508,OH,DTW,2
0,5,20,2,16,426,OH,RDU,2
10,5,20,2,13,589,OH,CVG,2
125,5,20,2,13,94,OH,PHL,2
0,5,20,2,12,145,OH,ALB,2
102,5,20,2,18,213,OH,DCA,2
30,5,20,2,19,740,OH,ORD,2
-7,5,20,2,8,288,OH,RIC,2
-10,5,20,2,12,213,OH,DCA,2
-10,5,20,2,7,740,OH,ORD,2
-5,5,20,2,16,740,OH,ORD,2
80,5,20,2,16,483,OH,CMH,2
0,5,20,2,9,187,OH,BOS,2
-4,5,20,2,10,187,OH,BOS,2
1,5,20,2,14,187,OH,BOS,2
71,5,20,2,21,187,OH,BOS,2
68,5,20,2,20,267,OH,BTV,2
-2,5,20,2,20,589,OH,CVG,2
25,5,20,2,14,267,OH,BTV,2
5,5,20,2,13,301,OH,BUF,2
0,5,20,2,19,187,OH,BOS,2
0,5,20,2,16,508,OH,DTW,2
0,5,20,2,16,340,OH,PIT,2
0,5,20,2,15,425,OH,CLE,2
0,5,20,2,15,184,OH,BWI,2
55,5,20,2,20,264,OH,ROC,2
-10,5,20,2,11,760,OH,ATL,2
0,5,21,3,19,508,OH,DTW,1
-5,5,21,3,13,264,OH,ROC,1
-10,5,21,3,9,267,OH,BTV,1
-10,5,21,3,9,425,OH,CLE,1
-5,5,21,3,14,106,OH,BDL,1
-10,5,21,3,14,288,OH,RIC,1
-10,5,21,3,19,144,OH,PVD,1
0,5,21,3,8,213,OH,DCA,1
-5,5,21,3,18,1522,OH,AUS,1
-5,5,21,3,18,425,OH,CLE,1
-10,5,21,3,8,508,OH,DTW,1
-10,5,21,3,16,426,OH,RDU,1
-8,5,21,3,13,94,OH,PHL,1
0,5,21,3,12,145,OH,ALB,1
-10,5,21,3,18,213,OH,DCA,1
-5,5,21,3,19,740,OH,ORD,1
-10,5,21,3,8,288,OH,RIC,1
-10,5,21,3,18,106,OH,BDL,1
0,5,21,3,12,213,OH,DCA,1
-5,5,21,3,7,740,OH,ORD,1
25,5,21,3,16,740,OH,ORD,1
-7,5,21,3,16,483,OH,CMH,1
-8,5,21,3,9,187,OH,BOS,1
-5,5,21,3,10,187,OH,BOS,1
25,5,21,3,14,187,OH,BOS,1
-9,5,21,3,21,187,OH,BOS,1
-5,5,21,3,20,267,OH,BTV,1
-10,5,21,3,20,589,OH,CVG,1
-5,5,21,3,13,589,OH,CVG,1
5,5,21,3,14,267,OH,BTV,1
20,5,21,3,13,301,OH,BUF,1
40,5,21,3,19,187,OH,BOS,1
0,5,21,3,16,508,OH,DTW,1
0,5,21,3,16,340,OH,PIT,1
0,5,21,3,15,425,OH,CLE,1
33,5,21,3,15,184,OH,BWI,1
0,5,21,3,20,264,OH,ROC,1
-10,5,21,3,11,760,OH,ATL,1
100,5,22,4,19,508,OH,DTW,0
-9,5,22,4,13,264,OH,ROC,0
-5,5,22,4,9,267,OH,BTV,0
0,5,22,4,9,425,OH,CLE,0
0,5,22,4,14,106,OH,BDL,0
0,5,22,4,14,288,OH,RIC,0
15,5,22,4,19,144,OH,PVD,0
0,5,22,4,8,213,OH,DCA,0
80,5,22,4,18,1522,OH,AUS,0
-5,5,22,4,18,425,OH,CLE,0
-5,5,22,4,8,508,OH,DTW,0
0,5,22,4,16,426,OH,RDU,0
-5,5,22,4,13,94,OH,PHL,0
-5,5,22,4,12,145,OH,ALB,0
-5,5,22,4,18,213,OH,DCA,0
10,5,22,4,19,740,OH,ORD,0
-10,5,22,4,8,288,OH,RIC,0
-5,5,22,4,18,106,OH,BDL,0
-5,5,22,4,12,213,OH,DCA,0
-10,5,22,4,7,740,OH,ORD,0
0,5,22,4,16,740,OH,ORD,0
-5,5,22,4,16,483,OH,CMH,0
0,5,22,4,9,187,OH,BOS,0
-5,5,22,4,10,187,OH,BOS,0
29,5,22,4,14,187,OH,BOS,0
24,5,22,4,21,187,OH,BOS,0
75,5,22,4,20,267,OH,BTV,0
-10,5,22,4,20,589,OH,CVG,0
-3,5,22,4,13,589,OH,CVG,0
0,5,22,4,14,267,OH,BTV,0
45,5,22,4,13,301,OH,BUF,0
-5,5,22,4,19,187,OH,BOS,0
98,5,22,4,16,508,OH,DTW,0
70,5,22,4,16,340,OH,PIT,0
100,5,22,4,15,425,OH,CLE,0
0,5,22,4,15,184,OH,BWI,0
80,5,22,4,20,264,OH,ROC,0
0,5,22,4,11,760,OH,ATL,0
0,5,23,5,19,508,OH,DTW,1
-5,5,23,5,13,264,OH,ROC,1
0,5,23,5,9,267,OH,BTV,1
0,5,23,5,9,425,OH,CLE,1
-7,5,23,5,14,106,OH,BDL,1
0,5,23,5,14,288,OH,RIC,1
0,5,23,5,19,144,OH,PVD,1
-10,5,23,5,8,213,OH,DCA,1
0,5,23,5,18,1522,OH,AUS,1
0,5,23,5,18,425,OH,CLE,1
0,5,23,5,8,508,OH,DTW,1
0,5,23,5,16,426,OH,RDU,1
0,5,23,5,13,94,OH,PHL,1
-5,5,23,5,12,145,OH,ALB,1
-10,5,23,5,18,213,OH,DCA,1
0,5,23,5,19,740,OH,ORD,1
-5,5,23,5,8,288,OH,RIC,1
-5,5,23,5,18,106,OH,BDL,1
-10,5,23,5,12,213,OH,DCA,1
0,5,23,5,7,740,OH,ORD,1
0,5,23,5,16,740,OH,ORD,1
-6,5,23,5,16,483,OH,CMH,1
-1,5,23,5,9,187,OH,BOS,1
-5,5,23,5,10,187,OH,BOS,1
30,5,23,5,14,187,OH,BOS,1
41,5,23,5,21,187,OH,BOS,1
19,5,23,5,20,267,OH,BTV,1
0,5,23,5,20,589,OH,CVG,1
-5,5,23,5,13,589,OH,CVG,1
25,5,23,5,14,267,OH,BTV,1
47,5,23,5,13,301,OH,BUF,1
95,5,23,5,19,187,OH,BOS,1
40,5,23,5,16,508,OH,DTW,1
-3,5,23,5,16,340,OH,PIT,1
38,5,23,5,15,425,OH,CLE,1
-5,5,23,5,15,184,OH,BWI,1
58,5,23,5,20,264,OH,ROC,1
25,5,23,5,11,760,OH,ATL,1
0,5,24,6,19,508,OH,DTW,2
10,5,24,6,9,483,OH,CMH,2
-5,5,24,6,9,267,OH,BTV,2
0,5,24,6,9,425,OH,CLE,2
0,5,24,6,14,94,OH,PHL,2
15,5,24,6,13,264,OH,ROC,2
25,5,24,6,19,144,OH,PVD,2
-8,5,24,6,8,213,OH,DCA,2
0,5,24,6,18,1522,OH,AUS,2
-5,5,24,6,18,425,OH,CLE,2
-3,5,24,6,9,740,OH,ORD,2
60,5,24,6,16,740,OH,ORD,2
0,5,24,6,13,144,OH,PVD,2
0,5,24,6,16,426,OH,RDU,2
30,5,24,6,19,340,OH,PIT,2
-5,5,24,6,12,145,OH,ALB,2
-3,5,24,6,18,213,OH,DCA,2
-5,5,24,6,19,740,OH,ORD,2
0,5,24,6,8,288,OH,RIC,2
-5,5,24,6,19,483,OH,CMH,2
0,5,24,6,12,213,OH,DCA,2
0,5,24,6,7,740,OH,ORD,2
-10,5,24,6,18,184,OH,BWI,2
-10,5,24,6,13,209,OH,SYR,2
-8,5,24,6,10,187,OH,BOS,2
0,5,24,6,20,267,OH,BTV,2
0,5,24,6,20,589,OH,CVG,2
0,5,24,6,14,267,OH,BTV,2
25,5,24,6,19,187,OH,BOS,2
21,5,24,6,16,508,OH,DTW,2
10,5,24,6,15,425,OH,CLE,2
-5,5,24,6,11,760,OH,ATL,2
0,5,25,7,19,508,OH,DTW,1
-5,5,25,7,8,289,OH,ORF,1
-10,5,25,7,9,483,OH,CMH,1
0,5,25,7,12,184,OH,BWI,1
30,5,25,7,19,144,OH,PVD,1
-1,5,25,7,8,213,OH,DCA,1
25,5,25,7,18,1522,OH,AUS,1
-5,5,25,7,18,425,OH,CLE,1
-7,5,25,7,9,740,OH,ORD,1
-5,5,25,7,16,740,OH,ORD,1
0,5,25,7,16,426,OH,RDU,1
-10,5,25,7,14,94,OH,PHL,1
0,5,25,7,19,340,OH,PIT,1
-7,5,25,7,12,145,OH,ALB,1
-10,5,25,7,18,213,OH,DCA,1
0,5,25,7,19,740,OH,ORD,1
0,5,25,7,12,288,OH,RIC,1
0,5,25,7,14,187,OH,BOS,1
-9,5,25,7,12,213,OH,DCA,1
-8,5,25,7,13,264,OH,ROC,1
-10,5,25,7,16,483,OH,CMH,1
0,5,25,7,18,184,OH,BWI,1
-8,5,25,7,20,267,OH,BTV,1
35,5,25,7,20,589,OH,CVG,1
0,5,25,7,14,267,OH,BTV,1
0,5,25,7,19,187,OH,BOS,1
-3,5,25,7,16,508,OH,DTW,1
-8,5,25,7,15,425,OH,CLE,1
-5,5,25,7,18,145,OH,ALB,1
0,5,25,7,11,760,OH,ATL,1
0,5,26,1,19,508,OH,DTW,0
-7,5,26,1,8,483,OH,CMH,0
-9,5,26,1,14,106,OH,BDL,0
-9,5,26,1,14,288,OH,RIC,0
30,5,26,1,19,144,OH,PVD,0
-2,5,26,1,8,213,OH,DCA,0
20,5,26,1,18,1522,OH,AUS,0
-5,5,26,1,18,425,OH,CLE,0
0,5,26,1,12,740,OH,ORD,0
0,5,26,1,16,426,OH,RDU,0
-10,5,26,1,12,145,OH,ALB,0
-10,5,26,1,18,213,OH,DCA,0
-10,5,26,1,19,740,OH,ORD,0
-5,5,26,1,18,106,OH,BDL,0
0,5,26,1,12,213,OH,DCA,0
10,5,26,1,16,740,OH,ORD,0
0,5,26,1,16,483,OH,CMH,0
-10,5,26,1,10,187,OH,BOS,0
-5,5,26,1,14,187,OH,BOS,0
-9,5,26,1,21,187,OH,BOS,0
-5,5,26,1,20,267,OH,BTV,0
0,5,26,1,20,589,OH,CVG,0
-2,5,26,1,13,589,OH,CVG,0
-5,5,26,1,14,267,OH,BTV,0
50,5,26,1,19,187,OH,BOS,0
0,5,26,1,16,508,OH,DTW,0
-2,5,26,1,16,340,OH,PIT,0
-5,5,26,1,15,425,OH,CLE,0
-5,5,26,1,9,740,OH,ORD,0
0,5,26,1,20,264,OH,ROC,0
-10,5,26,1,11,760,OH,ATL,0
-5,5,27,2,19,508,OH,DTW,1
0,5,27,2,13,264,OH,ROC,1
0,5,27,2,9,267,OH,BTV,1
7,5,27,2,9,425,OH,CLE,1
-3,5,27,2,14,106,OH,BDL,1
10,5,27,2,14,288,OH,RIC,1
0,5,27,2,8,213,OH,DCA,1
-10,5,27,2,8,508,OH,DTW,1
-10,5,27,2,16,426,OH,RDU,1
25,5,27,2,13,94,OH,PHL,1
-5,5,27,2,12,145,OH,ALB,1
-5,5,27,2,18,213,OH,DCA,1
-2,5,27,2,8,288,OH,RIC,1
143,5,27,2,18,106,OH,BDL,1
-5,5,27,2,12,213,OH,DCA,1
-7,5,27,2,7,740,OH,ORD,1
35,5,27,2,16,740,OH,ORD,1
0,5,27,2,16,483,OH,CMH,1
-10,5,27,2,9,187,OH,BOS,1
0,5,27,2,10,187,OH,BOS,1
405,5,27,2,14,187,OH,BOS,1
0,5,27,2,21,187,OH,BOS,1
-10,5,27,2,20,267,OH,BTV,1
0,5,27,2,13,589,OH,CVG,1
20,5,27,2,14,267,OH,BTV,1
7,5,27,2,13,301,OH,BUF,1
-4,5,27,2,16,508,OH,DTW,1
0,5,27,2,16,340,OH,PIT,1
-5,5,27,2,15,425,OH,CLE,1
-7,5,27,2,15,184,OH,BWI,1
-6,5,27,2,20,264,OH,ROC,1
0,5,27,2,11,760,OH,ATL,1
0,5,28,3,19,508,OH,DTW,2
-8,5,28,3,13,264,OH,ROC,2
0,5,28,3,9,267,OH,BTV,2
0,5,28,3,9,425,OH,CLE,2
-10,5,28,3,14,106,OH,BDL,2
0,5,28,3,14,288,OH,RIC,2
-5,5,28,3,19,144,OH,PVD,2
-2,5,28,3,8,213,OH,DCA,2
10,5,28,3,18,1522,OH,AUS,2
0,5,28,3,18,425,OH,CLE,2
-10,5,28,3,8,508,OH,DTW,2
-5,5,28,3,16,426,OH,RDU,2
0,5,28,3,13,94,OH,PHL,2
-10,5,28,3,12,145,OH,ALB,2
0,5,28,3,18,213,OH,DCA,2
-5,5,28,3,19,740,OH,ORD,2
0,5,28,3,8,288,OH,RIC,2
-10,5,28,3,18,106,OH,BDL,2
0,5,28,3,12,213,OH,DCA,2
0,5,28,3,7,740,OH,ORD,2
12,5,28,3,16,740,OH,ORD,2
-4,5,28,3,16,483,OH,CMH,2
80,5,28,3,9,187,OH,BOS,2
0,5,28,3,10,187,OH,BOS,2
48,5,28,3,14,187,OH,BOS,2
-4,5,28,3,21,187,OH,BOS,2
0,5,28,3,20,267,OH,BTV,2
-5,5,28,3,20,589,OH,CVG,2
-3,5,28,3,13,589,OH,CVG,2
-10,5,28,3,14,267,OH,BTV,2
41,5,28,3,13,301,OH,BUF,2
65,5,28,3,19,187,OH,BOS,2
0,5,28,3,16,508,OH,DTW,2
0,5,28,3,16,340,OH,PIT,2
-5,5,28,3,15,425,OH,CLE,2
-7,5,28,3,15,184,OH,BWI,2
20,5,28,3,20,264,OH,ROC,2
25,5,28,3,11,760,OH,ATL,2
25,5,29,4,19,508,OH,DTW,3
-10,5,29,4,13,264,OH,ROC,3
-10,5,29,4,9,267,OH,BTV,3
-10,5,29,4,9,425,OH,CLE,3
-6,5,29,4,14,106,OH,BDL,3
0,5,29,4,14,288,OH,RIC,3
-9,5,29,4,19,144,OH,PVD,3
0,5,29,4,8,213,OH,DCA,3
0,5,29,4,18,1522,OH,AUS,3
-5,5,29,4,18,425,OH,CLE,3
-5,5,29,4,8,508,OH,DTW,3
-5,5,29,4,16,426,OH,RDU,3
0,5,29,4,13,94,OH,PHL,3
-10,5,29,4,12,145,OH,ALB,3
24,5,29,4,18,213,OH,DCA,3
-2,5,29,4,19,740,OH,ORD,3
-5,5,29,4,8,288,OH,RIC,3
-5,5,29,4,18,106,OH,BDL,3
-10,5,29,4,12,213,OH,DCA,3
0,5,29,4,7,740,OH,ORD,3
0,5,29,4,16,740,OH,ORD,3
0,5,29,4,16,483,OH,CMH,3
-10,5,29,4,9,187,OH,BOS,3
0,5,29,4,10,187,OH,BOS,3
0,5,29,4,14,187,OH,BOS,3
-10,5,29,4,21,187,OH,BOS,3
10,5,29,4,20,267,OH,BTV,3
0,5,29,4,20,589,OH,CVG,3
-10,5,29,4,13,589,OH,CVG,3
0,5,29,4,14,267,OH,BTV,3
15,5,29,4,13,301,OH,BUF,3
7,5,29,4,19,187,OH,BOS,3
-2,5,29,4,16,508,OH,DTW,3
0,5,29,4,16,340,OH,PIT,3
-2,5,29,4,15,425,OH,CLE,3
0,5,29,4,15,184,OH,BWI,3
0,5,29,4,20,264,OH,ROC,3
-10,5,29,4,11,760,OH,ATL,3
-10,5,30,5,19,508,OH,DTW,4
-10,5,30,5,13,264,OH,ROC,4
-10,5,30,5,9,267,OH,BTV,4
14,5,30,5,9,425,OH,CLE,4
0,5,30,5,14,106,OH,BDL,4
-4,5,30,5,14,288,OH,RIC,4
-10,5,30,5,19,144,OH,PVD,4
-2,5,30,5,8,213,OH,DCA,4
0,5,30,5,18,1522,OH,AUS,4
-10,5,30,5,18,425,OH,CLE,4
-10,5,30,5,8,508,OH,DTW,4
-5,5,30,5,16,426,OH,RDU,4
-5,5,30,5,13,94,OH,PHL,4
-1,5,30,5,12,145,OH,ALB,4
-5,5,30,5,18,213,OH,DCA,4
0,5,30,5,19,740,OH,ORD,4
0,5,30,5,8,288,OH,RIC,4
-10,5,30,5,18,106,OH,BDL,4
0,5,30,5,12,213,OH,DCA,4
-5,5,30,5,7,740,OH,ORD,4
12,5,30,5,16,740,OH,ORD,4
0,5,30,5,16,483,OH,CMH,4
-1,5,30,5,9,187,OH,BOS,4
-6,5,30,5,10,187,OH,BOS,4
0,5,30,5,14,187,OH,BOS,4
-3,5,30,5,21,187,OH,BOS,4
-5,5,30,5,20,267,OH,BTV,4
-10,5,30,5,20,589,OH,CVG,4
0,5,30,5,13,589,OH,CVG,4
0,5,30,5,14,267,OH,BTV,4
20,5,30,5,13,301,OH,BUF,4
0,5,30,5,19,187,OH,BOS,4
71,5,30,5,16,508,OH,DTW,4
-10,5,30,5,16,340,OH,PIT,4
-10,5,30,5,15,425,OH,CLE,4
-2,5,30,5,15,184,OH,BWI,4
-10,5,30,5,20,264,OH,ROC,4
22,5,30,5,11,760,OH,ATL,4
223,5,31,6,19,508,OH,DTW,5
-3,5,31,6,9,483,OH,CMH,5
-7,5,31,6,9,267,OH,BTV,5
-5,5,31,6,9,425,OH,CLE,5
130,5,31,6,14,94,OH,PHL,5
25,5,31,6,13,264,OH,ROC,5
190,5,31,6,19,144,OH,PVD,5
0,5,31,6,8,213,OH,DCA,5
0,5,31,6,18,1522,OH,AUS,5
239,5,31,6,18,425,OH,CLE,5
0,5,31,6,9,740,OH,ORD,5
155,5,31,6,16,740,OH,ORD,5
80,5,31,6,13,144,OH,PVD,5
0,5,31,6,16,426,OH,RDU,5
25,5,31,6,19,340,OH,PIT,5
-8,5,31,6,12,145,OH,ALB,5
0,5,31,6,18,213,OH,DCA,5
-10,5,31,6,19,740,OH,ORD,5
0,5,31,6,8,288,OH,RIC,5
0,5,31,6,12,213,OH,DCA,5
0,5,31,6,7,740,OH,ORD,5
105,5,31,6,16,483,OH,CMH,5
20,5,31,6,18,184,OH,BWI,5
65,5,31,6,13,209,OH,SYR,5
-6,5,31,6,10,187,OH,BOS,5
193,5,31,6,20,267,OH,BTV,5
200,5,31,6,20,589,OH,CVG,5
150,5,31,6,14,267,OH,BTV,5
13,5,31,6,19,187,OH,BOS,5
121,5,31,6,16,508,OH,DTW,5
130,5,31,6,15,425,OH,CLE,5
190,5,31,6,18,145,OH,ALB,5
-10,5,31,6,11,760,OH,ATL,5
0,5,1,4,6,2586,UA,SFO,21
19,5,2,5,6,2586,UA,SFO,20
-2,5,3,6,6,2586,UA,SFO,19
58,5,4,7,6,2586,UA,SFO,18
-6,5,5,1,6,2586,UA,SFO,17
-2,5,6,2,6,2586,UA,SFO,16
-3,5,7,3,6,2586,UA,SFO,15
-1,5,8,4,6,2586,UA,SFO,14
32,5,9,5,6,2586,UA,SFO,13
-3,5,10,6,6,2586,UA,SFO,12
22,5,11,7,6,2586,UA,SFO,11
1,5,12,1,6,2586,UA,SFO,10
1,5,13,2,6,2586,UA,SFO,9
-4,5,14,3,6,2586,UA,SFO,8
4,5,15,4,6,2586,UA,SFO,7
7,5,16,5,6,2586,UA,SFO,6
144,5,17,6,6,2586,UA,SFO,5
-1,5,18,7,6,2586,UA,SFO,4
-4,5,19,1,6,2586,UA,SFO,3
-5,5,20,2,6,2586,UA,SFO,2
16,5,21,3,6,2586,UA,SFO,1
-7,5,22,4,6,2586,UA,SFO,0
39,5,23,5,6,2586,UA,SFO,1
1,5,24,6,6,2586,UA,SFO,2
22,5,1,4,21,2586,UA,SFO,21
20,5,2,5,21,2586,UA,SFO,20
-2,5,4,7,21,2586,UA,SFO,18
-7,5,5,1,21,2586,UA,SFO,17
-2,5,6,2,21,2586,UA,SFO,16
14,5,7,3,21,2586,UA,SFO,15
-9,5,8,4,21,2586,UA,SFO,14
96,5,9,5,21,2586,UA,SFO,13
2,5,11,7,21,2586,UA,SFO,11
35,5,12,1,21,2586,UA,SFO,10
-4,5,13,2,21,2586,UA,SFO,9
-6,5,14,3,21,2586,UA,SFO,8
34,5,15,4,21,2586,UA,SFO,7
-4,5,16,5,21,2586,UA,SFO,6
2,5,18,7,21,2586,UA,SFO,4
-7,5,19,1,21,2586,UA,SFO,3
6,5,20,2,21,2586,UA,SFO,2
-1,5,21,3,21,2586,UA,SFO,1
-2,5,22,4,21,2586,UA,SFO,0
-9,5,23,5,21,2586,UA,SFO,1
-7,5,25,7,20,2586,UA,SFO,1
-5,5,26,1,21,2586,UA,SFO,0
119,5,27,2,21,2586,UA,SFO,1
-5,5,28,3,21,2586,UA,SFO,2
10,5,29,4,21,2586,UA,SFO,3
15,5,30,5,21,2586,UA,SFO,4
-5,5,1,4,11,2586,UA,SFO,21
-2,5,2,5,11,2586,UA,SFO,20
1,5,3,6,11,2586,UA,SFO,19
1,5,4,7,11,2586,UA,SFO,18
1,5,5,1,11,2586,UA,SFO,17
-2,5,6,2,11,2586,UA,SFO,16
-7,5,7,3,11,2586,UA,SFO,15
1,5,8,4,11,2586,UA,SFO,14
6,5,9,5,11,2586,UA,SFO,13
-4,5,10,6,11,2586,UA,SFO,12
0,5,11,7,11,2586,UA,SFO,11
-6,5,12,1,11,2586,UA,SFO,10
-4,5,13,2,11,2586,UA,SFO,9
-3,5,14,3,11,2586,UA,SFO,8
-5,5,15,4,11,2586,UA,SFO,7
50,5,17,6,11,2586,UA,SFO,5
-3,5,18,7,11,2586,UA,SFO,4
2,5,19,1,11,2586,UA,SFO,3
2,5,20,2,11,2586,UA,SFO,2
-6,5,21,3,11,2586,UA,SFO,1
-6,5,22,4,11,2586,UA,SFO,0
-5,5,23,5,11,2586,UA,SFO,1
1,5,24,6,11,2586,UA,SFO,2
-4,5,25,7,11,2586,UA,SFO,1
-4,5,26,1,11,2586,UA,SFO,0
46,5,27,2,11,2586,UA,SFO,1
-5,5,28,3,11,2586,UA,SFO,2
14,5,29,4,11,2586,UA,SFO,3
1,5,30,5,11,2586,UA,SFO,4
-4,5,31,6,11,2586,UA,SFO,5
-6,5,1,4,15,2586,UA,SFO,21
40,5,2,5,15,2586,UA,SFO,20
-6,5,3,6,15,2586,UA,SFO,19
-4,5,4,7,15,2586,UA,SFO,18
-4,5,5,1,15,2586,UA,SFO,17
-4,5,6,2,15,2586,UA,SFO,16
-2,5,7,3,15,2586,UA,SFO,15
2,5,8,4,15,2586,UA,SFO,14
-2,5,9,5,15,2586,UA,SFO,13
-5,5,10,6,15,2586,UA,SFO,12
-4,5,11,7,15,2586,UA,SFO,11
6,5,12,1,15,2586,UA,SFO,10
-6,5,13,2,15,2586,UA,SFO,9
-3,5,14,3,15,2586,UA,SFO,8
-5,5,15,4,15,2586,UA,SFO,7
24,5,16,5,15,2586,UA,SFO,6
20,5,17,6,15,2586,UA,SFO,5
-1,5,18,7,15,2586,UA,SFO,4
1,5,19,1,15,2586,UA,SFO,3
35,5,20,2,15,2586,UA,SFO,2
5,5,21,3,15,2586,UA,SFO,1
0,5,22,4,15,2586,UA,SFO,0
27,5,23,5,15,2586,UA,SFO,1
-9,5,24,6,15,2586,UA,SFO,2
-2,5,26,1,15,2586,UA,SFO,0
-1,5,27,2,15,2586,UA,SFO,1
-5,5,28,3,15,2586,UA,SFO,2
0,5,29,4,15,2586,UA,SFO,3
1,5,30,5,15,2586,UA,SFO,4
1,5,31,6,15,2586,UA,SFO,5
-4,5,1,4,17,2586,UA,SFO,21
138,5,2,5,17,2586,UA,SFO,20
-5,5,3,6,17,2586,UA,SFO,19
2,5,4,7,17,2586,UA,SFO,18
-7,5,5,1,17,2586,UA,SFO,17
-5,5,6,2,17,2586,UA,SFO,16
75,5,7,3,17,2586,UA,SFO,15
0,5,8,4,17,2586,UA,SFO,14
16,5,9,5,17,2586,UA,SFO,13
-8,5,10,6,17,2586,UA,SFO,12
-4,5,11,7,17,2586,UA,SFO,11
50,5,12,1,17,2586,UA,SFO,10
1,5,13,2,17,2586,UA,SFO,9
-2,5,14,3,17,2586,UA,SFO,8
-2,5,15,4,17,2586,UA,SFO,7
50,5,16,5,17,2586,UA,SFO,6
8,5,17,6,17,2586,UA,SFO,5
3,5,18,7,17,2586,UA,SFO,4
1,5,19,1,17,2586,UA,SFO,3
-2,5,20,2,17,2586,UA,SFO,2
-1,5,21,3,17,2586,UA,SFO,1
0,5,22,4,17,2586,UA,SFO,0
1,5,23,5,17,2586,UA,SFO,1
72,5,24,6,17,2586,UA,SFO,2
-3,5,25,7,17,2586,UA,SFO,1
307,5,26,1,17,2586,UA,SFO,0
-3,5,27,2,17,2586,UA,SFO,1
-7,5,28,3,17,2586,UA,SFO,2
18,5,29,4,17,2586,UA,SFO,3
-5,5,30,5,17,2586,UA,SFO,4
1,5,31,6,17,2586,UA,SFO,5
103,5,1,4,20,2586,UA,SFO,21
6,5,2,5,20,2586,UA,SFO,20
48,5,4,7,20,2586,UA,SFO,18
38,5,5,1,20,2586,UA,SFO,17
1,5,6,2,20,2586,UA,SFO,16
-5,5,7,3,20,2586,UA,SFO,15
-4,5,8,4,20,2586,UA,SFO,14
57,5,9,5,20,2586,UA,SFO,13
22,5,11,7,20,2586,UA,SFO,11
50,5,12,1,20,2586,UA,SFO,10
20,5,13,2,20,2586,UA,SFO,9
5,5,14,3,20,2586,UA,SFO,8
2,5,15,4,20,2586,UA,SFO,7
24,5,16,5,20,2586,UA,SFO,6
18,5,18,7,20,2586,UA,SFO,4
-2,5,19,1,20,2586,UA,SFO,3
-1,5,20,2,20,2586,UA,SFO,2
6,5,21,3,20,2586,UA,SFO,1
1,5,22,4,20,2586,UA,SFO,0
27,5,23,5,20,2586,UA,SFO,1
3,5,26,1,20,2586,UA,SFO,0
115,5,27,2,20,2586,UA,SFO,1
-4,5,28,3,20,2586,UA,SFO,2
0,5,29,4,20,2586,UA,SFO,3
1,5,30,5,20,2586,UA,SFO,4
-2,5,1,4,6,2475,UA,LAX,21
-9,5,2,5,6,2475,UA,LAX,20
31,5,3,6,6,2475,UA,LAX,19
-4,5,4,7,6,2475,UA,LAX,18
1,5,5,1,6,2475,UA,LAX,17
2,5,6,2,6,2475,UA,LAX,16
-3,5,7,3,6,2475,UA,LAX,15
-3,5,8,4,6,2475,UA,LAX,14
-2,5,9,5,6,2475,UA,LAX,13
-1,5,10,6,6,2475,UA,LAX,12
3,5,11,7,6,2475,UA,LAX,11
-3,5,12,1,6,2475,UA,LAX,10
-6,5,13,2,6,2475,UA,LAX,9
-6,5,14,3,6,2475,UA,LAX,8
-2,5,15,4,6,2475,UA,LAX,7
2,5,16,5,6,2475,UA,LAX,6
1,5,17,6,6,2475,UA,LAX,5
2,5,18,7,6,2475,UA,LAX,4
-6,5,19,1,6,2475,UA,LAX,3
-4,5,20,2,6,2475,UA,LAX,2
-4,5,21,3,6,2475,UA,LAX,1
-1,5,22,4,6,2475,UA,LAX,0
2,5,23,5,6,2475,UA,LAX,1
-5,5,24,6,6,2475,UA,LAX,2
-6,5,25,7,6,2475,UA,LAX,1
8,5,26,1,6,2475,UA,LAX,0
0,5,27,2,6,2475,UA,LAX,1
-5,5,28,3,6,2475,UA,LAX,2
-4,5,29,4,6,2475,UA,LAX,3
-5,5,30,5,6,2475,UA,LAX,4
-7,5,31,6,6,2475,UA,LAX,5
1,5,1,4,15,2475,UA,LAX,21
0,5,2,5,15,2475,UA,LAX,20
-7,5,3,6,15,2475,UA,LAX,19
-2,5,4,7,15,2475,UA,LAX,18
-7,5,5,1,15,2475,UA,LAX,17
6,5,6,2,15,2475,UA,LAX,16
104,5,7,3,15,2475,UA,LAX,15
-7,5,8,4,15,2475,UA,LAX,14
-4,5,9,5,15,2475,UA,LAX,13
-3,5,10,6,15,2475,UA,LAX,12
-2,5,11,7,15,2475,UA,LAX,11
-6,5,12,1,15,2475,UA,LAX,10
-5,5,13,2,15,2475,UA,LAX,9
-4,5,14,3,15,2475,UA,LAX,8
-2,5,15,4,15,2475,UA,LAX,7
-4,5,16,5,15,2475,UA,LAX,6
16,5,17,6,15,2475,UA,LAX,5
1,5,18,7,15,2475,UA,LAX,4
-6,5,19,1,15,2475,UA,LAX,3
0,5,20,2,15,2475,UA,LAX,2
0,5,21,3,15,2475,UA,LAX,1
3,5,22,4,15,2475,UA,LAX,0
21,5,23,5,15,2475,UA,LAX,1
23,5,24,6,15,2475,UA,LAX,2
-3,5,26,1,15,2475,UA,LAX,0
-3,5,27,2,15,2475,UA,LAX,1
-1,5,28,3,15,2475,UA,LAX,2
1,5,29,4,15,2475,UA,LAX,3
-6,5,30,5,15,2475,UA,LAX,4
2,5,31,6,15,2475,UA,LAX,5
-3,5,1,4,18,2475,UA,LAX,21
74,5,2,5,18,2475,UA,LAX,20
-11,5,4,7,18,2475,UA,LAX,18
-1,5,5,1,18,2475,UA,LAX,17
-2,5,6,2,18,2475,UA,LAX,16
77,5,7,3,18,2475,UA,LAX,15
0,5,8,4,18,2475,UA,LAX,14
40,5,9,5,18,2475,UA,LAX,13
15,5,11,7,18,2475,UA,LAX,11
57,5,12,1,18,2475,UA,LAX,10
-5,5,13,2,18,2475,UA,LAX,9
-4,5,14,3,18,2475,UA,LAX,8
19,5,15,4,18,2475,UA,LAX,7
50,5,16,5,18,2475,UA,LAX,6
25,5,18,7,18,2475,UA,LAX,4
-1,5,19,1,18,2475,UA,LAX,3
1,5,20,2,18,2475,UA,LAX,2
18,5,21,3,18,2475,UA,LAX,1
7,5,22,4,18,2475,UA,LAX,0
-1,5,23,5,18,2475,UA,LAX,1
6,5,25,7,18,2475,UA,LAX,1
9,5,26,1,18,2475,UA,LAX,0
117,5,27,2,18,2475,UA,LAX,1
4,5,28,3,18,2475,UA,LAX,2
0,5,29,4,18,2475,UA,LAX,3
-2,5,30,5,18,2475,UA,LAX,4
-5,5,1,4,20,2475,UA,LAX,21
51,5,2,5,20,2475,UA,LAX,20
9,5,4,7,20,2475,UA,LAX,18
6,5,5,1,20,2475,UA,LAX,17
-5,5,6,2,20,2475,UA,LAX,16
180,5,7,3,20,2475,UA,LAX,15
-1,5,8,4,20,2475,UA,LAX,14
1,5,9,5,20,2475,UA,LAX,13
8,5,11,7,20,2475,UA,LAX,11
45,5,12,1,20,2475,UA,LAX,10
107,5,13,2,20,2475,UA,LAX,9
8,5,14,3,20,2475,UA,LAX,8
-3,5,15,4,20,2475,UA,LAX,7
160,5,16,5,20,2475,UA,LAX,6
-1,5,18,7,20,2475,UA,LAX,4
1,5,19,1,20,2475,UA,LAX,3
2,5,20,2,20,2475,UA,LAX,2
-1,5,21,3,20,2475,UA,LAX,1
-4,5,22,4,20,2475,UA,LAX,0
2,5,23,5,20,2475,UA,LAX,1
-8,5,26,1,20,2475,UA,LAX,0
122,5,27,2,20,2475,UA,LAX,1
-2,5,28,3,20,2475,UA,LAX,2
-4,5,29,4,20,2475,UA,LAX,3
-11,5,30,5,20,2475,UA,LAX,4
3,5,8,4,9,2475,UA,LAX,14
4,5,9,5,9,2475,UA,LAX,13
-2,5,10,6,9,2475,UA,LAX,12
-1,5,11,7,9,2475,UA,LAX,11
23,5,12,1,9,2475,UA,LAX,10
1,5,13,2,9,2475,UA,LAX,9
-6,5,14,3,9,2475,UA,LAX,8
-3,5,15,4,9,2475,UA,LAX,7
4,5,16,5,9,2475,UA,LAX,6
73,5,17,6,9,2475,UA,LAX,5
-4,5,18,7,9,2475,UA,LAX,4
1,5,19,1,9,2475,UA,LAX,3
-5,5,20,2,9,2475,UA,LAX,2
-1,5,21,3,9,2475,UA,LAX,1
-3,5,22,4,9,2475,UA,LAX,0
1,5,23,5,9,2475,UA,LAX,1
-5,5,24,6,9,2475,UA,LAX,2
-2,5,26,1,9,2475,UA,LAX,0
-4,5,27,2,9,2475,UA,LAX,1
-7,5,28,3,9,2475,UA,LAX,2
-4,5,29,4,9,2475,UA,LAX,3
-6,5,30,5,9,2475,UA,LAX,4
5,5,31,6,9,2475,UA,LAX,5
1,5,1,4,11,2475,UA,LAX,21
-5,5,2,5,11,2475,UA,LAX,20
-8,5,3,6,11,2475,UA,LAX,19
-2,5,4,7,11,2475,UA,LAX,18
-9,5,5,1,11,2475,UA,LAX,17
-2,5,6,2,11,2475,UA,LAX,16
57,5,7,3,11,2475,UA,LAX,15
153,5,8,4,11,2475,UA,LAX,14
-2,5,9,5,11,2475,UA,LAX,13
-5,5,10,6,11,2475,UA,LAX,12
-4,5,11,7,11,2475,UA,LAX,11
1,5,12,1,11,2475,UA,LAX,10
-3,5,13,2,11,2475,UA,LAX,9
-1,5,14,3,11,2475,UA,LAX,8
-4,5,15,4,11,2475,UA,LAX,7
3,5,16,5,11,2475,UA,LAX,6
-3,5,17,6,11,2475,UA,LAX,5
-5,5,18,7,11,2475,UA,LAX,4
-1,5,19,1,11,2475,UA,LAX,3
-4,5,20,2,11,2475,UA,LAX,2
-4,5,21,3,11,2475,UA,LAX,1
1,5,22,4,11,2475,UA,LAX,0
8,5,23,5,11,2475,UA,LAX,1
398,5,24,6,11,2475,UA,LAX,2
-9,5,25,7,11,2475,UA,LAX,1
-5,5,26,1,11,2475,UA,LAX,0
-3,5,27,2,11,2475,UA,LAX,1
-6,5,28,3,11,2475,UA,LAX,2
0,5,29,4,11,2475,UA,LAX,3
0,5,30,5,11,2475,UA,LAX,4
1,5,31,6,11,2475,UA,LAX,5
-4,5,1,4,7,2586,UA,SFO,21
-3,5,2,5,7,2586,UA,SFO,20
0,5,3,6,7,2586,UA,SFO,19
2,5,4,7,7,2586,UA,SFO,18
-5,5,5,1,7,2586,UA,SFO,17
-8,5,6,2,7,2586,UA,SFO,16
-4,5,7,3,7,2586,UA,SFO,15
-4,5,8,4,7,2586,UA,SFO,14
-4,5,9,5,7,2586,UA,SFO,13
1,5,10,6,7,2586,UA,SFO,12
5,5,11,7,7,2586,UA,SFO,11
1,5,12,1,7,2586,UA,SFO,10
-8,5,13,2,7,2586,UA,SFO,9
4,5,14,3,7,2586,UA,SFO,8
-11,5,15,4,7,2586,UA,SFO,7
11,5,16,5,7,2586,UA,SFO,6
0,5,17,6,7,2586,UA,SFO,5
1,5,18,7,7,2586,UA,SFO,4
-3,5,19,1,7,2586,UA,SFO,3
-6,5,20,2,7,2586,UA,SFO,2
-5,5,21,3,7,2586,UA,SFO,1
-3,5,22,4,7,2586,UA,SFO,0
-2,5,23,5,7,2586,UA,SFO,1
-10,5,24,6,7,2586,UA,SFO,2
-3,5,26,1,7,2586,UA,SFO,0
-3,5,27,2,7,2586,UA,SFO,1
1,5,28,3,7,2586,UA,SFO,2
-3,5,29,4,7,2586,UA,SFO,3
4,5,30,5,7,2586,UA,SFO,4
-3,5,31,6,7,2586,UA,SFO,5
-6,5,1,4,17,2475,UA,LAX,21
37,5,2,5,17,2475,UA,LAX,20
0,5,3,6,17,2475,UA,LAX,19
-6,5,4,7,17,2475,UA,LAX,18
2,5,5,1,17,2475,UA,LAX,17
-8,5,6,2,17,2475,UA,LAX,16
1,5,7,3,17,2475,UA,LAX,15
0,5,8,4,17,2475,UA,LAX,14
5,5,9,5,17,2475,UA,LAX,13
-9,5,10,6,17,2475,UA,LAX,12
-7,5,11,7,17,2475,UA,LAX,11
31,5,12,1,17,2475,UA,LAX,10
-5,5,13,2,17,2475,UA,LAX,9
6,5,14,3,17,2475,UA,LAX,8
-1,5,15,4,17,2475,UA,LAX,7
36,5,16,5,17,2475,UA,LAX,6
4,5,17,6,17,2475,UA,LAX,5
-8,5,18,7,17,2475,UA,LAX,4
3,5,19,1,17,2475,UA,LAX,3
-4,5,20,2,17,2475,UA,LAX,2
-5,5,21,3,17,2475,UA,LAX,1
-1,5,22,4,17,2475,UA,LAX,0
24,5,23,5,17,2475,UA,LAX,1
16,5,24,6,17,2475,UA,LAX,2
4,5,25,7,17,2475,UA,LAX,1
-8,5,26,1,17,2475,UA,LAX,0
-1,5,27,2,17,2475,UA,LAX,1
2,5,28,3,17,2475,UA,LAX,2
2,5,29,4,17,2475,UA,LAX,3
-7,5,30,5,17,2475,UA,LAX,4
-4,5,31,6,17,2475,UA,LAX,5
5,5,25,7,6,2586,UA,SFO,1
-5,5,26,1,6,2586,UA,SFO,0
0,5,27,2,6,2586,UA,SFO,1
-6,5,28,3,6,2586,UA,SFO,2
-2,5,29,4,6,2586,UA,SFO,3
5,5,30,5,6,2586,UA,SFO,4
-6,5,31,6,6,2586,UA,SFO,5
1,5,1,4,8,2475,UA,LAX,21
-2,5,2,5,8,2475,UA,LAX,20
-2,5,3,6,8,2475,UA,LAX,19
-4,5,4,7,8,2475,UA,LAX,18
-3,5,5,1,8,2475,UA,LAX,17
-5,5,6,2,8,2475,UA,LAX,16
-2,5,7,3,8,2475,UA,LAX,15
0,5,8,4,8,2475,UA,LAX,14
38,5,9,5,8,2475,UA,LAX,13
0,5,10,6,8,2475,UA,LAX,12
27,5,11,7,8,2475,UA,LAX,11
-4,5,12,1,8,2475,UA,LAX,10
0,5,13,2,8,2475,UA,LAX,9
0,5,14,3,8,2475,UA,LAX,8
1,5,15,4,8,2475,UA,LAX,7
-1,5,16,5,8,2475,UA,LAX,6
56,5,17,6,8,2475,UA,LAX,5
-2,5,18,7,8,2475,UA,LAX,4
-3,5,19,1,8,2475,UA,LAX,3
1,5,20,2,8,2475,UA,LAX,2
-6,5,21,3,8,2475,UA,LAX,1
-3,5,22,4,8,2475,UA,LAX,0
3,5,23,5,8,2475,UA,LAX,1
-1,5,24,6,8,2475,UA,LAX,2
-6,5,25,7,8,2475,UA,LAX,1
1,5,26,1,8,2475,UA,LAX,0
1,5,27,2,8,2475,UA,LAX,1
-6,5,28,3,8,2475,UA,LAX,2
1,5,29,4,8,2475,UA,LAX,3
-8,5,30,5,8,2475,UA,LAX,4
-4,5,31,6,8,2475,UA,LAX,5
0,5,1,4,8,2586,UA,SFO,21
-2,5,2,5,8,2586,UA,SFO,20
-5,5,3,6,8,2586,UA,SFO,19
-4,5,4,7,8,2586,UA,SFO,18
1,5,5,1,8,2586,UA,SFO,17
-5,5,6,2,8,2586,UA,SFO,16
1,5,7,3,8,2586,UA,SFO,15
8,5,8,4,8,2586,UA,SFO,14
-8,5,9,5,8,2586,UA,SFO,13
-6,5,10,6,8,2586,UA,SFO,12
0,5,11,7,8,2586,UA,SFO,11
-9,5,12,1,8,2586,UA,SFO,10
-6,5,13,2,8,2586,UA,SFO,9
-3,5,14,3,8,2586,UA,SFO,8
1,5,15,4,8,2586,UA,SFO,7
21,5,16,5,8,2586,UA,SFO,6
101,5,17,6,8,2586,UA,SFO,5
-6,5,18,7,8,2586,UA,SFO,4
2,5,19,1,8,2586,UA,SFO,3
-1,5,20,2,8,2586,UA,SFO,2
1,5,21,3,8,2586,UA,SFO,1
-1,5,22,4,8,2586,UA,SFO,0
0,5,23,5,8,2586,UA,SFO,1
34,5,24,6,8,2586,UA,SFO,2
7,5,25,7,8,2586,UA,SFO,1
0,5,26,1,8,2586,UA,SFO,0
1,5,27,2,8,2586,UA,SFO,1
-8,5,28,3,8,2586,UA,SFO,2
-5,5,29,4,8,2586,UA,SFO,3
0,5,30,5,8,2586,UA,SFO,4
2,5,31,6,8,2586,UA,SFO,5
-1,5,1,4,20,2248,US,LAS,21
20,5,1,4,7,2248,US,LAS,21
-3,5,1,4,9,2248,US,LAS,21
-2,5,1,4,17,2153,US,PHX,21
-4,5,1,4,9,2153,US,PHX,21
-6,5,1,4,6,2153,US,PHX,21
21,5,2,5,20,2248,US,LAS,20
-1,5,2,5,7,2248,US,LAS,20
-5,5,2,5,9,2248,US,LAS,20
75,5,2,5,17,2153,US,PHX,20
-5,5,2,5,9,2153,US,PHX,20
-2,5,2,5,6,2153,US,PHX,20
-1,5,3,6,20,2248,US,LAS,19
-8,5,3,6,7,2248,US,LAS,19
-8,5,3,6,9,2248,US,LAS,19
-4,5,3,6,17,2153,US,PHX,19
-2,5,3,6,6,2153,US,PHX,19
2,5,3,6,9,2153,US,PHX,19
2,5,4,7,20,2248,US,LAS,18
3,5,4,7,7,2248,US,LAS,18
0,5,4,7,9,2248,US,LAS,18
-5,5,4,7,17,2153,US,PHX,18
-1,5,4,7,9,2153,US,PHX,18
-5,5,4,7,6,2153,US,PHX,18
17,5,5,1,20,2248,US,LAS,17
44,5,5,1,7,2248,US,LAS,17
2,5,5,1,17,2153,US,PHX,17
14,5,5,1,9,2153,US,PHX,17
1,5,5,1,6,2153,US,PHX,17
-10,5,6,2,20,2248,US,LAS,16
-8,5,6,2,7,2248,US,LAS,16
-6,5,6,2,9,2248,US,LAS,16
6,5,6,2,17,2153,US,PHX,16
5,5,6,2,9,2153,US,PHX,16
-5,5,6,2,6,2153,US,PHX,16
-10,5,7,3,20,2248,US,LAS,15
-5,5,7,3,7,2248,US,LAS,15
-1,5,7,3,9,2248,US,LAS,15
-1,5,7,3,17,2153,US,PHX,15
18,5,7,3,9,2153,US,PHX,15
-3,5,7,3,6,2153,US,PHX,15
-2,5,8,4,20,2248,US,LAS,14
-7,5,8,4,7,2248,US,LAS,14
0,5,8,4,9,2248,US,LAS,14
7,5,8,4,17,2153,US,PHX,14
2,5,8,4,9,2153,US,PHX,14
2,5,8,4,6,2153,US,PHX,14
53,5,9,5,20,2248,US,LAS,13
-2,5,9,5,7,2248,US,LAS,13
-6,5,9,5,9,2248,US,LAS,13
27,5,9,5,17,2153,US,PHX,13
5,5,9,5,9,2153,US,PHX,13
2,5,9,5,6,2153,US,PHX,13
-9,5,10,6,20,2248,US,LAS,12
-6,5,10,6,7,2248,US,LAS,12
-4,5,10,6,9,2248,US,LAS,12
-3,5,10,6,6,2153,US,PHX,12
80,5,10,6,17,2153,US,PHX,12
-5,5,10,6,9,2153,US,PHX,12
11,5,11,7,20,2248,US,LAS,11
-3,5,11,7,7,2248,US,LAS,11
-6,5,11,7,9,2248,US,LAS,11
-1,5,11,7,17,2153,US,PHX,11
-4,5,11,7,9,2153,US,PHX,11
1,5,11,7,6,2153,US,PHX,11
76,5,12,1,20,2248,US,LAS,10
38,5,12,1,7,2248,US,LAS,10
-4,5,12,1,9,2248,US,LAS,10
48,5,12,1,17,2153,US,PHX,10
1,5,12,1,9,2153,US,PHX,10
14,5,12,1,6,2153,US,PHX,10
3,5,13,2,20,2248,US,LAS,9
-6,5,13,2,7,2248,US,LAS,9
-5,5,13,2,9,2248,US,LAS,9
-4,5,13,2,17,2153,US,PHX,9
-4,5,13,2,9,2153,US,PHX,9
8,5,13,2,6,2153,US,PHX,9
10,5,14,3,20,2248,US,LAS,8
-5,5,14,3,7,2248,US,LAS,8
-3,5,14,3,9,2248,US,LAS,8
20,5,14,3,17,2153,US,PHX,8
-4,5,14,3,9,2153,US,PHX,8
-2,5,14,3,6,2153,US,PHX,8
48,5,15,4,20,2248,US,LAS,7
-6,5,15,4,7,2248,US,LAS,7
-5,5,15,4,9,2248,US,LAS,7
-9,5,15,4,17,2153,US,PHX,7
1,5,15,4,9,2153,US,PHX,7
1,5,15,4,6,2153,US,PHX,7
75,5,16,5,20,2248,US,LAS,6
-5,5,16,5,7,2248,US,LAS,6
-2,5,16,5,9,2248,US,LAS,6
148,5,16,5,17,2153,US,PHX,6
5,5,16,5,9,2153,US,PHX,6
3,5,16,5,6,2153,US,PHX,6
7,5,17,6,20,2248,US,LAS,5
-4,5,17,6,7,2248,US,LAS,5
4,5,17,6,9,2248,US,LAS,5
4,5,17,6,6,2153,US,PHX,5
4,5,17,6,17,2153,US,PHX,5
4,5,17,6,9,2153,US,PHX,5
164,5,18,7,20,2248,US,LAS,4
-7,5,18,7,7,2248,US,LAS,4
-3,5,18,7,9,2248,US,LAS,4
-6,5,18,7,17,2153,US,PHX,4
-3,5,18,7,9,2153,US,PHX,4
21,5,18,7,6,2153,US,PHX,4
43,5,19,1,20,2248,US,LAS,3
-2,5,19,1,7,2248,US,LAS,3
-6,5,19,1,9,2248,US,LAS,3
-2,5,19,1,17,2153,US,PHX,3
1,5,19,1,9,2153,US,PHX,3
-4,5,19,1,6,2153,US,PHX,3
19,5,20,2,20,2248,US,LAS,2
-5,5,20,2,7,2248,US,LAS,2
-2,5,20,2,9,2248,US,LAS,2
2,5,20,2,17,2153,US,PHX,2
6,5,20,2,9,2153,US,PHX,2
21,5,20,2,6,2153,US,PHX,2
26,5,21,3,20,2248,US,LAS,1
-11,5,21,3,7,2248,US,LAS,1
8,5,21,3,9,2248,US,LAS,1
-2,5,21,3,17,2153,US,PHX,1
0,5,21,3,9,2153,US,PHX,1
1,5,21,3,6,2153,US,PHX,1
12,5,22,4,20,2248,US,LAS,0
-6,5,22,4,7,2248,US,LAS,0
39,5,22,4,9,2248,US,LAS,0
4,5,22,4,17,2153,US,PHX,0
-5,5,22,4,9,2153,US,PHX,0
16,5,23,5,20,2248,US,LAS,1
-4,5,23,5,7,2248,US,LAS,1
1,5,23,5,9,2248,US,LAS,1
17,5,23,5,17,2153,US,PHX,1
-1,5,23,5,9,2153,US,PHX,1
1,5,23,5,6,2153,US,PHX,1
2,5,24,6,20,2248,US,LAS,2
-8,5,24,6,7,2248,US,LAS,2
-10,5,24,6,9,2248,US,LAS,2
6,5,24,6,6,2153,US,PHX,2
-1,5,24,6,17,2153,US,PHX,2
36,5,24,6,9,2153,US,PHX,2
-2,5,25,7,20,2248,US,LAS,1
-3,5,25,7,7,2248,US,LAS,1
-4,5,25,7,9,2248,US,LAS,1
-1,5,25,7,17,2153,US,PHX,1
-4,5,25,7,9,2153,US,PHX,1
-4,5,25,7,6,2153,US,PHX,1
-7,5,26,1,20,2248,US,LAS,0
-10,5,26,1,7,2248,US,LAS,0
-6,5,26,1,9,2248,US,LAS,0
-4,5,26,1,17,2153,US,PHX,0
-5,5,26,1,9,2153,US,PHX,0
-3,5,26,1,6,2153,US,PHX,0
16,5,27,2,20,2248,US,LAS,1
-7,5,27,2,7,2248,US,LAS,1
18,5,27,2,9,2248,US,LAS,1
12,5,27,2,17,2153,US,PHX,1
0,5,27,2,9,2153,US,PHX,1
-3,5,27,2,6,2153,US,PHX,1
0,5,28,3,20,2248,US,LAS,2
6,5,28,3,7,2248,US,LAS,2
0,5,28,3,9,2248,US,LAS,2
-2,5,28,3,17,2153,US,PHX,2
-3,5,28,3,9,2153,US,PHX,2
21,5,28,3,6,2153,US,PHX,2
23,5,29,4,20,2248,US,LAS,3
-1,5,29,4,7,2248,US,LAS,3
4,5,29,4,9,2248,US,LAS,3
-2,5,29,4,17,2153,US,PHX,3
0,5,29,4,9,2153,US,PHX,3
7,5,29,4,6,2153,US,PHX,3
1,5,30,5,20,2248,US,LAS,4
-4,5,30,5,7,2248,US,LAS,4
-2,5,30,5,9,2248,US,LAS,4
-3,5,30,5,17,2153,US,PHX,4
3,5,30,5,9,2153,US,PHX,4
-7,5,30,5,6,2153,US,PHX,4
-4,5,31,6,7,2248,US,LAS,5
-6,5,31,6,9,2248,US,LAS,5
2,5,31,6,6,2153,US,PHX,5
-1,5,31,6,17,2153,US,PHX,5
5,5,31,6,9,2153,US,PHX,5
-4,5,18,7,11,213,DL,DCA,4
0,5,18,7,16,1069,DL,FLL,4
-5,5,18,7,11,944,DL,MCO,4
2,5,18,7,19,1989,DL,SLC,4
-4,5,18,7,14,760,DL,ATL,4
3,5,18,7,15,1989,DL,SLC,4
63,5,18,7,19,944,DL,MCO,4
0,5,18,7,8,1069,DL,FLL,4
-4,5,18,7,11,1069,DL,FLL,4
-2,5,18,7,8,944,DL,MCO,4
-4,5,18,7,8,1005,DL,TPA,4
-1,5,19,1,8,760,DL,ATL,3
0,5,19,1,16,2475,DL,LAX,3
46,5,19,1,18,2586,DL,SFO,3
16,5,19,1,15,944,DL,MCO,3
21,5,19,1,16,187,DL,BOS,3
5,5,19,1,19,2421,DL,SEA,3
15,5,19,1,15,589,DL,CVG,3
14,5,19,1,18,1005,DL,TPA,3
-2,5,19,1,16,2421,DL,SEA,3
4,5,19,1,16,2446,DL,SAN,3
-5,5,19,1,17,2475,DL,LAX,3
47,5,19,1,18,760,DL,ATL,3
9,5,19,1,16,2248,DL,LAS,3
5,5,19,1,16,2586,DL,SFO,3
-2,5,19,1,16,589,DL,CVG,3
6,5,19,1,16,1989,DL,SLC,3
-2,5,19,1,12,760,DL,ATL,3
152,5,19,1,16,760,DL,ATL,3
-3,5,19,1,8,1597,DL,SJU,3
5,5,19,1,7,2475,DL,LAX,3
1,5,19,1,8,2475,DL,LAX,3
-3,5,19,1,11,2475,DL,LAX,3
14,5,19,1,20,2475,DL,LAX,3
16,5,19,1,8,2586,DL,SFO,3
-4,5,19,1,18,2248,DL,LAS,3
0,5,19,1,8,2248,DL,LAS,3
-3,5,19,1,12,2248,DL,LAS,3
0,5,19,1,8,2421,DL,SEA,3
-1,5,19,1,18,1626,DL,DEN,3
112,5,19,1,8,2153,DL,PHX,3
2,5,19,1,18,2153,DL,PHX,3
39,5,19,1,18,2454,DL,PDX,3
1,5,19,1,15,1005,DL,TPA,3
33,5,19,1,19,1069,DL,FLL,3
-3,5,19,1,6,760,DL,ATL,3
224,5,19,1,19,1090,DL,MIA,3
2,5,19,1,6,1989,DL,SLC,3
40,5,19,1,11,1090,DL,MIA,3
157,5,19,1,16,1069,DL,FLL,3
-4,5,19,1,11,944,DL,MCO,3
23,5,19,1,19,1989,DL,SLC,3
-4,5,19,1,14,760,DL,ATL,3
3,5,19,1,15,1989,DL,SLC,3
19,5,19,1,19,944,DL,MCO,3
-5,5,19,1,8,1069,DL,FLL,3
-4,5,19,1,11,1069,DL,FLL,3
26,5,19,1,8,944,DL,MCO,3
-3,5,19,1,8,1005,DL,TPA,3
6,5,20,2,8,760,DL,ATL,2
5,5,20,2,16,2475,DL,LAX,2
25,5,20,2,18,2586,DL,SFO,2
56,5,20,2,15,944,DL,MCO,2
-2,5,20,2,16,187,DL,BOS,2
-1,5,20,2,15,589,DL,CVG,2
13,5,20,2,18,1005,DL,TPA,2
4,5,20,2,16,2421,DL,SEA,2
-5,5,20,2,16,2446,DL,SAN,2
6,5,20,2,17,2475,DL,LAX,2
13,5,20,2,18,760,DL,ATL,2
-4,5,20,2,16,2248,DL,LAS,2
147,5,20,2,16,2586,DL,SFO,2
-8,5,20,2,16,589,DL,CVG,2
13,5,20,2,16,1989,DL,SLC,2
-5,5,20,2,12,760,DL,ATL,2
19,5,20,2,16,760,DL,ATL,2
1,5,20,2,7,2475,DL,LAX,2
11,5,20,2,8,2475,DL,LAX,2
9,5,20,2,11,2475,DL,LAX,2
45,5,20,2,20,2475,DL,LAX,2
0,5,20,2,8,2586,DL,SFO,2
10,5,20,2,18,2248,DL,LAS,2
-1,5,20,2,8,2248,DL,LAS,2
-5,5,20,2,8,2421,DL,SEA,2
80,5,20,2,18,1626,DL,DEN,2
-3,5,20,2,8,2153,DL,PHX,2
46,5,20,2,18,2454,DL,PDX,2
-1,5,20,2,15,1005,DL,TPA,2
-6,5,20,2,19,1069,DL,FLL,2
-5,5,20,2,6,760,DL,ATL,2
21,5,20,2,19,1090,DL,MIA,2
7,5,20,2,6,1989,DL,SLC,2
-4,5,20,2,11,1090,DL,MIA,2
-4,5,20,2,16,1069,DL,FLL,2
-5,5,20,2,11,944,DL,MCO,2
36,5,20,2,19,1989,DL,SLC,2
-1,5,20,2,14,760,DL,ATL,2
19,5,20,2,15,1989,DL,SLC,2
-1,5,20,2,19,944,DL,MCO,2
44,5,20,2,8,1069,DL,FLL,2
91,5,21,3,8,760,DL,ATL,1
5,5,21,3,16,2475,DL,LAX,1
2,5,21,3,18,2586,DL,SFO,1
-3,5,21,3,15,944,DL,MCO,1
6,5,21,3,16,187,DL,BOS,1
23,5,21,3,19,2421,DL,SEA,1
4,5,21,3,15,589,DL,CVG,1
31,5,21,3,18,1005,DL,TPA,1
1,5,21,3,16,2421,DL,SEA,1
-5,5,21,3,16,2446,DL,SAN,1
-1,5,21,3,17,2475,DL,LAX,1
12,5,21,3,18,760,DL,ATL,1
46,5,21,3,16,2248,DL,LAS,1
21,5,21,3,16,2586,DL,SFO,1
300,5,21,3,16,589,DL,CVG,1
-1,5,21,3,16,1989,DL,SLC,1
5,5,21,3,12,760,DL,ATL,1
-3,5,21,3,16,760,DL,ATL,1
-2,5,21,3,8,1597,DL,SJU,1
-2,5,21,3,7,2475,DL,LAX,1
-2,5,21,3,8,2475,DL,LAX,1
1,5,21,3,11,2475,DL,LAX,1
2,5,21,3,20,2475,DL,LAX,1
-1,5,21,3,8,2586,DL,SFO,1
-3,5,21,3,18,2248,DL,LAS,1
-4,5,21,3,8,2248,DL,LAS,1
-4,5,21,3,12,2248,DL,LAS,1
-7,5,21,3,8,2421,DL,SEA,1
0,5,21,3,18,1626,DL,DEN,1
-5,5,21,3,8,2153,DL,PHX,1
0,5,21,3,18,2153,DL,PHX,1
14,5,21,3,18,2454,DL,PDX,1
12,5,21,3,15,1005,DL,TPA,1
34,5,21,3,19,1069,DL,FLL,1
-2,5,21,3,6,760,DL,ATL,1
-5,5,21,3,19,1090,DL,MIA,1
-6,5,21,3,6,1989,DL,SLC,1
-1,5,21,3,11,1090,DL,MIA,1
1,5,21,3,16,1069,DL,FLL,1
-2,5,21,3,11,944,DL,MCO,1
-3,5,21,3,19,1989,DL,SLC,1
-4,5,21,3,14,760,DL,ATL,1
11,5,21,3,15,1989,DL,SLC,1
-4,5,21,3,19,944,DL,MCO,1
-3,5,21,3,8,1069,DL,FLL,1
-3,5,21,3,8,944,DL,MCO,1
14,5,22,4,8,760,DL,ATL,0
-1,5,22,4,16,2475,DL,LAX,0
8,5,22,4,18,2586,DL,SFO,0
0,5,22,4,15,944,DL,MCO,0
45,5,22,4,16,187,DL,BOS,0
10,5,22,4,19,2421,DL,SEA,0
-1,5,22,4,15,589,DL,CVG,0
187,5,22,4,18,1005,DL,TPA,0
-4,5,22,4,16,2421,DL,SEA,0
-6,5,22,4,16,2446,DL,SAN,0
39,5,22,4,17,2475,DL,LAX,0
27,5,22,4,18,760,DL,ATL,0
42,5,22,4,16,2248,DL,LAS,0
13,5,22,4,16,2586,DL,SFO,0
-2,5,22,4,16,589,DL,CVG,0
-2,5,22,4,16,1989,DL,SLC,0
-4,5,22,4,12,760,DL,ATL,0
-3,5,22,4,16,760,DL,ATL,0
-1,5,22,4,8,1597,DL,SJU,0
1,5,22,4,7,2475,DL,LAX,0
-1,5,22,4,8,2475,DL,LAX,0
0,5,22,4,11,2475,DL,LAX,0
4,5,22,4,20,2475,DL,LAX,0
-2,5,22,4,8,2586,DL,SFO,0
-1,5,22,4,18,2248,DL,LAS,0
-1,5,22,4,8,2248,DL,LAS,0
-3,5,22,4,12,2248,DL,LAS,0
-4,5,22,4,8,2421,DL,SEA,0
46,5,22,4,18,1626,DL,DEN,0
-3,5,22,4,8,2153,DL,PHX,0
18,5,22,4,18,2153,DL,PHX,0
27,5,22,4,18,2454,DL,PDX,0
8,5,22,4,15,1005,DL,TPA,0
-2,5,22,4,19,1069,DL,FLL,0
-1,5,22,4,6,760,DL,ATL,0
28,5,22,4,19,1090,DL,MIA,0
-5,5,22,4,6,1989,DL,SLC,0
-5,5,22,4,11,1090,DL,MIA,0
-2,5,22,4,16,1069,DL,FLL,0
-1,5,22,4,11,944,DL,MCO,0
23,5,22,4,19,1989,DL,SLC,0
-1,5,22,4,14,760,DL,ATL,0
24,5,22,4,15,1989,DL,SLC,0
37,5,22,4,19,944,DL,MCO,0
-4,5,22,4,8,1069,DL,FLL,0
-1,5,22,4,11,1069,DL,FLL,0
-5,5,22,4,8,944,DL,MCO,0
29,5,22,4,8,1005,DL,TPA,0
21,5,23,5,8,760,DL,ATL,1
-1,5,23,5,16,2475,DL,LAX,1
13,5,23,5,18,2586,DL,SFO,1
5,5,23,5,15,944,DL,MCO,1
12,5,23,5,16,187,DL,BOS,1
43,5,23,5,19,2421,DL,SEA,1
-4,5,23,5,15,589,DL,CVG,1
-4,5,23,5,18,1005,DL,TPA,1
23,5,23,5,16,2421,DL,SEA,1
-6,5,23,5,16,2446,DL,SAN,1
280,5,23,5,17,2475,DL,LAX,1
-1,5,23,5,18,760,DL,ATL,1
-5,5,23,5,16,2248,DL,LAS,1
27,5,23,5,16,2586,DL,SFO,1
17,5,23,5,16,589,DL,CVG,1
14,5,23,5,16,1989,DL,SLC,1
1,5,23,5,12,760,DL,ATL,1
11,5,23,5,16,760,DL,ATL,1
-2,5,23,5,8,1597,DL,SJU,1
13,5,23,5,7,2475,DL,LAX,1
11,5,23,5,8,2475,DL,LAX,1
0,5,23,5,11,2475,DL,LAX,1
33,5,23,5,20,2475,DL,LAX,1
-2,5,23,5,8,2586,DL,SFO,1
0,5,23,5,18,2248,DL,LAS,1
-2,5,23,5,8,2248,DL,LAS,1
-5,5,23,5,12,2248,DL,LAS,1
0,5,23,5,8,2421,DL,SEA,1
33,5,23,5,18,1626,DL,DEN,1
12,5,23,5,8,2153,DL,PHX,1
10,5,23,5,18,2153,DL,PHX,1
1,5,23,5,18,2454,DL,PDX,1
24,5,23,5,15,1005,DL,TPA,1
23,5,23,5,19,1069,DL,FLL,1
-6,5,23,5,6,760,DL,ATL,1
31,5,23,5,19,1090,DL,MIA,1
-1,5,23,5,6,1989,DL,SLC,1
-4,5,23,5,11,1090,DL,MIA,1
65,5,23,5,16,1069,DL,FLL,1
15,5,23,5,11,944,DL,MCO,1
49,5,23,5,19,1989,DL,SLC,1
9,5,23,5,14,760,DL,ATL,1
4,5,23,5,15,1989,DL,SLC,1
37,5,23,5,19,944,DL,MCO,1
-3,5,23,5,8,1069,DL,FLL,1
-4,5,23,5,11,1069,DL,FLL,1
-1,5,23,5,8,944,DL,MCO,1
-4,5,23,5,8,1005,DL,TPA,1
5,5,24,6,8,760,DL,ATL,2
77,5,24,6,16,2475,DL,LAX,2
14,5,24,6,18,2586,DL,SFO,2
-2,5,24,6,15,944,DL,MCO,2
8,5,24,6,16,187,DL,BOS,2
-1,5,24,6,15,589,DL,CVG,2
-7,5,24,6,18,1005,DL,TPA,2
2,5,24,6,16,2421,DL,SEA,2
-1,5,24,6,16,2446,DL,SAN,2
-5,5,24,6,18,2475,DL,LAX,2
0,5,24,6,18,760,DL,ATL,2
-2,5,24,6,16,2248,DL,LAS,2
-2,5,24,6,16,589,DL,CVG,2
-3,5,24,6,16,1989,DL,SLC,2
-2,5,24,6,12,760,DL,ATL,2
16,5,24,6,16,760,DL,ATL,2
-1,5,24,6,8,1597,DL,SJU,2
2,5,24,6,8,2475,DL,LAX,2
-4,5,24,6,11,2475,DL,LAX,2
-4,5,24,6,8,2586,DL,SFO,2
1,5,24,6,18,2248,DL,LAS,2
-6,5,24,6,8,2248,DL,LAS,2
0,5,24,6,8,2421,DL,SEA,2
10,5,24,6,19,1626,DL,DEN,2
1,5,24,6,8,2153,DL,PHX,2
-3,5,24,6,18,2153,DL,PHX,2
-3,5,24,6,18,2454,DL,PDX,2
21,5,24,6,15,1005,DL,TPA,2
17,5,24,6,19,1069,DL,FLL,2
9,5,24,6,6,760,DL,ATL,2
6,5,24,6,19,1090,DL,MIA,2
0,5,24,6,6,1989,DL,SLC,2
-7,5,24,6,11,1090,DL,MIA,2
3,5,24,6,16,1069,DL,FLL,2
-5,5,24,6,11,944,DL,MCO,2
27,5,24,6,14,760,DL,ATL,2
10,5,24,6,15,1989,DL,SLC,2
0,5,24,6,19,944,DL,MCO,2
-4,5,24,6,8,1069,DL,FLL,2
-2,5,24,6,11,1069,DL,FLL,2
-1,5,24,6,8,944,DL,MCO,2
24,5,24,6,8,1005,DL,TPA,2
-2,5,25,7,8,760,DL,ATL,1
0,5,25,7,16,2475,DL,LAX,1
2,5,25,7,18,2586,DL,SFO,1
6,5,25,7,15,944,DL,MCO,1
-4,5,25,7,16,187,DL,BOS,1
-3,5,25,7,15,589,DL,CVG,1
-3,5,25,7,18,1005,DL,TPA,1
-5,5,25,7,16,2421,DL,SEA,1
-5,5,25,7,16,2446,DL,SAN,1
-3,5,25,7,18,2475,DL,LAX,1
13,5,25,7,18,760,DL,ATL,1
26,5,25,7,16,2248,DL,LAS,1
0,5,25,7,16,589,DL,CVG,1
2,5,25,7,16,1989,DL,SLC,1
-3,5,25,7,12,760,DL,ATL,1
-1,5,25,7,16,760,DL,ATL,1
-4,5,25,7,8,1597,DL,SJU,1
-4,5,25,7,8,2475,DL,LAX,1
-4,5,25,7,11,2475,DL,LAX,1
-5,5,25,7,8,2586,DL,SFO,1
-3,5,25,7,18,2248,DL,LAS,1
-1,5,25,7,8,2248,DL,LAS,1
-4,5,25,7,8,2421,DL,SEA,1
-1,5,25,7,19,1626,DL,DEN,1
-5,5,25,7,8,2153,DL,PHX,1
-2,5,25,7,18,2153,DL,PHX,1
-2,5,25,7,18,2454,DL,PDX,1
0,5,25,7,15,1005,DL,TPA,1
-4,5,25,7,19,1069,DL,FLL,1
-3,5,25,7,6,760,DL,ATL,1
50,5,25,7,19,1090,DL,MIA,1
-4,5,25,7,6,1989,DL,SLC,1
-4,5,25,7,11,1090,DL,MIA,1
-4,5,25,7,16,1069,DL,FLL,1
26,5,25,7,11,944,DL,MCO,1
8,5,25,7,14,760,DL,ATL,1
2,5,25,7,15,1989,DL,SLC,1
24,5,25,7,19,944,DL,MCO,1
-4,5,25,7,8,1069,DL,FLL,1
-4,5,25,7,8,944,DL,MCO,1
-4,5,26,1,8,760,DL,ATL,0
6,5,26,1,16,2475,DL,LAX,0
41,5,26,1,18,2586,DL,SFO,0
-3,5,26,1,15,944,DL,MCO,0
-2,5,26,1,16,187,DL,BOS,0
-3,5,26,1,19,2421,DL,SEA,0
15,5,26,1,15,589,DL,CVG,0
-5,5,26,1,18,1005,DL,TPA,0
-2,5,26,1,16,2421,DL,SEA,0
-3,5,26,1,16,2446,DL,SAN,0
-2,5,26,1,17,2475,DL,LAX,0
-4,5,26,1,18,760,DL,ATL,0
0,5,26,1,16,2248,DL,LAS,0
-4,5,26,1,16,2586,DL,SFO,0
5,5,26,1,16,589,DL,CVG,0
-6,5,26,1,16,1989,DL,SLC,0
-5,5,26,1,12,760,DL,ATL,0
-4,5,26,1,16,760,DL,ATL,0
-3,5,26,1,8,1597,DL,SJU,0
8,5,26,1,8,2475,DL,LAX,0
-2,5,26,1,11,2475,DL,LAX,0
33,5,26,1,20,2475,DL,LAX,0
-5,5,26,1,8,2586,DL,SFO,0
-1,5,26,1,18,2248,DL,LAS,0
0,5,26,1,8,2248,DL,LAS,0
1,5,26,1,12,2248,DL,LAS,0
-4,5,26,1,8,2421,DL,SEA,0
0,5,26,1,18,1626,DL,DEN,0
-6,5,26,1,8,2153,DL,PHX,0
9,5,26,1,18,2153,DL,PHX,0
-2,5,26,1,18,2454,DL,PDX,0
-1,5,26,1,15,1005,DL,TPA,0
-2,5,26,1,19,1069,DL,FLL,0
-4,5,26,1,6,760,DL,ATL,0
7,5,26,1,19,760,DL,ATL,0
5,5,26,1,19,1090,DL,MIA,0
-1,5,26,1,6,1989,DL,SLC,0
-4,5,26,1,11,1090,DL,MIA,0
-4,5,26,1,11,213,DL,DCA,0
-4,5,26,1,16,1069,DL,FLL,0
-11,5,26,1,11,944,DL,MCO,0
10,5,26,1,19,1989,DL,SLC,0
-4,5,26,1,14,760,DL,ATL,0
4,5,26,1,15,1989,DL,SLC,0
2,5,26,1,19,944,DL,MCO,0
-4,5,26,1,8,1069,DL,FLL,0
-2,5,26,1,11,1069,DL,FLL,0
0,5,26,1,8,944,DL,MCO,0
-5,5,26,1,8,1005,DL,TPA,0
-5,5,27,2,8,760,DL,ATL,1
61,5,27,2,16,2475,DL,LAX,1
62,5,27,2,18,2586,DL,SFO,1
5,5,27,2,15,944,DL,MCO,1
25,5,27,2,16,187,DL,BOS,1
49,5,27,2,19,2421,DL,SEA,1
-1,5,27,2,15,589,DL,CVG,1
73,5,27,2,18,1005,DL,TPA,1
3,5,27,2,16,2421,DL,SEA,1
54,5,27,2,16,2446,DL,SAN,1
4,5,27,2,17,2475,DL,LAX,1
0,5,27,2,18,760,DL,ATL,1
32,5,27,2,16,2248,DL,LAS,1
5,5,27,2,16,2586,DL,SFO,1
-6,5,27,2,16,589,DL,CVG,1
3,5,27,2,16,1989,DL,SLC,1
-3,5,27,2,12,760,DL,ATL,1
-1,5,27,2,16,760,DL,ATL,1
-4,5,27,2,7,2475,DL,LAX,1
179,5,27,2,8,2475,DL,LAX,1
-6,5,27,2,11,2475,DL,LAX,1
148,5,27,2,20,2475,DL,LAX,1
-5,5,27,2,8,2586,DL,SFO,1
20,5,27,2,18,2248,DL,LAS,1
-5,5,27,2,8,2248,DL,LAS,1
-5,5,27,2,12,2248,DL,LAS,1
0,5,27,2,8,2421,DL,SEA,1
-5,5,27,2,18,1626,DL,DEN,1
-5,5,27,2,8,2153,DL,PHX,1
29,5,27,2,18,2454,DL,PDX,1
0,5,27,2,15,1005,DL,TPA,1
21,5,27,2,19,1069,DL,FLL,1
-4,5,27,2,6,760,DL,ATL,1
-3,5,27,2,19,1090,DL,MIA,1
-8,5,27,2,6,1989,DL,SLC,1
-5,5,27,2,11,1090,DL,MIA,1
3,5,27,2,16,1069,DL,FLL,1
-4,5,27,2,11,944,DL,MCO,1
105,5,27,2,19,1989,DL,SLC,1
0,5,27,2,14,760,DL,ATL,1
64,5,27,2,15,1989,DL,SLC,1
39,5,27,2,19,944,DL,MCO,1
-5,5,27,2,8,1069,DL,FLL,1
-5,5,27,2,11,1069,DL,FLL,1
-6,5,27,2,8,944,DL,MCO,1
-4,5,27,2,8,1005,DL,TPA,1
0,5,28,3,8,760,DL,ATL,2
-3,5,28,3,16,2475,DL,LAX,2
10,5,28,3,18,2586,DL,SFO,2
-1,5,28,3,15,944,DL,MCO,2
-3,5,28,3,16,187,DL,BOS,2
-13,5,28,3,19,2421,DL,SEA,2
1,5,28,3,15,589,DL,CVG,2
-4,5,28,3,18,1005,DL,TPA,2
3,5,28,3,16,2421,DL,SEA,2
-1,5,28,3,16,2446,DL,SAN,2
2,5,28,3,17,2475,DL,LAX,2
-5,5,28,3,18,760,DL,ATL,2
6,5,28,3,16,2248,DL,LAS,2
-2,5,28,3,16,2586,DL,SFO,2
-3,5,28,3,16,589,DL,CVG,2
0,5,28,3,16,1989,DL,SLC,2
-2,5,28,3,12,760,DL,ATL,2
1,5,28,3,16,760,DL,ATL,2
-5,5,28,3,8,1597,DL,SJU,2
-3,5,28,3,7,2475,DL,LAX,2
8,5,28,3,8,2475,DL,LAX,2
-2,5,28,3,11,2475,DL,LAX,2
0,5,28,3,20,2475,DL,LAX,2
-2,5,28,3,8,2586,DL,SFO,2
10,5,28,3,18,2248,DL,LAS,2
-2,5,28,3,8,2248,DL,LAS,2
59,5,28,3,12,2248,DL,LAS,2
-3,5,28,3,8,2421,DL,SEA,2
-2,5,28,3,18,1626,DL,DEN,2
-5,5,28,3,8,2153,DL,PHX,2
2,5,28,3,18,2153,DL,PHX,2
-5,5,28,3,18,2454,DL,PDX,2
-2,5,28,3,15,1005,DL,TPA,2
47,5,28,3,19,1069,DL,FLL,2
-1,5,28,3,6,760,DL,ATL,2
-4,5,28,3,19,1090,DL,MIA,2
0,5,28,3,6,1989,DL,SLC,2
-6,5,28,3,11,1090,DL,MIA,2
-2,5,28,3,16,1069,DL,FLL,2
14,5,28,3,11,944,DL,MCO,2
-2,5,28,3,19,1989,DL,SLC,2
-2,5,28,3,14,760,DL,ATL,2
10,5,28,3,15,1989,DL,SLC,2
13,5,28,3,19,944,DL,MCO,2
-3,5,28,3,8,1069,DL,FLL,2
-6,5,28,3,8,944,DL,MCO,2
-3,5,29,4,8,760,DL,ATL,3
11,5,29,4,16,2475,DL,LAX,3
16,5,29,4,18,2586,DL,SFO,3
-5,5,29,4,15,944,DL,MCO,3
192,5,29,4,16,187,DL,BOS,3
-4,5,29,4,19,2421,DL,SEA,3
-1,5,29,4,15,589,DL,CVG,3
-2,5,29,4,18,1005,DL,TPA,3
-4,5,29,4,16,2421,DL,SEA,3
32,5,29,4,16,2446,DL,SAN,3
-2,5,29,4,17,2475,DL,LAX,3
23,5,29,4,18,760,DL,ATL,3
-1,5,29,4,16,2248,DL,LAS,3
-5,5,29,4,16,589,DL,CVG,3
28,5,29,4,16,1989,DL,SLC,3
-5,5,29,4,12,760,DL,ATL,3
19,5,29,4,16,760,DL,ATL,3
-5,5,29,4,8,1597,DL,SJU,3
-5,5,29,4,7,2475,DL,LAX,3
26,5,29,4,8,2475,DL,LAX,3
-2,5,29,4,11,2475,DL,LAX,3
-1,5,29,4,20,2475,DL,LAX,3
-1,5,29,4,8,2586,DL,SFO,3
-3,5,29,4,18,2248,DL,LAS,3
4,5,29,4,8,2248,DL,LAS,3
5,5,29,4,12,2248,DL,LAS,3
-2,5,29,4,8,2421,DL,SEA,3
-4,5,29,4,18,1626,DL,DEN,3
-3,5,29,4,8,2153,DL,PHX,3
-4,5,29,4,18,2153,DL,PHX,3
-4,5,29,4,18,2454,DL,PDX,3
-3,5,29,4,15,1005,DL,TPA,3
33,5,29,4,19,1069,DL,FLL,3
-6,5,29,4,6,760,DL,ATL,3
33,5,29,4,19,1090,DL,MIA,3
-2,5,29,4,6,1989,DL,SLC,3
0,5,29,4,11,1090,DL,MIA,3
-3,5,29,4,16,1069,DL,FLL,3
-5,5,29,4,11,944,DL,MCO,3
16,5,29,4,19,1989,DL,SLC,3
1,5,29,4,14,760,DL,ATL,3
9,5,29,4,15,1989,DL,SLC,3
-5,5,29,4,19,944,DL,MCO,3
-4,5,29,4,8,1069,DL,FLL,3
-4,5,29,4,11,1069,DL,FLL,3
-5,5,29,4,8,944,DL,MCO,3
-6,5,29,4,8,1005,DL,TPA,3
-4,5,30,5,8,760,DL,ATL,4
2,5,30,5,16,2475,DL,LAX,4
0,5,30,5,18,2586,DL,SFO,4
0,5,30,5,15,944,DL,MCO,4
18,5,30,5,16,187,DL,BOS,4
-5,5,30,5,19,2421,DL,SEA,4
-5,5,30,5,15,589,DL,CVG,4
133,5,30,5,18,1005,DL,TPA,4
0,5,30,5,16,2421,DL,SEA,4
-2,5,30,5,16,2446,DL,SAN,4
-2,5,30,5,17,2475,DL,LAX,4
11,5,30,5,18,760,DL,ATL,4
36,5,30,5,16,2248,DL,LAS,4
11,5,30,5,16,2586,DL,SFO,4
-4,5,30,5,16,589,DL,CVG,4
-1,5,30,5,16,1989,DL,SLC,4
-4,5,30,5,12,760,DL,ATL,4
-1,5,30,5,16,760,DL,ATL,4
-4,5,30,5,8,1597,DL,SJU,4
-6,5,30,5,7,2475,DL,LAX,4
-2,5,30,5,8,2475,DL,LAX,4
-7,5,30,5,11,2475,DL,LAX,4
0,5,30,5,20,2475,DL,LAX,4
2,5,30,5,8,2586,DL,SFO,4
2,5,30,5,18,2248,DL,LAS,4
-1,5,30,5,8,2248,DL,LAS,4
-3,5,30,5,12,2248,DL,LAS,4
-4,5,30,5,8,2421,DL,SEA,4
-3,5,30,5,18,1626,DL,DEN,4
1,5,30,5,8,2153,DL,PHX,4
-5,5,30,5,18,2153,DL,PHX,4
-10,5,30,5,18,2454,DL,PDX,4
0,5,30,5,15,1005,DL,TPA,4
-4,5,30,5,19,1069,DL,FLL,4
-5,5,30,5,6,760,DL,ATL,4
-4,5,30,5,19,1090,DL,MIA,4
-6,5,30,5,6,1989,DL,SLC,4
-4,5,30,5,11,1090,DL,MIA,4
24,5,30,5,16,1069,DL,FLL,4
-5,5,30,5,11,944,DL,MCO,4
-2,5,30,5,19,1989,DL,SLC,4
14,5,30,5,14,760,DL,ATL,4
0,5,30,5,15,1989,DL,SLC,4
-5,5,30,5,19,944,DL,MCO,4
-4,5,30,5,8,1069,DL,FLL,4
-3,5,30,5,11,1069,DL,FLL,4
-5,5,30,5,8,944,DL,MCO,4
-5,5,30,5,8,1005,DL,TPA,4
25,5,31,6,8,760,DL,ATL,5
86,5,31,6,16,2475,DL,LAX,5
178,5,31,6,18,2586,DL,SFO,5
129,5,31,6,15,944,DL,MCO,5
48,5,31,6,16,187,DL,BOS,5
3,5,31,6,15,589,DL,CVG,5
249,5,31,6,18,1005,DL,TPA,5
42,5,31,6,16,2421,DL,SEA,5
1,5,31,6,16,2446,DL,SAN,5
-8,5,31,6,18,2475,DL,LAX,5
28,5,31,6,18,760,DL,ATL,5
-1,5,31,6,16,2248,DL,LAS,5
268,5,31,6,16,589,DL,CVG,5
-1,5,31,6,16,1989,DL,SLC,5
0,5,31,6,12,760,DL,ATL,5
6,5,31,6,16,760,DL,ATL,5
-5,5,31,6,8,1597,DL,SJU,5
-3,5,31,6,8,2475,DL,LAX,5
-5,5,31,6,11,2475,DL,LAX,5
-4,5,31,6,8,2586,DL,SFO,5
4,5,31,6,18,2248,DL,LAS,5
-4,5,31,6,8,2248,DL,LAS,5
-1,5,31,6,8,2421,DL,SEA,5
7,5,31,6,19,1626,DL,DEN,5
-5,5,31,6,8,2153,DL,PHX,5
2,5,31,6,18,2153,DL,PHX,5
13,5,31,6,18,2454,DL,PDX,5
14,5,31,6,15,1005,DL,TPA,5
19,5,31,6,19,1069,DL,FLL,5
0,5,31,6,6,760,DL,ATL,5
77,5,31,6,19,1090,DL,MIA,5
18,5,31,6,6,1989,DL,SLC,5
-2,5,31,6,11,1090,DL,MIA,5
27,5,31,6,16,1069,DL,FLL,5
-4,5,31,6,11,944,DL,MCO,5
70,5,31,6,14,760,DL,ATL,5
34,5,31,6,15,1989,DL,SLC,5
-5,5,31,6,19,944,DL,MCO,5
47,5,31,6,8,1069,DL,FLL,5
-4,5,31,6,11,1069,DL,FLL,5
-1,5,31,6,8,944,DL,MCO,5
-4,5,31,6,8,1005,DL,TPA,5
