-5,6,1,5,13,1008,NW,MSP,2040
-7,6,2,6,13,1008,NW,MSP,2039
-7,6,3,7,13,1008,NW,MSP,2038
31,6,4,1,13,1008,NW,MSP,2037
-9,6,5,2,13,1008,NW,MSP,2036
93,6,6,3,13,1008,NW,MSP,2035
0,6,7,4,13,1008,NW,MSP,2034
-4,6,8,5,13,1008,NW,MSP,2033
-2,6,9,6,13,1008,NW,MSP,2032
-2,6,10,7,13,1008,NW,MSP,2031
-3,6,11,1,13,1008,NW,MSP,2030
-5,6,12,2,13,1008,NW,MSP,2029
-2,6,13,3,13,1008,NW,MSP,2028
-5,6,14,4,13,1008,NW,MSP,2027
-4,6,15,5,13,1008,NW,MSP,2026
5,6,16,6,13,1008,NW,MSP,2025
24,6,17,7,13,1008,NW,MSP,2024
4,6,18,1,13,1008,NW,MSP,2023
-5,6,19,2,13,1008,NW,MSP,2022
-2,6,20,3,13,1008,NW,MSP,2021
-5,6,21,4,13,1008,NW,MSP,2020
16,6,22,5,13,1008,NW,MSP,2019
166,6,23,6,13,1008,NW,MSP,2018
-7,6,24,7,13,1008,NW,MSP,2017
-7,6,25,1,13,1008,NW,MSP,2016
-2,6,26,2,13,1008,NW,MSP,2015
6,6,27,3,13,1008,NW,MSP,2014
-3,6,28,4,13,1008,NW,MSP,2013
0,6,29,5,13,1008,NW,MSP,2012
13,6,30,6,13,1008,NW,MSP,2011
-8,6,1,5,9,1008,NW,MSP,2040
-1,6,2,6,9,1008,NW,MSP,2039
-3,6,4,1,9,1008,NW,MSP,2037
-7,6,5,2,9,1008,NW,MSP,2036
-7,6,6,3,9,1008,NW,MSP,2035
-4,6,7,4,9,1008,NW,MSP,2034
-8,6,8,5,9,1008,NW,MSP,2033
-5,6,9,6,9,1008,NW,MSP,2032
-2,6,10,7,9,1008,NW,MSP,2031
-2,6,11,1,9,1008,NW,MSP,2030
52,6,12,2,9,1008,NW,MSP,2029
-8,6,13,3,9,1008,NW,MSP,2028
-3,6,14,4,9,1008,NW,MSP,2027
-2,6,17,7,9,1008,NW,MSP,2024
18,6,18,1,9,1008,NW,MSP,2023
-1,6,19,2,9,1008,NW,MSP,2022
-2,6,20,3,9,1008,NW,MSP,2021
-4,6,21,4,9,1008,NW,MSP,2020
-4,6,22,5,9,1008,NW,MSP,2019
-3,6,23,6,9,1008,NW,MSP,2018
-2,6,24,7,9,1008,NW,MSP,2017
-9,6,25,1,9,1008,NW,MSP,2016
-7,6,26,2,9,1008,NW,MSP,2015
-6,6,28,4,9,1008,NW,MSP,2013
-7,6,29,5,9,1008,NW,MSP,2012
-6,6,30,6,9,1008,NW,MSP,2011
-7,6,1,5,11,1008,NW,MSP,2040
-5,6,2,6,11,1008,NW,MSP,2039
6,6,3,7,11,1008,NW,MSP,2038
0,6,4,1,11,1008,NW,MSP,2037
-5,6,5,2,11,1008,NW,MSP,2036
-1,6,6,3,11,1008,NW,MSP,2035
-6,6,7,4,11,1008,NW,MSP,2034
-6,6,8,5,11,1008,NW,MSP,2033
-6,6,9,6,11,1008,NW,MSP,2032
-3,6,10,7,11,1008,NW,MSP,2031
7,6,11,1,11,1008,NW,MSP,2030
-4,6,12,2,11,1008,NW,MSP,2029
170,6,13,3,11,1008,NW,MSP,2028
-1,6,14,4,11,1008,NW,MSP,2027
0,6,15,5,11,1008,NW,MSP,2026
11,6,16,6,11,1008,NW,MSP,2025
-2,6,18,1,11,1008,NW,MSP,2023
-7,6,19,2,11,1008,NW,MSP,2022
-6,6,20,3,11,1008,NW,MSP,2021
0,6,21,4,11,1008,NW,MSP,2020
-2,6,22,5,11,1008,NW,MSP,2019
-6,6,23,6,11,1008,NW,MSP,2018
-1,6,24,7,11,1008,NW,MSP,2017
-5,6,25,1,11,1008,NW,MSP,2016
-1,6,26,2,11,1008,NW,MSP,2015
-6,6,27,3,11,1008,NW,MSP,2014
-6,6,28,4,11,1008,NW,MSP,2013
-5,6,29,5,11,1008,NW,MSP,2012
-2,6,30,6,11,1008,NW,MSP,2011
54,6,1,5,19,1008,NW,MSP,2040
10,6,3,7,19,1008,NW,MSP,2038
-5,6,4,1,19,1008,NW,MSP,2037
19,6,5,2,19,1008,NW,MSP,2036
5,6,6,3,19,1008,NW,MSP,2035
-5,6,8,5,19,1008,NW,MSP,2033
-5,6,10,7,19,1008,NW,MSP,2031
267,6,11,1,19,1008,NW,MSP,2030
-1,6,12,2,19,1008,NW,MSP,2029
167,6,13,3,19,1008,NW,MSP,2028
64,6,14,4,19,1008,NW,MSP,2027
10,6,17,7,19,1008,NW,MSP,2024
-8,6,18,1,19,1008,NW,MSP,2023
30,6,19,2,19,1008,NW,MSP,2022
-2,6,24,7,19,1008,NW,MSP,2017
-3,6,25,1,19,1008,NW,MSP,2016
-4,6,26,2,19,1008,NW,MSP,2015
6,6,27,3,19,1008,NW,MSP,2014
2,6,28,4,19,1008,NW,MSP,2013
55,6,29,5,19,1008,NW,MSP,2012
-4,6,1,5,6,946,NW,MEM,2040
-7,6,2,6,6,946,NW,MEM,2039
-4,6,4,1,6,946,NW,MEM,2037
-1,6,5,2,6,946,NW,MEM,2036
-5,6,6,3,6,946,NW,MEM,2035
-6,6,7,4,6,946,NW,MEM,2034
-8,6,8,5,6,946,NW,MEM,2033
-4,6,9,6,6,946,NW,MEM,2032
-2,6,11,1,6,946,NW,MEM,2030
-4,6,13,3,6,946,NW,MEM,2028
-5,6,14,4,6,946,NW,MEM,2027
-4,6,15,5,6,946,NW,MEM,2026
-8,6,18,1,6,946,NW,MEM,2023
14,6,19,2,6,946,NW,MEM,2022
-5,6,20,3,6,946,NW,MEM,2021
-4,6,21,4,6,946,NW,MEM,2020
74,6,22,5,6,946,NW,MEM,2019
-3,6,23,6,6,946,NW,MEM,2018
-1,6,26,2,6,946,NW,MEM,2015
-4,6,27,3,6,946,NW,MEM,2014
0,6,28,4,6,946,NW,MEM,2013
-5,6,29,5,6,946,NW,MEM,2012
0,6,30,6,6,946,NW,MEM,2011
14,6,1,5,17,946,NW,MEM,2040
-6,6,2,6,17,946,NW,MEM,2039
-6,6,3,7,17,946,NW,MEM,2038
-3,6,4,1,17,946,NW,MEM,2037
140,6,5,2,17,946,NW,MEM,2036
-3,6,6,3,17,946,NW,MEM,2035
-4,6,7,4,17,946,NW,MEM,2034
-10,6,8,5,17,946,NW,MEM,2033
-3,6,9,6,17,946,NW,MEM,2032
-2,6,10,7,17,946,NW,MEM,2031
68,6,11,1,17,946,NW,MEM,2030
220,6,12,2,17,946,NW,MEM,2029
73,6,13,3,17,946,NW,MEM,2028
140,6,14,4,17,946,NW,MEM,2027
-7,6,17,7,17,946,NW,MEM,2024
-3,6,19,2,17,946,NW,MEM,2022
63,6,20,3,17,946,NW,MEM,2021
244,6,21,4,17,946,NW,MEM,2020
179,6,23,6,17,946,NW,MEM,2018
-5,6,24,7,17,946,NW,MEM,2017
-5,6,25,1,17,946,NW,MEM,2016
-3,6,26,2,17,946,NW,MEM,2015
-6,6,27,3,17,946,NW,MEM,2014
-3,6,28,4,17,946,NW,MEM,2013
2,6,29,5,17,946,NW,MEM,2012
32,6,30,6,17,946,NW,MEM,2011
-5,6,1,5,10,946,NW,MEM,2040
-5,6,2,6,10,946,NW,MEM,2039
0,6,3,7,10,946,NW,MEM,2038
-5,6,4,1,10,946,NW,MEM,2037
-3,6,5,2,10,946,NW,MEM,2036
-6,6,6,3,10,946,NW,MEM,2035
-4,6,7,4,10,946,NW,MEM,2034
-6,6,8,5,10,946,NW,MEM,2033
-7,6,9,6,10,946,NW,MEM,2032
-4,6,10,7,10,946,NW,MEM,2031
-1,6,11,1,10,946,NW,MEM,2030
1,6,12,2,10,946,NW,MEM,2029
0,6,13,3,10,946,NW,MEM,2028
-4,6,14,4,10,946,NW,MEM,2027
12,6,15,5,10,946,NW,MEM,2026
-4,6,17,7,10,946,NW,MEM,2024
-2,6,18,1,10,946,NW,MEM,2023
-2,6,19,2,10,946,NW,MEM,2022
-4,6,20,3,10,946,NW,MEM,2021
257,6,22,5,10,946,NW,MEM,2019
-6,6,24,7,10,946,NW,MEM,2017
-5,6,25,1,10,946,NW,MEM,2016
-1,6,26,2,10,946,NW,MEM,2015
-4,6,27,3,10,946,NW,MEM,2014
-5,6,28,4,10,946,NW,MEM,2013
2,6,29,5,10,946,NW,MEM,2012
-7,6,1,5,14,946,NW,MEM,2040
-6,6,2,6,14,946,NW,MEM,2039
-5,6,3,7,14,946,NW,MEM,2038
-6,6,4,1,14,946,NW,MEM,2037
-5,6,5,2,14,946,NW,MEM,2036
-3,6,6,3,14,946,NW,MEM,2035
-6,6,7,4,14,946,NW,MEM,2034
-3,6,8,5,14,946,NW,MEM,2033
-3,6,9,6,14,946,NW,MEM,2032
-4,6,10,7,14,946,NW,MEM,2031
-4,6,11,1,14,946,NW,MEM,2030
-6,6,12,2,14,946,NW,MEM,2029
72,6,13,3,14,946,NW,MEM,2028
-9,6,14,4,14,946,NW,MEM,2027
-3,6,15,5,14,946,NW,MEM,2026
5,6,16,6,14,946,NW,MEM,2025
-6,6,17,7,14,946,NW,MEM,2024
13,6,18,1,14,946,NW,MEM,2023
-4,6,19,2,14,946,NW,MEM,2022
-5,6,20,3,14,946,NW,MEM,2021
-5,6,21,4,14,946,NW,MEM,2020
-2,6,22,5,14,946,NW,MEM,2019
103,6,23,6,14,946,NW,MEM,2018
-4,6,24,7,14,946,NW,MEM,2017
-3,6,25,1,14,946,NW,MEM,2016
-2,6,26,2,14,946,NW,MEM,2015
-4,6,27,3,14,946,NW,MEM,2014
-4,6,28,4,14,946,NW,MEM,2013
-8,6,29,5,14,946,NW,MEM,2012
-3,6,30,6,14,946,NW,MEM,2011
-7,6,1,5,6,1008,NW,MSP,2040
-1,6,2,6,6,1008,NW,MSP,2039
-4,6,3,7,6,1008,NW,MSP,2038
55,6,4,1,6,1008,NW,MSP,2037
-3,6,5,2,6,1008,NW,MSP,2036
-7,6,6,3,6,1008,NW,MSP,2035
-5,6,7,4,6,1008,NW,MSP,2034
-4,6,8,5,6,1008,NW,MSP,2033
-4,6,9,6,6,1008,NW,MSP,2032
-5,6,10,7,6,1008,NW,MSP,2031
-6,6,11,1,6,1008,NW,MSP,2030
-6,6,12,2,6,1008,NW,MSP,2029
-3,6,13,3,6,1008,NW,MSP,2028
-6,6,14,4,6,1008,NW,MSP,2027
-1,6,15,5,6,1008,NW,MSP,2026
-2,6,17,7,6,1008,NW,MSP,2024
-1,6,18,1,6,1008,NW,MSP,2023
-2,6,19,2,6,1008,NW,MSP,2022
-6,6,20,3,6,1008,NW,MSP,2021
-1,6,21,4,6,1008,NW,MSP,2020
2,6,22,5,6,1008,NW,MSP,2019
6,6,23,6,6,1008,NW,MSP,2018
-4,6,24,7,6,1008,NW,MSP,2017
4,6,25,1,6,1008,NW,MSP,2016
-4,6,26,2,6,1008,NW,MSP,2015
-1,6,27,3,6,1008,NW,MSP,2014
-1,6,28,4,6,1008,NW,MSP,2013
-1,6,29,5,6,1008,NW,MSP,2012
8,6,30,6,6,1008,NW,MSP,2011
-5,6,1,5,14,872,TW,STL,2040
-2,6,2,6,14,872,TW,STL,2039
11,6,3,7,14,872,TW,STL,2038
40,6,4,1,14,872,TW,STL,2037
-3,6,5,2,14,872,TW,STL,2036
4,6,6,3,14,872,TW,STL,2035
-2,6,8,5,14,872,TW,STL,2033
0,6,9,6,14,872,TW,STL,2032
-3,6,10,7,14,872,TW,STL,2031
37,6,11,1,14,872,TW,STL,2030
16,6,12,2,14,872,TW,STL,2029
-3,6,13,3,14,872,TW,STL,2028
-5,6,14,4,14,872,TW,STL,2027
21,6,15,5,14,872,TW,STL,2026
-3,6,16,6,14,872,TW,STL,2025
7,6,17,7,14,872,TW,STL,2024
1,6,18,1,14,872,TW,STL,2023
-2,6,19,2,14,872,TW,STL,2022
0,6,20,3,14,872,TW,STL,2021
-2,6,21,4,14,872,TW,STL,2020
85,6,23,6,14,872,TW,STL,2018
17,6,24,7,14,872,TW,STL,2017
-1,6,25,1,14,872,TW,STL,2016
0,6,26,2,14,872,TW,STL,2015
4,6,27,3,14,872,TW,STL,2014
3,6,28,4,14,872,TW,STL,2013
7,6,29,5,14,872,TW,STL,2012
13,6,30,6,14,872,TW,STL,2011
-5,6,1,5,19,872,TW,STL,2040
7,6,3,7,19,872,TW,STL,2038
9,6,5,2,19,872,TW,STL,2036
-3,6,6,3,19,872,TW,STL,2035
-3,6,7,4,19,872,TW,STL,2034
-1,6,8,5,19,872,TW,STL,2033
1,6,10,7,19,872,TW,STL,2031
35,6,11,1,19,872,TW,STL,2030
10,6,12,2,19,872,TW,STL,2029
81,6,13,3,19,872,TW,STL,2028
55,6,14,4,19,872,TW,STL,2027
103,6,15,5,19,872,TW,STL,2026
0,6,17,7,19,872,TW,STL,2024
40,6,18,1,19,872,TW,STL,2023
-5,6,19,2,19,872,TW,STL,2022
59,6,21,4,19,872,TW,STL,2020
85,6,22,5,19,872,TW,STL,2019
-1,6,24,7,19,872,TW,STL,2017
0,6,25,1,19,872,TW,STL,2016
-1,6,26,2,19,872,TW,STL,2015
-4,6,27,3,19,872,TW,STL,2014
5,6,28,4,19,872,TW,STL,2013
17,6,29,5,19,872,TW,STL,2012
-2,6,1,5,17,872,TW,STL,2040
-3,6,2,6,17,872,TW,STL,2039
0,6,3,7,17,872,TW,STL,2038
212,6,4,1,17,872,TW,STL,2037
66,6,5,2,17,872,TW,STL,2036
-3,6,6,3,17,872,TW,STL,2035
-1,6,7,4,17,872,TW,STL,2034
2,6,8,5,17,872,TW,STL,2033
-2,6,9,6,17,872,TW,STL,2032
1,6,10,7,17,872,TW,STL,2031
11,6,11,1,17,872,TW,STL,2030
304,6,12,2,17,872,TW,STL,2029
64,6,13,3,17,872,TW,STL,2028
193,6,15,5,17,872,TW,STL,2026
40,6,16,6,17,872,TW,STL,2025
22,6,17,7,17,872,TW,STL,2024
10,6,18,1,17,872,TW,STL,2023
0,6,19,2,17,872,TW,STL,2022
260,6,20,3,17,872,TW,STL,2021
71,6,21,4,17,872,TW,STL,2020
85,6,22,5,17,872,TW,STL,2019
7,6,23,6,17,872,TW,STL,2018
6,6,24,7,17,872,TW,STL,2017
24,6,25,1,17,872,TW,STL,2016
0,6,26,2,17,872,TW,STL,2015
-5,6,27,3,17,872,TW,STL,2014
0,6,28,4,17,872,TW,STL,2013
50,6,29,5,17,872,TW,STL,2012
34,6,30,6,17,872,TW,STL,2011
-1,6,1,5,8,872,TW,STL,2040
0,6,2,6,8,872,TW,STL,2039
-2,6,3,7,8,872,TW,STL,2038
-1,6,4,1,8,872,TW,STL,2037
5,6,5,2,8,872,TW,STL,2036
-1,6,6,3,8,872,TW,STL,2035
-2,6,7,4,8,872,TW,STL,2034
11,6,8,5,8,872,TW,STL,2033
-3,6,9,6,8,872,TW,STL,2032
-8,6,10,7,8,872,TW,STL,2031
-1,6,11,1,8,872,TW,STL,2030
-4,6,12,2,8,872,TW,STL,2029
-5,6,13,3,8,872,TW,STL,2028
-3,6,14,4,8,872,TW,STL,2027
0,6,15,5,8,872,TW,STL,2026
-5,6,16,6,8,872,TW,STL,2025
0,6,17,7,8,872,TW,STL,2024
-2,6,18,1,8,872,TW,STL,2023
-1,6,19,2,8,872,TW,STL,2022
-2,6,20,3,8,872,TW,STL,2021
-5,6,21,4,8,872,TW,STL,2020
-5,6,22,5,8,872,TW,STL,2019
10,6,23,6,8,872,TW,STL,2018
1,6,24,7,8,872,TW,STL,2017
-3,6,25,1,8,872,TW,STL,2016
-4,6,26,2,8,872,TW,STL,2015
0,6,27,3,8,872,TW,STL,2014
-2,6,28,4,8,872,TW,STL,2013
-5,6,29,5,8,872,TW,STL,2012
13,6,30,6,8,872,TW,STL,2011
0,6,1,5,6,872,TW,STL,2040
3,6,2,6,6,872,TW,STL,2039
-5,6,3,7,6,872,TW,STL,2038
-3,6,4,1,6,872,TW,STL,2037
0,6,5,2,6,872,TW,STL,2036
-3,6,6,3,6,872,TW,STL,2035
8,6,7,4,6,872,TW,STL,2034
0,6,8,5,6,872,TW,STL,2033
-1,6,9,6,6,872,TW,STL,2032
-1,6,10,7,6,872,TW,STL,2031
-1,6,11,1,6,872,TW,STL,2030
-3,6,12,2,6,872,TW,STL,2029
-1,6,13,3,6,872,TW,STL,2028
7,6,14,4,6,872,TW,STL,2027
2,6,15,5,6,872,TW,STL,2026
11,6,16,6,6,872,TW,STL,2025
3,6,18,1,6,872,TW,STL,2023
14,6,19,2,6,872,TW,STL,2022
5,6,20,3,6,872,TW,STL,2021
15,6,21,4,6,872,TW,STL,2020
0,6,22,5,6,872,TW,STL,2019
0,6,24,7,6,872,TW,STL,2017
-1,6,25,1,6,872,TW,STL,2016
0,6,26,2,6,872,TW,STL,2015
2,6,27,3,6,872,TW,STL,2014
-3,6,28,4,6,872,TW,STL,2013
2,6,29,5,6,872,TW,STL,2012
32,6,30,6,6,872,TW,STL,2011
-6,6,1,5,15,872,TW,STL,2040
-3,6,3,7,15,872,TW,STL,2038
-3,6,5,2,15,872,TW,STL,2036
-4,6,6,3,15,872,TW,STL,2035
-3,6,7,4,15,872,TW,STL,2034
46,6,8,5,15,872,TW,STL,2033
-5,6,10,7,15,872,TW,STL,2031
3,6,11,1,15,872,TW,STL,2030
-10,6,12,2,15,872,TW,STL,2029
-4,6,13,3,15,872,TW,STL,2028
397,6,14,4,15,872,TW,STL,2027
20,6,17,7,15,872,TW,STL,2024
-1,6,18,1,15,872,TW,STL,2023
-4,6,19,2,15,872,TW,STL,2022
0,6,20,3,15,872,TW,STL,2021
0,6,21,4,15,872,TW,STL,2020
-2,6,22,5,15,872,TW,STL,2019
0,6,24,7,15,872,TW,STL,2017
-1,6,25,1,15,872,TW,STL,2016
-2,6,26,2,15,872,TW,STL,2015
-4,6,27,3,15,872,TW,STL,2014
-3,6,28,4,15,872,TW,STL,2013
-3,6,29,5,15,872,TW,STL,2012
-4,6,1,5,11,872,TW,STL,2040
12,6,2,6,11,872,TW,STL,2039
3,6,3,7,11,872,TW,STL,2038
58,6,4,1,11,872,TW,STL,2037
-2,6,5,2,11,872,TW,STL,2036
5,6,6,3,11,872,TW,STL,2035
9,6,7,4,11,872,TW,STL,2034
-7,6,8,5,11,872,TW,STL,2033
-7,6,9,6,11,872,TW,STL,2032
9,6,10,7,11,872,TW,STL,2031
-1,6,11,1,11,872,TW,STL,2030
0,6,12,2,11,872,TW,STL,2029
0,6,13,3,11,872,TW,STL,2028
15,6,14,4,11,872,TW,STL,2027
16,6,15,5,11,872,TW,STL,2026
35,6,16,6,11,872,TW,STL,2025
11,6,17,7,11,872,TW,STL,2024
1,6,18,1,11,872,TW,STL,2023
0,6,19,2,11,872,TW,STL,2022
-2,6,20,3,11,872,TW,STL,2021
12,6,21,4,11,872,TW,STL,2020
8,6,22,5,11,872,TW,STL,2019
7,6,23,6,11,872,TW,STL,2018
-2,6,24,7,11,872,TW,STL,2017
7,6,25,1,11,872,TW,STL,2016
11,6,26,2,11,872,TW,STL,2015
-1,6,27,3,11,872,TW,STL,2014
109,6,28,4,11,872,TW,STL,2013
-1,6,29,5,11,872,TW,STL,2012
0,6,30,6,11,872,TW,STL,2011
0,6,1,5,11,1605,UA,DEN,2040
-2,6,2,6,11,1605,UA,DEN,2039
-4,6,3,7,11,1605,UA,DEN,2038
-4,6,4,1,11,1605,UA,DEN,2037
-2,6,5,2,11,1605,UA,DEN,2036
-5,6,6,3,11,1605,UA,DEN,2035
-3,6,1,5,7,2565,UA,SFO,2040
-3,6,2,6,7,2565,UA,SFO,2039
-5,6,3,7,7,2565,UA,SFO,2038
-6,6,4,1,7,2565,UA,SFO,2037
-4,6,6,3,7,2565,UA,SFO,2035
-1,6,7,4,20,2454,UA,LAX,2034
-4,6,8,5,20,2454,UA,LAX,2033
-2,6,10,7,20,2454,UA,LAX,2031
169,6,12,2,20,2454,UA,LAX,2029
26,6,13,3,20,2454,UA,LAX,2028
28,6,14,4,20,2454,UA,LAX,2027
226,6,15,5,20,2454,UA,LAX,2026
-2,6,17,7,20,2454,UA,LAX,2024
-1,6,18,1,20,2454,UA,LAX,2023
166,6,21,4,20,2454,UA,LAX,2020
194,6,22,5,20,2454,UA,LAX,2019
24,6,24,7,20,2454,UA,LAX,2017
9,6,25,1,20,2454,UA,LAX,2016
17,6,26,2,20,2454,UA,LAX,2015
192,6,27,3,20,2454,UA,LAX,2014
42,6,28,4,20,2454,UA,LAX,2013
-6,6,1,5,10,2565,UA,SFO,2040
4,6,2,6,10,2565,UA,SFO,2039
-3,6,3,7,10,2565,UA,SFO,2038
2,6,4,1,10,2565,UA,SFO,2037
-4,6,5,2,10,2565,UA,SFO,2036
3,6,6,3,10,2565,UA,SFO,2035
-2,6,7,4,9,2565,UA,SFO,2034
81,6,8,5,9,2565,UA,SFO,2033
-6,6,9,6,9,2565,UA,SFO,2032
-3,6,10,7,9,2565,UA,SFO,2031
0,6,11,1,9,2565,UA,SFO,2030
-4,6,12,2,9,2565,UA,SFO,2029
-4,6,13,3,9,2565,UA,SFO,2028
-1,6,14,4,9,2565,UA,SFO,2027
8,6,15,5,9,2565,UA,SFO,2026
-2,6,16,6,9,2565,UA,SFO,2025
2,6,17,7,9,2565,UA,SFO,2024
-4,6,18,1,9,2565,UA,SFO,2023
-1,6,19,2,9,2565,UA,SFO,2022
-3,6,20,3,9,2565,UA,SFO,2021
7,6,21,4,9,2565,UA,SFO,2020
-4,6,22,5,9,2565,UA,SFO,2019
5,6,23,6,9,2565,UA,SFO,2018
54,6,24,7,9,2565,UA,SFO,2017
-1,6,25,1,9,2565,UA,SFO,2016
-1,6,26,2,9,2565,UA,SFO,2015
-4,6,27,3,9,2565,UA,SFO,2014
129,6,28,4,9,2565,UA,SFO,2013
-1,6,29,5,9,2565,UA,SFO,2012
40,6,30,6,9,2565,UA,SFO,2011
-3,6,1,5,14,2565,UA,SFO,2040
10,6,2,6,14,2565,UA,SFO,2039
1,6,3,7,14,2565,UA,SFO,2038
-3,6,4,1,14,2565,UA,SFO,2037
25,6,5,2,14,2565,UA,SFO,2036
243,6,6,3,14,2565,UA,SFO,2035
-1,6,7,4,14,2565,UA,SFO,2034
1,6,8,5,14,2565,UA,SFO,2033
1,6,9,6,14,2565,UA,SFO,2032
10,6,10,7,14,2565,UA,SFO,2031
5,6,11,1,14,2565,UA,SFO,2030
142,6,12,2,14,2565,UA,SFO,2029
2,6,13,3,14,2565,UA,SFO,2028
49,6,14,4,14,2565,UA,SFO,2027
9,6,16,6,14,2565,UA,SFO,2025
41,6,17,7,14,2565,UA,SFO,2024
44,6,18,1,14,2565,UA,SFO,2023
-4,6,19,2,14,2565,UA,SFO,2022
-2,6,20,3,14,2565,UA,SFO,2021
-1,6,21,4,14,2565,UA,SFO,2020
6,6,22,5,14,2565,UA,SFO,2019
113,6,23,6,14,2565,UA,SFO,2018
10,6,24,7,14,2565,UA,SFO,2017
-1,6,26,2,14,2565,UA,SFO,2015
-2,6,27,3,14,2565,UA,SFO,2014
4,6,28,4,14,2565,UA,SFO,2013
1,6,29,5,14,2565,UA,SFO,2012
-3,6,30,6,14,2565,UA,SFO,2011
-4,6,1,5,19,2565,UA,SFO,2040
0,6,3,7,19,2565,UA,SFO,2038
-2,6,4,1,19,2565,UA,SFO,2037
38,6,5,2,19,2565,UA,SFO,2036
12,6,6,3,19,2565,UA,SFO,2035
-1,6,7,4,19,2565,UA,SFO,2034
-4,6,8,5,19,2565,UA,SFO,2033
6,6,10,7,19,2565,UA,SFO,2031
-2,6,11,1,19,2565,UA,SFO,2030
173,6,12,2,19,2565,UA,SFO,2029
116,6,13,3,19,2565,UA,SFO,2028
6,6,14,4,19,2565,UA,SFO,2027
209,6,15,5,19,2565,UA,SFO,2026
-2,6,17,7,19,2565,UA,SFO,2024
-2,6,18,1,19,2565,UA,SFO,2023
-7,6,19,2,19,2565,UA,SFO,2022
85,6,20,3,19,2565,UA,SFO,2021
2,6,21,4,19,2565,UA,SFO,2020
91,6,22,5,19,2565,UA,SFO,2019
10,6,24,7,19,2565,UA,SFO,2017
31,6,25,1,19,2565,UA,SFO,2016
105,6,26,2,19,2565,UA,SFO,2015
59,6,27,3,19,2565,UA,SFO,2014
-2,6,28,4,19,2565,UA,SFO,2013
84,6,29,5,19,2565,UA,SFO,2012
3,6,1,5,18,2565,UA,SFO,2040
-2,6,2,6,18,2565,UA,SFO,2039
17,6,3,7,18,2565,UA,SFO,2038
-4,6,4,1,18,2565,UA,SFO,2037
100,6,5,2,18,2565,UA,SFO,2036
8,6,6,3,18,2565,UA,SFO,2035
-1,6,7,4,18,2565,UA,SFO,2034
-3,6,8,5,18,2565,UA,SFO,2033
-3,6,9,6,18,2565,UA,SFO,2032
16,6,11,1,18,2565,UA,SFO,2030
81,6,12,2,18,2565,UA,SFO,2029
100,6,13,3,18,2565,UA,SFO,2028
31,6,14,4,18,2565,UA,SFO,2027
254,6,15,5,18,2565,UA,SFO,2026
107,6,16,6,18,2565,UA,SFO,2025
-3,6,18,1,18,2565,UA,SFO,2023
-4,6,19,2,18,2565,UA,SFO,2022
254,6,20,3,18,2565,UA,SFO,2021
-5,6,21,4,18,2565,UA,SFO,2020
32,6,23,6,18,2565,UA,SFO,2018
-1,6,26,2,18,2565,UA,SFO,2015
1,6,27,3,18,2565,UA,SFO,2014
-3,6,28,4,18,2565,UA,SFO,2013
98,6,29,5,18,2565,UA,SFO,2012
17,6,30,6,18,2565,UA,SFO,2011
4,6,7,4,7,2565,UA,SFO,2034
-5,6,8,5,7,2565,UA,SFO,2033
-1,6,9,6,7,2565,UA,SFO,2032
14,6,10,7,7,2565,UA,SFO,2031
-1,6,11,1,7,2565,UA,SFO,2030
-2,6,12,2,7,2565,UA,SFO,2029
-3,6,13,3,7,2565,UA,SFO,2028
40,6,15,5,7,2565,UA,SFO,2026
-3,6,16,6,7,2565,UA,SFO,2025
-1,6,17,7,7,2565,UA,SFO,2024
57,6,18,1,7,2565,UA,SFO,2023
-4,6,19,2,7,2565,UA,SFO,2022
-4,6,20,3,7,2565,UA,SFO,2021
-2,6,21,4,7,2565,UA,SFO,2020
-1,6,22,5,7,2565,UA,SFO,2019
1,6,23,6,7,2565,UA,SFO,2018
1,6,24,7,7,2565,UA,SFO,2017
-1,6,25,1,7,2565,UA,SFO,2016
-3,6,26,2,7,2565,UA,SFO,2015
-1,6,27,3,7,2565,UA,SFO,2014
-1,6,28,4,7,2565,UA,SFO,2013
13,6,29,5,7,2565,UA,SFO,2012
2,6,30,6,7,2565,UA,SFO,2011
-5,6,7,4,7,2454,UA,LAX,2034
-4,6,8,5,7,2454,UA,LAX,2033
-1,6,9,6,7,2454,UA,LAX,2032
0,6,10,7,7,2454,UA,LAX,2031
-6,6,11,1,7,2454,UA,LAX,2030
-4,6,12,2,7,2454,UA,LAX,2029
0,6,13,3,7,2454,UA,LAX,2028
-2,6,14,4,7,2454,UA,LAX,2027
-3,6,15,5,7,2454,UA,LAX,2026
-3,6,16,6,7,2454,UA,LAX,2025
2,6,17,7,7,2454,UA,LAX,2024
-6,6,18,1,7,2454,UA,LAX,2023
-1,6,19,2,7,2454,UA,LAX,2022
-3,6,20,3,7,2454,UA,LAX,2021
-3,6,21,4,7,2454,UA,LAX,2020
-3,6,22,5,7,2454,UA,LAX,2019
0,6,24,7,7,2454,UA,LAX,2017
7,6,25,1,7,2454,UA,LAX,2016
0,6,26,2,7,2454,UA,LAX,2015
-1,6,27,3,7,2454,UA,LAX,2014
-6,6,28,4,7,2454,UA,LAX,2013
3,6,29,5,7,2454,UA,LAX,2012
29,6,30,6,7,2454,UA,LAX,2011
-5,6,1,5,12,2454,UA,LAX,2040
17,6,2,6,12,2454,UA,LAX,2039
-1,6,3,7,12,2454,UA,LAX,2038
-2,6,4,1,12,2454,UA,LAX,2037
-1,6,5,2,12,2454,UA,LAX,2036
3,6,6,3,12,2454,UA,LAX,2035
-5,6,7,4,12,2454,UA,LAX,2034
33,6,8,5,12,2454,UA,LAX,2033
-1,6,9,6,12,2454,UA,LAX,2032
9,6,10,7,12,2454,UA,LAX,2031
0,6,11,1,12,2454,UA,LAX,2030
0,6,12,2,12,2454,UA,LAX,2029
26,6,13,3,12,2454,UA,LAX,2028
27,6,14,4,12,2454,UA,LAX,2027
3,6,15,5,12,2454,UA,LAX,2026
3,6,16,6,12,2454,UA,LAX,2025
-4,6,17,7,12,2454,UA,LAX,2024
22,6,18,1,12,2454,UA,LAX,2023
-3,6,19,2,12,2454,UA,LAX,2022
-3,6,20,3,12,2454,UA,LAX,2021
-1,6,21,4,12,2454,UA,LAX,2020
-2,6,22,5,12,2454,UA,LAX,2019
0,6,23,6,12,2454,UA,LAX,2018
-3,6,24,7,12,2454,UA,LAX,2017
1,6,25,1,12,2454,UA,LAX,2016
-2,6,26,2,12,2454,UA,LAX,2015
-3,6,27,3,12,2454,UA,LAX,2014
-4,6,28,4,12,2454,UA,LAX,2013
-3,6,29,5,12,2454,UA,LAX,2012
9,6,30,6,12,2454,UA,LAX,2011
-1,6,1,5,17,2454,UA,LAX,2040
4,6,2,6,17,2454,UA,LAX,2039
0,6,3,7,17,2454,UA,LAX,2038
-6,6,4,1,17,2454,UA,LAX,2037
0,6,5,2,17,2454,UA,LAX,2036
-4,6,6,3,17,2454,UA,LAX,2035
-4,6,8,5,17,2454,UA,LAX,2033
-3,6,9,6,17,2454,UA,LAX,2032
1,6,10,7,17,2454,UA,LAX,2031
-3,6,11,1,17,2454,UA,LAX,2030
-5,6,12,2,17,2454,UA,LAX,2029
1,6,13,3,17,2454,UA,LAX,2028
18,6,14,4,17,2454,UA,LAX,2027
26,6,16,6,17,2454,UA,LAX,2025
1,6,17,7,17,2454,UA,LAX,2024
-1,6,18,1,17,2454,UA,LAX,2023
-2,6,19,2,17,2454,UA,LAX,2022
40,6,20,3,17,2454,UA,LAX,2021
-1,6,21,4,17,2454,UA,LAX,2020
57,6,22,5,17,2454,UA,LAX,2019
33,6,23,6,17,2454,UA,LAX,2018
8,6,24,7,17,2454,UA,LAX,2017
59,6,25,1,17,2454,UA,LAX,2016
20,6,26,2,17,2454,UA,LAX,2015
0,6,27,3,17,2454,UA,LAX,2014
9,6,28,4,17,2454,UA,LAX,2013
58,6,29,5,17,2454,UA,LAX,2012
31,6,30,6,17,2454,UA,LAX,2011
-4,6,1,5,20,2454,UA,LAX,2040
0,6,3,7,20,2454,UA,LAX,2038
-2,6,4,1,20,2454,UA,LAX,2037
0,6,5,2,20,2454,UA,LAX,2036
-1,6,6,3,20,2454,UA,LAX,2035
-3,6,1,5,7,2454,UA,LAX,2040
-4,6,2,6,7,2454,UA,LAX,2039
-4,6,3,7,7,2454,UA,LAX,2038
-2,6,4,1,7,2454,UA,LAX,2037
-3,6,5,2,7,2454,UA,LAX,2036
-2,6,6,3,7,2454,UA,LAX,2035
19,6,1,5,16,1605,UA,DEN,2040
0,6,2,6,16,1605,UA,DEN,2039
-5,6,3,7,16,1605,UA,DEN,2038
0,6,4,1,16,1605,UA,DEN,2037
1,6,5,2,16,1605,UA,DEN,2036
23,6,6,3,16,1605,UA,DEN,2035
0,6,7,4,11,1605,UA,DEN,2034
1,6,8,5,11,1605,UA,DEN,2033
113,6,9,6,11,1605,UA,DEN,2032
4,6,10,7,11,1605,UA,DEN,2031
1,6,11,1,11,1605,UA,DEN,2030
-3,6,12,2,11,1605,UA,DEN,2029
-3,6,13,3,11,1605,UA,DEN,2028
4,6,14,4,11,1605,UA,DEN,2027
0,6,15,5,11,1605,UA,DEN,2026
4,6,16,6,11,1605,UA,DEN,2025
-1,6,17,7,11,1605,UA,DEN,2024
-2,6,18,1,11,1605,UA,DEN,2023
-3,6,19,2,11,1605,UA,DEN,2022
-5,6,20,3,11,1605,UA,DEN,2021
4,6,21,4,11,1605,UA,DEN,2020
0,6,22,5,11,1605,UA,DEN,2019
15,6,23,6,11,1605,UA,DEN,2018
-3,6,24,7,11,1605,UA,DEN,2017
-4,6,25,1,11,1605,UA,DEN,2016
1,6,26,2,11,1605,UA,DEN,2015
1,6,27,3,11,1605,UA,DEN,2014
-3,6,28,4,11,1605,UA,DEN,2013
0,6,29,5,11,1605,UA,DEN,2012
8,6,30,6,11,1605,UA,DEN,2011
-4,6,7,4,8,1605,UA,DEN,2034
-3,6,8,5,8,1605,UA,DEN,2033
2,6,9,6,8,1605,UA,DEN,2032
-3,6,10,7,8,1605,UA,DEN,2031
3,6,11,1,8,1605,UA,DEN,2030
37,6,12,2,8,1605,UA,DEN,2029
2,6,13,3,8,1605,UA,DEN,2028
-3,6,14,4,8,1605,UA,DEN,2027
10,6,15,5,8,1605,UA,DEN,2026
50,6,16,6,8,1605,UA,DEN,2025
-2,6,17,7,8,1605,UA,DEN,2024
-3,6,18,1,8,1605,UA,DEN,2023
3,6,19,2,8,1605,UA,DEN,2022
-3,6,20,3,8,1605,UA,DEN,2021
83,6,21,4,8,1605,UA,DEN,2020
0,6,23,6,8,1605,UA,DEN,2018
0,6,24,7,8,1605,UA,DEN,2017
4,6,25,1,8,1605,UA,DEN,2016
-1,6,26,2,8,1605,UA,DEN,2015
-6,6,27,3,8,1605,UA,DEN,2014
-5,6,28,4,8,1605,UA,DEN,2013
31,6,29,5,8,1605,UA,DEN,2012
2,6,30,6,8,1605,UA,DEN,2011
-4,6,1,5,8,1605,UA,DEN,2040
-4,6,2,6,8,1605,UA,DEN,2039
-3,6,3,7,8,1605,UA,DEN,2038
-3,6,4,1,8,1605,UA,DEN,2037
-3,6,5,2,8,1605,UA,DEN,2036
32,6,6,3,8,1605,UA,DEN,2035
17,6,7,4,16,1605,UA,DEN,2034
-1,6,8,5,16,1605,UA,DEN,2033
8,6,9,6,16,1605,UA,DEN,2032
-3,6,10,7,16,1605,UA,DEN,2031
-3,6,11,1,16,1605,UA,DEN,2030
30,6,12,2,16,1605,UA,DEN,2029
7,6,13,3,16,1605,UA,DEN,2028
3,6,14,4,16,1605,UA,DEN,2027
286,6,15,5,16,1605,UA,DEN,2026
-1,6,17,7,16,1605,UA,DEN,2024
-2,6,18,1,16,1605,UA,DEN,2023
-4,6,19,2,16,1605,UA,DEN,2022
360,6,20,3,16,1605,UA,DEN,2021
-1,6,21,4,16,1605,UA,DEN,2020
79,6,22,5,16,1605,UA,DEN,2019
-3,6,24,7,16,1605,UA,DEN,2017
-5,6,25,1,16,1605,UA,DEN,2016
-1,6,26,2,16,1605,UA,DEN,2015
-4,6,27,3,16,1605,UA,DEN,2014
10,6,28,4,16,1605,UA,DEN,2013
45,6,29,5,16,1605,UA,DEN,2012
0,6,30,6,16,1605,UA,DEN,2011
-5,6,1,5,18,1605,UA,DEN,2040
0,6,2,6,18,1605,UA,DEN,2039
-2,6,3,7,18,1605,UA,DEN,2038
26,6,4,1,18,1605,UA,DEN,2037
-2,6,5,2,18,1605,UA,DEN,2036
-3,6,6,3,18,1605,UA,DEN,2035
-3,6,7,4,18,1605,UA,DEN,2034
-3,6,8,5,18,1605,UA,DEN,2033
-2,6,9,6,18,1605,UA,DEN,2032
1,6,10,7,18,1605,UA,DEN,2031
4,6,11,1,18,1605,UA,DEN,2030
38,6,12,2,18,1605,UA,DEN,2029
-1,6,13,3,18,1605,UA,DEN,2028
16,6,14,4,18,1605,UA,DEN,2027
174,6,15,5,18,1605,UA,DEN,2026
49,6,16,6,18,1605,UA,DEN,2025
73,6,17,7,18,1605,UA,DEN,2024
-1,6,18,1,18,1605,UA,DEN,2023
-1,6,19,2,18,1605,UA,DEN,2022
155,6,20,3,18,1605,UA,DEN,2021
22,6,21,4,18,1605,UA,DEN,2020
61,6,22,5,18,1605,UA,DEN,2019
6,6,24,7,18,1605,UA,DEN,2017
6,6,25,1,18,1605,UA,DEN,2016
11,6,26,2,18,1605,UA,DEN,2015
3,6,27,3,18,1605,UA,DEN,2014
21,6,28,4,18,1605,UA,DEN,2013
90,6,29,5,18,1605,UA,DEN,2012
1,6,30,6,18,1605,UA,DEN,2011
-4,6,1,5,6,719,UA,ORD,2040
-2,6,2,6,6,719,UA,ORD,2039
-5,6,4,1,6,719,UA,ORD,2037
-3,6,5,2,6,719,UA,ORD,2036
-6,6,7,4,6,719,UA,ORD,2034
-1,6,8,5,6,719,UA,ORD,2033
40,6,10,7,6,719,UA,ORD,2031
-4,6,11,1,6,719,UA,ORD,2030
1,6,12,2,6,719,UA,ORD,2029
-2,6,13,3,6,719,UA,ORD,2028
33,6,15,5,6,719,UA,ORD,2026
106,6,18,1,6,719,UA,ORD,2023
-5,6,19,2,6,719,UA,ORD,2022
22,6,21,4,6,719,UA,ORD,2020
-1,6,22,5,6,719,UA,ORD,2019
2,6,25,1,6,719,UA,ORD,2016
-5,6,26,2,6,719,UA,ORD,2015
-7,6,27,3,6,719,UA,ORD,2014
-4,6,28,4,6,719,UA,ORD,2013
-1,6,29,5,6,719,UA,ORD,2012
-2,6,7,4,7,719,UA,ORD,2034
-5,6,8,5,7,719,UA,ORD,2033
23,6,9,6,7,719,UA,ORD,2032
-4,6,10,7,7,719,UA,ORD,2031
-3,6,11,1,7,719,UA,ORD,2030
19,6,12,2,7,719,UA,ORD,2029
-5,6,13,3,7,719,UA,ORD,2028
-4,6,14,4,7,719,UA,ORD,2027
-4,6,15,5,7,719,UA,ORD,2026
3,6,16,6,7,719,UA,ORD,2025
-5,6,17,7,7,719,UA,ORD,2024
2,6,18,1,7,719,UA,ORD,2023
-8,6,19,2,7,719,UA,ORD,2022
-6,6,20,3,7,719,UA,ORD,2021
-3,6,21,4,7,719,UA,ORD,2020
-3,6,22,5,7,719,UA,ORD,2019
-2,6,23,6,7,719,UA,ORD,2018
-2,6,24,7,7,719,UA,ORD,2017
-4,6,25,1,7,719,UA,ORD,2016
-4,6,26,2,7,719,UA,ORD,2015
-5,6,27,3,7,719,UA,ORD,2014
-4,6,28,4,7,719,UA,ORD,2013
-4,6,29,5,7,719,UA,ORD,2012
2,6,30,6,7,719,UA,ORD,2011
-4,6,1,5,8,719,UA,ORD,2040
-5,6,2,6,8,719,UA,ORD,2039
-6,6,3,7,8,719,UA,ORD,2038
-3,6,4,1,8,719,UA,ORD,2037
-4,6,5,2,8,719,UA,ORD,2036
247,6,6,3,8,719,UA,ORD,2035
-3,6,7,4,8,719,UA,ORD,2034
-4,6,8,5,8,719,UA,ORD,2033
-4,6,9,6,8,719,UA,ORD,2032
-1,6,10,7,8,719,UA,ORD,2031
-2,6,11,1,8,719,UA,ORD,2030
-3,6,13,3,8,719,UA,ORD,2028
-5,6,14,4,8,719,UA,ORD,2027
-3,6,15,5,8,719,UA,ORD,2026
-1,6,16,6,8,719,UA,ORD,2025
-3,6,17,7,8,719,UA,ORD,2024
-3,6,18,1,8,719,UA,ORD,2023
-3,6,19,2,8,719,UA,ORD,2022
-2,6,20,3,8,719,UA,ORD,2021
-2,6,22,5,8,719,UA,ORD,2019
-2,6,30,6,8,719,UA,ORD,2011
-4,6,1,5,9,719,UA,ORD,2040
-3,6,2,6,9,719,UA,ORD,2039
-2,6,3,7,9,719,UA,ORD,2038
54,6,4,1,9,719,UA,ORD,2037
10,6,5,2,9,719,UA,ORD,2036
0,6,7,4,9,719,UA,ORD,2034
-3,6,8,5,9,719,UA,ORD,2033
-4,6,9,6,9,719,UA,ORD,2032
-1,6,11,1,9,719,UA,ORD,2030
17,6,12,2,9,719,UA,ORD,2029
37,6,13,3,9,719,UA,ORD,2028
45,6,14,4,9,719,UA,ORD,2027
-4,6,15,5,9,719,UA,ORD,2026
-1,6,16,6,9,719,UA,ORD,2025
2,6,17,7,9,719,UA,ORD,2024
26,6,18,1,9,719,UA,ORD,2023
-2,6,19,2,9,719,UA,ORD,2022
2,6,20,3,9,719,UA,ORD,2021
10,6,21,4,9,719,UA,ORD,2020
9,6,23,6,9,719,UA,ORD,2018
-1,6,24,7,9,719,UA,ORD,2017
6,6,25,1,9,719,UA,ORD,2016
1,6,26,2,9,719,UA,ORD,2015
-2,6,27,3,9,719,UA,ORD,2014
-3,6,28,4,9,719,UA,ORD,2013
3,6,29,5,9,719,UA,ORD,2012
-4,6,30,6,9,719,UA,ORD,2011
-7,6,1,5,10,719,UA,ORD,2040
-3,6,2,6,10,719,UA,ORD,2039
-2,6,3,7,10,719,UA,ORD,2038
-2,6,4,1,10,719,UA,ORD,2037
82,6,5,2,10,719,UA,ORD,2036
5,6,6,3,10,719,UA,ORD,2035
-5,6,8,5,10,719,UA,ORD,2033
-4,6,9,6,10,719,UA,ORD,2032
-1,6,10,7,10,719,UA,ORD,2031
29,6,11,1,10,719,UA,ORD,2030
-4,6,14,4,10,719,UA,ORD,2027
-1,6,15,5,10,719,UA,ORD,2026
16,6,16,6,10,719,UA,ORD,2025
-4,6,17,7,10,719,UA,ORD,2024
53,6,19,2,10,719,UA,ORD,2022
128,6,21,4,10,719,UA,ORD,2020
-4,6,22,5,10,719,UA,ORD,2019
-3,6,24,7,10,719,UA,ORD,2017
54,6,25,1,10,719,UA,ORD,2016
-5,6,26,2,10,719,UA,ORD,2015
-5,6,27,3,10,719,UA,ORD,2014
12,6,28,4,10,719,UA,ORD,2013
-2,6,29,5,10,719,UA,ORD,2012
82,6,30,6,10,719,UA,ORD,2011
-5,6,1,5,11,719,UA,ORD,2040
-3,6,3,7,11,719,UA,ORD,2038
-2,6,4,1,11,719,UA,ORD,2037
43,6,5,2,11,719,UA,ORD,2036
-1,6,7,4,11,719,UA,ORD,2034
-2,6,8,5,11,719,UA,ORD,2033
-6,6,9,6,11,719,UA,ORD,2032
0,6,10,7,11,719,UA,ORD,2031
-2,6,11,1,11,719,UA,ORD,2030
-6,6,13,3,11,719,UA,ORD,2028
9,6,14,4,11,719,UA,ORD,2027
-1,6,15,5,11,719,UA,ORD,2026
-5,6,16,6,11,719,UA,ORD,2025
-3,6,17,7,11,719,UA,ORD,2024
23,6,18,1,11,719,UA,ORD,2023
2,6,19,2,11,719,UA,ORD,2022
-5,6,20,3,11,719,UA,ORD,2021
12,6,21,4,11,719,UA,ORD,2020
-3,6,22,5,11,719,UA,ORD,2019
-1,6,23,6,11,719,UA,ORD,2018
-2,6,24,7,11,719,UA,ORD,2017
3,6,25,1,11,719,UA,ORD,2016
-4,6,26,2,11,719,UA,ORD,2015
62,6,27,3,11,719,UA,ORD,2014
-4,6,29,5,11,719,UA,ORD,2012
3,6,30,6,11,719,UA,ORD,2011
-3,6,1,5,12,719,UA,ORD,2040
-2,6,3,7,12,719,UA,ORD,2038
-2,6,4,1,12,719,UA,ORD,2037
155,6,6,3,12,719,UA,ORD,2035
35,6,11,1,12,719,UA,ORD,2030
42,6,12,2,12,719,UA,ORD,2029
45,6,13,3,12,719,UA,ORD,2028
70,6,15,5,12,719,UA,ORD,2026
95,6,18,1,12,719,UA,ORD,2023
104,6,19,2,12,719,UA,ORD,2022
0,6,22,5,12,719,UA,ORD,2019
23,6,25,1,12,719,UA,ORD,2016
2,6,26,2,12,719,UA,ORD,2015
1,6,27,3,12,719,UA,ORD,2014
-3,6,28,4,12,719,UA,ORD,2013
0,6,29,5,12,719,UA,ORD,2012
3,6,1,5,13,719,UA,ORD,2040
28,6,2,6,13,719,UA,ORD,2039
-6,6,3,7,13,719,UA,ORD,2038
-5,6,4,1,13,719,UA,ORD,2037
88,6,5,2,13,719,UA,ORD,2036
0,6,6,3,13,719,UA,ORD,2035
-1,6,7,4,13,719,UA,ORD,2034
0,6,8,5,13,719,UA,ORD,2033
-2,6,9,6,13,719,UA,ORD,2032
-6,6,10,7,13,719,UA,ORD,2031
-3,6,11,1,13,719,UA,ORD,2030
49,6,12,2,13,719,UA,ORD,2029
-5,6,13,3,13,719,UA,ORD,2028
15,6,14,4,13,719,UA,ORD,2027
-4,6,17,7,13,719,UA,ORD,2024
5,6,19,2,13,719,UA,ORD,2022
-2,6,20,3,13,719,UA,ORD,2021
10,6,21,4,13,719,UA,ORD,2020
0,6,22,5,13,719,UA,ORD,2019
5,6,23,6,13,719,UA,ORD,2018
-4,6,24,7,13,719,UA,ORD,2017
4,6,25,1,13,719,UA,ORD,2016
-5,6,26,2,13,719,UA,ORD,2015
-5,6,27,3,13,719,UA,ORD,2014
-4,6,28,4,13,719,UA,ORD,2013
-3,6,29,5,13,719,UA,ORD,2012
-1,6,30,6,13,719,UA,ORD,2011
-2,6,1,5,14,719,UA,ORD,2040
-3,6,3,7,14,719,UA,ORD,2038
-5,6,4,1,14,719,UA,ORD,2037
60,6,6,3,14,719,UA,ORD,2035
0,6,7,4,14,719,UA,ORD,2034
32,6,8,5,14,719,UA,ORD,2033
75,6,9,6,14,719,UA,ORD,2032
12,6,10,7,14,719,UA,ORD,2031
-2,6,11,1,14,719,UA,ORD,2030
-3,6,12,2,14,719,UA,ORD,2029
5,6,13,3,14,719,UA,ORD,2028
25,6,14,4,14,719,UA,ORD,2027
83,6,15,5,14,719,UA,ORD,2026
-3,6,16,6,14,719,UA,ORD,2025
-3,6,17,7,14,719,UA,ORD,2024
123,6,18,1,14,719,UA,ORD,2023
-4,6,20,3,14,719,UA,ORD,2021
12,6,21,4,14,719,UA,ORD,2020
19,6,22,5,14,719,UA,ORD,2019
176,6,23,6,14,719,UA,ORD,2018
3,6,24,7,14,719,UA,ORD,2017
13,6,25,1,14,719,UA,ORD,2016
20,6,26,2,14,719,UA,ORD,2015
0,6,27,3,14,719,UA,ORD,2014
-1,6,28,4,14,719,UA,ORD,2013
8,6,29,5,14,719,UA,ORD,2012
-4,6,30,6,14,719,UA,ORD,2011
-1,6,1,5,16,719,UA,ORD,2040
158,6,5,2,16,719,UA,ORD,2036
1,6,6,3,16,719,UA,ORD,2035
-2,6,7,4,16,719,UA,ORD,2034
-3,6,8,5,16,719,UA,ORD,2033
-2,6,9,6,16,719,UA,ORD,2032
11,6,10,7,16,719,UA,ORD,2031
-1,6,11,1,16,719,UA,ORD,2030
-3,6,13,3,16,719,UA,ORD,2028
18,6,14,4,16,719,UA,ORD,2027
35,6,16,6,16,719,UA,ORD,2025
-1,6,17,7,16,719,UA,ORD,2024
5,6,18,1,16,719,UA,ORD,2023
-1,6,19,2,16,719,UA,ORD,2022
6,6,22,5,16,719,UA,ORD,2019
0,6,24,7,16,719,UA,ORD,2017
20,6,25,1,16,719,UA,ORD,2016
15,6,26,2,16,719,UA,ORD,2015
100,6,27,3,16,719,UA,ORD,2014
3,6,28,4,16,719,UA,ORD,2013
19,6,29,5,16,719,UA,ORD,2012
8,6,30,6,16,719,UA,ORD,2011
-3,6,1,5,17,719,UA,ORD,2040
0,6,2,6,17,719,UA,ORD,2039
-2,6,3,7,17,719,UA,ORD,2038
0,6,4,1,17,719,UA,ORD,2037
118,6,5,2,17,719,UA,ORD,2036
-1,6,6,3,17,719,UA,ORD,2035
-2,6,8,5,17,719,UA,ORD,2033
-3,6,9,6,17,719,UA,ORD,2032
-2,6,11,1,17,719,UA,ORD,2030
66,6,12,2,17,719,UA,ORD,2029
3,6,13,3,17,719,UA,ORD,2028
12,6,14,4,17,719,UA,ORD,2027
207,6,15,5,17,719,UA,ORD,2026
121,6,16,6,17,719,UA,ORD,2025
1,6,17,7,17,719,UA,ORD,2024
-3,6,18,1,17,719,UA,ORD,2023
-3,6,19,2,17,719,UA,ORD,2022
273,6,20,3,17,719,UA,ORD,2021
48,6,21,4,17,719,UA,ORD,2020
55,6,22,5,17,719,UA,ORD,2019
164,6,23,6,17,719,UA,ORD,2018
-4,6,25,1,17,719,UA,ORD,2016
1,6,26,2,17,719,UA,ORD,2015
-2,6,27,3,17,719,UA,ORD,2014
23,6,28,4,17,719,UA,ORD,2013
49,6,29,5,17,719,UA,ORD,2012
-2,6,30,6,17,719,UA,ORD,2011
0,6,1,5,18,719,UA,ORD,2040
-3,6,3,7,18,719,UA,ORD,2038
-3,6,4,1,18,719,UA,ORD,2037
-1,6,7,4,18,719,UA,ORD,2034
-3,6,8,5,18,719,UA,ORD,2033
-4,6,9,6,18,719,UA,ORD,2032
2,6,10,7,18,719,UA,ORD,2031
-3,6,11,1,18,719,UA,ORD,2030
178,6,12,2,18,719,UA,ORD,2029
64,6,13,3,18,719,UA,ORD,2028
34,6,14,4,18,719,UA,ORD,2027
106,6,16,6,18,719,UA,ORD,2025
-3,6,17,7,18,719,UA,ORD,2024
-3,6,18,1,18,719,UA,ORD,2023
-2,6,19,2,18,719,UA,ORD,2022
203,6,20,3,18,719,UA,ORD,2021
-4,6,21,4,18,719,UA,ORD,2020
46,6,23,6,18,719,UA,ORD,2018
-1,6,24,7,18,719,UA,ORD,2017
-3,6,25,1,18,719,UA,ORD,2016
-4,6,27,3,18,719,UA,ORD,2014
0,6,28,4,18,719,UA,ORD,2013
97,6,29,5,18,719,UA,ORD,2012
35,6,1,5,19,719,UA,ORD,2040
-3,6,2,6,19,719,UA,ORD,2039
-4,6,3,7,19,719,UA,ORD,2038
-5,6,4,1,19,719,UA,ORD,2037
-3,6,6,3,19,719,UA,ORD,2035
1,6,7,4,19,719,UA,ORD,2034
0,6,8,5,19,719,UA,ORD,2033
16,6,10,7,19,719,UA,ORD,2031
85,6,11,1,19,719,UA,ORD,2030
108,6,12,2,19,719,UA,ORD,2029
7,6,17,7,19,719,UA,ORD,2024
-3,6,18,1,19,719,UA,ORD,2023
8,6,19,2,19,719,UA,ORD,2022
68,6,21,4,19,719,UA,ORD,2020
163,6,22,5,19,719,UA,ORD,2019
19,6,24,7,19,719,UA,ORD,2017
-1,6,25,1,19,719,UA,ORD,2016
1,6,26,2,19,719,UA,ORD,2015
34,6,27,3,19,719,UA,ORD,2014
0,6,28,4,19,719,UA,ORD,2013
-5,6,1,5,6,719,UA,ORD,2040
-3,6,3,7,6,719,UA,ORD,2038
-4,6,4,1,6,719,UA,ORD,2037
-3,6,5,2,6,719,UA,ORD,2036
-3,6,6,3,6,719,UA,ORD,2035
-4,6,7,4,6,719,UA,ORD,2034
-3,6,8,5,6,719,UA,ORD,2033
-2,6,9,6,6,719,UA,ORD,2032
-5,6,10,7,6,719,UA,ORD,2031
-3,6,11,1,6,719,UA,ORD,2030
-3,6,12,2,6,719,UA,ORD,2029
-5,6,13,3,6,719,UA,ORD,2028
-7,6,14,4,6,719,UA,ORD,2027
-1,6,15,5,6,719,UA,ORD,2026
36,6,16,6,6,719,UA,ORD,2025
2,6,17,7,6,719,UA,ORD,2024
-1,6,19,2,6,719,UA,ORD,2022
-3,6,20,3,6,719,UA,ORD,2021
2,6,21,4,6,719,UA,ORD,2020
-4,6,22,5,6,719,UA,ORD,2019
11,6,23,6,6,719,UA,ORD,2018
2,6,24,7,6,719,UA,ORD,2017
8,6,25,1,6,719,UA,ORD,2016
-3,6,26,2,6,719,UA,ORD,2015
-4,6,27,3,6,719,UA,ORD,2014
-4,6,28,4,6,719,UA,ORD,2013
0,6,29,5,6,719,UA,ORD,2012
57,6,30,6,6,719,UA,ORD,2011
-6,6,7,4,20,719,UA,ORD,2034
-6,6,8,5,20,719,UA,ORD,2033
17,6,10,7,20,719,UA,ORD,2031
127,6,11,1,20,719,UA,ORD,2030
82,6,12,2,20,719,UA,ORD,2029
-1,6,13,3,20,719,UA,ORD,2028
50,6,14,4,20,719,UA,ORD,2027
161,6,15,5,20,719,UA,ORD,2026
-5,6,17,7,20,719,UA,ORD,2024
-5,6,18,1,20,719,UA,ORD,2023
-3,6,19,2,20,719,UA,ORD,2022
38,6,21,4,20,719,UA,ORD,2020
-1,6,24,7,20,719,UA,ORD,2017
-4,6,25,1,20,719,UA,ORD,2016
8,6,26,2,20,719,UA,ORD,2015
-3,6,28,4,20,719,UA,ORD,2013
60,6,29,5,20,719,UA,ORD,2012
-4,6,1,5,9,2565,UA,SFO,2040
-2,6,2,6,9,2565,UA,SFO,2039
-3,6,3,7,9,2565,UA,SFO,2038
-3,6,5,2,9,2565,UA,SFO,2036
0,6,6,3,9,2565,UA,SFO,2035
-7,6,8,5,8,2565,UA,SFO,2033
-1,6,9,6,8,2565,UA,SFO,2032
-2,6,10,7,8,2565,UA,SFO,2031
0,6,11,1,8,2565,UA,SFO,2030
18,6,13,3,8,2565,UA,SFO,2028
-1,6,14,4,8,2565,UA,SFO,2027
-2,6,15,5,8,2565,UA,SFO,2026
2,6,16,6,8,2565,UA,SFO,2025
-5,6,17,7,8,2565,UA,SFO,2024
-2,6,18,1,8,2565,UA,SFO,2023
-4,6,19,2,8,2565,UA,SFO,2022
10,6,20,3,8,2565,UA,SFO,2021
-3,6,21,4,8,2565,UA,SFO,2020
-2,6,22,5,8,2565,UA,SFO,2019
1,6,23,6,8,2565,UA,SFO,2018
-1,6,24,7,8,2565,UA,SFO,2017
32,6,25,1,8,2565,UA,SFO,2016
0,6,26,2,8,2565,UA,SFO,2015
-3,6,27,3,8,2565,UA,SFO,2014
19,6,28,4,8,2565,UA,SFO,2013
3,6,29,5,8,2565,UA,SFO,2012
1,6,30,6,8,2565,UA,SFO,2011
-2,6,1,5,7,719,UA,ORD,2040
-2,6,2,6,7,719,UA,ORD,2039
-3,6,3,7,7,719,UA,ORD,2038
-1,6,4,1,7,719,UA,ORD,2037
-5,6,5,2,7,719,UA,ORD,2036
0,6,6,3,7,719,UA,ORD,2035
-4,6,1,5,15,1605,UA,DEN,2040
-5,6,2,6,15,1605,UA,DEN,2039
5,6,3,7,15,1605,UA,DEN,2038
-4,6,5,2,15,1605,UA,DEN,2036
1,6,6,3,15,1605,UA,DEN,2035
2,6,7,4,15,1605,UA,DEN,2034
-4,6,8,5,15,1605,UA,DEN,2033
-3,6,9,6,15,1605,UA,DEN,2032
10,6,10,7,15,1605,UA,DEN,2031
10,6,11,1,15,1605,UA,DEN,2030
-2,6,12,2,15,1605,UA,DEN,2029
-4,6,13,3,15,1605,UA,DEN,2028
-3,6,14,4,15,1605,UA,DEN,2027
-2,6,15,5,15,1605,UA,DEN,2026
-2,6,16,6,15,1605,UA,DEN,2025
21,6,17,7,15,1605,UA,DEN,2024
0,6,18,1,15,1605,UA,DEN,2023
20,6,19,2,15,1605,UA,DEN,2022
40,6,21,4,15,1605,UA,DEN,2020
0,6,22,5,15,1605,UA,DEN,2019
104,6,23,6,15,1605,UA,DEN,2018
19,6,24,7,15,1605,UA,DEN,2017
6,6,25,1,15,1605,UA,DEN,2016
23,6,27,3,15,1605,UA,DEN,2014
2,6,28,4,15,1605,UA,DEN,2013
3,6,29,5,15,1605,UA,DEN,2012
11,6,30,6,15,1605,UA,DEN,2011
-5,6,1,5,15,719,UA,ORD,2040
-9,6,2,6,15,719,UA,ORD,2039
-2,6,3,7,15,719,UA,ORD,2038
8,6,4,1,15,719,UA,ORD,2037
67,6,5,2,15,719,UA,ORD,2036
48,6,7,4,15,719,UA,ORD,2034
-1,6,8,5,15,719,UA,ORD,2033
-5,6,11,1,15,719,UA,ORD,2030
90,6,12,2,15,719,UA,ORD,2029
6,6,13,3,15,719,UA,ORD,2028
39,6,14,4,15,719,UA,ORD,2027
371,6,15,5,15,719,UA,ORD,2026
63,6,18,1,15,719,UA,ORD,2023
0,6,19,2,15,719,UA,ORD,2022
-4,6,20,3,15,719,UA,ORD,2021
1,6,21,4,15,719,UA,ORD,2020
33,6,29,5,15,719,UA,ORD,2012
-2,6,1,5,6,1605,UA,DEN,2040
17,6,2,6,6,1605,UA,DEN,2039
24,6,3,7,6,1605,UA,DEN,2038
-6,6,4,1,6,1605,UA,DEN,2037
1,6,5,2,6,1605,UA,DEN,2036
-4,6,6,3,6,1605,UA,DEN,2035
-2,6,7,4,6,1605,UA,DEN,2034
-4,6,8,5,6,1605,UA,DEN,2033
0,6,9,6,6,1605,UA,DEN,2032
15,6,10,7,6,1605,UA,DEN,2031
-8,6,11,1,6,1605,UA,DEN,2030
-2,6,12,2,6,1605,UA,DEN,2029
0,6,14,4,6,1605,UA,DEN,2027
-4,6,15,5,6,1605,UA,DEN,2026
-1,6,16,6,6,1605,UA,DEN,2025
-2,6,17,7,6,1605,UA,DEN,2024
9,6,18,1,6,1605,UA,DEN,2023
-4,6,19,2,6,1605,UA,DEN,2022
-4,6,20,3,6,1605,UA,DEN,2021
0,6,21,4,6,1605,UA,DEN,2020
9,6,22,5,6,1605,UA,DEN,2019
0,6,24,7,6,1605,UA,DEN,2017
-1,6,25,1,6,1605,UA,DEN,2016
-3,6,26,2,6,1605,UA,DEN,2015
0,6,27,3,6,1605,UA,DEN,2014
0,6,28,4,6,1605,UA,DEN,2013
-2,6,29,5,6,1605,UA,DEN,2012
7,6,30,6,6,1605,UA,DEN,2011
-2,6,1,5,5,529,US,CLT,2040
-1,6,2,6,5,529,US,CLT,2039
-5,6,1,5,16,529,US,CLT,2040
1,6,2,6,16,529,US,CLT,2039
1,6,3,7,16,529,US,CLT,2038
-8,6,4,1,16,529,US,CLT,2037
0,6,5,2,16,529,US,CLT,2036
7,6,6,3,16,529,US,CLT,2035
9,6,7,4,16,529,US,CLT,2034
7,6,8,5,16,529,US,CLT,2033
-4,6,9,6,16,529,US,CLT,2032
-2,6,10,7,16,529,US,CLT,2031
-3,6,11,1,16,529,US,CLT,2030
-2,6,12,2,16,529,US,CLT,2029
15,6,13,3,16,529,US,CLT,2028
36,6,14,4,16,529,US,CLT,2027
189,6,16,6,16,529,US,CLT,2025
30,6,17,7,16,529,US,CLT,2024
-2,6,18,1,16,529,US,CLT,2023
8,6,19,2,16,529,US,CLT,2022
17,6,21,4,16,529,US,CLT,2020
228,6,23,6,16,529,US,CLT,2018
10,6,24,7,16,529,US,CLT,2017
11,6,25,1,16,529,US,CLT,2016
134,6,26,2,16,529,US,CLT,2015
6,6,27,3,16,529,US,CLT,2014
15,6,28,4,16,529,US,CLT,2013
14,6,29,5,16,529,US,CLT,2012
187,6,30,6,16,529,US,CLT,2011
5,6,1,5,11,745,DL,ATL,2040
0,6,2,6,11,745,DL,ATL,2039
8,6,3,7,11,745,DL,ATL,2038
2,6,4,1,11,745,DL,ATL,2037
-1,6,5,2,11,745,DL,ATL,2036
-1,6,6,3,11,745,DL,ATL,2035
-4,6,7,4,11,745,DL,ATL,2034
1,6,8,5,11,745,DL,ATL,2033
13,6,9,6,11,745,DL,ATL,2032
1,6,10,7,11,745,DL,ATL,2031
4,6,11,1,11,745,DL,ATL,2030
5,6,12,2,11,745,DL,ATL,2029
7,6,13,3,11,745,DL,ATL,2028
3,6,14,4,11,745,DL,ATL,2027
3,6,15,5,11,745,DL,ATL,2026
2,6,16,6,11,745,DL,ATL,2025
5,6,17,7,11,745,DL,ATL,2024
4,6,18,1,11,745,DL,ATL,2023
1,6,19,2,11,745,DL,ATL,2022
6,6,20,3,11,745,DL,ATL,2021
3,6,21,4,11,745,DL,ATL,2020
6,6,22,5,11,745,DL,ATL,2019
3,6,23,6,11,745,DL,ATL,2018
10,6,24,7,11,745,DL,ATL,2017
7,6,25,1,11,745,DL,ATL,2016
12,6,26,2,11,745,DL,ATL,2015
22,6,27,3,11,745,DL,ATL,2014
4,6,28,4,11,745,DL,ATL,2013
3,6,29,5,11,745,DL,ATL,2012
3,6,30,6,11,745,DL,ATL,2011
-3,6,1,5,6,569,DL,CVG,2040
-4,6,2,6,6,569,DL,CVG,2039
-1,6,3,7,6,569,DL,CVG,2038
-3,6,4,1,6,569,DL,CVG,2037
-1,6,5,2,6,569,DL,CVG,2036
0,6,6,3,6,569,DL,CVG,2035
2,6,7,4,6,569,DL,CVG,2034
-3,6,8,5,6,569,DL,CVG,2033
1,6,9,6,6,569,DL,CVG,2032
-2,6,10,7,6,569,DL,CVG,2031
0,6,11,1,6,569,DL,CVG,2030
-3,6,12,2,6,569,DL,CVG,2029
0,6,13,3,6,569,DL,CVG,2028
3,6,14,4,6,569,DL,CVG,2027
7,6,15,5,6,569,DL,CVG,2026
1,6,16,6,6,569,DL,CVG,2025
33,6,17,7,6,569,DL,CVG,2024
-4,6,18,1,6,569,DL,CVG,2023
-2,6,19,2,6,569,DL,CVG,2022
-3,6,20,3,6,569,DL,CVG,2021
4,6,21,4,6,569,DL,CVG,2020
4,6,22,5,6,569,DL,CVG,2019
42,6,23,6,6,569,DL,CVG,2018
9,6,25,1,6,569,DL,CVG,2016
12,6,26,2,6,569,DL,CVG,2015
3,6,27,3,6,569,DL,CVG,2014
9,6,28,4,6,569,DL,CVG,2013
19,6,29,5,6,569,DL,CVG,2012
1,6,30,6,6,569,DL,CVG,2011
81,6,1,5,17,569,DL,CVG,2040
-4,6,2,6,17,569,DL,CVG,2039
6,6,3,7,17,569,DL,CVG,2038
15,6,4,1,17,569,DL,CVG,2037
8,6,5,2,17,569,DL,CVG,2036
18,6,6,3,17,569,DL,CVG,2035
1,6,7,4,17,569,DL,CVG,2034
0,6,8,5,17,569,DL,CVG,2033
0,6,9,6,17,569,DL,CVG,2032
-2,6,10,7,17,569,DL,CVG,2031
8,6,11,1,17,569,DL,CVG,2030
55,6,14,4,17,569,DL,CVG,2027
60,6,16,6,17,569,DL,CVG,2025
2,6,17,7,17,569,DL,CVG,2024
-1,6,18,1,17,569,DL,CVG,2023
75,6,19,2,17,569,DL,CVG,2022
252,6,20,3,17,569,DL,CVG,2021
3,6,21,4,17,569,DL,CVG,2020
61,6,22,5,17,569,DL,CVG,2019
35,6,24,7,17,569,DL,CVG,2017
8,6,25,1,17,569,DL,CVG,2016
35,6,26,2,17,569,DL,CVG,2015
17,6,27,3,17,569,DL,CVG,2014
18,6,28,4,17,569,DL,CVG,2013
61,6,29,5,17,569,DL,CVG,2012
21,6,30,6,17,569,DL,CVG,2011
121,6,1,5,16,745,DL,ATL,2040
1,6,2,6,16,745,DL,ATL,2039
209,6,3,7,16,745,DL,ATL,2038
4,6,4,1,16,745,DL,ATL,2037
3,6,5,2,16,745,DL,ATL,2036
76,6,6,3,16,745,DL,ATL,2035
2,6,7,4,16,745,DL,ATL,2034
5,6,8,5,16,745,DL,ATL,2033
0,6,9,6,16,745,DL,ATL,2032
5,6,10,7,16,745,DL,ATL,2031
4,6,11,1,16,745,DL,ATL,2030
36,6,12,2,16,745,DL,ATL,2029
5,6,13,3,16,745,DL,ATL,2028
20,6,14,4,16,745,DL,ATL,2027
50,6,15,5,16,745,DL,ATL,2026
12,6,17,7,16,745,DL,ATL,2024
7,6,18,1,16,745,DL,ATL,2023
-4,6,19,2,16,745,DL,ATL,2022
4,6,20,3,16,745,DL,ATL,2021
26,6,21,4,16,745,DL,ATL,2020
316,6,22,5,16,745,DL,ATL,2019
1,6,24,7,16,745,DL,ATL,2017
28,6,25,1,16,745,DL,ATL,2016
5,6,26,2,16,745,DL,ATL,2015
1,6,27,3,16,745,DL,ATL,2014
13,6,28,4,16,745,DL,ATL,2013
39,6,29,5,16,745,DL,ATL,2012
2,6,30,6,16,745,DL,ATL,2011
72,6,1,5,15,745,DL,ATL,2040
-1,6,4,1,15,745,DL,ATL,2037
10,6,5,2,15,745,DL,ATL,2036
149,6,6,3,15,745,DL,ATL,2035
3,6,7,4,15,745,DL,ATL,2034
41,6,8,5,15,745,DL,ATL,2033
-1,6,11,1,15,745,DL,ATL,2030
65,6,12,2,15,745,DL,ATL,2029
1,6,13,3,15,745,DL,ATL,2028
23,6,14,4,15,745,DL,ATL,2027
56,6,15,5,15,745,DL,ATL,2026
17,6,18,1,15,745,DL,ATL,2023
0,6,19,2,15,745,DL,ATL,2022
5,6,20,3,15,745,DL,ATL,2021
43,6,22,5,15,745,DL,ATL,2019
21,6,25,1,15,745,DL,ATL,2016
2,6,26,2,15,745,DL,ATL,2015
12,6,27,3,15,745,DL,ATL,2014
8,6,28,4,15,745,DL,ATL,2013
6,6,29,5,15,745,DL,ATL,2012
10,6,1,5,13,569,DL,CVG,2040
-1,6,2,6,13,569,DL,CVG,2039
4,6,3,7,13,569,DL,CVG,2038
-3,6,4,1,13,569,DL,CVG,2037
-5,6,5,2,13,569,DL,CVG,2036
-2,6,6,3,13,569,DL,CVG,2035
0,6,7,4,13,569,DL,CVG,2034
-6,6,9,6,13,569,DL,CVG,2032
10,6,10,7,13,569,DL,CVG,2031
-6,6,11,1,13,569,DL,CVG,2030
1,6,12,2,13,569,DL,CVG,2029
3,6,13,3,13,569,DL,CVG,2028
7,6,14,4,13,569,DL,CVG,2027
411,6,15,5,13,569,DL,CVG,2026
84,6,16,6,13,569,DL,CVG,2025
3,6,17,7,13,569,DL,CVG,2024
-1,6,19,2,13,569,DL,CVG,2022
2,6,20,3,13,569,DL,CVG,2021
9,6,22,5,13,569,DL,CVG,2019
174,6,23,6,13,569,DL,CVG,2018
24,6,24,7,13,569,DL,CVG,2017
-2,6,25,1,13,569,DL,CVG,2016
6,6,26,2,13,569,DL,CVG,2015
4,6,27,3,13,569,DL,CVG,2014
0,6,28,4,13,569,DL,CVG,2013
-3,6,29,5,13,569,DL,CVG,2012
4,6,30,6,13,569,DL,CVG,2011
1,6,1,5,6,745,DL,ATL,2040
0,6,2,6,6,745,DL,ATL,2039
0,6,3,7,6,745,DL,ATL,2038
4,6,4,1,6,745,DL,ATL,2037
2,6,5,2,6,745,DL,ATL,2036
-2,6,6,3,6,745,DL,ATL,2035
4,6,7,4,6,745,DL,ATL,2034
-1,6,8,5,6,745,DL,ATL,2033
0,6,9,6,6,745,DL,ATL,2032
1,6,10,7,6,745,DL,ATL,2031
1,6,11,1,6,745,DL,ATL,2030
1,6,12,2,6,745,DL,ATL,2029
6,6,13,3,6,745,DL,ATL,2028
3,6,14,4,6,745,DL,ATL,2027
1,6,15,5,6,745,DL,ATL,2026
10,6,16,6,6,745,DL,ATL,2025
3,6,18,1,6,745,DL,ATL,2023
-3,6,19,2,6,745,DL,ATL,2022
-1,6,20,3,6,745,DL,ATL,2021
7,6,21,4,6,745,DL,ATL,2020
2,6,22,5,6,745,DL,ATL,2019
95,6,23,6,6,745,DL,ATL,2018
3,6,25,1,6,745,DL,ATL,2016
1,6,26,2,6,745,DL,ATL,2015
2,6,27,3,6,745,DL,ATL,2014
11,6,28,4,6,745,DL,ATL,2013
4,6,29,5,6,745,DL,ATL,2012
3,6,30,6,6,745,DL,ATL,2011
2,6,1,5,17,1968,DL,SLC,2040
-5,6,2,6,17,1968,DL,SLC,2039
-2,6,3,7,17,1968,DL,SLC,2038
-10,6,4,1,17,1968,DL,SLC,2037
8,6,5,2,17,1968,DL,SLC,2036
1,6,6,3,17,1968,DL,SLC,2035
-4,6,7,4,17,1968,DL,SLC,2034
0,6,8,5,17,1968,DL,SLC,2033
1,6,9,6,17,1968,DL,SLC,2032
20,6,10,7,17,1968,DL,SLC,2031
1,6,11,1,17,1968,DL,SLC,2030
9,6,12,2,17,1968,DL,SLC,2029
38,6,13,3,17,1968,DL,SLC,2028
111,6,14,4,17,1968,DL,SLC,2027
52,6,15,5,17,1968,DL,SLC,2026
191,6,16,6,17,1968,DL,SLC,2025
38,6,17,7,17,1968,DL,SLC,2024
-2,6,18,1,17,1968,DL,SLC,2023
-2,6,19,2,17,1968,DL,SLC,2022
35,6,21,4,17,1968,DL,SLC,2020
304,6,23,6,17,1968,DL,SLC,2018
14,6,24,7,17,1968,DL,SLC,2017
15,6,25,1,17,1968,DL,SLC,2016
7,6,26,2,17,1968,DL,SLC,2015
8,6,27,3,17,1968,DL,SLC,2014
28,6,28,4,17,1968,DL,SLC,2013
36,6,29,5,17,1968,DL,SLC,2012
80,6,30,6,17,1968,DL,SLC,2011
65,6,1,5,12,745,DL,ATL,2040
-4,6,2,6,12,745,DL,ATL,2039
3,6,3,7,12,745,DL,ATL,2038
1,6,4,1,12,745,DL,ATL,2037
-2,6,5,2,12,745,DL,ATL,2036
-1,6,6,3,12,745,DL,ATL,2035
-2,6,7,4,12,745,DL,ATL,2034
-4,6,8,5,12,745,DL,ATL,2033
1,6,10,7,12,745,DL,ATL,2031
2,6,11,1,12,745,DL,ATL,2030
8,6,12,2,12,745,DL,ATL,2029
1,6,13,3,12,745,DL,ATL,2028
6,6,14,4,12,745,DL,ATL,2027
-1,6,15,5,12,745,DL,ATL,2026
4,6,16,6,12,745,DL,ATL,2025
6,6,17,7,12,745,DL,ATL,2024
21,6,18,1,12,745,DL,ATL,2023
3,6,19,2,12,745,DL,ATL,2022
-3,6,20,3,12,745,DL,ATL,2021
18,6,21,4,12,745,DL,ATL,2020
4,6,22,5,12,745,DL,ATL,2019
194,6,23,6,12,745,DL,ATL,2018
-1,6,24,7,12,745,DL,ATL,2017
12,6,25,1,12,745,DL,ATL,2016
-3,6,26,2,12,745,DL,ATL,2015
6,6,27,3,12,745,DL,ATL,2014
5,6,28,4,12,745,DL,ATL,2013
5,6,29,5,12,745,DL,ATL,2012
1,6,30,6,12,745,DL,ATL,2011
84,6,1,5,18,745,DL,ATL,2040
-5,6,2,6,18,745,DL,ATL,2039
80,6,3,7,18,745,DL,ATL,2038
2,6,4,1,18,745,DL,ATL,2037
18,6,5,2,18,745,DL,ATL,2036
90,6,6,3,18,745,DL,ATL,2035
8,6,7,4,18,745,DL,ATL,2034
1,6,8,5,18,745,DL,ATL,2033
7,6,9,6,18,745,DL,ATL,2032
33,6,10,7,18,745,DL,ATL,2031
41,6,11,1,18,745,DL,ATL,2030
266,6,12,2,18,745,DL,ATL,2029
107,6,13,3,18,745,DL,ATL,2028
7,6,17,7,18,745,DL,ATL,2024
3,6,18,1,18,745,DL,ATL,2023
-2,6,19,2,18,745,DL,ATL,2022
38,6,21,4,18,745,DL,ATL,2020
294,6,22,5,18,745,DL,ATL,2019
246,6,23,6,18,745,DL,ATL,2018
1,6,24,7,18,745,DL,ATL,2017
19,6,25,1,18,745,DL,ATL,2016
37,6,26,2,18,745,DL,ATL,2015
12,6,27,3,18,745,DL,ATL,2014
7,6,28,4,18,745,DL,ATL,2013
94,6,29,5,18,745,DL,ATL,2012
100,6,30,6,18,745,DL,ATL,2011
84,6,1,5,19,745,DL,ATL,2040
-3,6,2,6,19,745,DL,ATL,2039
244,6,3,7,19,745,DL,ATL,2038
6,6,4,1,19,745,DL,ATL,2037
-2,6,5,2,19,745,DL,ATL,2036
92,6,6,3,19,745,DL,ATL,2035
4,6,7,4,19,745,DL,ATL,2034
5,6,8,5,19,745,DL,ATL,2033
5,6,9,6,19,745,DL,ATL,2032
21,6,10,7,19,745,DL,ATL,2031
0,6,11,1,19,745,DL,ATL,2030
311,6,14,4,19,745,DL,ATL,2027
224,6,15,5,19,745,DL,ATL,2026
9,6,17,7,19,745,DL,ATL,2024
0,6,18,1,19,745,DL,ATL,2023
7,6,19,2,19,745,DL,ATL,2022
188,6,21,4,19,745,DL,ATL,2020
4,6,24,7,19,745,DL,ATL,2017
20,6,25,1,19,745,DL,ATL,2016
133,6,26,2,19,745,DL,ATL,2015
23,6,27,3,19,745,DL,ATL,2014
9,6,28,4,19,745,DL,ATL,2013
77,6,29,5,19,745,DL,ATL,2012
51,6,30,6,19,745,DL,ATL,2011
24,6,1,5,7,1968,DL,SLC,2040
3,6,2,6,7,1968,DL,SLC,2039
0,6,3,7,7,1968,DL,SLC,2038
-4,6,4,1,7,1968,DL,SLC,2037
-3,6,5,2,7,1968,DL,SLC,2036
0,6,6,3,7,1968,DL,SLC,2035
-1,6,7,4,7,1968,DL,SLC,2034
-1,6,8,5,7,1968,DL,SLC,2033
-1,6,9,6,7,1968,DL,SLC,2032
3,6,10,7,7,1968,DL,SLC,2031
-2,6,11,1,7,1968,DL,SLC,2030
-2,6,12,2,7,1968,DL,SLC,2029
11,6,14,4,7,1968,DL,SLC,2027
2,6,15,5,7,1968,DL,SLC,2026
3,6,16,6,7,1968,DL,SLC,2025
14,6,17,7,7,1968,DL,SLC,2024
0,6,18,1,7,1968,DL,SLC,2023
-2,6,19,2,7,1968,DL,SLC,2022
1,6,20,3,7,1968,DL,SLC,2021
1,6,21,4,7,1968,DL,SLC,2020
-3,6,22,5,7,1968,DL,SLC,2019
43,6,23,6,7,1968,DL,SLC,2018
4,6,25,1,7,1968,DL,SLC,2016
2,6,26,2,7,1968,DL,SLC,2015
4,6,27,3,7,1968,DL,SLC,2014
3,6,29,5,7,1968,DL,SLC,2012
7,6,30,6,7,1968,DL,SLC,2011
13,6,1,5,10,745,DL,ATL,2040
-3,6,2,6,10,745,DL,ATL,2039
4,6,3,7,10,745,DL,ATL,2038
3,6,4,1,10,745,DL,ATL,2037
1,6,5,2,10,745,DL,ATL,2036
5,6,6,3,10,745,DL,ATL,2035
-1,6,7,4,10,745,DL,ATL,2034
-2,6,8,5,10,745,DL,ATL,2033
2,6,10,7,10,745,DL,ATL,2031
3,6,11,1,10,745,DL,ATL,2030
3,6,12,2,10,745,DL,ATL,2029
3,6,13,3,10,745,DL,ATL,2028
2,6,14,4,10,745,DL,ATL,2027
1,6,15,5,10,745,DL,ATL,2026
3,6,16,6,10,745,DL,ATL,2025
9,6,17,7,10,745,DL,ATL,2024
11,6,18,1,10,745,DL,ATL,2023
0,6,19,2,10,745,DL,ATL,2022
1,6,20,3,10,745,DL,ATL,2021
-1,6,21,4,10,745,DL,ATL,2020
3,6,22,5,10,745,DL,ATL,2019
104,6,23,6,10,745,DL,ATL,2018
7,6,24,7,10,745,DL,ATL,2017
8,6,25,1,10,745,DL,ATL,2016
3,6,26,2,10,745,DL,ATL,2015
6,6,27,3,10,745,DL,ATL,2014
2,6,28,4,10,745,DL,ATL,2013
4,6,29,5,10,745,DL,ATL,2012
4,6,30,6,10,745,DL,ATL,2011
0,6,1,5,11,1065,DL,FLL,2040
-2,6,2,6,11,1065,DL,FLL,2039
1,6,3,7,11,1065,DL,FLL,2038
-2,6,4,1,11,1065,DL,FLL,2037
-4,6,5,2,11,1065,DL,FLL,2036
-5,6,6,3,11,1065,DL,FLL,2035
-3,6,7,4,11,1065,DL,FLL,2034
-2,6,8,5,11,1065,DL,FLL,2033
-2,6,9,6,11,1065,DL,FLL,2032
-2,6,10,7,11,1065,DL,FLL,2031
2,6,11,1,11,1065,DL,FLL,2030
-3,6,12,2,11,1065,DL,FLL,2029
-4,6,13,3,11,1065,DL,FLL,2028
36,6,14,4,11,1065,DL,FLL,2027
0,6,15,5,11,1065,DL,FLL,2026
16,6,16,6,11,1065,DL,FLL,2025
5,6,17,7,11,1065,DL,FLL,2024
0,6,18,1,11,1065,DL,FLL,2023
-4,6,19,2,11,1065,DL,FLL,2022
2,6,20,3,11,1065,DL,FLL,2021
4,6,21,4,11,1065,DL,FLL,2020
15,6,23,6,11,1065,DL,FLL,2018
2,6,24,7,11,1065,DL,FLL,2017
6,6,25,1,11,1065,DL,FLL,2016
1,6,26,2,11,1065,DL,FLL,2015
5,6,27,3,11,1065,DL,FLL,2014
1,6,29,5,11,1065,DL,FLL,2012
1,6,30,6,11,1065,DL,FLL,2011
126,6,1,5,15,938,DL,MCO,2040
24,6,2,6,15,938,DL,MCO,2039
-2,6,3,7,15,938,DL,MCO,2038
-8,6,4,1,15,938,DL,MCO,2037
-2,6,5,2,15,938,DL,MCO,2036
-6,6,6,3,15,938,DL,MCO,2035
24,6,7,4,15,938,DL,MCO,2034
12,6,8,5,15,938,DL,MCO,2033
-5,6,9,6,15,938,DL,MCO,2032
8,6,10,7,15,938,DL,MCO,2031
-3,6,11,1,15,938,DL,MCO,2030
0,6,12,2,15,938,DL,MCO,2029
41,6,14,4,15,938,DL,MCO,2027
49,6,15,5,15,938,DL,MCO,2026
0,6,16,6,15,938,DL,MCO,2025
51,6,17,7,15,938,DL,MCO,2024
-1,6,18,1,15,938,DL,MCO,2023
-3,6,19,2,15,938,DL,MCO,2022
-1,6,20,3,15,938,DL,MCO,2021
11,6,21,4,15,938,DL,MCO,2020
115,6,22,5,15,938,DL,MCO,2019
192,6,23,6,15,938,DL,MCO,2018
180,6,24,7,15,938,DL,MCO,2017
12,6,25,1,15,938,DL,MCO,2016
2,6,26,2,15,938,DL,MCO,2015
7,6,27,3,15,938,DL,MCO,2014
22,6,28,4,15,938,DL,MCO,2013
4,6,29,5,15,938,DL,MCO,2012
0,6,30,6,15,938,DL,MCO,2011
-1,6,1,5,19,1065,DL,FLL,2040
39,6,2,6,19,1065,DL,FLL,2039
8,6,3,7,19,1065,DL,FLL,2038
-8,6,4,1,19,1065,DL,FLL,2037
2,6,5,2,19,1065,DL,FLL,2036
-1,6,6,3,19,1065,DL,FLL,2035
11,6,7,4,19,1065,DL,FLL,2034
1,6,8,5,19,1065,DL,FLL,2033
-6,6,9,6,19,1065,DL,FLL,2032
89,6,10,7,19,1065,DL,FLL,2031
37,6,11,1,19,1065,DL,FLL,2030
35,6,12,2,19,1065,DL,FLL,2029
77,6,13,3,19,1065,DL,FLL,2028
89,6,14,4,19,1065,DL,FLL,2027
340,6,15,5,19,1065,DL,FLL,2026
5,6,16,6,19,1065,DL,FLL,2025
3,6,17,7,19,1065,DL,FLL,2024
-1,6,18,1,19,1065,DL,FLL,2023
15,6,19,2,19,1065,DL,FLL,2022
162,6,20,3,19,1065,DL,FLL,2021
114,6,21,4,19,1065,DL,FLL,2020
185,6,23,6,19,1065,DL,FLL,2018
1,6,24,7,19,1065,DL,FLL,2017
17,6,25,1,19,1065,DL,FLL,2016
25,6,26,2,19,1065,DL,FLL,2015
30,6,27,3,19,1065,DL,FLL,2014
127,6,28,4,19,1065,DL,FLL,2013
74,6,29,5,19,1065,DL,FLL,2012
60,6,30,6,19,1065,DL,FLL,2011
3,6,1,5,8,1065,DL,FLL,2040
2,6,2,6,8,1065,DL,FLL,2039
2,6,3,7,8,1065,DL,FLL,2038
1,6,4,1,8,1065,DL,FLL,2037
77,6,5,2,8,1065,DL,FLL,2036
-2,6,6,3,8,1065,DL,FLL,2035
3,6,7,4,8,1065,DL,FLL,2034
-1,6,8,5,8,1065,DL,FLL,2033
0,6,9,6,8,1065,DL,FLL,2032
-3,6,10,7,8,1065,DL,FLL,2031
1,6,11,1,8,1065,DL,FLL,2030
7,6,12,2,8,1065,DL,FLL,2029
1,6,13,3,8,1065,DL,FLL,2028
4,6,14,4,8,1065,DL,FLL,2027
0,6,15,5,8,1065,DL,FLL,2026
-1,6,16,6,8,1065,DL,FLL,2025
-1,6,17,7,8,1065,DL,FLL,2024
1,6,18,1,8,1065,DL,FLL,2023
0,6,19,2,8,1065,DL,FLL,2022
1,6,20,3,8,1065,DL,FLL,2021
1,6,21,4,8,1065,DL,FLL,2020
1,6,22,5,8,1065,DL,FLL,2019
35,6,23,6,8,1065,DL,FLL,2018
10,6,24,7,8,1065,DL,FLL,2017
5,6,25,1,8,1065,DL,FLL,2016
7,6,26,2,8,1065,DL,FLL,2015
19,6,27,3,8,1065,DL,FLL,2014
-2,6,28,4,8,1065,DL,FLL,2013
2,6,29,5,8,1065,DL,FLL,2012
-1,6,30,6,8,1065,DL,FLL,2011
2,6,1,5,7,1068,DL,RSW,2040
-3,6,2,6,7,1068,DL,RSW,2039
-3,6,3,7,7,1068,DL,RSW,2038
-5,6,4,1,7,1068,DL,RSW,2037
-10,6,5,2,7,1068,DL,RSW,2036
-3,6,6,3,7,1068,DL,RSW,2035
-6,6,7,4,7,1068,DL,RSW,2034
-3,6,8,5,7,1068,DL,RSW,2033
12,6,9,6,7,1068,DL,RSW,2032
-5,6,10,7,7,1068,DL,RSW,2031
3,6,11,1,7,1068,DL,RSW,2030
1,6,12,2,7,1068,DL,RSW,2029
-1,6,13,3,7,1068,DL,RSW,2028
-5,6,14,4,7,1068,DL,RSW,2027
-2,6,15,5,7,1068,DL,RSW,2026
0,6,17,7,7,1068,DL,RSW,2024
-5,6,18,1,7,1068,DL,RSW,2023
-4,6,19,2,7,1068,DL,RSW,2022
-4,6,20,3,7,1068,DL,RSW,2021
41,6,23,6,7,1068,DL,RSW,2018
4,6,24,7,7,1068,DL,RSW,2017
3,6,26,2,7,1068,DL,RSW,2015
7,6,27,3,7,1068,DL,RSW,2014
1,6,28,4,7,1068,DL,RSW,2013
4,6,29,5,7,1068,DL,RSW,2012
-1,6,30,6,7,1068,DL,RSW,2011
67,6,1,5,21,938,DL,MCO,2040
-4,6,2,6,21,938,DL,MCO,2039
-4,6,3,7,21,938,DL,MCO,2038
-3,6,4,1,21,938,DL,MCO,2037
-8,6,5,2,21,938,DL,MCO,2036
-1,6,6,3,21,938,DL,MCO,2035
-6,6,7,4,21,938,DL,MCO,2034
9,6,8,5,21,938,DL,MCO,2033
-7,6,9,6,21,938,DL,MCO,2032
-4,6,10,7,21,938,DL,MCO,2031
11,6,11,1,21,938,DL,MCO,2030
82,6,12,2,21,938,DL,MCO,2029
37,6,13,3,21,938,DL,MCO,2028
133,6,14,4,21,938,DL,MCO,2027
292,6,15,5,21,938,DL,MCO,2026
141,6,16,6,21,938,DL,MCO,2025
1,6,17,7,21,938,DL,MCO,2024
43,6,18,1,21,938,DL,MCO,2023
4,6,19,2,21,938,DL,MCO,2022
126,6,21,4,21,938,DL,MCO,2020
75,6,22,5,21,938,DL,MCO,2019
259,6,23,6,21,938,DL,MCO,2018
4,6,24,7,21,938,DL,MCO,2017
11,6,25,1,21,938,DL,MCO,2016
-6,6,26,2,21,938,DL,MCO,2015
4,6,27,3,21,938,DL,MCO,2014
3,6,28,4,21,938,DL,MCO,2013
58,6,29,5,21,938,DL,MCO,2012
57,6,30,6,21,938,DL,MCO,2011
32,6,1,5,14,1068,DL,RSW,2040
2,6,2,6,14,1068,DL,RSW,2039
0,6,3,7,14,1068,DL,RSW,2038
-5,6,4,1,14,1068,DL,RSW,2037
1,6,5,2,14,1068,DL,RSW,2036
-6,6,6,3,14,1068,DL,RSW,2035
-3,6,7,4,14,1068,DL,RSW,2034
1,6,8,5,14,1068,DL,RSW,2033
6,6,9,6,14,1068,DL,RSW,2032
-5,6,10,7,14,1068,DL,RSW,2031
14,6,11,1,14,1068,DL,RSW,2030
31,6,13,3,14,1068,DL,RSW,2028
13,6,15,5,14,1068,DL,RSW,2026
2,6,16,6,14,1068,DL,RSW,2025
3,6,17,7,14,1068,DL,RSW,2024
22,6,18,1,14,1068,DL,RSW,2023
0,6,19,2,14,1068,DL,RSW,2022
18,6,20,3,14,1068,DL,RSW,2021
5,6,21,4,14,1068,DL,RSW,2020
-1,6,22,5,14,1068,DL,RSW,2019
251,6,23,6,14,1068,DL,RSW,2018
7,6,24,7,14,1068,DL,RSW,2017
3,6,25,1,14,1068,DL,RSW,2016
-4,6,26,2,14,1068,DL,RSW,2015
18,6,27,3,14,1068,DL,RSW,2014
3,6,28,4,14,1068,DL,RSW,2013
18,6,29,5,14,1068,DL,RSW,2012
30,6,30,6,14,1068,DL,RSW,2011
0,6,1,5,14,938,DL,MCO,2040
17,6,2,6,14,938,DL,MCO,2039
3,6,3,7,14,938,DL,MCO,2038
-1,6,4,1,14,938,DL,MCO,2037
-3,6,5,2,14,938,DL,MCO,2036
-8,6,6,3,14,938,DL,MCO,2035
-2,6,7,4,14,938,DL,MCO,2034
1,6,8,5,14,938,DL,MCO,2033
-3,6,9,6,14,938,DL,MCO,2032
-4,6,10,7,14,938,DL,MCO,2031
0,6,11,1,14,938,DL,MCO,2030
13,6,12,2,14,938,DL,MCO,2029
148,6,13,3,14,938,DL,MCO,2028
-1,6,14,4,14,938,DL,MCO,2027
51,6,15,5,14,938,DL,MCO,2026
28,6,16,6,14,938,DL,MCO,2025
90,6,17,7,14,938,DL,MCO,2024
-1,6,19,2,14,938,DL,MCO,2022
3,6,20,3,14,938,DL,MCO,2021
4,6,21,4,14,938,DL,MCO,2020
16,6,22,5,14,938,DL,MCO,2019
13,6,24,7,14,938,DL,MCO,2017
72,6,25,1,14,938,DL,MCO,2016
26,6,26,2,14,938,DL,MCO,2015
0,6,27,3,14,938,DL,MCO,2014
5,6,28,4,14,938,DL,MCO,2013
32,6,29,5,14,938,DL,MCO,2012
-6,6,30,6,14,938,DL,MCO,2011
105,6,1,5,17,938,DL,MCO,2040
-3,6,2,6,17,938,DL,MCO,2039
-4,6,3,7,17,938,DL,MCO,2038
-2,6,4,1,17,938,DL,MCO,2037
-4,6,5,2,17,938,DL,MCO,2036
40,6,6,3,17,938,DL,MCO,2035
51,6,7,4,17,938,DL,MCO,2034
3,6,8,5,17,938,DL,MCO,2033
3,6,9,6,17,938,DL,MCO,2032
25,6,10,7,17,938,DL,MCO,2031
-1,6,11,1,17,938,DL,MCO,2030
5,6,12,2,17,938,DL,MCO,2029
34,6,13,3,17,938,DL,MCO,2028
275,6,15,5,17,938,DL,MCO,2026
102,6,16,6,17,938,DL,MCO,2025
6,6,17,7,17,938,DL,MCO,2024
11,6,18,1,17,938,DL,MCO,2023
6,6,19,2,17,938,DL,MCO,2022
93,6,20,3,17,938,DL,MCO,2021
46,6,24,7,17,938,DL,MCO,2017
3,6,25,1,17,938,DL,MCO,2016
22,6,26,2,17,938,DL,MCO,2015
7,6,27,3,17,938,DL,MCO,2014
20,6,28,4,17,938,DL,MCO,2013
33,6,29,5,17,938,DL,MCO,2012
22,6,30,6,17,938,DL,MCO,2011
-3,6,1,5,7,938,DL,MCO,2040
1,6,2,6,7,938,DL,MCO,2039
-1,6,3,7,7,938,DL,MCO,2038
-5,6,4,1,7,938,DL,MCO,2037
-2,6,5,2,7,938,DL,MCO,2036
0,6,6,3,7,938,DL,MCO,2035
-3,6,7,4,7,938,DL,MCO,2034
-3,6,8,5,7,938,DL,MCO,2033
9,6,9,6,7,938,DL,MCO,2032
-1,6,10,7,7,938,DL,MCO,2031
-2,6,11,1,7,938,DL,MCO,2030
-4,6,12,2,7,938,DL,MCO,2029
1,6,13,3,7,938,DL,MCO,2028
-2,6,14,4,7,938,DL,MCO,2027
-2,6,15,5,7,938,DL,MCO,2026
-1,6,16,6,7,938,DL,MCO,2025
1,6,17,7,7,938,DL,MCO,2024
-5,6,18,1,7,938,DL,MCO,2023
-3,6,19,2,7,938,DL,MCO,2022
-2,6,20,3,7,938,DL,MCO,2021
-6,6,22,5,7,938,DL,MCO,2019
-2,6,23,6,7,938,DL,MCO,2018
2,6,25,1,7,938,DL,MCO,2016
2,6,26,2,7,938,DL,MCO,2015
2,6,27,3,7,938,DL,MCO,2014
-1,6,28,4,7,938,DL,MCO,2013
0,6,29,5,7,938,DL,MCO,2012
-2,6,30,6,7,938,DL,MCO,2011
-3,6,1,5,11,938,DL,MCO,2040
-7,6,2,6,11,938,DL,MCO,2039
-8,6,3,7,11,938,DL,MCO,2038
-1,6,4,1,11,938,DL,MCO,2037
-8,6,5,2,11,938,DL,MCO,2036
-8,6,6,3,11,938,DL,MCO,2035
-6,6,7,4,11,938,DL,MCO,2034
4,6,10,7,11,938,DL,MCO,2031
-2,6,11,1,11,938,DL,MCO,2030
5,6,12,2,11,938,DL,MCO,2029
-6,6,13,3,11,938,DL,MCO,2028
-9,6,14,4,11,938,DL,MCO,2027
-2,6,15,5,11,938,DL,MCO,2026
27,6,16,6,11,938,DL,MCO,2025
2,6,17,7,11,938,DL,MCO,2024
12,6,18,1,11,938,DL,MCO,2023
-4,6,19,2,11,938,DL,MCO,2022
-4,6,21,4,11,938,DL,MCO,2020
-2,6,22,5,11,938,DL,MCO,2019
4,6,23,6,11,938,DL,MCO,2018
1,6,24,7,11,938,DL,MCO,2017
2,6,25,1,11,938,DL,MCO,2016
-1,6,26,2,11,938,DL,MCO,2015
-4,6,27,3,11,938,DL,MCO,2014
1,6,28,4,11,938,DL,MCO,2013
-6,6,29,5,11,938,DL,MCO,2012
-6,6,30,6,11,938,DL,MCO,2011
1,6,1,5,9,938,DL,MCO,2040
-3,6,2,6,9,938,DL,MCO,2039
4,6,3,7,9,938,DL,MCO,2038
10,6,4,1,9,938,DL,MCO,2037
-5,6,5,2,9,938,DL,MCO,2036
0,6,6,3,9,938,DL,MCO,2035
-3,6,7,4,9,938,DL,MCO,2034
-1,6,8,5,9,938,DL,MCO,2033
1,6,9,6,9,938,DL,MCO,2032
-2,6,10,7,9,938,DL,MCO,2031
-3,6,11,1,9,938,DL,MCO,2030
0,6,12,2,9,938,DL,MCO,2029
-4,6,13,3,9,938,DL,MCO,2028
16,6,14,4,9,938,DL,MCO,2027
-1,6,15,5,9,938,DL,MCO,2026
-4,6,16,6,9,938,DL,MCO,2025
1,6,17,7,9,938,DL,MCO,2024
6,6,18,1,9,938,DL,MCO,2023
22,6,19,2,9,938,DL,MCO,2022
-4,6,20,3,9,938,DL,MCO,2021
81,6,21,4,9,938,DL,MCO,2020
-1,6,22,5,9,938,DL,MCO,2019
22,6,23,6,9,938,DL,MCO,2018
1,6,25,1,9,938,DL,MCO,2016
7,6,26,2,9,938,DL,MCO,2015
1,6,27,3,9,938,DL,MCO,2014
-4,6,28,4,9,938,DL,MCO,2013
-1,6,29,5,9,938,DL,MCO,2012
-5,6,30,6,9,938,DL,MCO,2011
-2,6,1,5,8,1024,DL,PBI,2040
-3,6,2,6,8,1024,DL,PBI,2039
2,6,3,7,8,1024,DL,PBI,2038
12,6,4,1,8,1024,DL,PBI,2037
1,6,5,2,8,1024,DL,PBI,2036
-8,6,6,3,8,1024,DL,PBI,2035
-4,6,7,4,8,1024,DL,PBI,2034
2,6,8,5,8,1024,DL,PBI,2033
2,6,9,6,8,1024,DL,PBI,2032
4,6,10,7,8,1024,DL,PBI,2031
0,6,11,1,8,1024,DL,PBI,2030
-10,6,12,2,8,1024,DL,PBI,2029
-1,6,13,3,8,1024,DL,PBI,2028
0,6,14,4,8,1024,DL,PBI,2027
-3,6,15,5,8,1024,DL,PBI,2026
1,6,16,6,8,1024,DL,PBI,2025
-4,6,17,7,8,1024,DL,PBI,2024
2,6,18,1,8,1024,DL,PBI,2023
-5,6,19,2,8,1024,DL,PBI,2022
-2,6,20,3,8,1024,DL,PBI,2021
-2,6,21,4,8,1024,DL,PBI,2020
3,6,22,5,8,1024,DL,PBI,2019
76,6,23,6,8,1024,DL,PBI,2018
16,6,24,7,8,1024,DL,PBI,2017
2,6,25,1,8,1024,DL,PBI,2016
-3,6,26,2,8,1024,DL,PBI,2015
14,6,27,3,8,1024,DL,PBI,2014
-3,6,28,4,8,1024,DL,PBI,2013
5,6,29,5,8,1024,DL,PBI,2012
2,6,30,6,8,1024,DL,PBI,2011
8,6,1,5,15,1065,DL,FLL,2040
-2,6,2,6,15,1065,DL,FLL,2039
44,6,3,7,15,1065,DL,FLL,2038
-3,6,4,1,15,1065,DL,FLL,2037
-1,6,5,2,15,1065,DL,FLL,2036
-6,6,6,3,15,1065,DL,FLL,2035
-6,6,7,4,15,1065,DL,FLL,2034
19,6,8,5,15,1065,DL,FLL,2033
0,6,9,6,15,1065,DL,FLL,2032
6,6,10,7,15,1065,DL,FLL,2031
-1,6,11,1,15,1065,DL,FLL,2030
60,6,12,2,15,1065,DL,FLL,2029
-6,6,13,3,15,1065,DL,FLL,2028
14,6,14,4,15,1065,DL,FLL,2027
8,6,15,5,15,1065,DL,FLL,2026
-3,6,16,6,15,1065,DL,FLL,2025
9,6,17,7,15,1065,DL,FLL,2024
11,6,18,1,15,1065,DL,FLL,2023
-6,6,19,2,15,1065,DL,FLL,2022
-2,6,20,3,15,1065,DL,FLL,2021
27,6,21,4,15,1065,DL,FLL,2020
20,6,22,5,15,1065,DL,FLL,2019
326,6,23,6,15,1065,DL,FLL,2018
31,6,24,7,15,1065,DL,FLL,2017
5,6,26,2,15,1065,DL,FLL,2015
18,6,27,3,15,1065,DL,FLL,2014
9,6,28,4,15,1065,DL,FLL,2013
5,6,29,5,15,1065,DL,FLL,2012
21,6,30,6,15,1065,DL,FLL,2011
-4,6,1,5,16,1024,DL,PBI,2040
12,6,2,6,16,1024,DL,PBI,2039
9,6,3,7,16,1024,DL,PBI,2038
9,6,4,1,16,1024,DL,PBI,2037
-6,6,5,2,16,1024,DL,PBI,2036
-8,6,6,3,16,1024,DL,PBI,2035
-4,6,7,4,16,1024,DL,PBI,2034
1,6,8,5,16,1024,DL,PBI,2033
-5,6,9,6,16,1024,DL,PBI,2032
13,6,10,7,16,1024,DL,PBI,2031
8,6,11,1,16,1024,DL,PBI,2030
19,6,12,2,16,1024,DL,PBI,2029
19,6,13,3,16,1024,DL,PBI,2028
24,6,14,4,16,1024,DL,PBI,2027
63,6,15,5,16,1024,DL,PBI,2026
185,6,16,6,16,1024,DL,PBI,2025
26,6,17,7,16,1024,DL,PBI,2024
3,6,18,1,16,1024,DL,PBI,2023
3,6,19,2,16,1024,DL,PBI,2022
9,6,20,3,16,1024,DL,PBI,2021
2,6,21,4,16,1024,DL,PBI,2020
142,6,22,5,16,1024,DL,PBI,2019
342,6,23,6,16,1024,DL,PBI,2018
1,6,24,7,16,1024,DL,PBI,2017
5,6,25,1,16,1024,DL,PBI,2016
7,6,26,2,16,1024,DL,PBI,2015
40,6,27,3,16,1024,DL,PBI,2014
39,6,28,4,16,1024,DL,PBI,2013
4,6,29,5,16,1024,DL,PBI,2012
7,6,30,6,16,1024,DL,PBI,2011
-2,6,1,5,11,2227,HP,LAS,2040
-3,6,2,6,11,2227,HP,LAS,2039
-3,6,3,7,11,2227,HP,LAS,2038
1,6,5,2,11,2227,HP,LAS,2036
0,6,6,3,11,2227,HP,LAS,2035
-2,6,7,4,11,2227,HP,LAS,2034
-5,6,8,5,11,2227,HP,LAS,2033
0,6,9,6,11,2227,HP,LAS,2032
14,6,10,7,11,2227,HP,LAS,2031
-4,6,11,1,11,2227,HP,LAS,2030
2,6,12,2,11,2227,HP,LAS,2029
-3,6,13,3,11,2227,HP,LAS,2028
-5,6,14,4,11,2227,HP,LAS,2027
43,6,15,5,11,2227,HP,LAS,2026
-5,6,16,6,11,2227,HP,LAS,2025
106,6,17,7,11,2227,HP,LAS,2024
-1,6,18,1,11,2227,HP,LAS,2023
0,6,19,2,11,2227,HP,LAS,2022
-2,6,20,3,11,2227,HP,LAS,2021
-3,6,21,4,11,2227,HP,LAS,2020
9,6,22,5,11,2227,HP,LAS,2019
9,6,23,6,11,2227,HP,LAS,2018
28,6,24,7,11,2227,HP,LAS,2017
0,6,25,1,11,2227,HP,LAS,2016
0,6,26,2,11,2227,HP,LAS,2015
23,6,27,3,11,2227,HP,LAS,2014
9,6,28,4,11,2227,HP,LAS,2013
13,6,29,5,11,2227,HP,LAS,2012
17,6,30,6,11,2227,HP,LAS,2011
0,6,1,5,10,2133,HP,PHX,2040
5,6,2,6,10,2133,HP,PHX,2039
-1,6,3,7,10,2133,HP,PHX,2038
0,6,4,1,10,2133,HP,PHX,2037
12,6,5,2,10,2133,HP,PHX,2036
-5,6,6,3,10,2133,HP,PHX,2035
0,6,7,4,10,2133,HP,PHX,2034
-5,6,8,5,10,2133,HP,PHX,2033
-5,6,9,6,10,2133,HP,PHX,2032
9,6,10,7,10,2133,HP,PHX,2031
2,6,11,1,10,2133,HP,PHX,2030
-1,6,12,2,10,2133,HP,PHX,2029
-5,6,13,3,10,2133,HP,PHX,2028
0,6,14,4,10,2133,HP,PHX,2027
165,6,15,5,10,2133,HP,PHX,2026
4,6,16,6,10,2133,HP,PHX,2025
0,6,17,7,10,2133,HP,PHX,2024
-5,6,18,1,10,2133,HP,PHX,2023
-5,6,19,2,10,2133,HP,PHX,2022
-5,6,20,3,10,2133,HP,PHX,2021
-3,6,21,4,10,2133,HP,PHX,2020
33,6,22,5,10,2133,HP,PHX,2019
0,6,23,6,10,2133,HP,PHX,2018
6,6,24,7,10,2133,HP,PHX,2017
0,6,25,1,10,2133,HP,PHX,2016
3,6,26,2,10,2133,HP,PHX,2015
-1,6,27,3,10,2133,HP,PHX,2014
6,6,28,4,10,2133,HP,PHX,2013
-3,6,29,5,10,2133,HP,PHX,2012
137,6,30,6,10,2133,HP,PHX,2011
-5,6,2,6,12,2133,HP,PHX,2039
-5,6,9,6,12,2133,HP,PHX,2032
0,6,16,6,12,2133,HP,PHX,2025
172,6,23,6,12,2133,HP,PHX,2018
20,6,30,6,12,2133,HP,PHX,2011
0,6,1,5,20,2227,HP,LAS,2040
-2,6,2,6,20,2227,HP,LAS,2039
-3,6,3,7,20,2227,HP,LAS,2038
1,6,4,1,20,2227,HP,LAS,2037
-5,6,5,2,20,2227,HP,LAS,2036
198,6,6,3,20,2227,HP,LAS,2035
0,6,7,4,20,2227,HP,LAS,2034
28,6,8,5,20,2227,HP,LAS,2033
-2,6,9,6,20,2227,HP,LAS,2032
9,6,10,7,20,2227,HP,LAS,2031
28,6,11,1,20,2227,HP,LAS,2030
39,6,12,2,20,2227,HP,LAS,2029
11,6,13,3,20,2227,HP,LAS,2028
18,6,14,4,20,2227,HP,LAS,2027
0,6,17,7,20,2227,HP,LAS,2024
-5,6,18,1,20,2227,HP,LAS,2023
78,6,19,2,20,2227,HP,LAS,2022
107,6,20,3,20,2227,HP,LAS,2021
100,6,21,4,20,2227,HP,LAS,2020
170,6,22,5,20,2227,HP,LAS,2019
0,6,23,6,20,2227,HP,LAS,2018
170,6,24,7,20,2227,HP,LAS,2017
-1,6,25,1,20,2227,HP,LAS,2016
15,6,26,2,20,2227,HP,LAS,2015
27,6,27,3,20,2227,HP,LAS,2014
92,6,28,4,20,2227,HP,LAS,2013
132,6,29,5,20,2227,HP,LAS,2012
38,6,30,6,20,2227,HP,LAS,2011
53,6,1,5,15,2133,HP,PHX,2040
0,6,3,7,15,2133,HP,PHX,2038
6,6,4,1,15,2133,HP,PHX,2037
0,6,5,2,15,2133,HP,PHX,2036
3,6,6,3,15,2133,HP,PHX,2035
3,6,7,4,15,2133,HP,PHX,2034
-5,6,8,5,15,2133,HP,PHX,2033
14,6,10,7,15,2133,HP,PHX,2031
0,6,11,1,15,2133,HP,PHX,2030
-1,6,12,2,15,2133,HP,PHX,2029
0,6,13,3,15,2133,HP,PHX,2028
10,6,14,4,15,2133,HP,PHX,2027
107,6,15,5,15,2133,HP,PHX,2026
7,6,17,7,15,2133,HP,PHX,2024
-3,6,18,1,15,2133,HP,PHX,2023
2,6,19,2,15,2133,HP,PHX,2022
-2,6,20,3,15,2133,HP,PHX,2021
9,6,21,4,15,2133,HP,PHX,2020
47,6,22,5,15,2133,HP,PHX,2019
9,6,24,7,15,2133,HP,PHX,2017
7,6,25,1,15,2133,HP,PHX,2016
0,6,26,2,15,2133,HP,PHX,2015
-1,6,27,3,15,2133,HP,PHX,2014
7,6,28,4,15,2133,HP,PHX,2013
0,6,29,5,15,2133,HP,PHX,2012
-5,6,1,5,7,2133,HP,PHX,2040
-4,6,3,7,7,2133,HP,PHX,2038
0,6,4,1,7,2133,HP,PHX,2037
-5,6,5,2,7,2133,HP,PHX,2036
-5,6,6,3,7,2133,HP,PHX,2035
-3,6,7,4,7,2133,HP,PHX,2034
-5,6,8,5,7,2133,HP,PHX,2033
-2,6,10,7,7,2133,HP,PHX,2031
-3,6,11,1,7,2133,HP,PHX,2030
-3,6,12,2,7,2133,HP,PHX,2029
-5,6,13,3,7,2133,HP,PHX,2028
0,6,14,4,7,2133,HP,PHX,2027
-4,6,15,5,7,2133,HP,PHX,2026
37,6,17,7,7,2133,HP,PHX,2024
-5,6,18,1,7,2133,HP,PHX,2023
-5,6,19,2,7,2133,HP,PHX,2022
-5,6,20,3,7,2133,HP,PHX,2021
-5,6,21,4,7,2133,HP,PHX,2020
-2,6,22,5,7,2133,HP,PHX,2019
0,6,24,7,7,2133,HP,PHX,2017
-1,6,25,1,7,2133,HP,PHX,2016
-4,6,26,2,7,2133,HP,PHX,2015
-2,6,27,3,7,2133,HP,PHX,2014
5,6,28,4,7,2133,HP,PHX,2013
-2,6,29,5,7,2133,HP,PHX,2012
0,6,1,5,18,2133,HP,PHX,2040
0,6,2,6,18,2133,HP,PHX,2039
-2,6,3,7,18,2133,HP,PHX,2038
-5,6,4,1,18,2133,HP,PHX,2037
-2,6,5,2,18,2133,HP,PHX,2036
4,6,6,3,18,2133,HP,PHX,2035
-4,6,7,4,18,2133,HP,PHX,2034
-5,6,8,5,18,2133,HP,PHX,2033
-5,6,9,6,18,2133,HP,PHX,2032
8,6,10,7,18,2133,HP,PHX,2031
-4,6,11,1,18,2133,HP,PHX,2030
-5,6,12,2,18,2133,HP,PHX,2029
53,6,13,3,18,2133,HP,PHX,2028
0,6,14,4,18,2133,HP,PHX,2027
45,6,15,5,18,2133,HP,PHX,2026
4,6,16,6,18,2133,HP,PHX,2025
-2,6,17,7,18,2133,HP,PHX,2024
0,6,18,1,18,2133,HP,PHX,2023
-3,6,19,2,18,2133,HP,PHX,2022
65,6,20,3,18,2133,HP,PHX,2021
51,6,21,4,18,2133,HP,PHX,2020
130,6,22,5,18,2133,HP,PHX,2019
36,6,23,6,18,2133,HP,PHX,2018
14,6,24,7,18,2133,HP,PHX,2017
-5,6,25,1,18,2133,HP,PHX,2016
11,6,26,2,18,2133,HP,PHX,2015
32,6,27,3,18,2133,HP,PHX,2014
15,6,28,4,18,2133,HP,PHX,2013
84,6,29,5,18,2133,HP,PHX,2012
13,6,30,6,18,2133,HP,PHX,2011
-5,6,2,6,7,2133,HP,PHX,2039
-5,6,9,6,7,2133,HP,PHX,2032
138,6,16,6,7,2133,HP,PHX,2025
33,6,23,6,7,2133,HP,PHX,2018
15,6,30,6,7,2133,HP,PHX,2011
27,6,1,5,7,200,MQ,BOS,2040
85,6,4,1,7,200,MQ,BOS,2037
-4,6,5,2,7,200,MQ,BOS,2036
-1,6,6,3,7,200,MQ,BOS,2035
-1,6,7,4,7,200,MQ,BOS,2034
-4,6,8,5,7,200,MQ,BOS,2033
7,6,11,1,7,200,MQ,BOS,2030
2,6,13,3,7,200,MQ,BOS,2028
-1,6,14,4,7,200,MQ,BOS,2027
14,6,15,5,7,200,MQ,BOS,2026
0,6,18,1,7,200,MQ,BOS,2023
-4,6,19,2,7,200,MQ,BOS,2022
-4,6,20,3,7,200,MQ,BOS,2021
129,6,21,4,7,200,MQ,BOS,2020
194,6,22,5,7,200,MQ,BOS,2019
-5,6,25,1,7,200,MQ,BOS,2016
-3,6,26,2,7,200,MQ,BOS,2015
-1,6,27,3,7,200,MQ,BOS,2014
10,6,28,4,7,200,MQ,BOS,2013
-4,6,29,5,7,200,MQ,BOS,2012
0,6,1,5,9,200,MQ,BOS,2040
0,6,2,6,9,200,MQ,BOS,2039
30,6,4,1,9,200,MQ,BOS,2037
-4,6,5,2,9,200,MQ,BOS,2036
-2,6,6,3,9,200,MQ,BOS,2035
14,6,7,4,9,200,MQ,BOS,2034
-2,6,8,5,9,200,MQ,BOS,2033
1,6,9,6,9,200,MQ,BOS,2032
-2,6,11,1,9,200,MQ,BOS,2030
0,6,12,2,9,200,MQ,BOS,2029
-3,6,13,3,9,200,MQ,BOS,2028
3,6,14,4,9,200,MQ,BOS,2027
47,6,15,5,9,200,MQ,BOS,2026
-2,6,16,6,9,200,MQ,BOS,2025
-2,6,19,2,9,200,MQ,BOS,2022
103,6,20,3,9,200,MQ,BOS,2021
-2,6,21,4,9,200,MQ,BOS,2020
2,6,22,5,9,200,MQ,BOS,2019
0,6,23,6,9,200,MQ,BOS,2018
1,6,25,1,9,200,MQ,BOS,2016
-3,6,26,2,9,200,MQ,BOS,2015
7,6,27,3,9,200,MQ,BOS,2014
0,6,28,4,9,200,MQ,BOS,2013
1,6,29,5,9,200,MQ,BOS,2012
0,6,30,6,9,200,MQ,BOS,2011
-2,6,1,5,11,200,MQ,BOS,2040
3,6,3,7,11,200,MQ,BOS,2038
40,6,4,1,11,200,MQ,BOS,2037
-5,6,5,2,11,200,MQ,BOS,2036
1,6,6,3,11,200,MQ,BOS,2035
18,6,7,4,11,200,MQ,BOS,2034
2,6,8,5,11,200,MQ,BOS,2033
0,6,10,7,11,200,MQ,BOS,2031
-2,6,11,1,11,200,MQ,BOS,2030
-1,6,12,2,11,200,MQ,BOS,2029
29,6,13,3,11,200,MQ,BOS,2028
3,6,14,4,11,200,MQ,BOS,2027
107,6,17,7,11,200,MQ,BOS,2024
12,6,18,1,11,200,MQ,BOS,2023
-1,6,19,2,11,200,MQ,BOS,2022
16,6,20,3,11,200,MQ,BOS,2021
73,6,21,4,11,200,MQ,BOS,2020
4,6,24,7,11,200,MQ,BOS,2017
-2,6,25,1,11,200,MQ,BOS,2016
7,6,26,2,11,200,MQ,BOS,2015
12,6,27,3,11,200,MQ,BOS,2014
-1,6,28,4,11,200,MQ,BOS,2013
2,6,29,5,11,200,MQ,BOS,2012
-5,6,1,5,13,200,MQ,BOS,2040
1,6,3,7,13,200,MQ,BOS,2038
1,6,4,1,13,200,MQ,BOS,2037
-8,6,5,2,13,200,MQ,BOS,2036
-2,6,6,3,13,200,MQ,BOS,2035
-2,6,7,4,13,200,MQ,BOS,2034
-2,6,8,5,13,200,MQ,BOS,2033
1,6,10,7,13,200,MQ,BOS,2031
-2,6,11,1,13,200,MQ,BOS,2030
-1,6,12,2,13,200,MQ,BOS,2029
70,6,13,3,13,200,MQ,BOS,2028
13,6,14,4,13,200,MQ,BOS,2027
57,6,15,5,13,200,MQ,BOS,2026
6,6,18,1,13,200,MQ,BOS,2023
-5,6,19,2,13,200,MQ,BOS,2022
70,6,20,3,13,200,MQ,BOS,2021
11,6,21,4,13,200,MQ,BOS,2020
0,6,24,7,13,200,MQ,BOS,2017
-2,6,25,1,13,200,MQ,BOS,2016
2,6,26,2,13,200,MQ,BOS,2015
4,6,27,3,13,200,MQ,BOS,2014
0,6,28,4,13,200,MQ,BOS,2013
-2,6,29,5,13,200,MQ,BOS,2012
93,6,1,5,15,200,MQ,BOS,2040
77,6,2,6,15,200,MQ,BOS,2039
64,6,3,7,15,200,MQ,BOS,2038
3,6,4,1,15,200,MQ,BOS,2037
-1,6,5,2,15,200,MQ,BOS,2036
-1,6,6,3,15,200,MQ,BOS,2035
-1,6,7,4,15,200,MQ,BOS,2034
5,6,8,5,15,200,MQ,BOS,2033
18,6,9,6,15,200,MQ,BOS,2032
-1,6,10,7,15,200,MQ,BOS,2031
75,6,11,1,15,200,MQ,BOS,2030
-5,6,12,2,15,200,MQ,BOS,2029
95,6,13,3,15,200,MQ,BOS,2028
17,6,14,4,15,200,MQ,BOS,2027
129,6,15,5,15,200,MQ,BOS,2026
121,6,17,7,15,200,MQ,BOS,2024
40,6,18,1,15,200,MQ,BOS,2023
1,6,19,2,15,200,MQ,BOS,2022
14,6,20,3,15,200,MQ,BOS,2021
-3,6,21,4,15,200,MQ,BOS,2020
2,6,24,7,15,200,MQ,BOS,2017
-7,6,25,1,15,200,MQ,BOS,2016
36,6,26,2,15,200,MQ,BOS,2015
-4,6,27,3,15,200,MQ,BOS,2014
-6,6,28,4,15,200,MQ,BOS,2013
51,6,29,5,15,200,MQ,BOS,2012
61,6,30,6,15,200,MQ,BOS,2011
35,6,1,5,17,200,MQ,BOS,2040
0,6,4,1,17,200,MQ,BOS,2037
8,6,5,2,17,200,MQ,BOS,2036
14,6,6,3,17,200,MQ,BOS,2035
3,6,7,4,17,200,MQ,BOS,2034
6,6,8,5,17,200,MQ,BOS,2033
8,6,10,7,17,200,MQ,BOS,2031
118,6,11,1,17,200,MQ,BOS,2030
103,6,13,3,17,200,MQ,BOS,2028
92,6,14,4,17,200,MQ,BOS,2027
44,6,15,5,17,200,MQ,BOS,2026
65,6,18,1,17,200,MQ,BOS,2023
-3,6,19,2,17,200,MQ,BOS,2022
55,6,21,4,17,200,MQ,BOS,2020
-1,6,24,7,17,200,MQ,BOS,2017
-3,6,25,1,17,200,MQ,BOS,2016
-4,6,26,2,17,200,MQ,BOS,2015
32,6,27,3,17,200,MQ,BOS,2014
7,6,28,4,17,200,MQ,BOS,2013
22,6,29,5,17,200,MQ,BOS,2012
89,6,1,5,19,200,MQ,BOS,2040
129,6,3,7,19,200,MQ,BOS,2038
22,6,4,1,19,200,MQ,BOS,2037
-3,6,5,2,19,200,MQ,BOS,2036
6,6,6,3,19,200,MQ,BOS,2035
-1,6,7,4,19,200,MQ,BOS,2034
-1,6,8,5,19,200,MQ,BOS,2033
-1,6,10,7,19,200,MQ,BOS,2031
4,6,12,2,19,200,MQ,BOS,2029
114,6,13,3,19,200,MQ,BOS,2028
-6,6,19,2,19,200,MQ,BOS,2022
40,6,21,4,19,200,MQ,BOS,2020
6,6,24,7,19,200,MQ,BOS,2017
7,6,25,1,19,200,MQ,BOS,2016
-3,6,26,2,19,200,MQ,BOS,2015
30,6,27,3,19,200,MQ,BOS,2014
10,6,28,4,19,200,MQ,BOS,2013
22,6,29,5,19,200,MQ,BOS,2012
11,6,1,5,20,200,MQ,BOS,2040
106,6,3,7,20,200,MQ,BOS,2038
4,6,4,1,20,200,MQ,BOS,2037
2,6,5,2,20,200,MQ,BOS,2036
23,6,6,3,20,200,MQ,BOS,2035
18,6,7,4,20,200,MQ,BOS,2034
-4,6,8,5,20,200,MQ,BOS,2033
0,6,10,7,20,200,MQ,BOS,2031
81,6,12,2,20,200,MQ,BOS,2029
181,6,13,3,20,200,MQ,BOS,2028
41,6,14,4,20,200,MQ,BOS,2027
55,6,18,1,20,200,MQ,BOS,2023
-10,6,19,2,20,200,MQ,BOS,2022
8,6,24,7,20,200,MQ,BOS,2017
1,6,25,1,20,200,MQ,BOS,2016
-7,6,26,2,20,200,MQ,BOS,2015
7,6,27,3,20,200,MQ,BOS,2014
66,6,28,4,20,200,MQ,BOS,2013
110,6,29,5,20,200,MQ,BOS,2012
-4,6,1,5,12,487,NW,DTW,2040
-4,6,2,6,12,487,NW,DTW,2039
-3,6,3,7,12,487,NW,DTW,2038
-4,6,4,1,12,487,NW,DTW,2037
-7,6,5,2,12,487,NW,DTW,2036
-5,6,6,3,12,487,NW,DTW,2035
-7,6,7,4,12,487,NW,DTW,2034
-3,6,8,5,12,487,NW,DTW,2033
-4,6,9,6,12,487,NW,DTW,2032
24,6,10,7,12,487,NW,DTW,2031
-8,6,11,1,12,487,NW,DTW,2030
-4,6,12,2,12,487,NW,DTW,2029
16,6,14,4,12,487,NW,DTW,2027
26,6,15,5,12,487,NW,DTW,2026
10,6,16,6,12,487,NW,DTW,2025
4,6,17,7,12,487,NW,DTW,2024
-8,6,18,1,12,487,NW,DTW,2023
-9,6,19,2,12,487,NW,DTW,2022
20,6,20,3,12,487,NW,DTW,2021
11,6,21,4,12,487,NW,DTW,2020
384,6,22,5,12,487,NW,DTW,2019
-1,6,23,6,12,487,NW,DTW,2018
-2,6,24,7,12,487,NW,DTW,2017
37,6,25,1,12,487,NW,DTW,2016
-2,6,26,2,12,487,NW,DTW,2015
-5,6,27,3,12,487,NW,DTW,2014
264,6,28,4,12,487,NW,DTW,2013
-8,6,29,5,12,487,NW,DTW,2012
-9,6,30,6,12,487,NW,DTW,2011
-5,6,1,5,17,1008,NW,MSP,2040
-3,6,2,6,17,1008,NW,MSP,2039
-4,6,3,7,17,1008,NW,MSP,2038
-4,6,4,1,17,1008,NW,MSP,2037
43,6,5,2,17,1008,NW,MSP,2036
19,6,6,3,17,1008,NW,MSP,2035
-2,6,7,4,17,1008,NW,MSP,2034
48,6,8,5,17,1008,NW,MSP,2033
33,6,9,6,17,1008,NW,MSP,2032
-4,6,10,7,17,1008,NW,MSP,2031
13,6,11,1,17,1008,NW,MSP,2030
68,6,12,2,17,1008,NW,MSP,2029
103,6,13,3,17,1008,NW,MSP,2028
70,6,14,4,17,1008,NW,MSP,2027
50,6,16,6,17,1008,NW,MSP,2025
65,6,17,7,17,1008,NW,MSP,2024
-4,6,18,1,17,1008,NW,MSP,2023
-4,6,19,2,17,1008,NW,MSP,2022
64,6,21,4,17,1008,NW,MSP,2020
-1,6,24,7,17,1008,NW,MSP,2017
2,6,25,1,17,1008,NW,MSP,2016
-2,6,26,2,17,1008,NW,MSP,2015
36,6,27,3,17,1008,NW,MSP,2014
70,6,28,4,17,1008,NW,MSP,2013
35,6,29,5,17,1008,NW,MSP,2012
36,6,30,6,17,1008,NW,MSP,2011
38,6,1,5,8,1008,NW,MSP,2040
-4,6,2,6,8,1008,NW,MSP,2039
-2,6,3,7,8,1008,NW,MSP,2038
-1,6,4,1,8,1008,NW,MSP,2037
-7,6,5,2,8,1008,NW,MSP,2036
-7,6,6,3,8,1008,NW,MSP,2035
-8,6,7,4,8,1008,NW,MSP,2034
-7,6,8,5,8,1008,NW,MSP,2033
-1,6,9,6,8,1008,NW,MSP,2032
-9,6,10,7,8,1008,NW,MSP,2031
-5,6,11,1,8,1008,NW,MSP,2030
-4,6,13,3,8,1008,NW,MSP,2028
-2,6,15,5,8,1008,NW,MSP,2026
-5,6,17,7,8,1008,NW,MSP,2024
0,6,18,1,8,1008,NW,MSP,2023
-5,6,19,2,8,1008,NW,MSP,2022
-3,6,20,3,8,1008,NW,MSP,2021
-2,6,21,4,8,1008,NW,MSP,2020
-5,6,22,5,8,1008,NW,MSP,2019
3,6,23,6,8,1008,NW,MSP,2018
-3,6,24,7,8,1008,NW,MSP,2017
-1,6,25,1,8,1008,NW,MSP,2016
-1,6,26,2,8,1008,NW,MSP,2015
-4,6,27,3,8,1008,NW,MSP,2014
-1,6,28,4,8,1008,NW,MSP,2013
-4,6,29,5,8,1008,NW,MSP,2012
0,6,30,6,8,1008,NW,MSP,2011
-6,6,1,5,19,487,NW,DTW,2040
0,6,2,6,19,487,NW,DTW,2039
-5,6,3,7,19,487,NW,DTW,2038
-2,6,4,1,19,487,NW,DTW,2037
-5,6,5,2,19,487,NW,DTW,2036
-4,6,6,3,19,487,NW,DTW,2035
-2,6,7,4,19,487,NW,DTW,2034
-3,6,8,5,19,487,NW,DTW,2033
2,6,9,6,19,487,NW,DTW,2032
-1,6,10,7,19,487,NW,DTW,2031
-4,6,11,1,19,487,NW,DTW,2030
3,6,12,2,19,487,NW,DTW,2029
93,6,13,3,19,487,NW,DTW,2028
7,6,14,4,19,487,NW,DTW,2027
43,6,16,6,19,487,NW,DTW,2025
-6,6,17,7,19,487,NW,DTW,2024
-1,6,18,1,19,487,NW,DTW,2023
-7,6,19,2,19,487,NW,DTW,2022
3,6,21,4,19,487,NW,DTW,2020
0,6,24,7,19,487,NW,DTW,2017
-6,6,25,1,19,487,NW,DTW,2016
-1,6,26,2,19,487,NW,DTW,2015
0,6,27,3,19,487,NW,DTW,2014
-1,6,28,4,19,487,NW,DTW,2013
56,6,29,5,19,487,NW,DTW,2012
17,6,30,6,19,487,NW,DTW,2011
-6,6,1,5,9,487,NW,DTW,2040
-4,6,2,6,9,487,NW,DTW,2039
-1,6,3,7,9,487,NW,DTW,2038
-4,6,4,1,9,487,NW,DTW,2037
-3,6,5,2,9,487,NW,DTW,2036
-5,6,6,3,9,487,NW,DTW,2035
-4,6,7,4,9,487,NW,DTW,2034
17,6,8,5,9,487,NW,DTW,2033
-3,6,9,6,9,487,NW,DTW,2032
-2,6,10,7,9,487,NW,DTW,2031
-5,6,11,1,9,487,NW,DTW,2030
6,6,12,2,9,487,NW,DTW,2029
-6,6,13,3,9,487,NW,DTW,2028
-5,6,14,4,9,487,NW,DTW,2027
50,6,15,5,9,487,NW,DTW,2026
14,6,16,6,9,487,NW,DTW,2025
-5,6,17,7,9,487,NW,DTW,2024
-4,6,18,1,9,487,NW,DTW,2023
-5,6,19,2,9,487,NW,DTW,2022
-6,6,20,3,9,487,NW,DTW,2021
0,6,21,4,9,487,NW,DTW,2020
8,6,22,5,9,487,NW,DTW,2019
33,6,23,6,9,487,NW,DTW,2018
0,6,24,7,9,487,NW,DTW,2017
-1,6,25,1,9,487,NW,DTW,2016
-3,6,26,2,9,487,NW,DTW,2015
-1,6,27,3,9,487,NW,DTW,2014
2,6,28,4,9,487,NW,DTW,2013
-4,6,29,5,9,487,NW,DTW,2012
-5,6,30,6,9,487,NW,DTW,2011
-4,6,1,5,16,487,NW,DTW,2040
-4,6,2,6,16,487,NW,DTW,2039
32,6,3,7,16,487,NW,DTW,2038
28,6,4,1,16,487,NW,DTW,2037
-7,6,5,2,16,487,NW,DTW,2036
-5,6,6,3,16,487,NW,DTW,2035
32,6,7,4,16,487,NW,DTW,2034
-3,6,8,5,16,487,NW,DTW,2033
-2,6,9,6,16,487,NW,DTW,2032
0,6,10,7,16,487,NW,DTW,2031
-6,6,11,1,16,487,NW,DTW,2030
-5,6,12,2,16,487,NW,DTW,2029
1,6,13,3,16,487,NW,DTW,2028
2,6,14,4,16,487,NW,DTW,2027
13,6,17,7,16,487,NW,DTW,2024
-4,6,18,1,16,487,NW,DTW,2023
-3,6,19,2,16,487,NW,DTW,2022
44,6,21,4,16,487,NW,DTW,2020
0,6,24,7,16,487,NW,DTW,2017
-4,6,25,1,16,487,NW,DTW,2016
0,6,26,2,16,487,NW,DTW,2015
90,6,27,3,16,487,NW,DTW,2014
1,6,28,4,16,487,NW,DTW,2013
-2,6,29,5,16,487,NW,DTW,2012
-4,6,30,6,16,487,NW,DTW,2011
0,6,1,5,14,487,NW,DTW,2040
-4,6,2,6,14,487,NW,DTW,2039
-6,6,3,7,14,487,NW,DTW,2038
-7,6,4,1,14,487,NW,DTW,2037
-5,6,5,2,14,487,NW,DTW,2036
-5,6,6,3,14,487,NW,DTW,2035
-5,6,7,4,14,487,NW,DTW,2034
48,6,8,5,14,487,NW,DTW,2033
-3,6,9,6,14,487,NW,DTW,2032
-4,6,10,7,14,487,NW,DTW,2031
-5,6,11,1,14,487,NW,DTW,2030
-4,6,12,2,14,487,NW,DTW,2029
-4,6,13,3,14,487,NW,DTW,2028
-8,6,14,4,14,487,NW,DTW,2027
-3,6,15,5,14,487,NW,DTW,2026
-4,6,16,6,14,487,NW,DTW,2025
19,6,17,7,14,487,NW,DTW,2024
-6,6,18,1,14,487,NW,DTW,2023
-6,6,19,2,14,487,NW,DTW,2022
-6,6,20,3,14,487,NW,DTW,2021
7,6,21,4,14,487,NW,DTW,2020
-5,6,24,7,14,487,NW,DTW,2017
-3,6,25,1,14,487,NW,DTW,2016
-4,6,26,2,14,487,NW,DTW,2015
39,6,27,3,14,487,NW,DTW,2014
9,6,28,4,14,487,NW,DTW,2013
-3,6,29,5,14,487,NW,DTW,2012
-4,6,30,6,14,487,NW,DTW,2011
-4,6,1,5,11,487,NW,DTW,2040
132,6,2,6,11,487,NW,DTW,2039
2,6,3,7,11,487,NW,DTW,2038
-10,6,4,1,11,487,NW,DTW,2037
-9,6,5,2,11,487,NW,DTW,2036
-3,6,6,3,11,487,NW,DTW,2035
-5,6,7,4,11,487,NW,DTW,2034
-3,6,8,5,11,487,NW,DTW,2033
-11,6,9,6,11,487,NW,DTW,2032
0,6,10,7,11,487,NW,DTW,2031
-5,6,11,1,11,487,NW,DTW,2030
-5,6,12,2,11,487,NW,DTW,2029
1,6,13,3,11,487,NW,DTW,2028
-3,6,14,4,11,487,NW,DTW,2027
-3,6,15,5,11,487,NW,DTW,2026
142,6,16,6,11,487,NW,DTW,2025
-8,6,18,1,11,487,NW,DTW,2023
-4,6,19,2,11,487,NW,DTW,2022
-4,6,20,3,11,487,NW,DTW,2021
10,6,21,4,11,487,NW,DTW,2020
44,6,22,5,11,487,NW,DTW,2019
-3,6,23,6,11,487,NW,DTW,2018
-2,6,25,1,11,487,NW,DTW,2016
-6,6,26,2,11,487,NW,DTW,2015
-5,6,27,3,11,487,NW,DTW,2014
-5,6,28,4,11,487,NW,DTW,2013
-6,6,29,5,11,487,NW,DTW,2012
21,6,30,6,11,487,NW,DTW,2011
43,6,1,5,18,487,NW,DTW,2040
-8,6,3,7,18,487,NW,DTW,2038
1,6,4,1,18,487,NW,DTW,2037
-5,6,5,2,18,487,NW,DTW,2036
-9,6,6,3,18,487,NW,DTW,2035
-1,6,7,4,18,487,NW,DTW,2034
-6,6,8,5,18,487,NW,DTW,2033
-4,6,10,7,18,487,NW,DTW,2031
-4,6,12,2,18,487,NW,DTW,2029
49,6,13,3,18,487,NW,DTW,2028
-10,6,17,7,18,487,NW,DTW,2024
-1,6,18,1,18,487,NW,DTW,2023
-2,6,19,2,18,487,NW,DTW,2022
56,6,21,4,18,487,NW,DTW,2020
-1,6,24,7,18,487,NW,DTW,2017
-1,6,25,1,18,487,NW,DTW,2016
1,6,27,3,18,487,NW,DTW,2014
-5,6,28,4,18,487,NW,DTW,2013
-1,6,29,5,18,487,NW,DTW,2012
-4,6,1,5,7,487,NW,DTW,2040
-7,6,2,6,7,487,NW,DTW,2039
-7,6,4,1,7,487,NW,DTW,2037
-6,6,5,2,7,487,NW,DTW,2036
-6,6,6,3,7,487,NW,DTW,2035
-6,6,7,4,7,487,NW,DTW,2034
-6,6,8,5,7,487,NW,DTW,2033
-2,6,9,6,7,487,NW,DTW,2032
-3,6,11,1,7,487,NW,DTW,2030
-4,6,12,2,7,487,NW,DTW,2029
-4,6,13,3,7,487,NW,DTW,2028
-6,6,14,4,7,487,NW,DTW,2027
-6,6,15,5,7,487,NW,DTW,2026
-1,6,18,1,7,487,NW,DTW,2023
-5,6,19,2,7,487,NW,DTW,2022
-6,6,20,3,7,487,NW,DTW,2021
-3,6,21,4,7,487,NW,DTW,2020
112,6,22,5,7,487,NW,DTW,2019
-4,6,25,1,7,487,NW,DTW,2016
-5,6,26,2,7,487,NW,DTW,2015
-2,6,29,5,7,487,NW,DTW,2012
-4,6,30,6,7,487,NW,DTW,2011
-4,6,1,5,6,487,NW,DTW,2040
3,6,2,6,6,487,NW,DTW,2039
-4,6,3,7,6,487,NW,DTW,2038
-4,6,4,1,6,487,NW,DTW,2037
-1,6,5,2,6,487,NW,DTW,2036
-5,6,6,3,6,487,NW,DTW,2035
-1,6,7,4,6,487,NW,DTW,2034
3,6,8,5,6,487,NW,DTW,2033
-4,6,9,6,6,487,NW,DTW,2032
22,6,10,7,6,487,NW,DTW,2031
0,6,11,1,6,487,NW,DTW,2030
-4,6,12,2,6,487,NW,DTW,2029
-6,6,13,3,6,487,NW,DTW,2028
-2,6,14,4,6,487,NW,DTW,2027
-6,6,15,5,6,487,NW,DTW,2026
20,6,16,6,6,487,NW,DTW,2025
-5,6,17,7,6,487,NW,DTW,2024
-7,6,18,1,6,487,NW,DTW,2023
8,6,19,2,6,487,NW,DTW,2022
-2,6,20,3,6,487,NW,DTW,2021
-1,6,21,4,6,487,NW,DTW,2020
-2,6,22,5,6,487,NW,DTW,2019
1,6,23,6,6,487,NW,DTW,2018
-3,6,24,7,6,487,NW,DTW,2017
0,6,25,1,6,487,NW,DTW,2016
-1,6,26,2,6,487,NW,DTW,2015
-4,6,27,3,6,487,NW,DTW,2014
-1,6,28,4,6,487,NW,DTW,2013
-2,6,29,5,6,487,NW,DTW,2012
65,6,30,6,6,487,NW,DTW,2011
0,6,1,5,8,2454,AA,LAX,2040
0,6,2,6,8,2454,AA,LAX,2039
-3,6,3,7,8,2454,AA,LAX,2038
5,6,4,1,8,2454,AA,LAX,2037
-5,6,5,2,8,2454,AA,LAX,2036
-1,6,6,3,8,2454,AA,LAX,2035
6,6,7,4,8,2454,AA,LAX,2034
-3,6,8,5,8,2454,AA,LAX,2033
10,6,9,6,8,2454,AA,LAX,2032
-2,6,10,7,8,2454,AA,LAX,2031
-3,6,11,1,8,2454,AA,LAX,2030
3,6,12,2,8,2454,AA,LAX,2029
4,6,13,3,8,2454,AA,LAX,2028
9,6,14,4,8,2454,AA,LAX,2027
37,6,15,5,8,2454,AA,LAX,2026
9,6,16,6,8,2454,AA,LAX,2025
-2,6,17,7,8,2454,AA,LAX,2024
2,6,18,1,8,2454,AA,LAX,2023
20,6,19,2,8,2454,AA,LAX,2022
4,6,20,3,8,2454,AA,LAX,2021
0,6,21,4,8,2454,AA,LAX,2020
1,6,22,5,8,2454,AA,LAX,2019
6,6,23,6,8,2454,AA,LAX,2018
0,6,24,7,8,2454,AA,LAX,2017
3,6,25,1,8,2454,AA,LAX,2016
3,6,26,2,8,2454,AA,LAX,2015
4,6,27,3,8,2454,AA,LAX,2014
0,6,28,4,8,2454,AA,LAX,2013
11,6,29,5,8,2454,AA,LAX,2012
-1,6,30,6,8,2454,AA,LAX,2011
12,6,1,5,18,1372,AA,DFW,2040
6,6,2,6,18,1372,AA,DFW,2039
21,6,3,7,18,1372,AA,DFW,2038
23,6,4,1,18,1372,AA,DFW,2037
4,6,5,2,18,1372,AA,DFW,2036
62,6,6,3,18,1372,AA,DFW,2035
-3,6,7,4,18,1372,AA,DFW,2034
1,6,8,5,18,1372,AA,DFW,2033
3,6,9,6,18,1372,AA,DFW,2032
3,6,10,7,18,1372,AA,DFW,2031
132,6,11,1,18,1372,AA,DFW,2030
-4,6,12,2,18,1372,AA,DFW,2029
28,6,14,4,18,1372,AA,DFW,2027
64,6,15,5,18,1372,AA,DFW,2026
0,6,16,6,18,1372,AA,DFW,2025
6,6,17,7,18,1372,AA,DFW,2024
-6,6,18,1,18,1372,AA,DFW,2023
4,6,19,2,18,1372,AA,DFW,2022
175,6,21,4,18,1372,AA,DFW,2020
116,6,22,5,18,1372,AA,DFW,2019
2,6,23,6,18,1372,AA,DFW,2018
30,6,24,7,18,1372,AA,DFW,2017
-4,6,25,1,18,1372,AA,DFW,2016
-2,6,26,2,18,1372,AA,DFW,2015
14,6,27,3,18,1372,AA,DFW,2014
16,6,28,4,18,1372,AA,DFW,2013
94,6,30,6,18,1372,AA,DFW,2011
-1,6,1,5,17,2454,AA,LAX,2040
-3,6,2,6,17,2454,AA,LAX,2039
0,6,3,7,17,2454,AA,LAX,2038
1,6,4,1,17,2454,AA,LAX,2037
28,6,5,2,17,2454,AA,LAX,2036
-5,6,6,3,17,2454,AA,LAX,2035
0,6,7,4,17,2454,AA,LAX,2034
1,6,8,5,17,2454,AA,LAX,2033
-4,6,9,6,17,2454,AA,LAX,2032
1,6,10,7,17,2454,AA,LAX,2031
7,6,11,1,17,2454,AA,LAX,2030
8,6,13,3,17,2454,AA,LAX,2028
12,6,14,4,17,2454,AA,LAX,2027
20,6,16,6,17,2454,AA,LAX,2025
3,6,17,7,17,2454,AA,LAX,2024
-3,6,18,1,17,2454,AA,LAX,2023
207,6,19,2,17,2454,AA,LAX,2022
134,6,20,3,17,2454,AA,LAX,2021
-1,6,21,4,17,2454,AA,LAX,2020
36,6,22,5,17,2454,AA,LAX,2019
29,6,23,6,17,2454,AA,LAX,2018
234,6,24,7,17,2454,AA,LAX,2017
27,6,25,1,17,2454,AA,LAX,2016
57,6,26,2,17,2454,AA,LAX,2015
6,6,27,3,17,2454,AA,LAX,2014
28,6,28,4,17,2454,AA,LAX,2013
4,6,29,5,17,2454,AA,LAX,2012
39,6,30,6,17,2454,AA,LAX,2011
-2,6,1,5,15,2454,AA,LAX,2040
0,6,2,6,15,2454,AA,LAX,2039
2,6,3,7,15,2454,AA,LAX,2038
-3,6,4,1,15,2454,AA,LAX,2037
-2,6,5,2,15,2454,AA,LAX,2036
-3,6,6,3,15,2454,AA,LAX,2035
-1,6,7,4,15,2454,AA,LAX,2034
9,6,8,5,15,2454,AA,LAX,2033
-2,6,9,6,15,2454,AA,LAX,2032
0,6,10,7,15,2454,AA,LAX,2031
0,6,11,1,15,2454,AA,LAX,2030
-2,6,12,2,15,2454,AA,LAX,2029
3,6,14,4,15,2454,AA,LAX,2027
4,6,15,5,15,2454,AA,LAX,2026
-5,6,16,6,15,2454,AA,LAX,2025
0,6,17,7,15,2454,AA,LAX,2024
19,6,18,1,15,2454,AA,LAX,2023
-4,6,19,2,15,2454,AA,LAX,2022
-3,6,20,3,15,2454,AA,LAX,2021
1,6,21,4,15,2454,AA,LAX,2020
-2,6,22,5,15,2454,AA,LAX,2019
72,6,23,6,15,2454,AA,LAX,2018
2,6,24,7,15,2454,AA,LAX,2017
-4,6,25,1,15,2454,AA,LAX,2016
4,6,26,2,15,2454,AA,LAX,2015
3,6,27,3,15,2454,AA,LAX,2014
-5,6,28,4,15,2454,AA,LAX,2013
-3,6,29,5,15,2454,AA,LAX,2012
3,6,30,6,15,2454,AA,LAX,2011
-1,6,1,5,5,1372,AA,DFW,2040
0,6,2,6,5,1372,AA,DFW,2039
-1,6,3,7,5,1372,AA,DFW,2038
-2,6,4,1,5,1372,AA,DFW,2037
-1,6,5,2,5,1372,AA,DFW,2036
-4,6,6,3,5,1372,AA,DFW,2035
-1,6,7,4,5,1372,AA,DFW,2034
-1,6,8,5,5,1372,AA,DFW,2033
-2,6,9,6,5,1372,AA,DFW,2032
-5,6,10,7,5,1372,AA,DFW,2031
0,6,11,1,5,1372,AA,DFW,2030
-4,6,12,2,5,1372,AA,DFW,2029
-2,6,13,3,5,1372,AA,DFW,2028
-3,6,14,4,5,1372,AA,DFW,2027
1,6,1,5,16,1372,AA,DFW,2040
0,6,2,6,16,1372,AA,DFW,2039
-3,6,3,7,16,1372,AA,DFW,2038
-5,6,5,2,16,1372,AA,DFW,2036
2,6,6,3,16,1372,AA,DFW,2035
2,6,7,4,16,1372,AA,DFW,2034
-1,6,8,5,16,1372,AA,DFW,2033
13,6,9,6,16,1372,AA,DFW,2032
0,6,10,7,16,1372,AA,DFW,2031
11,6,11,1,16,1372,AA,DFW,2030
-2,6,12,2,16,1372,AA,DFW,2029
20,6,13,3,16,1372,AA,DFW,2028
202,6,15,5,16,1372,AA,DFW,2026
-3,6,16,6,16,1372,AA,DFW,2025
1,6,17,7,16,1372,AA,DFW,2024
-2,6,18,1,16,1372,AA,DFW,2023
-3,6,19,2,16,1372,AA,DFW,2022
-2,6,20,3,16,1372,AA,DFW,2021
20,6,21,4,16,1372,AA,DFW,2020
106,6,22,5,16,1372,AA,DFW,2019
-5,6,24,7,16,1372,AA,DFW,2017
-1,6,25,1,16,1372,AA,DFW,2016
-2,6,26,2,16,1372,AA,DFW,2015
14,6,28,4,16,1372,AA,DFW,2013
49,6,29,5,16,1372,AA,DFW,2012
-2,6,1,5,13,1372,AA,DFW,2040
8,6,4,1,13,1372,AA,DFW,2037
-3,6,5,2,13,1372,AA,DFW,2036
-2,6,7,4,13,1372,AA,DFW,2034
-7,6,11,1,13,1372,AA,DFW,2030
3,6,12,2,13,1372,AA,DFW,2029
1,6,14,4,13,1372,AA,DFW,2027
-2,6,15,5,14,1372,AA,DFW,2026
4,6,17,7,14,1372,AA,DFW,2024
-6,6,18,1,14,1372,AA,DFW,2023
-3,6,19,2,14,1372,AA,DFW,2022
-2,6,20,3,14,1372,AA,DFW,2021
-5,6,24,7,14,1372,AA,DFW,2017
4,6,25,1,14,1372,AA,DFW,2016
-3,6,27,3,14,1372,AA,DFW,2014
79,6,28,4,14,1372,AA,DFW,2013
4,6,29,5,14,1372,AA,DFW,2012
83,6,15,5,18,719,AA,ORD,2026
-1,6,18,1,18,719,AA,ORD,2023
0,6,19,2,18,719,AA,ORD,2022
123,6,21,4,18,719,AA,ORD,2020
21,6,26,2,18,719,AA,ORD,2015
-1,6,27,3,18,719,AA,ORD,2014
0,6,28,4,18,719,AA,ORD,2013
0,6,29,5,18,719,AA,ORD,2012
29,6,1,5,7,1608,AA,SJU,2040
-2,6,2,6,7,1608,AA,SJU,2039
-4,6,3,7,7,1608,AA,SJU,2038
-2,6,4,1,7,1608,AA,SJU,2037
-4,6,5,2,7,1608,AA,SJU,2036
32,6,6,3,7,1608,AA,SJU,2035
0,6,7,4,7,1608,AA,SJU,2034
-2,6,8,5,7,1608,AA,SJU,2033
0,6,9,6,7,1608,AA,SJU,2032
-6,6,10,7,7,1608,AA,SJU,2031
2,6,11,1,7,1608,AA,SJU,2030
-5,6,12,2,7,1608,AA,SJU,2029
20,6,13,3,7,1608,AA,SJU,2028
5,6,14,4,7,1608,AA,SJU,2027
-4,6,15,5,7,1608,AA,SJU,2026
17,6,16,6,7,1608,AA,SJU,2025
-1,6,17,7,7,1608,AA,SJU,2024
2,6,18,1,7,1608,AA,SJU,2023
-7,6,19,2,7,1608,AA,SJU,2022
0,6,20,3,7,1608,AA,SJU,2021
0,6,21,4,7,1608,AA,SJU,2020
2,6,22,5,7,1608,AA,SJU,2019
3,6,23,6,7,1608,AA,SJU,2018
75,6,24,7,7,1608,AA,SJU,2017
4,6,25,1,7,1608,AA,SJU,2016
0,6,26,2,7,1608,AA,SJU,2015
7,6,27,3,7,1608,AA,SJU,2014
-1,6,28,4,7,1608,AA,SJU,2013
5,6,29,5,7,1608,AA,SJU,2012
0,6,30,6,7,1608,AA,SJU,2011
-1,6,1,5,10,1372,AA,DFW,2040
-2,6,2,6,10,1372,AA,DFW,2039
-1,6,3,7,10,1372,AA,DFW,2038
-4,6,4,1,10,1372,AA,DFW,2037
0,6,6,3,10,1372,AA,DFW,2035
-3,6,8,5,10,1372,AA,DFW,2033
-2,6,9,6,10,1372,AA,DFW,2032
-4,6,10,7,10,1372,AA,DFW,2031
-4,6,11,1,10,1372,AA,DFW,2030
-5,6,12,2,10,1372,AA,DFW,2029
0,6,13,3,10,1372,AA,DFW,2028
-4,6,14,4,10,1372,AA,DFW,2027
-1,6,15,5,10,1372,AA,DFW,2026
1,6,16,6,10,1372,AA,DFW,2025
7,6,17,7,10,1372,AA,DFW,2024
-3,6,18,1,10,1372,AA,DFW,2023
11,6,19,2,10,1372,AA,DFW,2022
-2,6,20,3,10,1372,AA,DFW,2021
-1,6,21,4,10,1372,AA,DFW,2020
0,6,22,5,10,1372,AA,DFW,2019
5,6,23,6,10,1372,AA,DFW,2018
-1,6,24,7,10,1372,AA,DFW,2017
0,6,25,1,10,1372,AA,DFW,2016
-2,6,26,2,10,1372,AA,DFW,2015
4,6,27,3,10,1372,AA,DFW,2014
0,6,28,4,10,1372,AA,DFW,2013
1,6,29,5,10,1372,AA,DFW,2012
85,6,30,6,10,1372,AA,DFW,2011
14,6,1,5,9,719,AA,ORD,2040
-3,6,2,6,9,719,AA,ORD,2039
-4,6,3,7,9,719,AA,ORD,2038
-3,6,4,1,9,719,AA,ORD,2037
-2,6,6,3,9,719,AA,ORD,2035
-6,6,7,4,9,719,AA,ORD,2034
0,6,8,5,9,719,AA,ORD,2033
1,6,9,6,9,719,AA,ORD,2032
-1,6,10,7,9,719,AA,ORD,2031
-3,6,11,1,9,719,AA,ORD,2030
-3,6,13,3,9,719,AA,ORD,2028
-4,6,14,4,9,719,AA,ORD,2027
-2,6,15,5,9,719,AA,ORD,2026
14,6,16,6,9,719,AA,ORD,2025
-3,6,17,7,9,719,AA,ORD,2024
2,6,19,2,9,719,AA,ORD,2022
-1,6,20,3,9,719,AA,ORD,2021
-2,6,22,5,9,719,AA,ORD,2019
44,6,23,6,9,719,AA,ORD,2018
0,6,24,7,9,719,AA,ORD,2017
20,6,25,1,9,719,AA,ORD,2016
-2,6,26,2,9,719,AA,ORD,2015
4,6,27,3,9,719,AA,ORD,2014
0,6,28,4,9,719,AA,ORD,2013
-4,6,29,5,9,719,AA,ORD,2012
9,6,30,6,9,719,AA,ORD,2011
33,6,1,5,9,719,AA,ORD,2040
-1,6,2,6,9,719,AA,ORD,2039
-2,6,3,7,9,719,AA,ORD,2038
-4,6,4,1,9,719,AA,ORD,2037
61,6,5,2,9,719,AA,ORD,2036
-1,6,6,3,9,719,AA,ORD,2035
-2,6,7,4,9,719,AA,ORD,2034
-3,6,8,5,9,719,AA,ORD,2033
1,6,9,6,9,719,AA,ORD,2032
-5,6,11,1,9,719,AA,ORD,2030
-2,6,12,2,9,719,AA,ORD,2029
-5,6,14,4,9,719,AA,ORD,2027
5,6,15,5,9,719,AA,ORD,2026
3,6,16,6,9,719,AA,ORD,2025
-2,6,17,7,9,719,AA,ORD,2024
-7,6,18,1,9,719,AA,ORD,2023
-5,6,19,2,9,719,AA,ORD,2022
-2,6,20,3,9,719,AA,ORD,2021
11,6,21,4,9,719,AA,ORD,2020
-6,6,22,5,9,719,AA,ORD,2019
2,6,23,6,9,719,AA,ORD,2018
-3,6,24,7,9,719,AA,ORD,2017
-5,6,25,1,9,719,AA,ORD,2016
-5,6,26,2,9,719,AA,ORD,2015
-1,6,28,4,9,719,AA,ORD,2013
-6,6,29,5,9,719,AA,ORD,2012
2,6,30,6,9,719,AA,ORD,2011
-2,6,1,5,6,1086,AA,MIA,2040
-3,6,2,6,6,1086,AA,MIA,2039
-2,6,3,7,6,1086,AA,MIA,2038
0,6,4,1,6,1086,AA,MIA,2037
4,6,5,2,6,1086,AA,MIA,2036
-2,6,6,3,6,1086,AA,MIA,2035
-3,6,7,4,6,1086,AA,MIA,2034
-5,6,8,5,6,1086,AA,MIA,2033
-3,6,9,6,6,1086,AA,MIA,2032
-1,6,10,7,6,1086,AA,MIA,2031
-4,6,11,1,6,1086,AA,MIA,2030
-1,6,12,2,6,1086,AA,MIA,2029
-2,6,13,3,6,1086,AA,MIA,2028
-5,6,14,4,6,1086,AA,MIA,2027
0,6,15,5,6,1086,AA,MIA,2026
3,6,16,6,6,1086,AA,MIA,2025
0,6,17,7,6,1086,AA,MIA,2024
1,6,18,1,6,1086,AA,MIA,2023
-5,6,19,2,6,1086,AA,MIA,2022
2,6,20,3,6,1086,AA,MIA,2021
1,6,21,4,6,1086,AA,MIA,2020
-1,6,22,5,6,1086,AA,MIA,2019
-4,6,23,6,6,1086,AA,MIA,2018
-1,6,24,7,6,1086,AA,MIA,2017
0,6,25,1,6,1086,AA,MIA,2016
4,6,26,2,6,1086,AA,MIA,2015
0,6,27,3,6,1086,AA,MIA,2014
-3,6,28,4,6,1086,AA,MIA,2013
8,6,29,5,6,1086,AA,MIA,2012
6,6,30,6,6,1086,AA,MIA,2011
-4,6,1,5,7,719,AA,ORD,2040
-6,6,2,6,7,719,AA,ORD,2039
-3,6,3,7,7,719,AA,ORD,2038
-1,6,4,1,7,719,AA,ORD,2037
-3,6,5,2,7,719,AA,ORD,2036
2,6,7,4,7,719,AA,ORD,2034
-5,6,8,5,7,719,AA,ORD,2033
-4,6,9,6,7,719,AA,ORD,2032
-3,6,10,7,7,719,AA,ORD,2031
-5,6,11,1,7,719,AA,ORD,2030
-6,6,12,2,7,719,AA,ORD,2029
-4,6,13,3,7,719,AA,ORD,2028
0,6,14,4,7,719,AA,ORD,2027
-1,6,15,5,7,719,AA,ORD,2026
3,6,16,6,7,719,AA,ORD,2025
-1,6,17,7,7,719,AA,ORD,2024
8,6,18,1,7,719,AA,ORD,2023
-3,6,19,2,7,719,AA,ORD,2022
-4,6,20,3,7,719,AA,ORD,2021
-2,6,22,5,7,719,AA,ORD,2019
5,6,23,6,7,719,AA,ORD,2018
-3,6,25,1,7,719,AA,ORD,2016
2,6,26,2,7,719,AA,ORD,2015
-6,6,27,3,7,719,AA,ORD,2014
-1,6,28,4,7,719,AA,ORD,2013
-1,6,29,5,7,719,AA,ORD,2012
0,6,30,6,7,719,AA,ORD,2011
-3,6,1,5,6,719,AA,ORD,2040
-3,6,2,6,6,719,AA,ORD,2039
-2,6,3,7,6,719,AA,ORD,2038
-1,6,4,1,6,719,AA,ORD,2037
-8,6,5,2,6,719,AA,ORD,2036
-1,6,6,3,6,719,AA,ORD,2035
1,6,8,5,6,719,AA,ORD,2033
-2,6,9,6,6,719,AA,ORD,2032
-3,6,10,7,6,719,AA,ORD,2031
-5,6,11,1,6,719,AA,ORD,2030
-4,6,12,2,6,719,AA,ORD,2029
-3,6,13,3,6,719,AA,ORD,2028
-2,6,14,4,6,719,AA,ORD,2027
-2,6,15,5,6,719,AA,ORD,2026
-4,6,17,7,6,719,AA,ORD,2024
-6,6,18,1,6,719,AA,ORD,2023
-5,6,19,2,6,719,AA,ORD,2022
-3,6,20,3,6,719,AA,ORD,2021
-1,6,21,4,6,719,AA,ORD,2020
-3,6,22,5,6,719,AA,ORD,2019
2,6,23,6,6,719,AA,ORD,2018
6,6,24,7,6,719,AA,ORD,2017
2,6,25,1,6,719,AA,ORD,2016
-3,6,26,2,6,719,AA,ORD,2015
-1,6,27,3,6,719,AA,ORD,2014
0,6,28,4,6,719,AA,ORD,2013
-3,6,29,5,6,719,AA,ORD,2012
5,6,30,6,6,719,AA,ORD,2011
-4,6,1,5,6,1372,AA,DFW,2040
1,6,2,6,6,1372,AA,DFW,2039
-5,6,3,7,6,1372,AA,DFW,2038
-4,6,4,1,6,1372,AA,DFW,2037
-3,6,5,2,6,1372,AA,DFW,2036
0,6,6,3,6,1372,AA,DFW,2035
2,6,7,4,6,1372,AA,DFW,2034
-2,6,8,5,6,1372,AA,DFW,2033
-6,6,9,6,6,1372,AA,DFW,2032
50,6,11,1,6,1372,AA,DFW,2030
-3,6,12,2,6,1372,AA,DFW,2029
-1,6,13,3,6,1372,AA,DFW,2028
-5,6,14,4,6,1372,AA,DFW,2027
-1,6,17,7,7,1372,AA,DFW,2024
-2,6,18,1,7,1372,AA,DFW,2023
-7,6,19,2,7,1372,AA,DFW,2022
-4,6,20,3,7,1372,AA,DFW,2021
9,6,21,4,7,1372,AA,DFW,2020
-2,6,22,5,7,1372,AA,DFW,2019
4,6,23,6,7,1372,AA,DFW,2018
1,6,24,7,7,1372,AA,DFW,2017
-6,6,26,2,7,1372,AA,DFW,2015
0,6,27,3,7,1372,AA,DFW,2014
-5,6,28,4,7,1372,AA,DFW,2013
-3,6,29,5,7,1372,AA,DFW,2012
65,6,30,6,7,1372,AA,DFW,2011
