-4,10,13,6,9,319,US,PIT,1906
-5,10,20,6,9,319,US,PIT,1899
-5,10,27,6,9,319,US,PIT,1892
-4,10,1,1,10,529,US,CLT,1918
-3,10,2,2,10,529,US,CLT,1917
-3,10,3,3,10,529,US,CLT,1916
-1,10,4,4,10,529,US,CLT,1915
-2,10,5,5,10,529,US,CLT,1914
-5,10,6,6,10,529,US,CLT,1913
-10,10,7,7,10,529,US,CLT,1912
-4,10,8,1,10,529,US,CLT,1911
-6,10,9,2,10,529,US,CLT,1910
-6,10,10,3,10,529,US,CLT,1909
7,10,11,4,10,529,US,CLT,1908
-3,10,12,5,10,529,US,CLT,1907
3,10,13,6,10,529,US,CLT,1906
-6,10,14,7,10,529,US,CLT,1905
9,10,15,1,10,529,US,CLT,1904
-4,10,16,2,10,529,US,CLT,1903
-5,10,17,3,10,529,US,CLT,1902
-4,10,18,4,10,529,US,CLT,1901
1,10,19,5,10,529,US,CLT,1900
-4,10,20,6,10,529,US,CLT,1899
4,10,21,7,10,529,US,CLT,1898
3,10,22,1,10,529,US,CLT,1897
13,10,23,2,10,529,US,CLT,1896
-6,10,24,3,10,529,US,CLT,1895
0,10,25,4,10,529,US,CLT,1894
-4,10,26,5,10,529,US,CLT,1893
-1,10,27,6,10,529,US,CLT,1892
-1,10,28,7,10,529,US,CLT,1891
-6,10,29,1,10,529,US,CLT,1890
-4,10,30,2,10,529,US,CLT,1889
0,10,31,3,10,529,US,CLT,1888
0,10,1,1,19,529,US,CLT,1918
-6,10,2,2,19,529,US,CLT,1917
-4,10,3,3,19,529,US,CLT,1916
-6,10,4,4,19,529,US,CLT,1915
-5,10,5,5,19,529,US,CLT,1914
-12,10,6,6,19,529,US,CLT,1913
-9,10,1,1,9,319,US,PIT,1918
-6,10,2,2,9,319,US,PIT,1917
-3,10,3,3,9,319,US,PIT,1916
-1,10,4,4,9,319,US,PIT,1915
-5,10,5,5,9,319,US,PIT,1914
-3,10,6,6,9,319,US,PIT,1913
-2,10,1,1,6,529,US,CLT,1918
-1,10,2,2,6,529,US,CLT,1917
-3,10,3,3,6,529,US,CLT,1916
3,10,4,4,6,529,US,CLT,1915
-1,10,5,5,6,529,US,CLT,1914
0,10,6,6,6,529,US,CLT,1913
-2,10,6,6,13,529,US,CLT,1913
-3,10,1,1,9,529,US,CLT,1918
-3,10,2,2,9,529,US,CLT,1917
-1,10,3,3,9,529,US,CLT,1916
-7,10,4,4,9,529,US,CLT,1915
13,10,5,5,9,529,US,CLT,1914
-5,10,6,6,9,529,US,CLT,1913
-7,10,7,7,9,529,US,CLT,1912
-6,10,8,1,9,529,US,CLT,1911
-5,10,9,2,9,529,US,CLT,1910
-5,10,10,3,9,529,US,CLT,1909
-5,10,11,4,9,529,US,CLT,1908
18,10,12,5,9,529,US,CLT,1907
1,10,13,6,9,529,US,CLT,1906
-2,10,14,7,9,529,US,CLT,1905
-3,10,15,1,9,529,US,CLT,1904
0,10,16,2,9,529,US,CLT,1903
9,10,17,3,9,529,US,CLT,1902
-5,10,18,4,9,529,US,CLT,1901
-5,10,19,5,9,529,US,CLT,1900
-1,10,20,6,9,529,US,CLT,1899
42,10,21,7,9,529,US,CLT,1898
12,10,22,1,9,529,US,CLT,1897
-6,10,24,3,9,529,US,CLT,1895
-7,10,25,4,9,529,US,CLT,1894
1,10,26,5,9,529,US,CLT,1893
-2,10,27,6,9,529,US,CLT,1892
-1,10,28,7,9,529,US,CLT,1891
21,10,29,1,9,529,US,CLT,1890
-9,10,30,2,9,529,US,CLT,1889
20,10,31,3,9,529,US,CLT,1888
-3,10,1,1,20,319,US,PIT,1918
-11,10,2,2,20,319,US,PIT,1917
-4,10,3,3,20,319,US,PIT,1916
-11,10,4,4,20,319,US,PIT,1915
-1,10,5,5,20,319,US,PIT,1914
-10,10,6,6,20,319,US,PIT,1913
6,10,7,7,20,319,US,PIT,1912
-4,10,8,1,20,319,US,PIT,1911
-7,10,9,2,20,319,US,PIT,1910
-10,10,10,3,20,319,US,PIT,1909
-6,10,11,4,20,319,US,PIT,1908
-9,10,12,5,20,319,US,PIT,1907
-5,10,14,7,20,319,US,PIT,1905
-7,10,15,1,20,319,US,PIT,1904
-6,10,16,2,20,319,US,PIT,1903
-8,10,17,3,20,319,US,PIT,1902
-12,10,18,4,20,319,US,PIT,1901
-7,10,19,5,20,319,US,PIT,1900
4,10,21,7,20,319,US,PIT,1898
-2,10,22,1,20,319,US,PIT,1897
-6,10,23,2,20,319,US,PIT,1896
-4,10,24,3,20,319,US,PIT,1895
-9,10,25,4,20,319,US,PIT,1894
-10,10,26,5,20,319,US,PIT,1893
-1,10,28,7,20,319,US,PIT,1891
1,10,29,1,20,319,US,PIT,1890
8,10,30,2,20,319,US,PIT,1889
-6,10,31,3,20,319,US,PIT,1888
-3,10,1,1,8,529,US,CLT,1918
0,10,2,2,8,529,US,CLT,1917
-3,10,3,3,8,529,US,CLT,1916
-5,10,4,4,8,529,US,CLT,1915
1,10,5,5,8,529,US,CLT,1914
-6,10,6,6,8,529,US,CLT,1913
-5,10,7,7,8,529,US,CLT,1912
4,10,8,1,8,529,US,CLT,1911
-2,10,9,2,8,529,US,CLT,1910
-6,10,10,3,8,529,US,CLT,1909
-3,10,11,4,8,529,US,CLT,1908
3,10,12,5,8,529,US,CLT,1907
-1,10,13,6,8,529,US,CLT,1906
-6,10,14,7,8,529,US,CLT,1905
3,10,15,1,8,529,US,CLT,1904
-2,10,16,2,8,529,US,CLT,1903
2,10,17,3,8,529,US,CLT,1902
-2,10,18,4,8,529,US,CLT,1901
-5,10,19,5,8,529,US,CLT,1900
-6,10,20,6,8,529,US,CLT,1899
4,10,21,7,8,529,US,CLT,1898
11,10,22,1,8,529,US,CLT,1897
-3,10,23,2,8,529,US,CLT,1896
9,10,24,3,8,529,US,CLT,1895
0,10,25,4,8,529,US,CLT,1894
-6,10,26,5,8,529,US,CLT,1893
4,10,27,6,8,529,US,CLT,1892
-1,10,28,7,8,529,US,CLT,1891
1,10,29,1,8,529,US,CLT,1890
47,10,30,2,8,529,US,CLT,1889
-1,10,31,3,8,529,US,CLT,1888
10,10,1,1,5,529,US,CLT,1918
12,10,2,2,5,529,US,CLT,1917
3,10,3,3,5,529,US,CLT,1916
0,10,4,4,5,529,US,CLT,1915
3,10,5,5,5,529,US,CLT,1914
0,10,8,1,5,529,US,CLT,1911
-2,10,9,2,5,529,US,CLT,1910
3,10,10,3,5,529,US,CLT,1909
-2,10,11,4,5,529,US,CLT,1908
-3,10,12,5,5,529,US,CLT,1907
4,10,15,1,5,529,US,CLT,1904
-5,10,16,2,5,529,US,CLT,1903
3,10,17,3,5,529,US,CLT,1902
1,10,18,4,5,529,US,CLT,1901
9,10,19,5,5,529,US,CLT,1900
30,10,22,1,5,529,US,CLT,1897
-2,10,23,2,5,529,US,CLT,1896
3,10,24,3,5,529,US,CLT,1895
-1,10,25,4,5,529,US,CLT,1894
1,10,26,5,5,529,US,CLT,1893
6,10,29,1,5,529,US,CLT,1890
5,10,30,2,5,529,US,CLT,1889
1,10,31,3,5,529,US,CLT,1888
-6,10,1,1,12,319,US,PIT,1918
-6,10,2,2,12,319,US,PIT,1917
-4,10,3,3,12,319,US,PIT,1916
-4,10,4,4,12,319,US,PIT,1915
4,10,5,5,12,319,US,PIT,1914
-10,10,6,6,12,319,US,PIT,1913
0,10,7,7,12,319,US,PIT,1912
-6,10,8,1,12,319,US,PIT,1911
-4,10,9,2,12,319,US,PIT,1910
-9,10,10,3,12,319,US,PIT,1909
-3,10,11,4,12,319,US,PIT,1908
341,10,12,5,12,319,US,PIT,1907
-5,10,13,6,12,319,US,PIT,1906
2,10,14,7,12,319,US,PIT,1905
-5,10,15,1,12,319,US,PIT,1904
-3,10,16,2,12,319,US,PIT,1903
0,10,17,3,12,319,US,PIT,1902
-5,10,18,4,12,319,US,PIT,1901
-4,10,19,5,12,319,US,PIT,1900
0,10,20,6,12,319,US,PIT,1899
1,10,21,7,12,319,US,PIT,1898
-5,10,22,1,12,319,US,PIT,1897
-7,10,24,3,12,319,US,PIT,1895
3,10,25,4,12,319,US,PIT,1894
7,10,26,5,12,319,US,PIT,1893
-7,10,27,6,12,319,US,PIT,1892
9,10,28,7,12,319,US,PIT,1891
3,10,29,1,12,319,US,PIT,1890
12,10,30,2,12,319,US,PIT,1889
-9,10,31,3,12,319,US,PIT,1888
14,10,7,7,18,529,US,CLT,1912
-4,10,8,1,18,529,US,CLT,1911
-2,10,9,2,18,529,US,CLT,1910
-5,10,10,3,18,529,US,CLT,1909
8,10,11,4,18,529,US,CLT,1908
68,10,12,5,18,529,US,CLT,1907
5,10,13,6,18,529,US,CLT,1906
20,10,14,7,18,529,US,CLT,1905
-5,10,15,1,18,529,US,CLT,1904
-3,10,16,2,18,529,US,CLT,1903
37,10,17,3,18,529,US,CLT,1902
-4,10,18,4,18,529,US,CLT,1901
5,10,19,5,18,529,US,CLT,1900
8,10,20,6,18,529,US,CLT,1899
48,10,21,7,18,529,US,CLT,1898
-1,10,22,1,18,529,US,CLT,1897
5,10,23,2,18,529,US,CLT,1896
2,10,24,3,18,529,US,CLT,1895
0,10,25,4,18,529,US,CLT,1894
32,10,26,5,18,529,US,CLT,1893
-6,10,27,6,18,529,US,CLT,1892
39,10,28,7,18,529,US,CLT,1891
-9,10,29,1,18,529,US,CLT,1890
-4,10,30,2,18,529,US,CLT,1889
-8,10,31,3,18,529,US,CLT,1888
15,10,7,7,18,319,US,PIT,1912
-3,10,8,1,18,319,US,PIT,1911
-6,10,9,2,18,319,US,PIT,1910
-4,10,10,3,18,319,US,PIT,1909
4,10,11,4,18,319,US,PIT,1908
20,10,12,5,18,319,US,PIT,1907
1,10,13,6,18,319,US,PIT,1906
21,10,14,7,18,319,US,PIT,1905
-4,10,15,1,18,319,US,PIT,1904
-3,10,16,2,18,319,US,PIT,1903
7,10,17,3,18,319,US,PIT,1902
-6,10,18,4,18,319,US,PIT,1901
7,10,19,5,18,319,US,PIT,1900
11,10,20,6,18,319,US,PIT,1899
30,10,21,7,18,319,US,PIT,1898
13,10,22,1,18,319,US,PIT,1897
4,10,23,2,18,319,US,PIT,1896
6,10,24,3,18,319,US,PIT,1895
21,10,25,4,18,319,US,PIT,1894
24,10,26,5,18,319,US,PIT,1893
27,10,28,7,18,319,US,PIT,1891
2,10,29,1,18,319,US,PIT,1890
-4,10,30,2,18,319,US,PIT,1889
19,10,31,3,18,319,US,PIT,1888
-4,10,1,1,17,1008,NW,MSP,1918
-4,10,2,2,17,1008,NW,MSP,1917
-7,10,3,3,17,1008,NW,MSP,1916
25,10,4,4,17,1008,NW,MSP,1915
3,10,5,5,17,1008,NW,MSP,1914
-11,10,6,6,17,1008,NW,MSP,1913
-5,10,7,7,17,1008,NW,MSP,1912
23,10,8,1,17,1008,NW,MSP,1911
-3,10,9,2,17,1008,NW,MSP,1910
-1,10,10,3,17,1008,NW,MSP,1909
-1,10,11,4,17,1008,NW,MSP,1908
-6,10,12,5,17,1008,NW,MSP,1907
-4,10,13,6,17,1008,NW,MSP,1906
11,10,14,7,17,1008,NW,MSP,1905
-5,10,15,1,17,1008,NW,MSP,1904
28,10,16,2,17,1008,NW,MSP,1903
-2,10,17,3,17,1008,NW,MSP,1902
10,10,18,4,17,1008,NW,MSP,1901
13,10,19,5,17,1008,NW,MSP,1900
11,10,20,6,17,1008,NW,MSP,1899
-5,10,21,7,17,1008,NW,MSP,1898
-7,10,22,1,17,1008,NW,MSP,1897
-3,10,23,2,17,1008,NW,MSP,1896
-3,10,24,3,17,1008,NW,MSP,1895
12,10,25,4,17,1008,NW,MSP,1894
-2,10,26,5,17,1008,NW,MSP,1893
-11,10,27,6,17,1008,NW,MSP,1892
6,10,28,7,17,1008,NW,MSP,1891
-2,10,29,1,17,1008,NW,MSP,1890
-7,10,30,2,17,1008,NW,MSP,1889
-8,10,31,3,17,1008,NW,MSP,1888
-5,10,2,2,6,1008,NW,MSP,1917
-5,10,3,3,6,1008,NW,MSP,1916
-3,10,4,4,6,1008,NW,MSP,1915
-5,10,5,5,6,1008,NW,MSP,1914
-6,10,6,6,6,1008,NW,MSP,1913
-4,10,7,7,6,1008,NW,MSP,1912
-2,10,8,1,6,1008,NW,MSP,1911
-7,10,9,2,6,1008,NW,MSP,1910
-4,10,10,3,6,1008,NW,MSP,1909
-7,10,11,4,6,1008,NW,MSP,1908
-3,10,12,5,6,1008,NW,MSP,1907
0,10,13,6,6,1008,NW,MSP,1906
29,10,14,7,6,1008,NW,MSP,1905
-2,10,15,1,6,1008,NW,MSP,1904
-1,10,16,2,6,1008,NW,MSP,1903
22,10,17,3,6,1008,NW,MSP,1902
1,10,18,4,6,1008,NW,MSP,1901
-6,10,19,5,6,1008,NW,MSP,1900
-1,10,20,6,6,1008,NW,MSP,1899
0,10,21,7,6,1008,NW,MSP,1898
27,10,22,1,6,1008,NW,MSP,1897
-4,10,23,2,6,1008,NW,MSP,1896
-7,10,24,3,6,1008,NW,MSP,1895
-3,10,25,4,6,1008,NW,MSP,1894
-3,10,26,5,6,1008,NW,MSP,1893
233,10,27,6,6,1008,NW,MSP,1892
0,10,28,7,6,1008,NW,MSP,1891
15,10,29,1,6,1008,NW,MSP,1890
-2,10,30,2,6,1008,NW,MSP,1889
-7,10,31,3,6,1008,NW,MSP,1888
-5,10,1,1,13,1008,NW,MSP,1918
-5,10,2,2,13,1008,NW,MSP,1917
-8,10,3,3,13,1008,NW,MSP,1916
-5,10,4,4,13,1008,NW,MSP,1915
-3,10,5,5,13,1008,NW,MSP,1914
-2,10,6,6,13,1008,NW,MSP,1913
-4,10,7,7,13,1008,NW,MSP,1912
-5,10,8,1,13,1008,NW,MSP,1911
4,10,9,2,13,1008,NW,MSP,1910
-2,10,10,3,13,1008,NW,MSP,1909
5,10,11,4,13,1008,NW,MSP,1908
-3,10,12,5,13,1008,NW,MSP,1907
-2,10,13,6,13,1008,NW,MSP,1906
0,10,14,7,13,1008,NW,MSP,1905
-3,10,15,1,13,1008,NW,MSP,1904
-6,10,16,2,13,1008,NW,MSP,1903
-6,10,17,3,13,1008,NW,MSP,1902
-5,10,18,4,13,1008,NW,MSP,1901
0,10,19,5,13,1008,NW,MSP,1900
-4,10,20,6,13,1008,NW,MSP,1899
-3,10,21,7,13,1008,NW,MSP,1898
-5,10,22,1,13,1008,NW,MSP,1897
-1,10,23,2,13,1008,NW,MSP,1896
-5,10,24,3,13,1008,NW,MSP,1895
42,10,25,4,13,1008,NW,MSP,1894
-3,10,26,5,13,1008,NW,MSP,1893
-8,10,27,6,13,1008,NW,MSP,1892
-4,10,28,7,13,1008,NW,MSP,1891
38,10,29,1,13,1008,NW,MSP,1890
-4,10,30,2,13,1008,NW,MSP,1889
-8,10,31,3,13,1008,NW,MSP,1888
-1,10,1,1,9,1008,NW,MSP,1918
-2,10,2,2,9,1008,NW,MSP,1917
-9,10,3,3,9,1008,NW,MSP,1916
-7,10,4,4,9,1008,NW,MSP,1915
-7,10,5,5,9,1008,NW,MSP,1914
-7,10,6,6,9,1008,NW,MSP,1913
-4,10,8,1,9,1008,NW,MSP,1911
0,10,9,2,9,1008,NW,MSP,1910
-6,10,10,3,9,1008,NW,MSP,1909
-7,10,11,4,9,1008,NW,MSP,1908
-10,10,12,5,9,1008,NW,MSP,1907
11,10,13,6,9,1008,NW,MSP,1906
-3,10,15,1,9,1008,NW,MSP,1904
-9,10,16,2,9,1008,NW,MSP,1903
1,10,17,3,9,1008,NW,MSP,1902
-8,10,18,4,9,1008,NW,MSP,1901
-5,10,19,5,9,1008,NW,MSP,1900
4,10,20,6,9,1008,NW,MSP,1899
-1,10,22,1,9,1008,NW,MSP,1897
-5,10,24,3,9,1008,NW,MSP,1895
4,10,25,4,9,1008,NW,MSP,1894
712,10,26,5,9,1008,NW,MSP,1893
0,10,27,6,9,1008,NW,MSP,1892
-5,10,29,1,9,1008,NW,MSP,1890
-5,10,30,2,9,1008,NW,MSP,1889
-2,10,1,1,11,1008,NW,MSP,1918
-4,10,2,2,11,1008,NW,MSP,1917
-8,10,3,3,11,1008,NW,MSP,1916
-8,10,4,4,11,1008,NW,MSP,1915
-3,10,5,5,11,1008,NW,MSP,1914
-6,10,6,6,11,1008,NW,MSP,1913
-2,10,7,7,11,1008,NW,MSP,1912
-2,10,8,1,11,1008,NW,MSP,1911
21,10,9,2,11,1008,NW,MSP,1910
-3,10,10,3,11,1008,NW,MSP,1909
-8,10,11,4,11,1008,NW,MSP,1908
-6,10,12,5,11,1008,NW,MSP,1907
-3,10,13,6,11,1008,NW,MSP,1906
76,10,14,7,11,1008,NW,MSP,1905
-8,10,15,1,11,1008,NW,MSP,1904
-8,10,16,2,11,1008,NW,MSP,1903
-9,10,17,3,11,1008,NW,MSP,1902
-4,10,18,4,11,1008,NW,MSP,1901
-7,10,19,5,11,1008,NW,MSP,1900
-2,10,20,6,11,1008,NW,MSP,1899
-6,10,21,7,11,1008,NW,MSP,1898
-5,10,22,1,11,1008,NW,MSP,1897
-4,10,24,3,11,1008,NW,MSP,1895
-3,10,26,5,11,1008,NW,MSP,1893
-2,10,27,6,11,1008,NW,MSP,1892
-3,10,28,7,11,1008,NW,MSP,1891
-6,10,29,1,11,1008,NW,MSP,1890
-8,10,30,2,11,1008,NW,MSP,1889
-5,10,31,3,11,1008,NW,MSP,1888
-5,10,1,1,6,946,NW,MEM,1918
-6,10,2,2,6,946,NW,MEM,1917
-1,10,3,3,6,946,NW,MEM,1916
-6,10,5,5,6,946,NW,MEM,1914
-9,10,6,6,6,946,NW,MEM,1913
-7,10,9,2,6,946,NW,MEM,1910
-4,10,10,3,6,946,NW,MEM,1909
-4,10,11,4,6,946,NW,MEM,1908
-3,10,12,5,6,946,NW,MEM,1907
-1,10,13,6,6,946,NW,MEM,1906
0,10,15,1,6,946,NW,MEM,1904
-4,10,16,2,6,946,NW,MEM,1903
-6,10,17,3,6,946,NW,MEM,1902
-8,10,18,4,6,946,NW,MEM,1901
4,10,19,5,6,946,NW,MEM,1900
-10,10,20,6,6,946,NW,MEM,1899
16,10,22,1,6,946,NW,MEM,1897
-7,10,23,2,6,946,NW,MEM,1896
-5,10,24,3,6,946,NW,MEM,1895
-3,10,25,4,6,946,NW,MEM,1894
0,10,26,5,6,946,NW,MEM,1893
-4,10,27,6,6,946,NW,MEM,1892
9,10,29,1,6,946,NW,MEM,1890
-4,10,30,2,6,946,NW,MEM,1889
-2,10,31,3,6,946,NW,MEM,1888
-2,10,1,1,10,946,NW,MEM,1918
1,10,2,2,10,946,NW,MEM,1917
-9,10,3,3,10,946,NW,MEM,1916
-9,10,4,4,10,946,NW,MEM,1915
-9,10,5,5,10,946,NW,MEM,1914
-7,10,6,6,10,946,NW,MEM,1913
-1,10,7,7,10,946,NW,MEM,1912
-2,10,8,1,10,946,NW,MEM,1911
-2,10,9,2,10,946,NW,MEM,1910
-3,10,10,3,10,946,NW,MEM,1909
-4,10,11,4,10,946,NW,MEM,1908
-3,10,12,5,10,946,NW,MEM,1907
-7,10,13,6,10,946,NW,MEM,1906
-3,10,14,7,10,946,NW,MEM,1905
-4,10,15,1,10,946,NW,MEM,1904
-9,10,16,2,10,946,NW,MEM,1903
-3,10,17,3,10,946,NW,MEM,1902
-4,10,18,4,10,946,NW,MEM,1901
-4,10,19,5,10,946,NW,MEM,1900
-2,10,20,6,10,946,NW,MEM,1899
3,10,21,7,10,946,NW,MEM,1898
-2,10,22,1,10,946,NW,MEM,1897
-4,10,23,2,10,946,NW,MEM,1896
12,10,24,3,10,946,NW,MEM,1895
-5,10,25,4,10,946,NW,MEM,1894
22,10,26,5,10,946,NW,MEM,1893
-5,10,27,6,10,946,NW,MEM,1892
-2,10,28,7,10,946,NW,MEM,1891
-3,10,29,1,10,946,NW,MEM,1890
-1,10,30,2,10,946,NW,MEM,1889
-6,10,31,3,10,946,NW,MEM,1888
-4,10,1,1,14,946,NW,MEM,1918
-6,10,2,2,14,946,NW,MEM,1917
-2,10,3,3,14,946,NW,MEM,1916
-8,10,4,4,14,946,NW,MEM,1915
-7,10,5,5,14,946,NW,MEM,1914
-5,10,6,6,14,946,NW,MEM,1913
-5,10,7,7,14,946,NW,MEM,1912
-5,10,8,1,14,946,NW,MEM,1911
-3,10,9,2,14,946,NW,MEM,1910
-3,10,10,3,14,946,NW,MEM,1909
-6,10,11,4,14,946,NW,MEM,1908
-8,10,12,5,14,946,NW,MEM,1907
30,10,13,6,14,946,NW,MEM,1906
136,10,14,7,14,946,NW,MEM,1905
-3,10,15,1,14,946,NW,MEM,1904
-4,10,16,2,14,946,NW,MEM,1903
-4,10,17,3,14,946,NW,MEM,1902
-5,10,18,4,14,946,NW,MEM,1901
-6,10,19,5,14,946,NW,MEM,1900
-8,10,20,6,14,946,NW,MEM,1899
-4,10,21,7,14,946,NW,MEM,1898
-4,10,22,1,14,946,NW,MEM,1897
-2,10,23,2,14,946,NW,MEM,1896
-8,10,24,3,14,946,NW,MEM,1895
-1,10,25,4,14,946,NW,MEM,1894
-2,10,26,5,14,946,NW,MEM,1893
-9,10,27,6,14,946,NW,MEM,1892
-4,10,28,7,14,946,NW,MEM,1891
-2,10,29,1,14,946,NW,MEM,1890
-7,10,30,2,14,946,NW,MEM,1889
-3,10,31,3,14,946,NW,MEM,1888
-4,10,1,1,6,487,NW,DTW,1918
-6,10,2,2,6,487,NW,DTW,1917
-4,10,3,3,6,487,NW,DTW,1916
-4,10,4,4,6,487,NW,DTW,1915
-8,10,5,5,6,487,NW,DTW,1914
-6,10,6,6,6,487,NW,DTW,1913
-4,10,7,7,6,487,NW,DTW,1912
-4,10,8,1,6,487,NW,DTW,1911
0,10,9,2,6,487,NW,DTW,1910
-8,10,10,3,6,487,NW,DTW,1909
13,10,11,4,6,487,NW,DTW,1908
-2,10,12,5,6,487,NW,DTW,1907
47,10,13,6,6,487,NW,DTW,1906
6,10,14,7,6,487,NW,DTW,1905
-2,10,15,1,6,487,NW,DTW,1904
-4,10,16,2,6,487,NW,DTW,1903
-2,10,18,4,6,487,NW,DTW,1901
-4,10,19,5,6,487,NW,DTW,1900
-3,10,20,6,6,487,NW,DTW,1899
-1,10,21,7,6,487,NW,DTW,1898
7,10,22,1,6,487,NW,DTW,1897
33,10,23,2,6,487,NW,DTW,1896
-11,10,24,3,6,487,NW,DTW,1895
-5,10,25,4,6,487,NW,DTW,1894
0,10,26,5,6,487,NW,DTW,1893
0,10,27,6,6,487,NW,DTW,1892
6,10,28,7,6,487,NW,DTW,1891
23,10,29,1,6,487,NW,DTW,1890
-5,10,30,2,6,487,NW,DTW,1889
-7,10,31,3,6,487,NW,DTW,1888
-5,10,1,1,8,1008,NW,MSP,1918
-4,10,2,2,8,1008,NW,MSP,1917
-4,10,3,3,8,1008,NW,MSP,1916
-5,10,4,4,8,1008,NW,MSP,1915
-9,10,5,5,8,1008,NW,MSP,1914
-8,10,6,6,8,1008,NW,MSP,1913
8,10,7,7,8,1008,NW,MSP,1912
-8,10,8,1,8,1008,NW,MSP,1911
-3,10,9,2,8,1008,NW,MSP,1910
-8,10,10,3,8,1008,NW,MSP,1909
-1,10,11,4,8,1008,NW,MSP,1908
-5,10,12,5,8,1008,NW,MSP,1907
-4,10,13,6,8,1008,NW,MSP,1906
9,10,14,7,8,1008,NW,MSP,1905
-5,10,15,1,8,1008,NW,MSP,1904
-7,10,16,2,8,1008,NW,MSP,1903
7,10,17,3,8,1008,NW,MSP,1902
0,10,18,4,8,1008,NW,MSP,1901
-3,10,19,5,8,1008,NW,MSP,1900
-4,10,20,6,8,1008,NW,MSP,1899
-5,10,21,7,8,1008,NW,MSP,1898
-2,10,22,1,8,1008,NW,MSP,1897
-2,10,23,2,8,1008,NW,MSP,1896
-6,10,24,3,8,1008,NW,MSP,1895
0,10,25,4,8,1008,NW,MSP,1894
-7,10,26,5,8,1008,NW,MSP,1893
-3,10,27,6,8,1008,NW,MSP,1892
-6,10,28,7,8,1008,NW,MSP,1891
-2,10,29,1,8,1008,NW,MSP,1890
-4,10,30,2,8,1008,NW,MSP,1889
-1,10,31,3,8,1008,NW,MSP,1888
-12,10,1,1,19,872,TW,STL,1918
0,10,2,2,19,872,TW,STL,1917
-7,10,3,3,19,872,TW,STL,1916
8,10,4,4,19,872,TW,STL,1915
19,10,5,5,19,872,TW,STL,1914
4,10,6,6,19,872,TW,STL,1913
-1,10,7,7,19,872,TW,STL,1912
-8,10,8,1,19,872,TW,STL,1911
0,10,9,2,19,872,TW,STL,1910
-2,10,10,3,19,872,TW,STL,1909
-3,10,11,4,19,872,TW,STL,1908
62,10,12,5,19,872,TW,STL,1907
-3,10,13,6,19,872,TW,STL,1906
7,10,14,7,19,872,TW,STL,1905
42,10,15,1,19,872,TW,STL,1904
-2,10,16,2,19,872,TW,STL,1903
0,10,17,3,19,872,TW,STL,1902
-9,10,18,4,19,872,TW,STL,1901
-7,10,19,5,19,872,TW,STL,1900
-6,10,20,6,19,872,TW,STL,1899
64,10,21,7,19,872,TW,STL,1898
-1,10,22,1,19,872,TW,STL,1897
-8,10,23,2,19,872,TW,STL,1896
77,10,24,3,19,872,TW,STL,1895
-2,10,25,4,19,872,TW,STL,1894
-3,10,26,5,19,872,TW,STL,1893
21,10,27,6,19,872,TW,STL,1892
7,10,28,7,19,872,TW,STL,1891
3,10,29,1,19,872,TW,STL,1890
-5,10,30,2,19,872,TW,STL,1889
31,10,31,3,19,872,TW,STL,1888
0,10,1,1,17,872,TW,STL,1918
3,10,2,2,17,872,TW,STL,1917
-7,10,3,3,17,872,TW,STL,1916
-5,10,4,4,17,872,TW,STL,1915
-2,10,5,5,17,872,TW,STL,1914
-1,10,7,7,17,872,TW,STL,1912
-1,10,8,1,17,872,TW,STL,1911
-7,10,9,2,17,872,TW,STL,1910
0,10,10,3,17,872,TW,STL,1909
23,10,11,4,17,872,TW,STL,1908
7,10,12,5,17,872,TW,STL,1907
0,10,13,6,17,872,TW,STL,1906
6,10,14,7,17,872,TW,STL,1905
-2,10,15,1,17,872,TW,STL,1904
0,10,16,2,17,872,TW,STL,1903
-5,10,17,3,17,872,TW,STL,1902
-9,10,18,4,17,872,TW,STL,1901
-1,10,19,5,17,872,TW,STL,1900
-5,10,20,6,17,872,TW,STL,1899
9,10,21,7,17,872,TW,STL,1898
-8,10,22,1,17,872,TW,STL,1897
-4,10,23,2,17,872,TW,STL,1896
77,10,24,3,17,872,TW,STL,1895
19,10,25,4,17,872,TW,STL,1894
-4,10,26,5,17,872,TW,STL,1893
-3,10,27,6,17,872,TW,STL,1892
-7,10,28,7,17,872,TW,STL,1891
28,10,29,1,17,872,TW,STL,1890
-7,10,30,2,17,872,TW,STL,1889
-14,10,31,3,17,872,TW,STL,1888
-5,10,1,1,8,872,TW,STL,1918
-4,10,2,2,8,872,TW,STL,1917
-2,10,3,3,8,872,TW,STL,1916
0,10,4,4,8,872,TW,STL,1915
-2,10,5,5,8,872,TW,STL,1914
-3,10,6,6,8,872,TW,STL,1913
-3,10,7,7,8,872,TW,STL,1912
-3,10,8,1,8,872,TW,STL,1911
-2,10,9,2,8,872,TW,STL,1910
112,10,10,3,8,872,TW,STL,1909
-8,10,11,4,8,872,TW,STL,1908
-1,10,12,5,8,872,TW,STL,1907
18,10,13,6,8,872,TW,STL,1906
0,10,14,7,8,872,TW,STL,1905
-1,10,15,1,8,872,TW,STL,1904
-5,10,16,2,8,872,TW,STL,1903
-5,10,17,3,8,872,TW,STL,1902
-3,10,18,4,8,872,TW,STL,1901
-1,10,19,5,8,872,TW,STL,1900
-5,10,20,6,8,872,TW,STL,1899
-2,10,21,7,8,872,TW,STL,1898
2,10,22,1,8,872,TW,STL,1897
-6,10,23,2,8,872,TW,STL,1896
-4,10,24,3,8,872,TW,STL,1895
-4,10,25,4,8,872,TW,STL,1894
-4,10,26,5,8,872,TW,STL,1893
-6,10,27,6,8,872,TW,STL,1892
28,10,28,7,8,872,TW,STL,1891
0,10,29,1,8,872,TW,STL,1890
-2,10,30,2,8,872,TW,STL,1889
-3,10,31,3,8,872,TW,STL,1888
0,10,1,1,14,872,TW,STL,1918
-4,10,2,2,14,872,TW,STL,1917
-5,10,3,3,14,872,TW,STL,1916
-6,10,4,4,14,872,TW,STL,1915
1,10,5,5,14,872,TW,STL,1914
-2,10,6,6,14,872,TW,STL,1913
6,10,7,7,14,872,TW,STL,1912
-1,10,8,1,14,872,TW,STL,1911
-3,10,9,2,14,872,TW,STL,1910
-2,10,10,3,14,872,TW,STL,1909
10,10,11,4,14,872,TW,STL,1908
114,10,12,5,14,872,TW,STL,1907
7,10,13,6,14,872,TW,STL,1906
11,10,14,7,14,872,TW,STL,1905
-4,10,15,1,14,872,TW,STL,1904
144,10,16,2,14,872,TW,STL,1903
-4,10,17,3,14,872,TW,STL,1902
4,10,18,4,14,872,TW,STL,1901
123,10,19,5,14,872,TW,STL,1900
-1,10,20,6,14,872,TW,STL,1899
-6,10,21,7,14,872,TW,STL,1898
-3,10,22,1,14,872,TW,STL,1897
-6,10,23,2,14,872,TW,STL,1896
-3,10,24,3,14,872,TW,STL,1895
-5,10,25,4,14,872,TW,STL,1894
-4,10,26,5,14,872,TW,STL,1893
-7,10,27,6,14,872,TW,STL,1892
-3,10,28,7,14,872,TW,STL,1891
-5,10,29,1,14,872,TW,STL,1890
-8,10,30,2,14,872,TW,STL,1889
3,10,31,3,14,872,TW,STL,1888
-5,10,1,1,11,872,TW,STL,1918
-3,10,2,2,11,872,TW,STL,1917
-5,10,3,3,11,872,TW,STL,1916
10,10,4,4,11,872,TW,STL,1915
-4,10,5,5,11,872,TW,STL,1914
-1,10,6,6,11,872,TW,STL,1913
0,10,7,7,11,872,TW,STL,1912
-2,10,8,1,11,872,TW,STL,1911
-4,10,9,2,11,872,TW,STL,1910
11,10,11,4,11,872,TW,STL,1908
17,10,12,5,11,872,TW,STL,1907
30,10,13,6,11,872,TW,STL,1906
1,10,14,7,11,872,TW,STL,1905
3,10,15,1,11,872,TW,STL,1904
4,10,16,2,11,872,TW,STL,1903
12,10,17,3,11,872,TW,STL,1902
-7,10,18,4,11,872,TW,STL,1901
-5,10,19,5,11,872,TW,STL,1900
-3,10,20,6,11,872,TW,STL,1899
-3,10,21,7,11,872,TW,STL,1898
-2,10,22,1,11,872,TW,STL,1897
67,10,23,2,11,872,TW,STL,1896
-3,10,24,3,11,872,TW,STL,1895
-6,10,25,4,11,872,TW,STL,1894
2,10,26,5,11,872,TW,STL,1893
-2,10,27,6,11,872,TW,STL,1892
-1,10,28,7,11,872,TW,STL,1891
6,10,29,1,11,872,TW,STL,1890
-4,10,30,2,11,872,TW,STL,1889
-5,10,31,3,11,872,TW,STL,1888
-4,10,1,1,6,872,TW,STL,1918
-6,10,2,2,6,872,TW,STL,1917
-6,10,3,3,6,872,TW,STL,1916
-3,10,4,4,6,872,TW,STL,1915
-4,10,5,5,6,872,TW,STL,1914
-4,10,6,6,6,872,TW,STL,1913
-4,10,7,7,6,872,TW,STL,1912
15,10,8,1,6,872,TW,STL,1911
-6,10,9,2,6,872,TW,STL,1910
-1,10,10,3,6,872,TW,STL,1909
-4,10,11,4,6,872,TW,STL,1908
-6,10,12,5,6,872,TW,STL,1907
-4,10,13,6,6,872,TW,STL,1906
-2,10,14,7,6,872,TW,STL,1905
-5,10,15,1,6,872,TW,STL,1904
-3,10,16,2,6,872,TW,STL,1903
-5,10,17,3,6,872,TW,STL,1902
-6,10,18,4,6,872,TW,STL,1901
-4,10,19,5,6,872,TW,STL,1900
-4,10,20,6,6,872,TW,STL,1899
-4,10,21,7,6,872,TW,STL,1898
-1,10,22,1,6,872,TW,STL,1897
-6,10,23,2,6,872,TW,STL,1896
-1,10,24,3,6,872,TW,STL,1895
-2,10,25,4,6,872,TW,STL,1894
1,10,26,5,6,872,TW,STL,1893
-6,10,27,6,6,872,TW,STL,1892
-2,10,28,7,6,872,TW,STL,1891
-2,10,29,1,6,872,TW,STL,1890
-6,10,30,2,6,872,TW,STL,1889
-3,10,31,3,6,872,TW,STL,1888
-1,10,1,1,11,1605,UA,DEN,1918
8,10,2,2,11,1605,UA,DEN,1917
-3,10,3,3,11,1605,UA,DEN,1916
8,10,4,4,11,1605,UA,DEN,1915
-4,10,5,5,11,1605,UA,DEN,1914
-5,10,6,6,11,1605,UA,DEN,1913
81,10,7,7,11,1605,UA,DEN,1912
20,10,8,1,11,1605,UA,DEN,1911
15,10,9,2,11,1605,UA,DEN,1910
4,10,10,3,11,1605,UA,DEN,1909
20,10,11,4,11,1605,UA,DEN,1908
12,10,12,5,11,1605,UA,DEN,1907
9,10,13,6,11,1605,UA,DEN,1906
9,10,14,7,11,1605,UA,DEN,1905
18,10,15,1,11,1605,UA,DEN,1904
2,10,16,2,11,1605,UA,DEN,1903
4,10,17,3,11,1605,UA,DEN,1902
7,10,18,4,11,1605,UA,DEN,1901
4,10,19,5,11,1605,UA,DEN,1900
7,10,20,6,11,1605,UA,DEN,1899
10,10,21,7,11,1605,UA,DEN,1898
-1,10,22,1,11,1605,UA,DEN,1897
-2,10,23,2,11,1605,UA,DEN,1896
-1,10,24,3,11,1605,UA,DEN,1895
4,10,25,4,11,1605,UA,DEN,1894
0,10,26,5,11,1605,UA,DEN,1893
43,10,27,6,11,1605,UA,DEN,1892
1,10,28,7,11,1605,UA,DEN,1891
2,10,29,1,11,1605,UA,DEN,1890
-6,10,30,2,11,1605,UA,DEN,1889
5,10,31,3,8,2454,UA,LAX,1888
20,10,1,1,14,2565,UA,SFO,1918
0,10,2,2,14,2565,UA,SFO,1917
10,10,3,3,14,2565,UA,SFO,1916
1,10,4,4,14,2565,UA,SFO,1915
0,10,5,5,14,2565,UA,SFO,1914
-1,10,6,6,14,2565,UA,SFO,1913
12,10,7,7,14,2565,UA,SFO,1912
12,10,8,1,14,2565,UA,SFO,1911
4,10,9,2,14,2565,UA,SFO,1910
12,10,10,3,14,2565,UA,SFO,1909
9,10,11,4,14,2565,UA,SFO,1908
3,10,12,5,14,2565,UA,SFO,1907
11,10,13,6,14,2565,UA,SFO,1906
16,10,14,7,14,2565,UA,SFO,1905
28,10,15,1,14,2565,UA,SFO,1904
2,10,16,2,14,2565,UA,SFO,1903
9,10,17,3,14,2565,UA,SFO,1902
0,10,18,4,14,2565,UA,SFO,1901
6,10,19,5,14,2565,UA,SFO,1900
3,10,20,6,14,2565,UA,SFO,1899
6,10,21,7,14,2565,UA,SFO,1898
0,10,22,1,14,2565,UA,SFO,1897
-3,10,23,2,14,2565,UA,SFO,1896
-1,10,24,3,14,2565,UA,SFO,1895
3,10,25,4,14,2565,UA,SFO,1894
29,10,26,5,14,2565,UA,SFO,1893
-3,10,27,6,14,2565,UA,SFO,1892
7,10,28,7,14,2565,UA,SFO,1891
-2,10,29,1,14,2565,UA,SFO,1890
30,10,30,2,14,2565,UA,SFO,1889
-3,10,1,1,17,2565,UA,SFO,1918
5,10,2,2,17,2565,UA,SFO,1917
3,10,3,3,17,2565,UA,SFO,1916
3,10,4,4,17,2565,UA,SFO,1915
4,10,5,5,17,2565,UA,SFO,1914
-1,10,6,6,17,2565,UA,SFO,1913
6,10,7,7,17,2565,UA,SFO,1912
10,10,8,1,17,2565,UA,SFO,1911
9,10,9,2,17,2565,UA,SFO,1910
10,10,10,3,17,2565,UA,SFO,1909
7,10,11,4,17,2565,UA,SFO,1908
10,10,12,5,17,2565,UA,SFO,1907
12,10,13,6,17,2565,UA,SFO,1906
28,10,14,7,17,2565,UA,SFO,1905
4,10,15,1,17,2565,UA,SFO,1904
4,10,16,2,17,2565,UA,SFO,1903
12,10,17,3,17,2565,UA,SFO,1902
2,10,18,4,17,2565,UA,SFO,1901
12,10,19,5,17,2565,UA,SFO,1900
1,10,20,6,17,2565,UA,SFO,1899
14,10,21,7,17,2565,UA,SFO,1898
3,10,22,1,17,2565,UA,SFO,1897
1,10,23,2,17,2565,UA,SFO,1896
18,10,24,3,17,2565,UA,SFO,1895
0,10,25,4,17,2565,UA,SFO,1894
25,10,26,5,17,2565,UA,SFO,1893
-1,10,27,6,17,2565,UA,SFO,1892
7,10,28,7,17,2565,UA,SFO,1891
13,10,29,1,17,2565,UA,SFO,1890
-3,10,30,2,17,2565,UA,SFO,1889
-1,10,31,3,18,2565,UA,SFO,1888
-1,10,1,1,8,2565,UA,SFO,1918
1,10,2,2,8,2565,UA,SFO,1917
-1,10,3,3,8,2565,UA,SFO,1916
-2,10,4,4,8,2565,UA,SFO,1915
-2,10,5,5,8,2565,UA,SFO,1914
86,10,6,6,8,2565,UA,SFO,1913
-4,10,7,7,8,2565,UA,SFO,1912
40,10,8,1,8,2565,UA,SFO,1911
4,10,9,2,8,2565,UA,SFO,1910
-2,10,10,3,8,2565,UA,SFO,1909
2,10,11,4,8,2565,UA,SFO,1908
5,10,12,5,8,2565,UA,SFO,1907
-1,10,13,6,8,2565,UA,SFO,1906
3,10,14,7,8,2565,UA,SFO,1905
11,10,15,1,8,2565,UA,SFO,1904
-3,10,16,2,8,2565,UA,SFO,1903
7,10,17,3,8,2565,UA,SFO,1902
9,10,18,4,8,2565,UA,SFO,1901
17,10,19,5,8,2565,UA,SFO,1900
3,10,20,6,8,2565,UA,SFO,1899
11,10,21,7,8,2565,UA,SFO,1898
4,10,22,1,8,2565,UA,SFO,1897
-2,10,23,2,8,2565,UA,SFO,1896
0,10,24,3,8,2565,UA,SFO,1895
6,10,25,4,8,2565,UA,SFO,1894
-1,10,26,5,8,2565,UA,SFO,1893
4,10,27,6,8,2565,UA,SFO,1892
8,10,28,7,8,2565,UA,SFO,1891
3,10,29,1,8,2565,UA,SFO,1890
140,10,30,2,8,2565,UA,SFO,1889
3,10,1,1,7,2454,UA,LAX,1918
2,10,2,2,7,2454,UA,LAX,1917
-1,10,3,3,7,2454,UA,LAX,1916
-2,10,4,4,7,2454,UA,LAX,1915
0,10,5,5,7,2454,UA,LAX,1914
16,10,6,6,7,2454,UA,LAX,1913
4,10,7,7,7,2454,UA,LAX,1912
13,10,8,1,7,2454,UA,LAX,1911
-2,10,9,2,7,2454,UA,LAX,1910
2,10,10,3,7,2454,UA,LAX,1909
-3,10,11,4,7,2454,UA,LAX,1908
-2,10,12,5,7,2454,UA,LAX,1907
-2,10,13,6,7,2454,UA,LAX,1906
2,10,14,7,7,2454,UA,LAX,1905
18,10,15,1,7,2454,UA,LAX,1904
-3,10,16,2,7,2454,UA,LAX,1903
3,10,17,3,7,2454,UA,LAX,1902
-1,10,18,4,7,2454,UA,LAX,1901
-6,10,19,5,7,2454,UA,LAX,1900
-1,10,20,6,7,2454,UA,LAX,1899
-2,10,21,7,7,2454,UA,LAX,1898
-3,10,22,1,7,2454,UA,LAX,1897
-1,10,23,2,7,2454,UA,LAX,1896
-2,10,24,3,7,2454,UA,LAX,1895
6,10,25,4,7,2454,UA,LAX,1894
1,10,27,6,7,2454,UA,LAX,1892
0,10,28,7,7,2454,UA,LAX,1891
16,10,29,1,7,2454,UA,LAX,1890
-5,10,30,2,7,2454,UA,LAX,1889
27,10,1,1,18,2454,UA,LAX,1918
10,10,2,2,18,2454,UA,LAX,1917
0,10,3,3,18,2454,UA,LAX,1916
2,10,4,4,18,2454,UA,LAX,1915
28,10,5,5,18,2454,UA,LAX,1914
-2,10,6,6,18,2454,UA,LAX,1913
13,10,7,7,18,2454,UA,LAX,1912
13,10,8,1,18,2454,UA,LAX,1911
1,10,9,2,18,2454,UA,LAX,1910
-2,10,10,3,18,2454,UA,LAX,1909
0,10,11,4,18,2454,UA,LAX,1908
5,10,12,5,18,2454,UA,LAX,1907
11,10,13,6,18,2454,UA,LAX,1906
31,10,14,7,18,2454,UA,LAX,1905
14,10,15,1,18,2454,UA,LAX,1904
131,10,16,2,18,2454,UA,LAX,1903
4,10,17,3,18,2454,UA,LAX,1902
4,10,18,4,18,2454,UA,LAX,1901
6,10,19,5,18,2454,UA,LAX,1900
0,10,20,6,18,2454,UA,LAX,1899
7,10,21,7,18,2454,UA,LAX,1898
2,10,22,1,18,2454,UA,LAX,1897
-1,10,23,2,18,2454,UA,LAX,1896
-2,10,24,3,18,2454,UA,LAX,1895
7,10,25,4,18,2454,UA,LAX,1894
22,10,26,5,18,2454,UA,LAX,1893
-4,10,27,6,18,2454,UA,LAX,1892
22,10,28,7,18,2454,UA,LAX,1891
-1,10,29,1,18,2454,UA,LAX,1890
0,10,30,2,18,2454,UA,LAX,1889
1,10,31,3,18,2454,UA,LAX,1888
39,10,1,1,15,2454,UA,LAX,1918
-1,10,2,2,15,2454,UA,LAX,1917
0,10,3,3,15,2454,UA,LAX,1916
2,10,4,4,15,2454,UA,LAX,1915
16,10,5,5,15,2454,UA,LAX,1914
-4,10,6,6,15,2454,UA,LAX,1913
19,10,7,7,15,2454,UA,LAX,1912
25,10,8,1,15,2454,UA,LAX,1911
6,10,9,2,15,2454,UA,LAX,1910
4,10,10,3,15,2454,UA,LAX,1909
42,10,11,4,15,2454,UA,LAX,1908
-1,10,12,5,15,2454,UA,LAX,1907
26,10,13,6,15,2454,UA,LAX,1906
45,10,14,7,15,2454,UA,LAX,1905
29,10,15,1,15,2454,UA,LAX,1904
2,10,16,2,15,2454,UA,LAX,1903
-3,10,17,3,15,2454,UA,LAX,1902
-5,10,18,4,15,2454,UA,LAX,1901
7,10,19,5,15,2454,UA,LAX,1900
6,10,20,6,15,2454,UA,LAX,1899
18,10,21,7,15,2454,UA,LAX,1898
0,10,22,1,15,2454,UA,LAX,1897
-2,10,23,2,15,2454,UA,LAX,1896
108,10,24,3,15,2454,UA,LAX,1895
52,10,25,4,15,2454,UA,LAX,1894
0,10,26,5,15,2454,UA,LAX,1893
11,10,27,6,15,2454,UA,LAX,1892
-2,10,28,7,15,2454,UA,LAX,1891
4,10,29,1,15,2454,UA,LAX,1890
8,10,30,2,15,2454,UA,LAX,1889
1,10,31,3,11,2565,UA,SFO,1888
-4,10,31,3,11,1605,UA,DEN,1888
-1,10,31,3,16,1605,UA,DEN,1888
-2,10,1,1,8,1605,UA,DEN,1918
1,10,2,2,8,1605,UA,DEN,1917
-4,10,3,3,8,1605,UA,DEN,1916
31,10,4,4,8,1605,UA,DEN,1915
-7,10,5,5,8,1605,UA,DEN,1914
6,10,6,6,8,1605,UA,DEN,1913
-3,10,7,7,8,1605,UA,DEN,1912
51,10,8,1,8,1605,UA,DEN,1911
3,10,9,2,8,1605,UA,DEN,1910
2,10,10,3,8,1605,UA,DEN,1909
4,10,11,4,8,1605,UA,DEN,1908
11,10,12,5,8,1605,UA,DEN,1907
62,10,13,6,8,1605,UA,DEN,1906
-3,10,14,7,8,1605,UA,DEN,1905
43,10,15,1,8,1605,UA,DEN,1904
-5,10,16,2,8,1605,UA,DEN,1903
7,10,17,3,8,1605,UA,DEN,1902
2,10,18,4,8,1605,UA,DEN,1901
-5,10,19,5,8,1605,UA,DEN,1900
0,10,20,6,8,1605,UA,DEN,1899
-1,10,21,7,8,1605,UA,DEN,1898
27,10,22,1,8,1605,UA,DEN,1897
-2,10,23,2,8,1605,UA,DEN,1896
-7,10,24,3,8,1605,UA,DEN,1895
1,10,25,4,8,1605,UA,DEN,1894
1,10,26,5,8,1605,UA,DEN,1893
-5,10,27,6,8,1605,UA,DEN,1892
0,10,28,7,8,1605,UA,DEN,1891
4,10,29,1,8,1605,UA,DEN,1890
-1,10,30,2,8,1605,UA,DEN,1889
2,10,1,1,18,1605,UA,DEN,1918
0,10,2,2,18,1605,UA,DEN,1917
-1,10,3,3,18,1605,UA,DEN,1916
13,10,4,4,18,1605,UA,DEN,1915
2,10,5,5,18,1605,UA,DEN,1914
0,10,6,6,18,1605,UA,DEN,1913
-2,10,7,7,18,1605,UA,DEN,1912
3,10,8,1,18,1605,UA,DEN,1911
-3,10,9,2,18,1605,UA,DEN,1910
3,10,10,3,18,1605,UA,DEN,1909
-4,10,11,4,18,1605,UA,DEN,1908
1,10,12,5,18,1605,UA,DEN,1907
-2,10,13,6,18,1605,UA,DEN,1906
6,10,14,7,18,1605,UA,DEN,1905
6,10,15,1,18,1605,UA,DEN,1904
17,10,16,2,18,1605,UA,DEN,1903
-2,10,17,3,18,1605,UA,DEN,1902
4,10,18,4,18,1605,UA,DEN,1901
4,10,19,5,18,1605,UA,DEN,1900
-1,10,20,6,18,1605,UA,DEN,1899
-2,10,21,7,18,1605,UA,DEN,1898
0,10,22,1,18,1605,UA,DEN,1897
-3,10,23,2,18,1605,UA,DEN,1896
39,10,24,3,18,1605,UA,DEN,1895
1,10,25,4,18,1605,UA,DEN,1894
2,10,26,5,18,1605,UA,DEN,1893
0,10,27,6,18,1605,UA,DEN,1892
-2,10,28,7,18,1605,UA,DEN,1891
0,10,29,1,18,1605,UA,DEN,1890
16,10,30,2,18,1605,UA,DEN,1889
1,10,1,1,6,719,UA,ORD,1918
-1,10,2,2,6,719,UA,ORD,1917
-1,10,3,3,6,719,UA,ORD,1916
-3,10,4,4,6,719,UA,ORD,1915
-1,10,5,5,6,719,UA,ORD,1914
7,10,6,6,6,719,UA,ORD,1913
-3,10,7,7,6,719,UA,ORD,1912
62,10,8,1,6,719,UA,ORD,1911
4,10,9,2,6,719,UA,ORD,1910
17,10,10,3,6,719,UA,ORD,1909
19,10,11,4,6,719,UA,ORD,1908
1,10,12,5,6,719,UA,ORD,1907
1,10,14,7,6,719,UA,ORD,1905
5,10,15,1,6,719,UA,ORD,1904
-4,10,16,2,6,719,UA,ORD,1903
-2,10,17,3,6,719,UA,ORD,1902
-3,10,18,4,6,719,UA,ORD,1901
-3,10,19,5,6,719,UA,ORD,1900
-2,10,20,6,6,719,UA,ORD,1899
-1,10,21,7,6,719,UA,ORD,1898
3,10,22,1,6,719,UA,ORD,1897
5,10,23,2,6,719,UA,ORD,1896
0,10,24,3,6,719,UA,ORD,1895
2,10,25,4,6,719,UA,ORD,1894
3,10,26,5,6,719,UA,ORD,1893
1,10,27,6,6,719,UA,ORD,1892
-2,10,28,7,6,719,UA,ORD,1891
1,10,29,1,6,719,UA,ORD,1890
-2,10,30,2,6,719,UA,ORD,1889
-1,10,31,3,6,719,UA,ORD,1888
-4,10,1,1,7,719,UA,ORD,1918
-2,10,2,2,7,719,UA,ORD,1917
-3,10,3,3,7,719,UA,ORD,1916
-5,10,4,4,7,719,UA,ORD,1915
-3,10,5,5,7,719,UA,ORD,1914
-5,10,6,6,7,719,UA,ORD,1913
-2,10,7,7,7,719,UA,ORD,1912
45,10,8,1,7,719,UA,ORD,1911
0,10,9,2,7,719,UA,ORD,1910
4,10,10,3,7,719,UA,ORD,1909
-1,10,11,4,7,719,UA,ORD,1908
2,10,12,5,7,719,UA,ORD,1907
0,10,13,6,7,719,UA,ORD,1906
5,10,15,1,7,719,UA,ORD,1904
-6,10,16,2,7,719,UA,ORD,1903
-6,10,17,3,7,719,UA,ORD,1902
-3,10,18,4,7,719,UA,ORD,1901
-4,10,19,5,7,719,UA,ORD,1900
-4,10,20,6,7,719,UA,ORD,1899
39,10,21,7,7,719,UA,ORD,1898
-3,10,22,1,7,719,UA,ORD,1897
8,10,23,2,7,719,UA,ORD,1896
-5,10,24,3,7,719,UA,ORD,1895
29,10,25,4,7,719,UA,ORD,1894
-5,10,26,5,7,719,UA,ORD,1893
3,10,27,6,7,719,UA,ORD,1892
-3,10,28,7,7,719,UA,ORD,1891
3,10,29,1,7,719,UA,ORD,1890
-1,10,30,2,7,719,UA,ORD,1889
1,10,31,3,7,719,UA,ORD,1888
-2,10,31,3,8,719,UA,ORD,1888
-5,10,1,1,9,719,UA,ORD,1918
-3,10,2,2,9,719,UA,ORD,1917
1,10,3,3,9,719,UA,ORD,1916
-4,10,4,4,9,719,UA,ORD,1915
-5,10,5,5,9,719,UA,ORD,1914
0,10,6,6,9,719,UA,ORD,1913
5,10,7,7,9,719,UA,ORD,1912
23,10,8,1,9,719,UA,ORD,1911
6,10,9,2,9,719,UA,ORD,1910
4,10,10,3,9,719,UA,ORD,1909
-2,10,11,4,9,719,UA,ORD,1908
9,10,12,5,9,719,UA,ORD,1907
13,10,13,6,9,719,UA,ORD,1906
-3,10,14,7,9,719,UA,ORD,1905
11,10,15,1,9,719,UA,ORD,1904
28,10,16,2,9,719,UA,ORD,1903
2,10,17,3,9,719,UA,ORD,1902
8,10,18,4,9,719,UA,ORD,1901
0,10,19,5,9,719,UA,ORD,1900
-1,10,20,6,9,719,UA,ORD,1899
-5,10,21,7,9,719,UA,ORD,1898
-3,10,22,1,9,719,UA,ORD,1897
0,10,23,2,9,719,UA,ORD,1896
148,10,24,3,9,719,UA,ORD,1895
0,10,25,4,9,719,UA,ORD,1894
-4,10,26,5,9,719,UA,ORD,1893
-1,10,27,6,9,719,UA,ORD,1892
-3,10,28,7,9,719,UA,ORD,1891
-1,10,29,1,9,719,UA,ORD,1890
2,10,30,2,9,719,UA,ORD,1889
22,10,31,3,10,719,UA,ORD,1888
-1,10,1,1,11,719,UA,ORD,1918
-3,10,3,3,11,719,UA,ORD,1916
-3,10,4,4,11,719,UA,ORD,1915
13,10,5,5,11,719,UA,ORD,1914
-1,10,6,6,11,719,UA,ORD,1913
-1,10,7,7,11,719,UA,ORD,1912
4,10,8,1,11,719,UA,ORD,1911
12,10,9,2,11,719,UA,ORD,1910
-5,10,10,3,11,719,UA,ORD,1909
-6,10,11,4,11,719,UA,ORD,1908
6,10,12,5,11,719,UA,ORD,1907
0,10,13,6,11,719,UA,ORD,1906
1,10,14,7,11,719,UA,ORD,1905
-6,10,15,1,11,719,UA,ORD,1904
-8,10,16,2,11,719,UA,ORD,1903
-3,10,17,3,11,719,UA,ORD,1902
-7,10,18,4,11,719,UA,ORD,1901
1,10,19,5,11,719,UA,ORD,1900
19,10,20,6,11,719,UA,ORD,1899
0,10,21,7,11,719,UA,ORD,1898
-2,10,22,1,11,719,UA,ORD,1897
-1,10,23,2,11,719,UA,ORD,1896
56,10,24,3,11,719,UA,ORD,1895
12,10,26,5,11,719,UA,ORD,1893
-3,10,27,6,11,719,UA,ORD,1892
6,10,28,7,11,719,UA,ORD,1891
-4,10,29,1,11,719,UA,ORD,1890
-4,10,30,2,11,719,UA,ORD,1889
-2,10,1,1,12,719,UA,ORD,1918
0,10,2,2,12,719,UA,ORD,1917
0,10,3,3,12,719,UA,ORD,1916
2,10,4,4,12,719,UA,ORD,1915
-5,10,5,5,12,719,UA,ORD,1914
1,10,8,1,12,719,UA,ORD,1911
6,10,9,2,12,719,UA,ORD,1910
2,10,10,3,12,719,UA,ORD,1909
-1,10,11,4,12,719,UA,ORD,1908
-4,10,12,5,12,719,UA,ORD,1907
-1,10,15,1,12,719,UA,ORD,1904
4,10,16,2,12,719,UA,ORD,1903
-5,10,17,3,12,719,UA,ORD,1902
-4,10,18,4,12,719,UA,ORD,1901
5,10,19,5,12,719,UA,ORD,1900
-7,10,22,1,12,719,UA,ORD,1897
-4,10,23,2,12,719,UA,ORD,1896
91,10,24,3,12,719,UA,ORD,1895
32,10,25,4,12,719,UA,ORD,1894
31,10,26,5,12,719,UA,ORD,1893
-6,10,29,1,12,719,UA,ORD,1890
-2,10,30,2,12,719,UA,ORD,1889
-5,10,31,3,12,719,UA,ORD,1888
-5,10,1,1,13,719,UA,ORD,1918
-1,10,2,2,13,719,UA,ORD,1917
-4,10,3,3,13,719,UA,ORD,1916
-9,10,4,4,13,719,UA,ORD,1915
-1,10,5,5,13,719,UA,ORD,1914
-6,10,6,6,13,719,UA,ORD,1913
9,10,7,7,13,719,UA,ORD,1912
0,10,8,1,13,719,UA,ORD,1911
7,10,9,2,13,719,UA,ORD,1910
-2,10,10,3,13,719,UA,ORD,1909
-2,10,11,4,13,719,UA,ORD,1908
-2,10,12,5,13,719,UA,ORD,1907
-5,10,13,6,13,719,UA,ORD,1906
1,10,14,7,13,719,UA,ORD,1905
32,10,15,1,13,719,UA,ORD,1904
-6,10,16,2,13,719,UA,ORD,1903
0,10,17,3,13,719,UA,ORD,1902
-7,10,18,4,13,719,UA,ORD,1901
47,10,19,5,13,719,UA,ORD,1900
-1,10,20,6,13,719,UA,ORD,1899
-3,10,21,7,13,719,UA,ORD,1898
-2,10,22,1,13,719,UA,ORD,1897
-2,10,23,2,13,719,UA,ORD,1896
67,10,24,3,13,719,UA,ORD,1895
66,10,25,4,13,719,UA,ORD,1894
1,10,26,5,13,719,UA,ORD,1893
-4,10,27,6,13,719,UA,ORD,1892
-3,10,28,7,13,719,UA,ORD,1891
5,10,29,1,13,719,UA,ORD,1890
-4,10,30,2,13,719,UA,ORD,1889
0,10,1,1,16,719,UA,ORD,1918
-3,10,2,2,16,719,UA,ORD,1917
2,10,3,3,16,719,UA,ORD,1916
7,10,4,4,16,719,UA,ORD,1915
-2,10,5,5,16,719,UA,ORD,1914
-1,10,6,6,16,719,UA,ORD,1913
25,10,7,7,16,719,UA,ORD,1912
38,10,8,1,16,719,UA,ORD,1911
6,10,9,2,16,719,UA,ORD,1910
-4,10,10,3,16,719,UA,ORD,1909
5,10,11,4,16,719,UA,ORD,1908
5,10,12,5,16,719,UA,ORD,1907
201,10,13,6,16,719,UA,ORD,1906
15,10,14,7,16,719,UA,ORD,1905
13,10,16,2,16,719,UA,ORD,1903
-2,10,17,3,16,719,UA,ORD,1902
1,10,18,4,16,719,UA,ORD,1901
6,10,19,5,16,719,UA,ORD,1900
37,10,20,6,16,719,UA,ORD,1899
7,10,21,7,16,719,UA,ORD,1898
8,10,23,2,16,719,UA,ORD,1896
276,10,24,3,16,719,UA,ORD,1895
14,10,25,4,16,719,UA,ORD,1894
1,10,26,5,16,719,UA,ORD,1893
-1,10,27,6,16,719,UA,ORD,1892
4,10,28,7,16,719,UA,ORD,1891
8,10,29,1,16,719,UA,ORD,1890
-4,10,31,3,16,719,UA,ORD,1888
2,10,1,1,17,719,UA,ORD,1918
0,10,2,2,17,719,UA,ORD,1917
0,10,3,3,17,719,UA,ORD,1916
-1,10,4,4,17,719,UA,ORD,1915
0,10,5,5,17,719,UA,ORD,1914
2,10,7,7,17,719,UA,ORD,1912
-3,10,8,1,17,719,UA,ORD,1911
4,10,9,2,17,719,UA,ORD,1910
6,10,10,3,17,719,UA,ORD,1909
4,10,11,4,17,719,UA,ORD,1908
-5,10,12,5,17,719,UA,ORD,1907
29,10,14,7,17,719,UA,ORD,1905
17,10,15,1,17,719,UA,ORD,1904
18,10,16,2,17,719,UA,ORD,1903
2,10,17,3,17,719,UA,ORD,1902
34,10,18,4,17,719,UA,ORD,1901
6,10,19,5,17,719,UA,ORD,1900
10,10,21,7,17,719,UA,ORD,1898
32,10,22,1,17,719,UA,ORD,1897
-2,10,23,2,17,719,UA,ORD,1896
33,10,24,3,17,719,UA,ORD,1895
44,10,25,4,17,719,UA,ORD,1894
13,10,26,5,17,719,UA,ORD,1893
16,10,28,7,17,719,UA,ORD,1891
-1,10,29,1,17,719,UA,ORD,1890
6,10,30,2,17,719,UA,ORD,1889
-2,10,31,3,17,719,UA,ORD,1888
10,10,1,1,18,719,UA,ORD,1918
-1,10,2,2,18,719,UA,ORD,1917
-5,10,3,3,18,719,UA,ORD,1916
0,10,4,4,18,719,UA,ORD,1915
36,10,5,5,18,719,UA,ORD,1914
-2,10,6,6,18,719,UA,ORD,1913
0,10,7,7,18,719,UA,ORD,1912
0,10,8,1,18,719,UA,ORD,1911
-1,10,9,2,18,719,UA,ORD,1910
-3,10,10,3,18,719,UA,ORD,1909
-2,10,11,4,18,719,UA,ORD,1908
-4,10,12,5,18,719,UA,ORD,1907
12,10,13,6,18,719,UA,ORD,1906
30,10,14,7,18,719,UA,ORD,1905
10,10,15,1,18,719,UA,ORD,1904
-6,10,16,2,18,719,UA,ORD,1903
-5,10,17,3,18,719,UA,ORD,1902
30,10,18,4,18,719,UA,ORD,1901
-3,10,19,5,18,719,UA,ORD,1900
-3,10,20,6,18,719,UA,ORD,1899
49,10,21,7,18,719,UA,ORD,1898
61,10,22,1,18,719,UA,ORD,1897
-2,10,23,2,18,719,UA,ORD,1896
103,10,24,3,18,719,UA,ORD,1895
39,10,25,4,18,719,UA,ORD,1894
1,10,26,5,18,719,UA,ORD,1893
-4,10,27,6,18,719,UA,ORD,1892
0,10,28,7,18,719,UA,ORD,1891
-5,10,29,1,18,719,UA,ORD,1890
10,10,30,2,18,719,UA,ORD,1889
-7,10,31,3,18,719,UA,ORD,1888
-1,10,1,1,17,1605,UA,DEN,1918
-1,10,2,2,17,1605,UA,DEN,1917
-4,10,3,3,17,1605,UA,DEN,1916
-2,10,4,4,17,1605,UA,DEN,1915
-1,10,5,5,17,1605,UA,DEN,1914
-3,10,6,6,17,1605,UA,DEN,1913
-1,10,7,7,17,1605,UA,DEN,1912
46,10,8,1,17,1605,UA,DEN,1911
14,10,9,2,17,1605,UA,DEN,1910
39,10,10,3,17,1605,UA,DEN,1909
16,10,11,4,17,1605,UA,DEN,1908
-2,10,12,5,17,1605,UA,DEN,1907
17,10,13,6,17,1605,UA,DEN,1906
5,10,14,7,17,1605,UA,DEN,1905
12,10,15,1,17,1605,UA,DEN,1904
0,10,16,2,17,1605,UA,DEN,1903
10,10,17,3,17,1605,UA,DEN,1902
1,10,18,4,17,1605,UA,DEN,1901
33,10,19,5,17,1605,UA,DEN,1900
-2,10,20,6,17,1605,UA,DEN,1899
-1,10,21,7,17,1605,UA,DEN,1898
-3,10,22,1,17,1605,UA,DEN,1897
-3,10,23,2,17,1605,UA,DEN,1896
-2,10,24,3,17,1605,UA,DEN,1895
20,10,25,4,17,1605,UA,DEN,1894
88,10,26,5,17,1605,UA,DEN,1893
-7,10,27,6,17,1605,UA,DEN,1892
-4,10,28,7,17,1605,UA,DEN,1891
-4,10,29,1,17,1605,UA,DEN,1890
-3,10,30,2,17,1605,UA,DEN,1889
-3,10,31,3,9,719,UA,ORD,1888
0,10,1,1,15,1605,UA,DEN,1918
2,10,2,2,15,1605,UA,DEN,1917
-1,10,3,3,15,1605,UA,DEN,1916
-4,10,4,4,15,1605,UA,DEN,1915
-3,10,5,5,15,1605,UA,DEN,1914
1,10,6,6,15,1605,UA,DEN,1913
3,10,7,7,15,1605,UA,DEN,1912
23,10,8,1,15,1605,UA,DEN,1911
10,10,9,2,15,1605,UA,DEN,1910
4,10,10,3,15,1605,UA,DEN,1909
0,10,11,4,15,1605,UA,DEN,1908
15,10,12,5,15,1605,UA,DEN,1907
11,10,13,6,15,1605,UA,DEN,1906
35,10,14,7,15,1605,UA,DEN,1905
4,10,15,1,15,1605,UA,DEN,1904
-3,10,16,2,15,1605,UA,DEN,1903
8,10,17,3,15,1605,UA,DEN,1902
-3,10,18,4,15,1605,UA,DEN,1901
5,10,20,6,15,1605,UA,DEN,1899
41,10,21,7,15,1605,UA,DEN,1898
26,10,22,1,15,1605,UA,DEN,1897
-5,10,23,2,15,1605,UA,DEN,1896
36,10,24,3,15,1605,UA,DEN,1895
288,10,25,4,15,1605,UA,DEN,1894
2,10,26,5,15,1605,UA,DEN,1893
-1,10,27,6,15,1605,UA,DEN,1892
-1,10,28,7,15,1605,UA,DEN,1891
5,10,29,1,15,1605,UA,DEN,1890
-1,10,30,2,15,1605,UA,DEN,1889
-1,10,1,1,15,719,UA,ORD,1918
13,10,2,2,15,719,UA,ORD,1917
-5,10,3,3,15,719,UA,ORD,1916
-3,10,4,4,15,719,UA,ORD,1915
-2,10,5,5,15,719,UA,ORD,1914
0,10,7,7,15,719,UA,ORD,1912
-4,10,8,1,15,719,UA,ORD,1911
4,10,9,2,15,719,UA,ORD,1910
4,10,10,3,15,719,UA,ORD,1909
78,10,11,4,15,719,UA,ORD,1908
0,10,12,5,15,719,UA,ORD,1907
18,10,14,7,15,719,UA,ORD,1905
34,10,15,1,15,719,UA,ORD,1904
-3,10,16,2,15,719,UA,ORD,1903
0,10,17,3,15,719,UA,ORD,1902
2,10,18,4,15,719,UA,ORD,1901
12,10,19,5,15,719,UA,ORD,1900
8,10,21,7,15,719,UA,ORD,1898
-3,10,22,1,15,719,UA,ORD,1897
0,10,23,2,15,719,UA,ORD,1896
98,10,24,3,15,719,UA,ORD,1895
-1,10,25,4,15,719,UA,ORD,1894
0,10,26,5,15,719,UA,ORD,1893
0,10,28,7,15,719,UA,ORD,1891
5,10,29,1,15,719,UA,ORD,1890
11,10,31,3,9,1605,UA,DEN,1888
13,10,31,3,13,1605,UA,DEN,1888
2,10,1,1,16,529,US,CLT,1918
-6,10,2,2,16,529,US,CLT,1917
0,10,3,3,16,529,US,CLT,1916
-5,10,4,4,16,529,US,CLT,1915
1,10,5,5,16,529,US,CLT,1914
-1,10,6,6,16,529,US,CLT,1913
-6,10,8,1,16,529,US,CLT,1911
-7,10,9,2,16,529,US,CLT,1910
2,10,10,3,16,529,US,CLT,1909
29,10,11,4,16,529,US,CLT,1908
0,10,12,5,16,529,US,CLT,1907
29,10,13,6,16,529,US,CLT,1906
54,10,14,7,16,529,US,CLT,1905
12,10,15,1,16,529,US,CLT,1904
7,10,16,2,16,529,US,CLT,1903
1,10,17,3,16,529,US,CLT,1902
4,10,18,4,16,529,US,CLT,1901
0,10,19,5,16,529,US,CLT,1900
-4,10,20,6,16,529,US,CLT,1899
2,10,21,7,16,529,US,CLT,1898
-4,10,22,1,16,529,US,CLT,1897
2,10,23,2,16,529,US,CLT,1896
16,10,24,3,16,529,US,CLT,1895
6,10,25,4,16,529,US,CLT,1894
16,10,26,5,16,529,US,CLT,1893
42,10,27,6,16,529,US,CLT,1892
7,10,28,7,16,529,US,CLT,1891
-4,10,29,1,16,529,US,CLT,1890
-2,10,30,2,16,529,US,CLT,1889
-4,10,31,3,16,529,US,CLT,1888
-4,10,1,1,15,319,US,PIT,1918
-5,10,2,2,15,319,US,PIT,1917
-4,10,3,3,15,319,US,PIT,1916
0,10,4,4,15,319,US,PIT,1915
-7,10,5,5,15,319,US,PIT,1914
-3,10,6,6,15,319,US,PIT,1913
-5,10,1,1,7,319,US,PIT,1918
-4,10,2,2,7,319,US,PIT,1917
11,10,3,3,7,319,US,PIT,1916
-3,10,4,4,7,319,US,PIT,1915
-3,10,5,5,7,319,US,PIT,1914
-2,10,6,6,7,319,US,PIT,1913
-3,10,7,7,7,319,US,PIT,1912
-7,10,9,2,7,319,US,PIT,1910
-6,10,10,3,7,319,US,PIT,1909
-5,10,11,4,7,319,US,PIT,1908
-7,10,12,5,7,319,US,PIT,1907
8,10,13,6,7,319,US,PIT,1906
-1,10,14,7,7,319,US,PIT,1905
13,10,15,1,7,319,US,PIT,1904
-2,10,16,2,7,319,US,PIT,1903
1,10,17,3,7,319,US,PIT,1902
-3,10,18,4,7,319,US,PIT,1901
-3,10,19,5,7,319,US,PIT,1900
-7,10,20,6,7,319,US,PIT,1899
11,10,21,7,7,319,US,PIT,1898
263,10,22,1,7,319,US,PIT,1897
-4,10,23,2,7,319,US,PIT,1896
-8,10,24,3,7,319,US,PIT,1895
-5,10,25,4,7,319,US,PIT,1894
3,10,26,5,7,319,US,PIT,1893
2,10,27,6,7,319,US,PIT,1892
2,10,28,7,7,319,US,PIT,1891
18,10,29,1,7,319,US,PIT,1890
-5,10,30,2,7,319,US,PIT,1889
-7,10,31,3,7,319,US,PIT,1888
-1,10,1,1,14,319,US,PIT,1918
-5,10,2,2,14,319,US,PIT,1917
-3,10,3,3,14,319,US,PIT,1916
10,10,4,4,14,319,US,PIT,1915
-2,10,5,5,14,319,US,PIT,1914
-4,10,7,7,14,319,US,PIT,1912
-5,10,8,1,14,319,US,PIT,1911
-4,10,9,2,14,319,US,PIT,1910
4,10,10,3,14,319,US,PIT,1909
17,10,1,1,6,569,DL,CVG,1918
-3,10,2,2,6,569,DL,CVG,1917
1,10,3,3,6,569,DL,CVG,1916
4,10,4,4,6,569,DL,CVG,1915
10,10,5,5,6,569,DL,CVG,1914
9,10,6,6,6,569,DL,CVG,1913
6,10,7,7,6,569,DL,CVG,1912
2,10,8,1,6,569,DL,CVG,1911
-2,10,9,2,6,569,DL,CVG,1910
-3,10,10,3,6,569,DL,CVG,1909
4,10,11,4,6,569,DL,CVG,1908
10,10,12,5,6,569,DL,CVG,1907
-3,10,13,6,6,569,DL,CVG,1906
4,10,14,7,6,569,DL,CVG,1905
8,10,15,1,6,569,DL,CVG,1904
-2,10,16,2,6,569,DL,CVG,1903
-5,10,17,3,6,569,DL,CVG,1902
-2,10,18,4,6,569,DL,CVG,1901
5,10,19,5,6,569,DL,CVG,1900
-4,10,20,6,6,569,DL,CVG,1899
2,10,21,7,6,569,DL,CVG,1898
-6,10,22,1,6,569,DL,CVG,1897
0,10,23,2,6,569,DL,CVG,1896
2,10,24,3,6,569,DL,CVG,1895
-2,10,25,4,6,569,DL,CVG,1894
1,10,26,5,6,569,DL,CVG,1893
3,10,27,6,6,569,DL,CVG,1892
-4,10,28,7,6,569,DL,CVG,1891
9,10,29,1,6,569,DL,CVG,1890
-1,10,30,2,6,569,DL,CVG,1889
7,10,31,3,6,569,DL,CVG,1888
4,10,1,1,17,569,DL,CVG,1918
-2,10,2,2,17,569,DL,CVG,1917
0,10,3,3,17,569,DL,CVG,1916
-3,10,4,4,17,569,DL,CVG,1915
9,10,5,5,17,569,DL,CVG,1914
-5,10,6,6,17,569,DL,CVG,1913
10,10,7,7,17,569,DL,CVG,1912
1,10,1,1,16,745,DL,ATL,1918
-4,10,2,2,16,745,DL,ATL,1917
0,10,3,3,16,745,DL,ATL,1916
7,10,4,4,16,745,DL,ATL,1915
2,10,5,5,16,745,DL,ATL,1914
-5,10,6,6,16,745,DL,ATL,1913
6,10,7,7,16,745,DL,ATL,1912
5,10,8,1,16,745,DL,ATL,1911
26,10,9,2,16,745,DL,ATL,1910
8,10,10,3,16,745,DL,ATL,1909
13,10,11,4,16,745,DL,ATL,1908
-2,10,12,5,16,745,DL,ATL,1907
20,10,13,6,16,745,DL,ATL,1906
11,10,14,7,16,745,DL,ATL,1905
22,10,15,1,16,745,DL,ATL,1904
2,10,16,2,16,745,DL,ATL,1903
0,10,17,3,16,745,DL,ATL,1902
2,10,18,4,16,745,DL,ATL,1901
0,10,19,5,16,745,DL,ATL,1900
1,10,20,6,16,745,DL,ATL,1899
7,10,21,7,16,745,DL,ATL,1898
12,10,22,1,16,745,DL,ATL,1897
21,10,23,2,16,745,DL,ATL,1896
2,10,24,3,16,745,DL,ATL,1895
54,10,25,4,16,745,DL,ATL,1894
-3,10,26,5,16,745,DL,ATL,1893
-6,10,27,6,16,745,DL,ATL,1892
16,10,28,7,16,745,DL,ATL,1891
0,10,29,1,16,745,DL,ATL,1890
-1,10,30,2,16,745,DL,ATL,1889
-6,10,31,3,16,745,DL,ATL,1888
2,10,1,1,15,745,DL,ATL,1918
-2,10,2,2,15,745,DL,ATL,1917
3,10,3,3,15,745,DL,ATL,1916
8,10,4,4,15,745,DL,ATL,1915
3,10,5,5,15,745,DL,ATL,1914
1,10,8,1,15,745,DL,ATL,1911
5,10,9,2,15,745,DL,ATL,1910
10,10,10,3,15,745,DL,ATL,1909
8,10,11,4,15,745,DL,ATL,1908
14,10,12,5,15,745,DL,ATL,1907
46,10,15,1,15,745,DL,ATL,1904
4,10,16,2,15,745,DL,ATL,1903
0,10,17,3,15,745,DL,ATL,1902
-2,10,18,4,15,745,DL,ATL,1901
19,10,19,5,15,745,DL,ATL,1900
40,10,22,1,15,745,DL,ATL,1897
8,10,23,2,15,745,DL,ATL,1896
3,10,24,3,15,745,DL,ATL,1895
-3,10,25,4,15,745,DL,ATL,1894
18,10,26,5,15,745,DL,ATL,1893
9,10,29,1,15,745,DL,ATL,1890
3,10,30,2,15,745,DL,ATL,1889
-2,10,31,3,15,745,DL,ATL,1888
-2,10,2,2,6,745,DL,ATL,1917
-4,10,3,3,6,745,DL,ATL,1916
1,10,4,4,6,745,DL,ATL,1915
4,10,5,5,6,745,DL,ATL,1914
4,10,6,6,6,745,DL,ATL,1913
-4,10,7,7,6,745,DL,ATL,1912
18,10,8,1,6,745,DL,ATL,1911
-5,10,9,2,6,745,DL,ATL,1910
-3,10,10,3,6,745,DL,ATL,1909
0,10,11,4,6,745,DL,ATL,1908
8,10,12,5,6,745,DL,ATL,1907
0,10,13,6,6,745,DL,ATL,1906
0,10,14,7,6,745,DL,ATL,1905
9,10,15,1,6,745,DL,ATL,1904
-5,10,16,2,6,745,DL,ATL,1903
-3,10,17,3,6,745,DL,ATL,1902
-4,10,18,4,6,745,DL,ATL,1901
13,10,19,5,6,745,DL,ATL,1900
-2,10,20,6,6,745,DL,ATL,1899
3,10,21,7,6,745,DL,ATL,1898
51,10,22,1,6,745,DL,ATL,1897
-5,10,23,2,6,745,DL,ATL,1896
-2,10,24,3,6,745,DL,ATL,1895
-2,10,25,4,6,745,DL,ATL,1894
7,10,26,5,6,745,DL,ATL,1893
3,10,27,6,6,745,DL,ATL,1892
6,10,28,7,6,745,DL,ATL,1891
14,10,29,1,6,745,DL,ATL,1890
-1,10,30,2,6,745,DL,ATL,1889
3,10,31,3,6,745,DL,ATL,1888
-5,10,8,1,17,569,DL,CVG,1911
2,10,9,2,17,569,DL,CVG,1910
-2,10,10,3,17,569,DL,CVG,1909
-4,10,11,4,17,569,DL,CVG,1908
24,10,12,5,17,569,DL,CVG,1907
-8,10,13,6,17,569,DL,CVG,1906
23,10,14,7,17,569,DL,CVG,1905
-5,10,15,1,17,569,DL,CVG,1904
0,10,16,2,17,569,DL,CVG,1903
2,10,17,3,17,569,DL,CVG,1902
2,10,18,4,17,569,DL,CVG,1901
19,10,19,5,17,569,DL,CVG,1900
-7,10,20,6,17,569,DL,CVG,1899
-4,10,21,7,17,569,DL,CVG,1898
0,10,22,1,17,569,DL,CVG,1897
0,10,23,2,17,569,DL,CVG,1896
14,10,24,3,17,569,DL,CVG,1895
8,10,25,4,17,569,DL,CVG,1894
7,10,26,5,17,569,DL,CVG,1893
-6,10,27,6,17,569,DL,CVG,1892
6,10,28,7,17,569,DL,CVG,1891
2,10,29,1,17,569,DL,CVG,1890
0,10,30,2,17,569,DL,CVG,1889
-9,10,31,3,17,569,DL,CVG,1888
8,10,1,1,17,1968,DL,SLC,1918
-3,10,2,2,17,1968,DL,SLC,1917
-3,10,3,3,17,1968,DL,SLC,1916
2,10,4,4,17,1968,DL,SLC,1915
45,10,5,5,17,1968,DL,SLC,1914
-2,10,6,6,17,1968,DL,SLC,1913
-1,10,7,7,17,1968,DL,SLC,1912
11,10,8,1,17,1968,DL,SLC,1911
13,10,9,2,17,1968,DL,SLC,1910
-3,10,10,3,17,1968,DL,SLC,1909
-4,10,11,4,17,1968,DL,SLC,1908
-4,10,12,5,17,1968,DL,SLC,1907
12,10,13,6,17,1968,DL,SLC,1906
20,10,14,7,17,1968,DL,SLC,1905
-2,10,15,1,17,1968,DL,SLC,1904
16,10,16,2,17,1968,DL,SLC,1903
-3,10,17,3,17,1968,DL,SLC,1902
-6,10,18,4,17,1968,DL,SLC,1901
-3,10,19,5,17,1968,DL,SLC,1900
-2,10,20,6,17,1968,DL,SLC,1899
5,10,21,7,17,1968,DL,SLC,1898
-4,10,22,1,17,1968,DL,SLC,1897
14,10,23,2,17,1968,DL,SLC,1896
-3,10,24,3,17,1968,DL,SLC,1895
-1,10,25,4,17,1968,DL,SLC,1894
15,10,26,5,17,1968,DL,SLC,1893
-4,10,27,6,17,1968,DL,SLC,1892
35,10,28,7,17,1968,DL,SLC,1891
-2,10,29,1,17,1968,DL,SLC,1890
-7,10,30,2,17,1968,DL,SLC,1889
-3,10,31,3,17,1968,DL,SLC,1888
27,10,1,1,12,745,DL,ATL,1918
21,10,2,2,12,745,DL,ATL,1917
15,10,3,3,12,745,DL,ATL,1916
28,10,4,4,12,745,DL,ATL,1915
0,10,5,5,12,745,DL,ATL,1914
8,10,6,6,12,745,DL,ATL,1913
28,10,7,7,12,745,DL,ATL,1912
7,10,8,1,12,745,DL,ATL,1911
23,10,9,2,12,745,DL,ATL,1910
30,10,10,3,12,745,DL,ATL,1909
11,10,11,4,12,745,DL,ATL,1908
23,10,12,5,12,745,DL,ATL,1907
15,10,13,6,12,745,DL,ATL,1906
-6,10,14,7,12,745,DL,ATL,1905
1,10,15,1,12,745,DL,ATL,1904
13,10,16,2,12,745,DL,ATL,1903
9,10,17,3,12,745,DL,ATL,1902
0,10,18,4,12,745,DL,ATL,1901
1,10,19,5,12,745,DL,ATL,1900
5,10,20,6,12,745,DL,ATL,1899
3,10,21,7,12,745,DL,ATL,1898
1,10,22,1,12,745,DL,ATL,1897
5,10,23,2,12,745,DL,ATL,1896
14,10,24,3,12,745,DL,ATL,1895
1,10,25,4,12,745,DL,ATL,1894
-5,10,26,5,12,745,DL,ATL,1893
0,10,27,6,12,745,DL,ATL,1892
21,10,28,7,12,745,DL,ATL,1891
9,10,29,1,12,745,DL,ATL,1890
7,10,30,2,12,745,DL,ATL,1889
-1,10,31,3,12,745,DL,ATL,1888
0,10,1,1,18,745,DL,ATL,1918
4,10,2,2,18,745,DL,ATL,1917
-1,10,3,3,18,745,DL,ATL,1916
2,10,4,4,18,745,DL,ATL,1915
32,10,5,5,18,745,DL,ATL,1914
-5,10,6,6,18,745,DL,ATL,1913
29,10,7,7,18,745,DL,ATL,1912
23,10,8,1,18,745,DL,ATL,1911
3,10,9,2,18,745,DL,ATL,1910
0,10,10,3,18,745,DL,ATL,1909
1,10,11,4,18,745,DL,ATL,1908
12,10,12,5,18,745,DL,ATL,1907
9,10,13,6,18,745,DL,ATL,1906
56,10,14,7,18,745,DL,ATL,1905
51,10,15,1,18,745,DL,ATL,1904
-2,10,16,2,18,745,DL,ATL,1903
63,10,17,3,18,745,DL,ATL,1902
13,10,18,4,18,745,DL,ATL,1901
14,10,19,5,18,745,DL,ATL,1900
2,10,20,6,18,745,DL,ATL,1899
17,10,21,7,18,745,DL,ATL,1898
-3,10,22,1,18,745,DL,ATL,1897
14,10,23,2,18,745,DL,ATL,1896
1,10,24,3,18,745,DL,ATL,1895
17,10,25,4,18,745,DL,ATL,1894
32,10,26,5,18,745,DL,ATL,1893
11,10,27,6,18,745,DL,ATL,1892
19,10,28,7,18,745,DL,ATL,1891
16,10,29,1,18,745,DL,ATL,1890
5,10,30,2,18,745,DL,ATL,1889
2,10,31,3,18,745,DL,ATL,1888
2,10,1,1,7,1968,DL,SLC,1918
8,10,2,2,7,1968,DL,SLC,1917
1,10,3,3,7,1968,DL,SLC,1916
2,10,4,4,7,1968,DL,SLC,1915
-5,10,5,5,7,1968,DL,SLC,1914
-6,10,6,6,7,1968,DL,SLC,1913
2,10,7,7,7,1968,DL,SLC,1912
1,10,8,1,7,1968,DL,SLC,1911
-2,10,9,2,7,1968,DL,SLC,1910
-1,10,10,3,7,1968,DL,SLC,1909
6,10,11,4,7,1968,DL,SLC,1908
8,10,12,5,7,1968,DL,SLC,1907
-8,10,13,6,7,1968,DL,SLC,1906
2,10,14,7,7,1968,DL,SLC,1905
2,10,15,1,7,1968,DL,SLC,1904
0,10,16,2,7,1968,DL,SLC,1903
-2,10,17,3,7,1968,DL,SLC,1902
-3,10,18,4,7,1968,DL,SLC,1901
0,10,19,5,7,1968,DL,SLC,1900
-6,10,20,6,7,1968,DL,SLC,1899
0,10,21,7,7,1968,DL,SLC,1898
-2,10,22,1,7,1968,DL,SLC,1897
-1,10,23,2,7,1968,DL,SLC,1896
1,10,24,3,7,1968,DL,SLC,1895
-10,10,25,4,7,1968,DL,SLC,1894
-4,10,26,5,7,1968,DL,SLC,1893
-6,10,27,6,7,1968,DL,SLC,1892
1,10,28,7,7,1968,DL,SLC,1891
2,10,29,1,7,1968,DL,SLC,1890
-4,10,30,2,7,1968,DL,SLC,1889
0,10,31,3,7,1968,DL,SLC,1888
5,10,1,1,14,938,DL,MCO,1918
4,10,2,2,14,938,DL,MCO,1917
10,10,3,3,14,938,DL,MCO,1916
7,10,4,4,14,938,DL,MCO,1915
2,10,5,5,14,938,DL,MCO,1914
4,10,6,6,14,938,DL,MCO,1913
8,10,7,7,14,938,DL,MCO,1912
25,10,8,1,14,938,DL,MCO,1911
14,10,9,2,14,938,DL,MCO,1910
3,10,10,3,14,938,DL,MCO,1909
-1,10,11,4,14,938,DL,MCO,1908
8,10,12,5,14,938,DL,MCO,1907
10,10,13,6,14,938,DL,MCO,1906
7,10,14,7,14,938,DL,MCO,1905
-6,10,15,1,14,938,DL,MCO,1904
4,10,16,2,14,938,DL,MCO,1903
-1,10,17,3,14,938,DL,MCO,1902
7,10,18,4,14,938,DL,MCO,1901
2,10,19,5,14,938,DL,MCO,1900
9,10,20,6,14,938,DL,MCO,1899
-5,10,21,7,14,938,DL,MCO,1898
-4,10,22,1,14,938,DL,MCO,1897
6,10,23,2,14,938,DL,MCO,1896
-5,10,24,3,14,938,DL,MCO,1895
1,10,25,4,14,938,DL,MCO,1894
1,10,26,5,14,938,DL,MCO,1893
-4,10,27,6,14,938,DL,MCO,1892
13,10,28,7,14,938,DL,MCO,1891
-7,10,29,1,14,938,DL,MCO,1890
-7,10,30,2,14,938,DL,MCO,1889
-5,10,31,3,14,938,DL,MCO,1888
-5,10,1,1,17,938,DL,MCO,1918
-4,10,2,2,17,938,DL,MCO,1917
-2,10,3,3,17,938,DL,MCO,1916
15,10,4,4,17,938,DL,MCO,1915
1,10,5,5,17,938,DL,MCO,1914
225,10,6,6,17,938,DL,MCO,1913
8,10,7,7,17,938,DL,MCO,1912
-3,10,8,1,17,938,DL,MCO,1911
-6,10,9,2,17,938,DL,MCO,1910
-6,10,10,3,17,938,DL,MCO,1909
20,10,11,4,17,938,DL,MCO,1908
8,10,12,5,17,938,DL,MCO,1907
11,10,13,6,17,938,DL,MCO,1906
16,10,14,7,17,938,DL,MCO,1905
-5,10,15,1,17,938,DL,MCO,1904
-8,10,16,2,17,938,DL,MCO,1903
22,10,17,3,17,938,DL,MCO,1902
3,10,18,4,17,938,DL,MCO,1901
4,10,19,5,17,938,DL,MCO,1900
-4,10,20,6,17,938,DL,MCO,1899
5,10,21,7,17,938,DL,MCO,1898
-13,10,22,1,17,938,DL,MCO,1897
-2,10,23,2,17,938,DL,MCO,1896
22,10,24,3,17,938,DL,MCO,1895
1,10,25,4,17,938,DL,MCO,1894
79,10,26,5,17,938,DL,MCO,1893
11,10,27,6,17,938,DL,MCO,1892
0,10,28,7,17,938,DL,MCO,1891
5,10,29,1,17,938,DL,MCO,1890
12,10,30,2,17,938,DL,MCO,1889
-4,10,31,3,17,938,DL,MCO,1888
7,10,1,1,7,938,DL,MCO,1918
1,10,2,2,7,938,DL,MCO,1917
-2,10,3,3,7,938,DL,MCO,1916
-2,10,4,4,7,938,DL,MCO,1915
2,10,5,5,7,938,DL,MCO,1914
10,10,6,6,7,938,DL,MCO,1913
15,10,7,7,7,938,DL,MCO,1912
8,10,8,1,7,938,DL,MCO,1911
13,10,9,2,7,938,DL,MCO,1910
2,10,10,3,7,938,DL,MCO,1909
0,10,11,4,7,938,DL,MCO,1908
12,10,12,5,7,938,DL,MCO,1907
-2,10,13,6,7,938,DL,MCO,1906
0,10,14,7,7,938,DL,MCO,1905
2,10,15,1,7,938,DL,MCO,1904
4,10,16,2,7,938,DL,MCO,1903
-4,10,17,3,7,938,DL,MCO,1902
6,10,18,4,7,938,DL,MCO,1901
0,10,19,5,7,938,DL,MCO,1900
-1,10,20,6,7,938,DL,MCO,1899
17,10,21,7,7,938,DL,MCO,1898
4,10,22,1,7,938,DL,MCO,1897
2,10,23,2,7,938,DL,MCO,1896
-6,10,24,3,7,938,DL,MCO,1895
0,10,25,4,7,938,DL,MCO,1894
-4,10,26,5,7,938,DL,MCO,1893
-1,10,27,6,7,938,DL,MCO,1892
-1,10,28,7,7,938,DL,MCO,1891
11,10,29,1,7,938,DL,MCO,1890
-5,10,31,3,7,938,DL,MCO,1888
45,10,1,1,9,2133,HP,PHX,1918
-5,10,2,2,9,2133,HP,PHX,1917
2,10,3,3,9,2133,HP,PHX,1916
10,10,4,4,9,2133,HP,PHX,1915
6,10,5,5,9,2133,HP,PHX,1914
0,10,6,6,9,2133,HP,PHX,1913
0,10,7,7,9,2133,HP,PHX,1912
0,10,8,1,9,2133,HP,PHX,1911
0,10,9,2,9,2133,HP,PHX,1910
-2,10,10,3,9,2133,HP,PHX,1909
4,10,11,4,9,2133,HP,PHX,1908
33,10,12,5,9,2133,HP,PHX,1907
38,10,13,6,9,2133,HP,PHX,1906
26,10,14,7,9,2133,HP,PHX,1905
9,10,15,1,9,2133,HP,PHX,1904
0,10,16,2,9,2133,HP,PHX,1903
-2,10,17,3,9,2133,HP,PHX,1902
-1,10,18,4,9,2133,HP,PHX,1901
2,10,19,5,9,2133,HP,PHX,1900
6,10,20,6,9,2133,HP,PHX,1899
0,10,21,7,9,2133,HP,PHX,1898
0,10,22,1,9,2133,HP,PHX,1897
0,10,23,2,9,2133,HP,PHX,1896
0,10,24,3,9,2133,HP,PHX,1895
-1,10,25,4,9,2133,HP,PHX,1894
6,10,26,5,9,2133,HP,PHX,1893
0,10,27,6,9,2133,HP,PHX,1892
0,10,28,7,9,2133,HP,PHX,1891
-2,10,29,1,9,2133,HP,PHX,1890
19,10,30,2,9,2133,HP,PHX,1889
13,10,31,3,9,2133,HP,PHX,1888
8,10,1,1,11,2227,HP,LAS,1918
10,10,2,2,11,2227,HP,LAS,1917
-5,10,3,3,11,2227,HP,LAS,1916
0,10,4,4,11,2227,HP,LAS,1915
12,10,5,5,11,2227,HP,LAS,1914
-1,10,6,6,11,2227,HP,LAS,1913
-1,10,7,7,11,2227,HP,LAS,1912
3,10,8,1,11,2227,HP,LAS,1911
-2,10,9,2,11,2227,HP,LAS,1910
6,10,10,3,11,2227,HP,LAS,1909
5,10,11,4,11,2227,HP,LAS,1908
27,10,12,5,11,2227,HP,LAS,1907
5,10,13,6,11,2227,HP,LAS,1906
43,10,14,7,11,2227,HP,LAS,1905
17,10,15,1,11,2227,HP,LAS,1904
1,10,16,2,11,2227,HP,LAS,1903
-3,10,17,3,11,2227,HP,LAS,1902
-2,10,18,4,11,2227,HP,LAS,1901
50,10,19,5,11,2227,HP,LAS,1900
8,10,20,6,11,2227,HP,LAS,1899
4,10,21,7,11,2227,HP,LAS,1898
0,10,22,1,11,2227,HP,LAS,1897
16,10,23,2,11,2227,HP,LAS,1896
5,10,24,3,11,2227,HP,LAS,1895
9,10,25,4,11,2227,HP,LAS,1894
27,10,26,5,11,2227,HP,LAS,1893
6,10,27,6,11,2227,HP,LAS,1892
-1,10,28,7,8,2227,HP,LAS,1891
-4,10,29,1,8,2227,HP,LAS,1890
54,10,30,2,8,2227,HP,LAS,1889
14,10,31,3,8,2227,HP,LAS,1888
37,10,1,1,20,2227,HP,LAS,1918
-2,10,2,2,20,2227,HP,LAS,1917
-4,10,3,3,20,2227,HP,LAS,1916
-1,10,4,4,20,2227,HP,LAS,1915
3,10,5,5,20,2227,HP,LAS,1914
5,10,6,6,20,2227,HP,LAS,1913
85,10,7,7,20,2227,HP,LAS,1912
-1,10,8,1,20,2227,HP,LAS,1911
-5,10,9,2,20,2227,HP,LAS,1910
0,10,10,3,20,2227,HP,LAS,1909
-2,10,11,4,20,2227,HP,LAS,1908
2,10,12,5,20,2227,HP,LAS,1907
44,10,13,6,20,2227,HP,LAS,1906
1,10,14,7,20,2227,HP,LAS,1905
-4,10,15,1,20,2227,HP,LAS,1904
0,10,16,2,20,2227,HP,LAS,1903
3,10,17,3,20,2227,HP,LAS,1902
29,10,18,4,20,2227,HP,LAS,1901
0,10,19,5,20,2227,HP,LAS,1900
39,10,20,6,20,2227,HP,LAS,1899
48,10,21,7,20,2227,HP,LAS,1898
-5,10,22,1,20,2227,HP,LAS,1897
30,10,23,2,20,2227,HP,LAS,1896
13,10,24,3,20,2227,HP,LAS,1895
-1,10,25,4,20,2227,HP,LAS,1894
17,10,26,5,20,2227,HP,LAS,1893
-2,10,27,6,20,2227,HP,LAS,1892
75,10,28,7,20,2227,HP,LAS,1891
0,10,29,1,20,2227,HP,LAS,1890
0,10,30,2,20,2227,HP,LAS,1889
-2,10,31,3,20,2227,HP,LAS,1888
-5,10,28,7,7,2133,HP,PHX,1891
-2,10,29,1,7,2133,HP,PHX,1890
3,10,30,2,7,2133,HP,PHX,1889
-3,10,31,3,7,2133,HP,PHX,1888
-3,10,28,7,17,2133,HP,PHX,1891
1,10,29,1,17,2133,HP,PHX,1890
0,10,30,2,17,2133,HP,PHX,1889
0,10,31,3,17,2133,HP,PHX,1888
-4,10,6,6,12,2133,HP,PHX,1913
9,10,20,6,12,2133,HP,PHX,1899
-5,10,27,6,12,2133,HP,PHX,1892
7,10,1,1,15,2133,HP,PHX,1918
0,10,2,2,15,2133,HP,PHX,1917
6,10,3,3,15,2133,HP,PHX,1916
-5,10,4,4,15,2133,HP,PHX,1915
3,10,5,5,15,2133,HP,PHX,1914
-3,10,7,7,15,2133,HP,PHX,1912
3,10,8,1,15,2133,HP,PHX,1911
-1,10,9,2,15,2133,HP,PHX,1910
0,10,10,3,15,2133,HP,PHX,1909
10,10,11,4,15,2133,HP,PHX,1908
7,10,12,5,15,2133,HP,PHX,1907
148,10,14,7,15,2133,HP,PHX,1905
-2,10,15,1,15,2133,HP,PHX,1904
-2,10,16,2,15,2133,HP,PHX,1903
8,10,17,3,15,2133,HP,PHX,1902
2,10,18,4,15,2133,HP,PHX,1901
10,10,19,5,15,2133,HP,PHX,1900
12,10,21,7,15,2133,HP,PHX,1898
9,10,22,1,15,2133,HP,PHX,1897
10,10,23,2,15,2133,HP,PHX,1896
1,10,24,3,15,2133,HP,PHX,1895
8,10,25,4,15,2133,HP,PHX,1894
4,10,26,5,15,2133,HP,PHX,1893
15,10,1,1,18,2133,HP,PHX,1918
6,10,2,2,18,2133,HP,PHX,1917
-5,10,3,3,18,2133,HP,PHX,1916
0,10,4,4,18,2133,HP,PHX,1915
27,10,5,5,18,2133,HP,PHX,1914
-5,10,7,7,18,2133,HP,PHX,1912
-2,10,8,1,18,2133,HP,PHX,1911
22,10,9,2,18,2133,HP,PHX,1910
2,10,10,3,18,2133,HP,PHX,1909
0,10,11,4,18,2133,HP,PHX,1908
20,10,12,5,18,2133,HP,PHX,1907
25,10,14,7,18,2133,HP,PHX,1905
6,10,15,1,18,2133,HP,PHX,1904
-2,10,16,2,18,2133,HP,PHX,1903
0,10,17,3,18,2133,HP,PHX,1902
0,10,18,4,18,2133,HP,PHX,1901
2,10,19,5,18,2133,HP,PHX,1900
11,10,21,7,18,2133,HP,PHX,1898
5,10,22,1,18,2133,HP,PHX,1897
-1,10,23,2,18,2133,HP,PHX,1896
-4,10,24,3,18,2133,HP,PHX,1895
9,10,25,4,18,2133,HP,PHX,1894
0,10,26,5,18,2133,HP,PHX,1893
-5,10,6,6,18,2133,HP,PHX,1913
7,10,13,6,18,2133,HP,PHX,1906
-1,10,20,6,18,2133,HP,PHX,1899
-2,10,27,6,18,2133,HP,PHX,1892
-4,10,28,7,15,2133,HP,PHX,1891
0,10,29,1,15,2133,HP,PHX,1890
-1,10,30,2,15,2133,HP,PHX,1889
-3,10,31,3,15,2133,HP,PHX,1888
14,10,1,1,6,200,MQ,BOS,1918
2,10,2,2,6,200,MQ,BOS,1917
0,10,3,3,6,200,MQ,BOS,1916
3,10,4,4,6,200,MQ,BOS,1915
4,10,5,5,6,200,MQ,BOS,1914
0,10,8,1,6,200,MQ,BOS,1911
0,10,9,2,6,200,MQ,BOS,1910
6,10,10,3,6,200,MQ,BOS,1909
-2,10,11,4,6,200,MQ,BOS,1908
2,10,12,5,6,200,MQ,BOS,1907
6,10,15,1,6,200,MQ,BOS,1904
8,10,16,2,6,200,MQ,BOS,1903
2,10,17,3,6,200,MQ,BOS,1902
-2,10,18,4,6,200,MQ,BOS,1901
5,10,19,5,6,200,MQ,BOS,1900
2,10,22,1,6,200,MQ,BOS,1897
4,10,23,2,6,200,MQ,BOS,1896
18,10,24,3,6,200,MQ,BOS,1895
3,10,25,4,6,200,MQ,BOS,1894
2,10,26,5,6,200,MQ,BOS,1893
5,10,29,1,6,200,MQ,BOS,1890
2,10,30,2,6,200,MQ,BOS,1889
6,10,31,3,6,200,MQ,BOS,1888
9,10,3,3,8,200,MQ,BOS,1916
-2,10,4,4,8,200,MQ,BOS,1915
-4,10,5,5,8,200,MQ,BOS,1914
0,10,6,6,8,200,MQ,BOS,1913
-3,10,7,7,8,200,MQ,BOS,1912
-3,10,8,1,8,200,MQ,BOS,1911
-1,10,9,2,8,200,MQ,BOS,1910
-4,10,10,3,8,200,MQ,BOS,1909
74,10,11,4,8,200,MQ,BOS,1908
-1,10,12,5,8,200,MQ,BOS,1907
1,10,13,6,8,200,MQ,BOS,1906
-2,10,14,7,8,200,MQ,BOS,1905
21,10,15,1,8,200,MQ,BOS,1904
10,10,16,2,8,200,MQ,BOS,1903
0,10,17,3,8,200,MQ,BOS,1902
2,10,19,5,8,200,MQ,BOS,1900
3,10,20,6,8,200,MQ,BOS,1899
0,10,21,7,8,200,MQ,BOS,1898
-1,10,22,1,8,200,MQ,BOS,1897
15,10,27,6,8,200,MQ,BOS,1892
-4,10,28,7,8,200,MQ,BOS,1891
1,10,1,1,11,200,MQ,BOS,1918
-5,10,2,2,11,200,MQ,BOS,1917
-1,10,3,3,11,200,MQ,BOS,1916
-4,10,4,4,11,200,MQ,BOS,1915
35,10,5,5,11,200,MQ,BOS,1914
1,10,6,6,11,200,MQ,BOS,1913
-3,10,7,7,11,200,MQ,BOS,1912
0,10,8,1,11,200,MQ,BOS,1911
-3,10,9,2,11,200,MQ,BOS,1910
-5,10,10,3,11,200,MQ,BOS,1909
-4,10,11,4,11,200,MQ,BOS,1908
13,10,12,5,11,200,MQ,BOS,1907
0,10,13,6,11,200,MQ,BOS,1906
-7,10,14,7,11,200,MQ,BOS,1905
0,10,15,1,11,200,MQ,BOS,1904
4,10,16,2,11,200,MQ,BOS,1903
2,10,17,3,11,200,MQ,BOS,1902
-1,10,18,4,11,200,MQ,BOS,1901
-2,10,19,5,11,200,MQ,BOS,1900
-3,10,20,6,11,200,MQ,BOS,1899
3,10,21,7,11,200,MQ,BOS,1898
35,10,22,1,11,200,MQ,BOS,1897
2,10,23,2,11,200,MQ,BOS,1896
-2,10,24,3,11,200,MQ,BOS,1895
-2,10,25,4,11,200,MQ,BOS,1894
1,10,26,5,11,200,MQ,BOS,1893
8,10,27,6,11,200,MQ,BOS,1892
-1,10,28,7,11,200,MQ,BOS,1891
-3,10,29,1,11,200,MQ,BOS,1890
0,10,30,2,11,200,MQ,BOS,1889
-1,10,31,3,11,200,MQ,BOS,1888
4,10,1,1,13,200,MQ,BOS,1918
1,10,2,2,13,200,MQ,BOS,1917
1,10,3,3,13,200,MQ,BOS,1916
0,10,4,4,13,200,MQ,BOS,1915
-4,10,1,1,15,200,MQ,BOS,1918
31,10,2,2,15,200,MQ,BOS,1917
-5,10,3,3,15,200,MQ,BOS,1916
0,10,4,4,15,200,MQ,BOS,1915
-6,10,5,5,15,200,MQ,BOS,1914
-3,10,7,7,15,200,MQ,BOS,1912
0,10,8,1,15,200,MQ,BOS,1911
2,10,1,1,17,200,MQ,BOS,1918
-1,10,2,2,17,200,MQ,BOS,1917
-5,10,3,3,17,200,MQ,BOS,1916
-8,10,4,4,17,200,MQ,BOS,1915
6,10,5,5,17,200,MQ,BOS,1914
-3,10,7,7,17,200,MQ,BOS,1912
0,10,8,1,17,200,MQ,BOS,1911
-8,10,9,2,17,200,MQ,BOS,1910
-5,10,10,3,17,200,MQ,BOS,1909
-12,10,11,4,17,200,MQ,BOS,1908
-5,10,12,5,17,200,MQ,BOS,1907
6,10,14,7,17,200,MQ,BOS,1905
3,10,15,1,17,200,MQ,BOS,1904
-4,10,16,2,17,200,MQ,BOS,1903
2,10,17,3,17,200,MQ,BOS,1902
-3,10,18,4,17,200,MQ,BOS,1901
2,10,19,5,17,200,MQ,BOS,1900
1,10,21,7,17,200,MQ,BOS,1898
13,10,22,1,17,200,MQ,BOS,1897
0,10,23,2,17,200,MQ,BOS,1896
12,10,24,3,17,200,MQ,BOS,1895
0,10,25,4,17,200,MQ,BOS,1894
11,10,26,5,17,200,MQ,BOS,1893
2,10,28,7,17,200,MQ,BOS,1891
-2,10,29,1,17,200,MQ,BOS,1890
1,10,30,2,17,200,MQ,BOS,1889
-5,10,31,3,17,200,MQ,BOS,1888
-1,10,1,1,19,200,MQ,BOS,1918
-2,10,2,2,19,200,MQ,BOS,1917
-8,10,3,3,19,200,MQ,BOS,1916
-5,10,4,4,19,200,MQ,BOS,1915
-7,10,5,5,19,200,MQ,BOS,1914
-5,10,7,7,19,200,MQ,BOS,1912
-7,10,8,1,19,200,MQ,BOS,1911
-3,10,9,2,19,200,MQ,BOS,1910
-6,10,10,3,19,200,MQ,BOS,1909
1,10,11,4,19,200,MQ,BOS,1908
73,10,13,6,19,200,MQ,BOS,1906
59,10,14,7,19,200,MQ,BOS,1905
0,10,15,1,19,200,MQ,BOS,1904
0,10,16,2,19,200,MQ,BOS,1903
-3,10,17,3,19,200,MQ,BOS,1902
47,10,18,4,19,200,MQ,BOS,1901
-7,10,19,5,19,200,MQ,BOS,1900
-2,10,20,6,19,200,MQ,BOS,1899
43,10,21,7,19,200,MQ,BOS,1898
-3,10,22,1,19,200,MQ,BOS,1897
51,10,23,2,19,200,MQ,BOS,1896
-1,10,24,3,19,200,MQ,BOS,1895
3,10,25,4,19,200,MQ,BOS,1894
15,10,26,5,19,200,MQ,BOS,1893
8,10,28,7,19,200,MQ,BOS,1891
-7,10,29,1,19,200,MQ,BOS,1890
-6,10,30,2,19,200,MQ,BOS,1889
-5,10,31,3,19,200,MQ,BOS,1888
-11,10,1,1,20,200,MQ,BOS,1918
-8,10,2,2,20,200,MQ,BOS,1917
-8,10,3,3,20,200,MQ,BOS,1916
-8,10,4,4,20,200,MQ,BOS,1915
36,10,5,5,20,200,MQ,BOS,1914
-3,10,1,1,16,200,MQ,BOS,1918
-4,10,2,2,16,200,MQ,BOS,1917
-4,10,1,1,11,416,MQ,RDU,1918
-7,10,2,2,11,416,MQ,RDU,1917
21,10,3,3,11,416,MQ,RDU,1916
-3,10,4,4,11,416,MQ,RDU,1915
3,10,5,5,11,416,MQ,RDU,1914
0,10,6,6,11,416,MQ,RDU,1913
-1,10,7,7,11,416,MQ,RDU,1912
-1,10,8,1,11,416,MQ,RDU,1911
-2,10,9,2,11,416,MQ,RDU,1910
-2,10,10,3,11,416,MQ,RDU,1909
-3,10,11,4,11,416,MQ,RDU,1908
4,10,12,5,11,416,MQ,RDU,1907
-1,10,13,6,11,416,MQ,RDU,1906
57,10,14,7,11,416,MQ,RDU,1905
1,10,15,1,11,416,MQ,RDU,1904
-3,10,16,2,11,416,MQ,RDU,1903
25,10,17,3,11,416,MQ,RDU,1902
5,10,18,4,11,416,MQ,RDU,1901
-2,10,19,5,11,416,MQ,RDU,1900
-4,10,20,6,11,416,MQ,RDU,1899
0,10,21,7,11,416,MQ,RDU,1898
5,10,22,1,11,416,MQ,RDU,1897
-4,10,23,2,11,416,MQ,RDU,1896
-2,10,24,3,11,416,MQ,RDU,1895
-3,10,26,5,11,416,MQ,RDU,1893
-2,10,27,6,11,416,MQ,RDU,1892
2,10,28,7,11,416,MQ,RDU,1891
23,10,29,1,11,416,MQ,RDU,1890
-2,10,30,2,11,416,MQ,RDU,1889
-6,10,31,3,11,416,MQ,RDU,1888
-2,10,1,1,16,416,MQ,RDU,1918
-2,10,2,2,16,416,MQ,RDU,1917
0,10,3,3,16,416,MQ,RDU,1916
-1,10,4,4,16,416,MQ,RDU,1915
2,10,5,5,16,416,MQ,RDU,1914
-5,10,6,6,16,416,MQ,RDU,1913
0,10,7,7,16,416,MQ,RDU,1912
-2,10,8,1,16,416,MQ,RDU,1911
-1,10,9,2,16,416,MQ,RDU,1910
-5,10,10,3,16,416,MQ,RDU,1909
-4,10,11,4,16,416,MQ,RDU,1908
-8,10,12,5,16,416,MQ,RDU,1907
-6,10,13,6,16,416,MQ,RDU,1906
50,10,14,7,16,416,MQ,RDU,1905
-1,10,15,1,16,416,MQ,RDU,1904
0,10,16,2,16,416,MQ,RDU,1903
13,10,17,3,16,416,MQ,RDU,1902
-2,10,18,4,16,416,MQ,RDU,1901
-6,10,19,5,16,416,MQ,RDU,1900
-5,10,20,6,16,416,MQ,RDU,1899
1,10,21,7,16,416,MQ,RDU,1898
1,10,22,1,16,416,MQ,RDU,1897
-1,10,23,2,16,416,MQ,RDU,1896
10,10,24,3,16,416,MQ,RDU,1895
7,10,25,4,16,416,MQ,RDU,1894
-3,10,26,5,16,416,MQ,RDU,1893
0,10,27,6,16,416,MQ,RDU,1892
-2,10,28,7,16,416,MQ,RDU,1891
-1,10,29,1,16,416,MQ,RDU,1890
-5,10,30,2,16,416,MQ,RDU,1889
15,10,31,3,16,416,MQ,RDU,1888
8,10,1,1,8,416,MQ,RDU,1918
0,10,2,2,8,416,MQ,RDU,1917
-3,10,3,3,8,416,MQ,RDU,1916
-1,10,4,4,8,416,MQ,RDU,1915
-5,10,5,5,8,416,MQ,RDU,1914
71,10,6,6,8,416,MQ,RDU,1913
-9,10,7,7,8,416,MQ,RDU,1912
-5,10,8,1,8,416,MQ,RDU,1911
-5,10,9,2,8,416,MQ,RDU,1910
-1,10,10,3,8,416,MQ,RDU,1909
-6,10,11,4,8,416,MQ,RDU,1908
-4,10,12,5,8,416,MQ,RDU,1907
-4,10,13,6,8,416,MQ,RDU,1906
0,10,14,7,8,416,MQ,RDU,1905
-1,10,16,2,8,416,MQ,RDU,1903
-4,10,17,3,8,416,MQ,RDU,1902
-4,10,18,4,8,416,MQ,RDU,1901
-6,10,19,5,8,416,MQ,RDU,1900
-4,10,20,6,8,416,MQ,RDU,1899
-5,10,21,7,8,416,MQ,RDU,1898
0,10,22,1,8,416,MQ,RDU,1897
-3,10,23,2,8,416,MQ,RDU,1896
-3,10,24,3,8,416,MQ,RDU,1895
-1,10,25,4,8,416,MQ,RDU,1894
-5,10,26,5,8,416,MQ,RDU,1893
-5,10,27,6,8,416,MQ,RDU,1892
-2,10,28,7,8,416,MQ,RDU,1891
6,10,29,1,8,416,MQ,RDU,1890
-3,10,30,2,8,416,MQ,RDU,1889
2,10,31,3,8,416,MQ,RDU,1888
0,10,1,1,14,416,MQ,RDU,1918
1,10,2,2,14,416,MQ,RDU,1917
5,10,3,3,14,416,MQ,RDU,1916
-3,10,4,4,14,416,MQ,RDU,1915
-6,10,5,5,14,416,MQ,RDU,1914
-1,10,6,6,14,416,MQ,RDU,1913
-3,10,7,7,14,416,MQ,RDU,1912
-4,10,8,1,14,416,MQ,RDU,1911
1,10,9,2,14,416,MQ,RDU,1910
-9,10,10,3,14,416,MQ,RDU,1909
22,10,11,4,14,416,MQ,RDU,1908
-3,10,12,5,14,416,MQ,RDU,1907
-1,10,13,6,14,416,MQ,RDU,1906
25,10,14,7,14,416,MQ,RDU,1905
29,10,15,1,14,416,MQ,RDU,1904
2,10,16,2,14,416,MQ,RDU,1903
3,10,17,3,14,416,MQ,RDU,1902
-3,10,18,4,14,416,MQ,RDU,1901
-4,10,19,5,14,416,MQ,RDU,1900
0,10,20,6,14,416,MQ,RDU,1899
3,10,21,7,14,416,MQ,RDU,1898
-1,10,22,1,14,416,MQ,RDU,1897
17,10,23,2,14,416,MQ,RDU,1896
-1,10,24,3,14,416,MQ,RDU,1895
19,10,25,4,14,416,MQ,RDU,1894
-2,10,26,5,14,416,MQ,RDU,1893
3,10,27,6,14,416,MQ,RDU,1892
61,10,28,7,14,416,MQ,RDU,1891
-6,10,29,1,14,416,MQ,RDU,1890
-4,10,30,2,14,416,MQ,RDU,1889
0,10,31,3,14,416,MQ,RDU,1888
-4,10,1,1,18,416,MQ,RDU,1918
-1,10,2,2,18,416,MQ,RDU,1917
2,10,3,3,18,416,MQ,RDU,1916
-6,10,4,4,18,416,MQ,RDU,1915
-6,10,5,5,18,416,MQ,RDU,1914
-5,10,6,6,18,416,MQ,RDU,1913
-3,10,7,7,18,416,MQ,RDU,1912
-6,10,8,1,18,416,MQ,RDU,1911
0,10,9,2,18,416,MQ,RDU,1910
-6,10,10,3,18,416,MQ,RDU,1909
-8,10,11,4,18,416,MQ,RDU,1908
-1,10,12,5,18,416,MQ,RDU,1907
8,10,14,7,18,416,MQ,RDU,1905
3,10,15,1,18,416,MQ,RDU,1904
3,10,16,2,18,416,MQ,RDU,1903
10,10,17,3,18,416,MQ,RDU,1902
3,10,18,4,18,416,MQ,RDU,1901
2,10,19,5,18,416,MQ,RDU,1900
22,10,20,6,18,416,MQ,RDU,1899
-1,10,21,7,18,416,MQ,RDU,1898
-5,10,22,1,18,416,MQ,RDU,1897
0,10,23,2,18,416,MQ,RDU,1896
0,10,24,3,18,416,MQ,RDU,1895
2,10,25,4,18,416,MQ,RDU,1894
19,10,26,5,18,416,MQ,RDU,1893
-3,10,27,6,18,416,MQ,RDU,1892
1,10,28,7,18,416,MQ,RDU,1891
2,10,29,1,18,416,MQ,RDU,1890
-4,10,30,2,18,416,MQ,RDU,1889
-2,10,31,3,18,416,MQ,RDU,1888
13,10,3,3,14,200,MQ,BOS,1916
-1,10,4,4,14,200,MQ,BOS,1915
-1,10,5,5,14,200,MQ,BOS,1914
41,10,6,6,14,200,MQ,BOS,1913
-3,10,7,7,14,200,MQ,BOS,1912
-1,10,8,1,14,200,MQ,BOS,1911
2,10,9,2,14,200,MQ,BOS,1910
-3,10,10,3,14,200,MQ,BOS,1909
51,10,11,4,14,200,MQ,BOS,1908
2,10,12,5,14,200,MQ,BOS,1907
0,10,13,6,14,200,MQ,BOS,1906
16,10,14,7,14,200,MQ,BOS,1905
42,10,15,1,14,200,MQ,BOS,1904
0,10,16,2,14,200,MQ,BOS,1903
3,10,17,3,14,200,MQ,BOS,1902
0,10,18,4,14,200,MQ,BOS,1901
-6,10,19,5,14,200,MQ,BOS,1900
-5,10,20,6,14,200,MQ,BOS,1899
5,10,21,7,14,200,MQ,BOS,1898
-5,10,22,1,14,200,MQ,BOS,1897
-2,10,23,2,14,200,MQ,BOS,1896
-3,10,24,3,14,200,MQ,BOS,1895
-2,10,25,4,14,200,MQ,BOS,1894
-4,10,26,5,14,200,MQ,BOS,1893
-3,10,27,6,14,200,MQ,BOS,1892
0,10,28,7,14,200,MQ,BOS,1891
-4,10,29,1,14,200,MQ,BOS,1890
-5,10,30,2,14,200,MQ,BOS,1889
0,10,31,3,14,200,MQ,BOS,1888
-4,10,1,1,12,487,NW,DTW,1918
-8,10,2,2,12,487,NW,DTW,1917
-7,10,3,3,12,487,NW,DTW,1916
-6,10,4,4,12,487,NW,DTW,1915
43,10,5,5,12,487,NW,DTW,1914
-4,10,7,7,12,487,NW,DTW,1912
-6,10,8,1,12,487,NW,DTW,1911
-9,10,9,2,12,487,NW,DTW,1910
-4,10,10,3,12,487,NW,DTW,1909
-8,10,11,4,12,487,NW,DTW,1908
3,10,12,5,12,487,NW,DTW,1907
31,10,13,6,12,487,NW,DTW,1906
-2,10,14,7,12,487,NW,DTW,1905
-3,10,15,1,12,487,NW,DTW,1904
6,10,16,2,12,487,NW,DTW,1903
5,10,17,3,12,487,NW,DTW,1902
2,10,18,4,12,487,NW,DTW,1901
-5,10,19,5,12,487,NW,DTW,1900
-6,10,20,6,12,487,NW,DTW,1899
0,10,21,7,12,487,NW,DTW,1898
-3,10,22,1,12,487,NW,DTW,1897
-6,10,23,2,12,487,NW,DTW,1896
-3,10,24,3,12,487,NW,DTW,1895
-8,10,25,4,12,487,NW,DTW,1894
-5,10,26,5,12,487,NW,DTW,1893
-2,10,27,6,12,487,NW,DTW,1892
-7,10,1,1,9,487,NW,DTW,1918
-5,10,2,2,9,487,NW,DTW,1917
-4,10,3,3,9,487,NW,DTW,1916
-6,10,4,4,9,487,NW,DTW,1915
-5,10,5,5,9,487,NW,DTW,1914
-9,10,6,6,9,487,NW,DTW,1913
-6,10,7,7,9,487,NW,DTW,1912
-4,10,9,2,9,487,NW,DTW,1910
-4,10,10,3,9,487,NW,DTW,1909
-4,10,11,4,9,487,NW,DTW,1908
-4,10,12,5,9,487,NW,DTW,1907
18,10,13,6,9,487,NW,DTW,1906
-2,10,14,7,9,487,NW,DTW,1905
-5,10,15,1,9,487,NW,DTW,1904
42,10,16,2,9,487,NW,DTW,1903
0,10,17,3,9,487,NW,DTW,1902
-3,10,18,4,9,487,NW,DTW,1901
-8,10,19,5,9,487,NW,DTW,1900
-4,10,20,6,9,487,NW,DTW,1899
-3,10,21,7,9,487,NW,DTW,1898
-5,10,22,1,9,487,NW,DTW,1897
-7,10,23,2,9,487,NW,DTW,1896
-9,10,24,3,9,487,NW,DTW,1895
-3,10,25,4,9,487,NW,DTW,1894
-6,10,26,5,9,487,NW,DTW,1893
-1,10,27,6,9,487,NW,DTW,1892
-3,10,28,7,9,487,NW,DTW,1891
0,10,29,1,9,487,NW,DTW,1890
-5,10,30,2,9,487,NW,DTW,1889
-7,10,31,3,9,487,NW,DTW,1888
-5,10,1,1,16,487,NW,DTW,1918
-3,10,2,2,16,487,NW,DTW,1917
-4,10,3,3,16,487,NW,DTW,1916
-3,10,4,4,16,487,NW,DTW,1915
-6,10,5,5,16,487,NW,DTW,1914
-3,10,6,6,16,487,NW,DTW,1913
-5,10,7,7,16,487,NW,DTW,1912
-1,10,8,1,16,487,NW,DTW,1911
-3,10,9,2,16,487,NW,DTW,1910
149,10,10,3,16,487,NW,DTW,1909
-5,10,11,4,16,487,NW,DTW,1908
21,10,12,5,16,487,NW,DTW,1907
1,10,13,6,16,487,NW,DTW,1906
6,10,14,7,16,487,NW,DTW,1905
-8,10,15,1,16,487,NW,DTW,1904
-6,10,16,2,16,487,NW,DTW,1903
8,10,17,3,16,487,NW,DTW,1902
5,10,18,4,16,487,NW,DTW,1901
-1,10,19,5,16,487,NW,DTW,1900
-4,10,20,6,16,487,NW,DTW,1899
11,10,21,7,16,487,NW,DTW,1898
-3,10,22,1,16,487,NW,DTW,1897
-6,10,23,2,16,487,NW,DTW,1896
6,10,24,3,16,487,NW,DTW,1895
45,10,25,4,16,487,NW,DTW,1894
-1,10,26,5,16,487,NW,DTW,1893
-5,10,27,6,16,487,NW,DTW,1892
91,10,28,7,16,487,NW,DTW,1891
-7,10,29,1,16,487,NW,DTW,1890
-2,10,30,2,16,487,NW,DTW,1889
-4,10,31,3,16,487,NW,DTW,1888
-3,10,28,7,12,487,NW,DTW,1891
-3,10,29,1,12,487,NW,DTW,1890
-7,10,30,2,12,487,NW,DTW,1889
-3,10,31,3,12,487,NW,DTW,1888
-10,10,1,1,14,487,NW,DTW,1918
-6,10,2,2,14,487,NW,DTW,1917
-8,10,3,3,14,487,NW,DTW,1916
-8,10,4,4,14,487,NW,DTW,1915
-6,10,5,5,14,487,NW,DTW,1914
-6,10,6,6,14,487,NW,DTW,1913
-4,10,7,7,14,487,NW,DTW,1912
-6,10,8,1,14,487,NW,DTW,1911
-4,10,9,2,14,487,NW,DTW,1910
-10,10,10,3,14,487,NW,DTW,1909
-3,10,11,4,14,487,NW,DTW,1908
-2,10,12,5,14,487,NW,DTW,1907
-11,10,13,6,14,487,NW,DTW,1906
6,10,14,7,14,487,NW,DTW,1905
-6,10,15,1,14,487,NW,DTW,1904
-4,10,17,3,14,487,NW,DTW,1902
3,10,18,4,14,487,NW,DTW,1901
-4,10,19,5,14,487,NW,DTW,1900
-7,10,20,6,14,487,NW,DTW,1899
-7,10,21,7,14,487,NW,DTW,1898
-4,10,22,1,14,487,NW,DTW,1897
10,10,23,2,14,487,NW,DTW,1896
1,10,24,3,14,487,NW,DTW,1895
-4,10,25,4,14,487,NW,DTW,1894
10,10,26,5,14,487,NW,DTW,1893
-7,10,27,6,14,487,NW,DTW,1892
0,10,28,7,14,487,NW,DTW,1891
-5,10,29,1,14,487,NW,DTW,1890
135,10,30,2,14,487,NW,DTW,1889
-10,10,31,3,14,487,NW,DTW,1888
-7,10,1,1,11,487,NW,DTW,1918
-6,10,2,2,11,487,NW,DTW,1917
-8,10,3,3,11,487,NW,DTW,1916
-8,10,4,4,11,487,NW,DTW,1915
-4,10,5,5,11,487,NW,DTW,1914
-1,10,6,6,11,487,NW,DTW,1913
-8,10,7,7,11,487,NW,DTW,1912
-8,10,8,1,11,487,NW,DTW,1911
6,10,9,2,11,487,NW,DTW,1910
-8,10,11,4,11,487,NW,DTW,1908
58,10,12,5,11,487,NW,DTW,1907
-4,10,13,6,11,487,NW,DTW,1906
1,10,14,7,11,487,NW,DTW,1905
-7,10,15,1,11,487,NW,DTW,1904
-7,10,16,2,11,487,NW,DTW,1903
-7,10,17,3,11,487,NW,DTW,1902
-7,10,18,4,11,487,NW,DTW,1901
-5,10,19,5,11,487,NW,DTW,1900
-5,10,20,6,11,487,NW,DTW,1899
-9,10,21,7,11,487,NW,DTW,1898
-3,10,22,1,11,487,NW,DTW,1897
-1,10,23,2,11,487,NW,DTW,1896
-7,10,24,3,11,487,NW,DTW,1895
-7,10,25,4,11,487,NW,DTW,1894
-1,10,26,5,11,487,NW,DTW,1893
-4,10,27,6,11,487,NW,DTW,1892
-1,10,28,7,11,487,NW,DTW,1891
-9,10,29,1,11,487,NW,DTW,1890
-3,10,30,2,11,487,NW,DTW,1889
-8,10,31,3,11,487,NW,DTW,1888
-9,10,1,1,18,487,NW,DTW,1918
-9,10,2,2,18,487,NW,DTW,1917
-5,10,3,3,18,487,NW,DTW,1916
-4,10,4,4,18,487,NW,DTW,1915
-6,10,5,5,18,487,NW,DTW,1914
-3,10,7,7,18,487,NW,DTW,1912
1,10,8,1,18,487,NW,DTW,1911
-6,10,9,2,18,487,NW,DTW,1910
10,10,10,3,18,487,NW,DTW,1909
-8,10,11,4,18,487,NW,DTW,1908
-3,10,12,5,18,487,NW,DTW,1907
10,10,14,7,18,487,NW,DTW,1905
-7,10,15,1,18,487,NW,DTW,1904
2,10,16,2,18,487,NW,DTW,1903
10,10,17,3,18,487,NW,DTW,1902
-2,10,18,4,18,487,NW,DTW,1901
91,10,19,5,18,487,NW,DTW,1900
5,10,21,7,18,487,NW,DTW,1898
-3,10,22,1,18,487,NW,DTW,1897
-7,10,23,2,18,487,NW,DTW,1896
-8,10,24,3,18,487,NW,DTW,1895
0,10,25,4,18,487,NW,DTW,1894
0,10,26,5,18,487,NW,DTW,1893
6,10,28,7,18,487,NW,DTW,1891
-2,10,29,1,18,487,NW,DTW,1890
-2,10,30,2,18,487,NW,DTW,1889
-9,10,31,3,18,487,NW,DTW,1888
139,10,1,1,7,487,NW,DTW,1918
-4,10,2,2,7,487,NW,DTW,1917
-3,10,3,3,7,487,NW,DTW,1916
-5,10,4,4,7,487,NW,DTW,1915
-5,10,5,5,7,487,NW,DTW,1914
-3,10,6,6,7,487,NW,DTW,1913
-8,10,8,1,7,487,NW,DTW,1911
-6,10,9,2,7,487,NW,DTW,1910
-4,10,10,3,7,487,NW,DTW,1909
-4,10,11,4,7,487,NW,DTW,1908
-3,10,12,5,7,487,NW,DTW,1907
-7,10,13,6,7,487,NW,DTW,1906
-7,10,15,1,7,487,NW,DTW,1904
0,10,16,2,7,487,NW,DTW,1903
-3,10,17,3,7,487,NW,DTW,1902
-6,10,18,4,7,487,NW,DTW,1901
-4,10,19,5,7,487,NW,DTW,1900
-6,10,20,6,7,487,NW,DTW,1899
-3,10,22,1,7,487,NW,DTW,1897
-6,10,23,2,7,487,NW,DTW,1896
12,10,24,3,7,487,NW,DTW,1895
-2,10,25,4,7,487,NW,DTW,1894
-4,10,26,5,7,487,NW,DTW,1893
-3,10,27,6,7,487,NW,DTW,1892
-2,10,29,1,7,487,NW,DTW,1890
-3,10,30,2,7,487,NW,DTW,1889
0,10,31,3,7,487,NW,DTW,1888
10,10,1,1,8,2454,AA,LAX,1918
3,10,2,2,8,2454,AA,LAX,1917
0,10,3,3,8,2454,AA,LAX,1916
7,10,4,4,8,2454,AA,LAX,1915
22,10,5,5,8,2454,AA,LAX,1914
1,10,6,6,8,2454,AA,LAX,1913
-2,10,7,7,8,2454,AA,LAX,1912
11,10,8,1,8,2454,AA,LAX,1911
-2,10,9,2,8,2454,AA,LAX,1910
-2,10,10,3,8,2454,AA,LAX,1909
-1,10,11,4,8,2454,AA,LAX,1908
6,10,12,5,8,2454,AA,LAX,1907
-4,10,13,6,8,2454,AA,LAX,1906
43,10,14,7,8,2454,AA,LAX,1905
10,10,15,1,8,2454,AA,LAX,1904
-1,10,16,2,8,2454,AA,LAX,1903
1,10,17,3,8,2454,AA,LAX,1902
5,10,18,4,8,2454,AA,LAX,1901
-2,10,19,5,8,2454,AA,LAX,1900
3,10,20,6,8,2454,AA,LAX,1899
2,10,21,7,8,2454,AA,LAX,1898
43,10,22,1,8,2454,AA,LAX,1897
2,10,23,2,8,2454,AA,LAX,1896
-5,10,24,3,8,2454,AA,LAX,1895
3,10,25,4,8,2454,AA,LAX,1894
17,10,26,5,8,2454,AA,LAX,1893
-1,10,27,6,8,2454,AA,LAX,1892
0,10,28,7,8,2454,AA,LAX,1891
13,10,29,1,8,2454,AA,LAX,1890
1,10,30,2,8,2454,AA,LAX,1889
-4,10,31,3,8,2454,AA,LAX,1888
6,10,1,1,18,1372,AA,DFW,1918
6,10,2,2,18,1372,AA,DFW,1917
0,10,3,3,18,1372,AA,DFW,1916
10,10,4,4,18,1372,AA,DFW,1915
-7,10,5,5,18,1372,AA,DFW,1914
-3,10,6,6,18,1372,AA,DFW,1913
35,10,7,7,18,1372,AA,DFW,1912
2,10,8,1,18,1372,AA,DFW,1911
8,10,9,2,18,1372,AA,DFW,1910
-4,10,10,3,18,1372,AA,DFW,1909
37,10,11,4,18,1372,AA,DFW,1908
17,10,12,5,18,1372,AA,DFW,1907
-7,10,13,6,18,1372,AA,DFW,1906
14,10,14,7,18,1372,AA,DFW,1905
15,10,15,1,18,1372,AA,DFW,1904
-7,10,16,2,18,1372,AA,DFW,1903
9,10,17,3,18,1372,AA,DFW,1902
-2,10,18,4,18,1372,AA,DFW,1901
4,10,19,5,18,1372,AA,DFW,1900
-1,10,20,6,18,1372,AA,DFW,1899
160,10,21,7,18,1372,AA,DFW,1898
-3,10,22,1,18,1372,AA,DFW,1897
-3,10,23,2,18,1372,AA,DFW,1896
12,10,24,3,18,1372,AA,DFW,1895
23,10,25,4,18,1372,AA,DFW,1894
4,10,26,5,18,1372,AA,DFW,1893
0,10,27,6,18,1372,AA,DFW,1892
4,10,28,7,18,1372,AA,DFW,1891
-3,10,29,1,18,1372,AA,DFW,1890
-6,10,30,2,18,1372,AA,DFW,1889
1,10,31,3,18,1372,AA,DFW,1888
14,10,1,1,17,2454,AA,LAX,1918
6,10,2,2,17,2454,AA,LAX,1917
2,10,3,3,17,2454,AA,LAX,1916
9,10,4,4,17,2454,AA,LAX,1915
-2,10,5,5,17,2454,AA,LAX,1914
6,10,6,6,17,2454,AA,LAX,1913
0,10,7,7,17,2454,AA,LAX,1912
3,10,8,1,17,2454,AA,LAX,1911
5,10,9,2,17,2454,AA,LAX,1910
-6,10,10,3,17,2454,AA,LAX,1909
11,10,11,4,17,2454,AA,LAX,1908
15,10,12,5,17,2454,AA,LAX,1907
18,10,13,6,17,2454,AA,LAX,1906
18,10,14,7,17,2454,AA,LAX,1905
-4,10,15,1,17,2454,AA,LAX,1904
29,10,16,2,17,2454,AA,LAX,1903
25,10,17,3,17,2454,AA,LAX,1902
25,10,18,4,17,2454,AA,LAX,1901
5,10,19,5,17,2454,AA,LAX,1900
9,10,20,6,17,2454,AA,LAX,1899
4,10,21,7,17,2454,AA,LAX,1898
15,10,22,1,17,2454,AA,LAX,1897
1,10,23,2,17,2454,AA,LAX,1896
17,10,24,3,17,2454,AA,LAX,1895
2,10,25,4,17,2454,AA,LAX,1894
20,10,26,5,17,2454,AA,LAX,1893
84,10,27,6,17,2454,AA,LAX,1892
1,10,28,7,17,2454,AA,LAX,1891
1,10,29,1,17,2454,AA,LAX,1890
6,10,30,2,17,2454,AA,LAX,1889
-4,10,31,3,17,2454,AA,LAX,1888
