-2,2,1,4,20,745,DL,ATL,2160
4,2,2,5,20,745,DL,ATL,2159
-5,2,3,6,20,745,DL,ATL,2158
20,2,4,7,20,745,DL,ATL,2157
235,2,5,1,20,745,DL,ATL,2156
-5,2,6,2,20,745,DL,ATL,2155
-5,2,7,3,20,745,DL,ATL,2154
-5,2,8,4,20,745,DL,ATL,2153
105,2,9,5,20,745,DL,ATL,2152
0,2,10,6,20,745,DL,ATL,2151
0,2,11,7,20,745,DL,ATL,2150
15,2,12,1,20,745,DL,ATL,2149
30,2,14,3,20,745,DL,ATL,2147
15,2,15,4,20,745,DL,ATL,2146
142,2,16,5,20,745,DL,ATL,2145
0,2,17,6,20,745,DL,ATL,2144
0,2,18,7,20,745,DL,ATL,2143
0,2,19,1,20,745,DL,ATL,2142
34,2,20,2,20,745,DL,ATL,2141
0,2,21,3,20,745,DL,ATL,2140
0,2,23,5,20,745,DL,ATL,2138
10,2,24,6,20,745,DL,ATL,2137
125,2,26,1,20,745,DL,ATL,2135
21,2,27,2,20,745,DL,ATL,2134
1,3,1,4,7,529,US,CLT,2132
-5,3,2,5,7,529,US,CLT,2131
-5,3,4,7,7,529,US,CLT,2129
0,3,7,3,7,529,US,CLT,2126
-1,3,8,4,7,529,US,CLT,2125
4,3,9,5,7,529,US,CLT,2124
1,3,10,6,7,529,US,CLT,2123
-6,3,11,7,7,529,US,CLT,2122
-4,3,12,1,7,529,US,CLT,2121
2,3,13,2,7,529,US,CLT,2120
0,3,15,4,7,529,US,CLT,2118
-5,3,16,5,7,529,US,CLT,2117
4,3,17,6,7,529,US,CLT,2116
-6,3,18,7,7,529,US,CLT,2115
-1,3,19,1,7,529,US,CLT,2114
-6,3,20,2,7,529,US,CLT,2113
48,3,22,4,7,529,US,CLT,2111
-2,3,23,5,7,529,US,CLT,2110
-7,3,24,6,7,529,US,CLT,2109
6,3,25,7,7,529,US,CLT,2108
-1,3,26,1,7,529,US,CLT,2107
-6,3,28,3,7,529,US,CLT,2105
-5,3,29,4,7,529,US,CLT,2104
6,3,30,5,7,529,US,CLT,2103
-2,3,31,6,7,529,US,CLT,2102
623,3,1,4,6,319,US,PIT,2132
-3,3,2,5,6,319,US,PIT,2131
-3,3,3,6,6,319,US,PIT,2130
-4,3,4,7,6,319,US,PIT,2129
-4,3,5,1,6,319,US,PIT,2128
-3,3,7,3,6,319,US,PIT,2126
-4,3,8,4,6,319,US,PIT,2125
-1,3,9,5,6,319,US,PIT,2124
-2,3,11,7,6,319,US,PIT,2122
3,3,12,1,6,319,US,PIT,2121
8,3,13,2,6,319,US,PIT,2120
-2,3,14,3,6,319,US,PIT,2119
-1,3,15,4,6,319,US,PIT,2118
-5,3,16,5,6,319,US,PIT,2117
0,3,17,6,6,319,US,PIT,2116
-6,3,18,7,6,319,US,PIT,2115
-2,3,19,1,6,319,US,PIT,2114
-6,3,20,2,6,319,US,PIT,2113
25,3,21,3,6,319,US,PIT,2112
0,3,22,4,6,319,US,PIT,2111
-5,3,23,5,6,319,US,PIT,2110
-4,3,24,6,6,319,US,PIT,2109
-3,3,25,7,6,319,US,PIT,2108
-1,3,26,1,6,319,US,PIT,2107
-4,3,27,2,6,319,US,PIT,2106
-4,3,29,4,6,319,US,PIT,2104
0,3,30,5,6,319,US,PIT,2103
4,3,31,6,6,319,US,PIT,2102
1,3,1,4,14,319,US,PIT,2132
26,3,2,5,14,319,US,PIT,2131
-6,3,3,6,14,319,US,PIT,2130
1,3,4,7,14,319,US,PIT,2129
-1,3,5,1,14,319,US,PIT,2128
4,3,6,2,14,319,US,PIT,2127
-4,3,7,3,14,319,US,PIT,2126
-4,3,9,5,14,319,US,PIT,2124
-3,3,10,6,14,319,US,PIT,2123
4,3,11,7,14,319,US,PIT,2122
-5,3,12,1,14,319,US,PIT,2121
-1,3,13,2,14,319,US,PIT,2120
28,3,14,3,14,319,US,PIT,2119
24,3,15,4,14,319,US,PIT,2118
5,3,16,5,14,319,US,PIT,2117
15,3,18,7,14,319,US,PIT,2115
-4,3,19,1,14,319,US,PIT,2114
135,3,20,2,14,319,US,PIT,2113
16,3,21,3,14,319,US,PIT,2112
31,3,22,4,14,319,US,PIT,2111
-3,3,24,6,14,319,US,PIT,2109
10,3,25,7,14,319,US,PIT,2108
-3,3,27,2,14,319,US,PIT,2106
-1,3,28,3,14,319,US,PIT,2105
-2,3,29,4,14,319,US,PIT,2104
28,3,30,5,14,319,US,PIT,2103
-5,3,31,6,14,319,US,PIT,2102
-5,3,1,4,9,319,US,PIT,2132
-5,3,2,5,9,319,US,PIT,2131
-3,3,3,6,9,319,US,PIT,2130
3,3,4,7,9,319,US,PIT,2129
-1,3,5,1,9,319,US,PIT,2128
-5,3,7,3,9,319,US,PIT,2126
46,3,8,4,9,319,US,PIT,2125
16,3,9,5,9,319,US,PIT,2124
-6,3,10,6,9,319,US,PIT,2123
-4,3,11,7,9,319,US,PIT,2122
-3,3,12,1,9,319,US,PIT,2121
23,3,13,2,9,319,US,PIT,2120
0,3,14,3,9,319,US,PIT,2119
-6,3,15,4,9,319,US,PIT,2118
0,3,16,5,9,319,US,PIT,2117
-4,3,17,6,9,319,US,PIT,2116
0,3,18,7,9,319,US,PIT,2115
-8,3,20,2,9,319,US,PIT,2113
-6,3,21,3,9,319,US,PIT,2112
-5,3,22,4,9,319,US,PIT,2111
-4,3,23,5,9,319,US,PIT,2110
11,3,24,6,9,319,US,PIT,2109
-4,3,25,7,9,319,US,PIT,2108
30,3,26,1,9,319,US,PIT,2107
-2,3,27,2,9,319,US,PIT,2106
-5,3,28,3,9,319,US,PIT,2105
-7,3,29,4,9,319,US,PIT,2104
-2,3,30,5,9,319,US,PIT,2103
-2,3,31,6,9,319,US,PIT,2102
-3,3,1,4,6,529,US,CLT,2132
1,3,5,1,6,529,US,CLT,2128
-6,3,9,5,6,529,US,CLT,2124
-6,3,12,1,6,529,US,CLT,2121
2,3,13,2,6,529,US,CLT,2120
11,3,14,3,6,529,US,CLT,2119
-3,3,16,5,6,529,US,CLT,2117
5,3,19,1,6,529,US,CLT,2114
-5,3,20,2,6,529,US,CLT,2113
-4,3,21,3,6,529,US,CLT,2112
35,3,22,4,6,529,US,CLT,2111
-3,3,26,1,6,529,US,CLT,2107
-4,3,27,2,6,529,US,CLT,2106
-5,3,28,3,6,529,US,CLT,2105
-5,3,29,4,6,529,US,CLT,2104
-6,3,30,5,6,529,US,CLT,2103
-7,3,1,4,19,529,US,CLT,2132
-5,3,2,5,19,529,US,CLT,2131
-6,3,3,6,19,529,US,CLT,2130
30,3,4,7,19,529,US,CLT,2129
6,3,6,2,19,529,US,CLT,2127
-5,3,7,3,19,529,US,CLT,2126
7,3,8,4,19,529,US,CLT,2125
2,3,9,5,19,529,US,CLT,2124
-2,3,10,6,19,529,US,CLT,2123
-2,3,11,7,19,529,US,CLT,2122
-6,3,12,1,19,529,US,CLT,2121
7,3,13,2,19,529,US,CLT,2120
30,3,14,3,19,529,US,CLT,2119
13,3,15,4,19,529,US,CLT,2118
8,3,16,5,19,529,US,CLT,2117
-4,3,17,6,19,529,US,CLT,2116
14,3,18,7,19,529,US,CLT,2115
-2,3,19,1,19,529,US,CLT,2114
-7,3,20,2,19,529,US,CLT,2113
235,3,21,3,19,529,US,CLT,2112
-1,3,22,4,19,529,US,CLT,2111
30,3,23,5,19,529,US,CLT,2110
-1,3,24,6,19,529,US,CLT,2109
10,3,25,7,19,529,US,CLT,2108
-3,3,26,1,19,529,US,CLT,2107
-7,3,28,3,19,529,US,CLT,2105
-2,3,30,5,19,529,US,CLT,2103
-4,3,31,6,19,529,US,CLT,2102
1,3,1,4,10,529,US,CLT,2132
-7,3,2,5,10,529,US,CLT,2131
-5,3,3,6,10,529,US,CLT,2130
-2,3,4,7,10,529,US,CLT,2129
-5,3,5,1,10,529,US,CLT,2128
15,3,7,3,10,529,US,CLT,2126
-5,3,8,4,10,529,US,CLT,2125
-5,3,9,5,10,529,US,CLT,2124
-4,3,10,6,10,529,US,CLT,2123
-5,3,11,7,10,529,US,CLT,2122
-4,3,12,1,10,529,US,CLT,2121
-4,3,13,2,10,529,US,CLT,2120
0,3,14,3,10,529,US,CLT,2119
-4,3,15,4,10,529,US,CLT,2118
2,3,16,5,10,529,US,CLT,2117
-4,3,17,6,10,529,US,CLT,2116
-5,3,18,7,10,529,US,CLT,2115
-4,3,19,1,10,529,US,CLT,2114
-5,3,20,2,10,529,US,CLT,2113
1,3,21,3,10,529,US,CLT,2112
-3,3,22,4,10,529,US,CLT,2111
16,3,23,5,10,529,US,CLT,2110
-4,3,24,6,10,529,US,CLT,2109
-6,3,25,7,10,529,US,CLT,2108
-4,3,26,1,10,529,US,CLT,2107
-6,3,27,2,10,529,US,CLT,2106
-7,3,28,3,10,529,US,CLT,2105
-3,3,29,4,10,529,US,CLT,2104
-2,3,31,6,10,529,US,CLT,2102
10,3,3,6,7,529,US,CLT,2130
-7,3,1,4,15,319,US,PIT,2132
13,3,2,5,15,319,US,PIT,2131
-4,3,3,6,15,319,US,PIT,2130
-5,3,4,7,15,319,US,PIT,2129
-3,3,5,1,15,319,US,PIT,2128
-3,3,8,4,15,319,US,PIT,2125
-9,3,9,5,15,319,US,PIT,2124
-3,3,10,6,15,319,US,PIT,2123
-5,3,11,7,15,319,US,PIT,2122
-1,3,12,1,15,319,US,PIT,2121
53,3,13,2,15,319,US,PIT,2120
6,3,14,3,15,319,US,PIT,2119
-2,3,15,4,15,319,US,PIT,2118
-5,3,16,5,15,319,US,PIT,2117
15,3,17,6,15,319,US,PIT,2116
5,3,18,7,15,319,US,PIT,2115
-6,3,19,1,15,319,US,PIT,2114
59,3,20,2,15,319,US,PIT,2113
179,3,21,3,15,319,US,PIT,2112
106,3,22,4,15,319,US,PIT,2111
123,3,23,5,15,319,US,PIT,2110
17,3,25,7,15,319,US,PIT,2108
20,3,26,1,15,319,US,PIT,2107
-5,3,27,2,15,319,US,PIT,2106
-1,3,28,3,15,319,US,PIT,2105
15,3,29,4,15,319,US,PIT,2104
83,3,30,5,15,319,US,PIT,2103
-7,3,1,4,13,529,US,CLT,2132
-5,3,2,5,13,529,US,CLT,2131
-2,3,3,6,13,529,US,CLT,2130
4,3,4,7,13,529,US,CLT,2129
-5,3,5,1,13,529,US,CLT,2128
15,3,6,2,13,529,US,CLT,2127
-2,3,7,3,13,529,US,CLT,2126
-3,3,8,4,13,529,US,CLT,2125
9,3,9,5,13,529,US,CLT,2124
-3,3,10,6,13,529,US,CLT,2123
-5,3,11,7,13,529,US,CLT,2122
-1,3,12,1,13,529,US,CLT,2121
-6,3,13,2,13,529,US,CLT,2120
-5,3,14,3,13,529,US,CLT,2119
-5,3,15,4,13,529,US,CLT,2118
-5,3,16,5,13,529,US,CLT,2117
-4,3,19,1,13,529,US,CLT,2114
59,3,20,2,13,529,US,CLT,2113
-4,3,21,3,13,529,US,CLT,2112
-5,3,22,4,13,529,US,CLT,2111
-2,3,23,5,13,529,US,CLT,2110
-6,3,24,6,13,529,US,CLT,2109
-7,3,25,7,13,529,US,CLT,2108
0,3,26,1,13,529,US,CLT,2107
-8,3,27,2,13,529,US,CLT,2106
-6,3,28,3,13,529,US,CLT,2105
-5,3,29,4,13,529,US,CLT,2104
25,3,30,5,13,529,US,CLT,2103
-3,3,31,6,13,529,US,CLT,2102
-4,3,1,4,9,529,US,CLT,2132
2,3,2,5,9,529,US,CLT,2131
-6,3,3,6,9,529,US,CLT,2130
-1,3,4,7,9,529,US,CLT,2129
14,3,5,1,9,529,US,CLT,2128
8,3,8,4,9,529,US,CLT,2125
8,3,9,5,9,529,US,CLT,2124
-4,3,10,6,9,529,US,CLT,2123
37,3,11,7,9,529,US,CLT,2122
-5,3,12,1,9,529,US,CLT,2121
20,3,13,2,9,529,US,CLT,2120
7,3,14,3,9,529,US,CLT,2119
-5,3,15,4,9,529,US,CLT,2118
-5,3,16,5,9,529,US,CLT,2117
2,3,17,6,9,529,US,CLT,2116
-4,3,18,7,9,529,US,CLT,2115
21,3,19,1,9,529,US,CLT,2114
-6,3,20,2,9,529,US,CLT,2113
-4,3,21,3,9,529,US,CLT,2112
-2,3,22,4,9,529,US,CLT,2111
-5,3,23,5,9,529,US,CLT,2110
-6,3,24,6,9,529,US,CLT,2109
-3,3,25,7,9,529,US,CLT,2108
16,3,26,1,9,529,US,CLT,2107
8,3,27,2,9,529,US,CLT,2106
-3,3,28,3,9,529,US,CLT,2105
-6,3,29,4,9,529,US,CLT,2104
-6,3,31,6,9,529,US,CLT,2102
-4,3,1,4,18,319,US,PIT,2132
-2,3,2,5,18,319,US,PIT,2131
0,3,3,6,18,319,US,PIT,2130
8,3,4,7,18,319,US,PIT,2129
39,3,6,2,18,319,US,PIT,2127
-3,3,7,3,18,319,US,PIT,2126
-5,3,8,4,18,319,US,PIT,2125
22,3,9,5,18,319,US,PIT,2124
-2,3,10,6,18,319,US,PIT,2123
-2,3,11,7,18,319,US,PIT,2122
0,3,12,1,18,319,US,PIT,2121
3,3,14,3,18,319,US,PIT,2119
11,3,15,4,18,319,US,PIT,2118
7,3,16,5,18,319,US,PIT,2117
75,3,18,7,18,319,US,PIT,2115
-5,3,19,1,18,319,US,PIT,2114
-4,3,20,2,18,319,US,PIT,2113
293,3,21,3,18,319,US,PIT,2112
189,3,22,4,18,319,US,PIT,2111
108,3,23,5,18,319,US,PIT,2110
-4,3,24,6,18,319,US,PIT,2109
-3,3,25,7,18,319,US,PIT,2108
38,3,27,2,18,319,US,PIT,2106
5,3,28,3,18,319,US,PIT,2105
2,3,29,4,18,319,US,PIT,2104
-3,3,31,6,18,319,US,PIT,2102
-4,3,1,4,20,319,US,PIT,2132
1,3,2,5,20,319,US,PIT,2131
-1,3,3,6,20,319,US,PIT,2130
55,3,4,7,20,319,US,PIT,2129
28,3,6,2,20,319,US,PIT,2127
-6,3,7,3,20,319,US,PIT,2126
-5,3,8,4,20,319,US,PIT,2125
3,3,9,5,20,319,US,PIT,2124
-5,3,10,6,20,319,US,PIT,2123
-6,3,11,7,20,319,US,PIT,2122
-8,3,12,1,20,319,US,PIT,2121
-1,3,13,2,20,319,US,PIT,2120
1,3,14,3,20,319,US,PIT,2119
-6,3,15,4,20,319,US,PIT,2118
-9,3,16,5,20,319,US,PIT,2117
37,3,17,6,20,319,US,PIT,2116
5,3,18,7,20,319,US,PIT,2115
-1,3,19,1,20,319,US,PIT,2114
-4,3,20,2,20,319,US,PIT,2113
119,3,23,5,20,319,US,PIT,2110
0,3,25,7,20,319,US,PIT,2108
-5,3,26,1,20,319,US,PIT,2107
-5,3,27,2,20,319,US,PIT,2106
-11,3,28,3,20,319,US,PIT,2105
27,3,29,4,20,319,US,PIT,2104
174,3,30,5,20,319,US,PIT,2103
-7,3,31,6,20,319,US,PIT,2102
-3,3,1,4,12,319,US,PIT,2132
-7,3,2,5,12,319,US,PIT,2131
6,3,3,6,12,319,US,PIT,2130
-4,3,4,7,12,319,US,PIT,2129
1,3,5,1,12,319,US,PIT,2128
0,3,7,3,12,319,US,PIT,2126
-4,3,8,4,12,319,US,PIT,2125
7,3,9,5,12,319,US,PIT,2124
1,3,10,6,12,319,US,PIT,2123
-6,3,11,7,12,319,US,PIT,2122
-6,3,12,1,12,319,US,PIT,2121
-4,3,13,2,12,319,US,PIT,2120
4,3,14,3,12,319,US,PIT,2119
-6,3,15,4,12,319,US,PIT,2118
-5,3,16,5,12,319,US,PIT,2117
-5,3,17,6,12,319,US,PIT,2116
4,3,18,7,12,319,US,PIT,2115
-4,3,19,1,12,319,US,PIT,2114
-7,3,20,2,12,319,US,PIT,2113
-4,3,22,4,12,319,US,PIT,2111
6,3,23,5,12,319,US,PIT,2110
-9,3,24,6,12,319,US,PIT,2109
-7,3,25,7,12,319,US,PIT,2108
-4,3,26,1,12,319,US,PIT,2107
-5,3,27,2,12,319,US,PIT,2106
-7,3,28,3,12,319,US,PIT,2105
0,3,29,4,12,319,US,PIT,2104
15,3,30,5,12,319,US,PIT,2103
1,3,1,4,18,529,US,CLT,2132
-1,3,2,5,18,529,US,CLT,2131
11,3,3,6,18,529,US,CLT,2130
26,3,4,7,18,529,US,CLT,2129
34,3,6,2,18,529,US,CLT,2127
25,3,7,3,18,529,US,CLT,2126
20,3,8,4,18,529,US,CLT,2125
1,3,10,6,18,529,US,CLT,2123
34,3,11,7,18,529,US,CLT,2122
-7,3,12,1,18,529,US,CLT,2121
19,3,15,4,18,529,US,CLT,2118
40,3,16,5,18,529,US,CLT,2117
-3,3,17,6,18,529,US,CLT,2116
22,3,18,7,18,529,US,CLT,2115
-5,3,19,1,18,529,US,CLT,2114
13,3,20,2,18,529,US,CLT,2113
139,3,21,3,18,529,US,CLT,2112
33,3,23,5,18,529,US,CLT,2110
-4,3,24,6,18,529,US,CLT,2109
-1,3,25,7,18,529,US,CLT,2108
-6,3,26,1,18,529,US,CLT,2107
58,3,27,2,18,529,US,CLT,2106
-5,3,28,3,18,529,US,CLT,2105
31,3,29,4,18,529,US,CLT,2104
87,3,30,5,18,529,US,CLT,2103
8,3,31,6,18,529,US,CLT,2102
-7,3,1,4,13,1008,NW,MSP,2132
-6,3,2,5,13,1008,NW,MSP,2131
-6,3,3,6,13,1008,NW,MSP,2130
-3,3,4,7,13,1008,NW,MSP,2129
-3,3,6,2,13,1008,NW,MSP,2127
-1,3,7,3,13,1008,NW,MSP,2126
-1,3,8,4,13,1008,NW,MSP,2125
13,3,9,5,13,1008,NW,MSP,2124
-7,3,10,6,13,1008,NW,MSP,2123
-1,3,11,7,13,1008,NW,MSP,2122
1,3,12,1,13,1008,NW,MSP,2121
-6,3,14,3,13,1008,NW,MSP,2119
0,3,15,4,13,1008,NW,MSP,2118
320,3,16,5,13,1008,NW,MSP,2117
-3,3,17,6,13,1008,NW,MSP,2116
-8,3,18,7,13,1008,NW,MSP,2115
-8,3,19,1,13,1008,NW,MSP,2114
-5,3,20,2,13,1008,NW,MSP,2113
-4,3,21,3,13,1008,NW,MSP,2112
-3,3,22,4,13,1008,NW,MSP,2111
-1,3,23,5,13,1008,NW,MSP,2110
-4,3,24,6,13,1008,NW,MSP,2109
-3,3,25,7,13,1008,NW,MSP,2108
-6,3,26,1,13,1008,NW,MSP,2107
-6,3,27,2,13,1008,NW,MSP,2106
-2,3,28,3,13,1008,NW,MSP,2105
-5,3,29,4,13,1008,NW,MSP,2104
1,3,30,5,13,1008,NW,MSP,2103
-1,3,31,6,13,1008,NW,MSP,2102
-6,3,1,4,9,1008,NW,MSP,2132
-5,3,2,5,9,1008,NW,MSP,2131
6,3,3,6,9,1008,NW,MSP,2130
-1,3,5,1,9,1008,NW,MSP,2128
-6,3,7,3,9,1008,NW,MSP,2126
-5,3,8,4,9,1008,NW,MSP,2125
-8,3,9,5,9,1008,NW,MSP,2124
-7,3,10,6,9,1008,NW,MSP,2123
-9,3,12,1,9,1008,NW,MSP,2121
235,3,13,2,9,1008,NW,MSP,2120
-8,3,14,3,9,1008,NW,MSP,2119
-5,3,15,4,9,1008,NW,MSP,2118
-6,3,16,5,9,1008,NW,MSP,2117
-5,3,17,6,9,1008,NW,MSP,2116
-8,3,19,1,9,1008,NW,MSP,2114
-7,3,20,2,9,1008,NW,MSP,2113
-6,3,21,3,9,1008,NW,MSP,2112
-6,3,22,4,9,1008,NW,MSP,2111
-1,3,23,5,9,1008,NW,MSP,2110
-9,3,24,6,9,1008,NW,MSP,2109
-7,3,27,2,9,1008,NW,MSP,2106
-6,3,28,3,9,1008,NW,MSP,2105
-4,3,29,4,9,1008,NW,MSP,2104
6,3,30,5,9,1008,NW,MSP,2103
-5,3,31,6,9,1008,NW,MSP,2102
-8,3,1,4,19,1008,NW,MSP,2132
-6,3,2,5,19,1008,NW,MSP,2131
62,3,4,7,19,1008,NW,MSP,2129
-3,3,5,1,19,1008,NW,MSP,2128
-5,3,6,2,19,1008,NW,MSP,2127
101,3,7,3,19,1008,NW,MSP,2126
-4,3,8,4,19,1008,NW,MSP,2125
-4,3,9,5,19,1008,NW,MSP,2124
-2,3,11,7,19,1008,NW,MSP,2122
27,3,13,2,19,1008,NW,MSP,2120
40,3,14,3,19,1008,NW,MSP,2119
-8,3,15,4,19,1008,NW,MSP,2118
-4,3,16,5,19,1008,NW,MSP,2117
9,3,18,7,19,1008,NW,MSP,2115
-5,3,19,1,19,1008,NW,MSP,2114
-2,3,20,2,19,1008,NW,MSP,2113
16,3,22,4,19,1008,NW,MSP,2111
108,3,23,5,19,1008,NW,MSP,2110
167,3,25,7,19,1008,NW,MSP,2108
-5,3,26,1,19,1008,NW,MSP,2107
-3,3,27,2,19,1008,NW,MSP,2106
18,3,28,3,19,1008,NW,MSP,2105
-4,3,29,4,19,1008,NW,MSP,2104
1,3,30,5,19,1008,NW,MSP,2103
-4,3,1,4,6,946,NW,MEM,2132
-5,3,2,5,6,946,NW,MEM,2131
-5,3,3,6,6,946,NW,MEM,2130
-3,3,4,7,6,946,NW,MEM,2129
-4,3,7,3,6,946,NW,MEM,2126
-3,3,8,4,6,946,NW,MEM,2125
-3,3,9,5,6,946,NW,MEM,2124
27,3,10,6,6,946,NW,MEM,2123
-4,3,11,7,6,946,NW,MEM,2122
0,3,12,1,6,946,NW,MEM,2121
-4,3,13,2,6,946,NW,MEM,2120
-3,3,14,3,6,946,NW,MEM,2119
-6,3,15,4,6,946,NW,MEM,2118
-4,3,16,5,6,946,NW,MEM,2117
-6,3,17,6,6,946,NW,MEM,2116
-7,3,19,1,6,946,NW,MEM,2114
-3,3,20,2,6,946,NW,MEM,2113
-5,3,21,3,6,946,NW,MEM,2112
-6,3,22,4,6,946,NW,MEM,2111
-5,3,23,5,6,946,NW,MEM,2110
-3,3,26,1,6,946,NW,MEM,2107
-5,3,27,2,6,946,NW,MEM,2106
-4,3,28,3,6,946,NW,MEM,2105
-5,3,29,4,6,946,NW,MEM,2104
-6,3,30,5,6,946,NW,MEM,2103
0,3,31,6,6,946,NW,MEM,2102
-4,3,1,4,17,946,NW,MEM,2132
-8,3,2,5,17,946,NW,MEM,2131
6,3,4,7,17,946,NW,MEM,2129
10,3,5,1,17,946,NW,MEM,2128
-6,3,6,2,17,946,NW,MEM,2127
-8,3,7,3,17,946,NW,MEM,2126
-5,3,8,4,17,946,NW,MEM,2125
-3,3,9,5,17,946,NW,MEM,2124
49,3,11,7,17,946,NW,MEM,2122
-4,3,12,1,17,946,NW,MEM,2121
1,3,15,4,17,946,NW,MEM,2118
1,3,16,5,17,946,NW,MEM,2117
-4,3,18,7,17,946,NW,MEM,2115
-6,3,19,1,17,946,NW,MEM,2114
-8,3,20,2,17,946,NW,MEM,2113
12,3,21,3,17,946,NW,MEM,2112
9,3,22,4,17,946,NW,MEM,2111
-1,3,23,5,17,946,NW,MEM,2110
-2,3,25,7,17,946,NW,MEM,2108
-6,3,26,1,17,946,NW,MEM,2107
-6,3,27,2,17,946,NW,MEM,2106
-10,3,28,3,17,946,NW,MEM,2105
-3,3,29,4,17,946,NW,MEM,2104
-2,3,1,4,10,946,NW,MEM,2132
-3,3,2,5,10,946,NW,MEM,2131
-3,3,3,6,10,946,NW,MEM,2130
-3,3,4,7,10,946,NW,MEM,2129
4,3,5,1,10,946,NW,MEM,2128
-5,3,7,3,10,946,NW,MEM,2126
-5,3,8,4,10,946,NW,MEM,2125
-4,3,10,6,10,946,NW,MEM,2123
-3,3,11,7,10,946,NW,MEM,2122
5,3,13,2,10,946,NW,MEM,2120
-2,3,14,3,10,946,NW,MEM,2119
10,3,15,4,10,946,NW,MEM,2118
-3,3,16,5,10,946,NW,MEM,2117
-2,3,17,6,10,946,NW,MEM,2116
-1,3,18,7,10,946,NW,MEM,2115
-6,3,19,1,10,946,NW,MEM,2114
-2,3,20,2,10,946,NW,MEM,2113
-5,3,21,3,10,946,NW,MEM,2112
-3,3,22,4,10,946,NW,MEM,2111
-1,3,23,5,10,946,NW,MEM,2110
-4,3,24,6,10,946,NW,MEM,2109
-4,3,25,7,10,946,NW,MEM,2108
-4,3,26,1,10,946,NW,MEM,2107
-4,3,27,2,10,946,NW,MEM,2106
-4,3,29,4,10,946,NW,MEM,2104
-3,3,30,5,10,946,NW,MEM,2103
-5,3,31,6,10,946,NW,MEM,2102
-7,3,1,4,14,946,NW,MEM,2132
-5,3,2,5,14,946,NW,MEM,2131
-10,3,3,6,14,946,NW,MEM,2130
-4,3,4,7,14,946,NW,MEM,2129
-6,3,5,1,14,946,NW,MEM,2128
-6,3,6,2,14,946,NW,MEM,2127
-2,3,7,3,14,946,NW,MEM,2126
38,3,8,4,14,946,NW,MEM,2125
-3,3,9,5,14,946,NW,MEM,2124
-9,3,10,6,14,946,NW,MEM,2123
-10,3,11,7,14,946,NW,MEM,2122
58,3,12,1,14,946,NW,MEM,2121
-6,3,13,2,14,946,NW,MEM,2120
-7,3,14,3,14,946,NW,MEM,2119
-4,3,15,4,14,946,NW,MEM,2118
-5,3,16,5,14,946,NW,MEM,2117
-3,3,17,6,14,946,NW,MEM,2116
7,3,18,7,14,946,NW,MEM,2115
-7,3,19,1,14,946,NW,MEM,2114
-4,3,20,2,14,946,NW,MEM,2113
-3,3,21,3,14,946,NW,MEM,2112
121,3,22,4,14,946,NW,MEM,2111
-6,3,23,5,14,946,NW,MEM,2110
-8,3,24,6,14,946,NW,MEM,2109
-6,3,25,7,14,946,NW,MEM,2108
-5,3,26,1,14,946,NW,MEM,2107
-3,3,27,2,14,946,NW,MEM,2106
-3,3,28,3,14,946,NW,MEM,2105
-5,3,29,4,14,946,NW,MEM,2104
1,3,30,5,14,946,NW,MEM,2103
-6,3,31,6,14,946,NW,MEM,2102
-3,3,1,4,12,487,NW,DTW,2132
-6,3,2,5,12,487,NW,DTW,2131
69,3,3,6,12,487,NW,DTW,2130
-1,3,4,7,12,487,NW,DTW,2129
4,3,5,1,12,487,NW,DTW,2128
-2,3,6,2,12,487,NW,DTW,2127
-2,3,7,3,12,487,NW,DTW,2126
30,3,8,4,12,487,NW,DTW,2125
21,3,9,5,12,487,NW,DTW,2124
-4,3,10,6,12,487,NW,DTW,2123
-7,3,11,7,12,487,NW,DTW,2122
-1,3,13,2,12,487,NW,DTW,2120
29,3,14,3,12,487,NW,DTW,2119
-6,3,15,4,12,487,NW,DTW,2118
-1,3,16,5,12,487,NW,DTW,2117
10,3,18,7,12,487,NW,DTW,2115
-7,3,19,1,12,487,NW,DTW,2114
0,3,21,3,12,487,NW,DTW,2112
-3,3,22,4,12,487,NW,DTW,2111
-4,3,23,5,12,487,NW,DTW,2110
-5,3,24,6,12,487,NW,DTW,2109
68,3,25,7,12,487,NW,DTW,2108
-1,3,26,1,12,487,NW,DTW,2107
-7,3,28,3,12,487,NW,DTW,2105
-2,3,29,4,12,487,NW,DTW,2104
-2,3,30,5,12,487,NW,DTW,2103
-5,3,31,6,12,487,NW,DTW,2102
-5,3,1,4,16,487,NW,DTW,2132
-1,3,2,5,16,487,NW,DTW,2131
-5,3,3,6,16,487,NW,DTW,2130
5,3,4,7,16,487,NW,DTW,2129
-5,3,6,2,16,487,NW,DTW,2127
-4,3,7,3,16,487,NW,DTW,2126
0,3,8,4,16,487,NW,DTW,2125
0,3,9,5,16,487,NW,DTW,2124
-4,3,10,6,16,487,NW,DTW,2123
-2,3,11,7,16,487,NW,DTW,2122
-2,3,12,1,16,487,NW,DTW,2121
-4,3,14,3,16,487,NW,DTW,2119
8,3,15,4,16,487,NW,DTW,2118
38,3,16,5,16,487,NW,DTW,2117
49,3,17,6,16,487,NW,DTW,2116
13,3,18,7,16,487,NW,DTW,2115
6,3,19,1,16,487,NW,DTW,2114
-3,3,20,2,16,487,NW,DTW,2113
-6,3,24,6,16,487,NW,DTW,2109
16,3,25,7,16,487,NW,DTW,2108
-3,3,27,2,16,487,NW,DTW,2106
-6,3,28,3,16,487,NW,DTW,2105
-5,3,29,4,16,487,NW,DTW,2104
-1,3,31,6,16,487,NW,DTW,2102
11,3,1,4,17,1008,NW,MSP,2132
23,3,2,5,17,1008,NW,MSP,2131
-9,3,3,6,17,1008,NW,MSP,2130
51,3,4,7,17,1008,NW,MSP,2129
-9,3,5,1,17,1008,NW,MSP,2128
-3,3,6,2,17,1008,NW,MSP,2127
-7,3,7,3,17,1008,NW,MSP,2126
15,3,8,4,17,1008,NW,MSP,2125
5,3,9,5,17,1008,NW,MSP,2124
17,3,10,6,17,1008,NW,MSP,2123
65,3,12,1,17,1008,NW,MSP,2121
117,3,13,2,17,1008,NW,MSP,2120
2,3,15,4,17,1008,NW,MSP,2118
2,3,16,5,17,1008,NW,MSP,2117
55,3,17,6,17,1008,NW,MSP,2116
23,3,18,7,17,1008,NW,MSP,2115
4,3,19,1,17,1008,NW,MSP,2114
-2,3,20,2,17,1008,NW,MSP,2113
197,3,21,3,17,1008,NW,MSP,2112
127,3,22,4,17,1008,NW,MSP,2111
66,3,23,5,17,1008,NW,MSP,2110
136,3,24,6,17,1008,NW,MSP,2109
-1,3,25,7,17,1008,NW,MSP,2108
77,3,26,1,17,1008,NW,MSP,2107
118,3,27,2,17,1008,NW,MSP,2106
1,3,29,4,17,1008,NW,MSP,2104
-1,3,30,5,17,1008,NW,MSP,2103
-4,3,31,6,17,1008,NW,MSP,2102
-3,3,1,4,8,1008,NW,MSP,2132
-6,3,2,5,8,1008,NW,MSP,2131
-2,3,3,6,8,1008,NW,MSP,2130
-3,3,4,7,8,1008,NW,MSP,2129
-5,3,5,1,8,1008,NW,MSP,2128
-2,3,7,3,8,1008,NW,MSP,2126
-3,3,8,4,8,1008,NW,MSP,2125
-2,3,9,5,8,1008,NW,MSP,2124
-3,3,10,6,8,1008,NW,MSP,2123
-6,3,11,7,8,1008,NW,MSP,2122
-5,3,12,1,8,1008,NW,MSP,2121
36,3,13,2,8,1008,NW,MSP,2120
-5,3,14,3,8,1008,NW,MSP,2119
-1,3,15,4,8,1008,NW,MSP,2118
-6,3,16,5,8,1008,NW,MSP,2117
-3,3,17,6,8,1008,NW,MSP,2116
-5,3,18,7,8,1008,NW,MSP,2115
11,3,19,1,8,1008,NW,MSP,2114
-5,3,20,2,8,1008,NW,MSP,2113
32,3,21,3,8,1008,NW,MSP,2112
-6,3,22,4,8,1008,NW,MSP,2111
-7,3,23,5,8,1008,NW,MSP,2110
-6,3,24,6,8,1008,NW,MSP,2109
-5,3,25,7,8,1008,NW,MSP,2108
-3,3,26,1,8,1008,NW,MSP,2107
-3,3,27,2,8,1008,NW,MSP,2106
10,3,28,3,8,1008,NW,MSP,2105
-7,3,29,4,8,1008,NW,MSP,2104
8,3,30,5,8,1008,NW,MSP,2103
0,3,31,6,8,1008,NW,MSP,2102
-5,3,1,4,6,487,NW,DTW,2132
-6,3,2,5,6,487,NW,DTW,2131
21,3,3,6,6,487,NW,DTW,2130
7,3,4,7,6,487,NW,DTW,2129
-2,3,7,3,6,487,NW,DTW,2126
-3,3,8,4,6,487,NW,DTW,2125
-1,3,9,5,6,487,NW,DTW,2124
-3,3,10,6,6,487,NW,DTW,2123
-3,3,11,7,6,487,NW,DTW,2122
10,3,12,1,6,487,NW,DTW,2121
-3,3,14,3,6,487,NW,DTW,2119
-2,3,15,4,6,487,NW,DTW,2118
-2,3,16,5,6,487,NW,DTW,2117
-2,3,17,6,6,487,NW,DTW,2116
0,3,18,7,6,487,NW,DTW,2115
-4,3,19,1,6,487,NW,DTW,2114
-1,3,20,2,6,487,NW,DTW,2113
-3,3,21,3,6,487,NW,DTW,2112
0,3,22,4,6,487,NW,DTW,2111
6,3,23,5,6,487,NW,DTW,2110
-3,3,24,6,6,487,NW,DTW,2109
-5,3,25,7,6,487,NW,DTW,2108
-1,3,26,1,6,487,NW,DTW,2107
2,3,27,2,6,487,NW,DTW,2106
-5,3,28,3,6,487,NW,DTW,2105
-4,3,29,4,6,487,NW,DTW,2104
-4,3,30,5,6,487,NW,DTW,2103
0,3,31,6,6,487,NW,DTW,2102
-2,3,1,4,14,872,TW,STL,2132
-2,3,2,5,14,872,TW,STL,2131
-2,3,3,6,14,872,TW,STL,2130
10,3,4,7,14,872,TW,STL,2129
6,3,5,1,14,872,TW,STL,2128
25,3,6,2,14,872,TW,STL,2127
4,3,7,3,14,872,TW,STL,2126
4,3,8,4,14,872,TW,STL,2125
0,3,9,5,14,872,TW,STL,2124
12,3,10,6,14,872,TW,STL,2123
-3,3,11,7,14,872,TW,STL,2122
-2,3,12,1,14,872,TW,STL,2121
-3,3,13,2,14,872,TW,STL,2120
61,3,14,3,14,872,TW,STL,2119
13,3,15,4,14,872,TW,STL,2118
28,3,16,5,14,872,TW,STL,2117
5,3,17,6,14,872,TW,STL,2116
10,3,18,7,14,872,TW,STL,2115
40,3,19,1,14,872,TW,STL,2114
1,3,20,2,14,872,TW,STL,2113
60,3,21,3,14,872,TW,STL,2112
62,3,22,4,14,872,TW,STL,2111
1,3,23,5,14,872,TW,STL,2110
-1,3,24,6,14,872,TW,STL,2109
4,3,25,7,14,872,TW,STL,2108
-3,3,26,1,14,872,TW,STL,2107
0,3,27,2,14,872,TW,STL,2106
106,3,28,3,14,872,TW,STL,2105
-1,3,29,4,14,872,TW,STL,2104
51,3,30,5,14,872,TW,STL,2103
131,3,31,6,14,872,TW,STL,2102
4,3,1,4,6,872,TW,STL,2132
-6,3,2,5,6,872,TW,STL,2131
5,3,3,6,6,872,TW,STL,2130
17,3,4,7,6,872,TW,STL,2129
0,3,7,3,6,872,TW,STL,2126
-2,3,8,4,6,872,TW,STL,2125
-2,3,9,5,6,872,TW,STL,2124
0,3,10,6,6,872,TW,STL,2123
8,3,11,7,6,872,TW,STL,2122
-4,3,12,1,6,872,TW,STL,2121
-1,3,13,2,6,872,TW,STL,2120
-1,3,14,3,6,872,TW,STL,2119
4,3,15,4,6,872,TW,STL,2118
-5,3,16,5,6,872,TW,STL,2117
8,3,17,6,6,872,TW,STL,2116
-1,3,18,7,6,872,TW,STL,2115
0,3,19,1,6,872,TW,STL,2114
14,3,20,2,6,872,TW,STL,2113
-6,3,21,3,6,872,TW,STL,2112
-2,3,22,4,6,872,TW,STL,2111
-6,3,23,5,6,872,TW,STL,2110
-2,3,24,6,6,872,TW,STL,2109
3,3,25,7,6,872,TW,STL,2108
0,3,26,1,6,872,TW,STL,2107
-2,3,27,2,6,872,TW,STL,2106
-2,3,28,3,6,872,TW,STL,2105
-1,3,29,4,6,872,TW,STL,2104
0,3,30,5,6,872,TW,STL,2103
0,3,31,6,6,872,TW,STL,2102
-2,3,2,5,17,872,TW,STL,2131
-1,3,3,6,17,872,TW,STL,2130
41,3,4,7,17,872,TW,STL,2129
0,3,5,1,17,872,TW,STL,2128
24,3,6,2,17,872,TW,STL,2127
-2,3,7,3,17,872,TW,STL,2126
-3,3,8,4,17,872,TW,STL,2125
20,3,9,5,17,872,TW,STL,2124
0,3,10,6,17,872,TW,STL,2123
-1,3,11,7,17,872,TW,STL,2122
0,3,12,1,17,872,TW,STL,2121
11,3,13,2,17,872,TW,STL,2120
1,3,14,3,17,872,TW,STL,2119
0,3,15,4,17,872,TW,STL,2118
33,3,16,5,17,872,TW,STL,2117
1,3,17,6,17,872,TW,STL,2116
0,3,18,7,17,872,TW,STL,2115
20,3,19,1,17,872,TW,STL,2114
-2,3,20,2,17,872,TW,STL,2113
11,3,21,3,17,872,TW,STL,2112
12,3,22,4,17,872,TW,STL,2111
0,3,23,5,17,872,TW,STL,2110
-5,3,24,6,17,872,TW,STL,2109
0,3,25,7,17,872,TW,STL,2108
33,3,26,1,17,872,TW,STL,2107
-3,3,27,2,17,872,TW,STL,2106
12,3,29,4,17,872,TW,STL,2104
-2,3,31,6,17,872,TW,STL,2102
30,3,1,4,19,872,TW,STL,2132
-1,3,2,5,19,872,TW,STL,2131
15,3,4,7,19,872,TW,STL,2129
7,3,7,3,19,872,TW,STL,2126
-1,3,8,4,19,872,TW,STL,2125
40,3,9,5,19,872,TW,STL,2124
27,3,11,7,19,872,TW,STL,2122
-3,3,12,1,19,872,TW,STL,2121
19,3,13,2,19,872,TW,STL,2120
-1,3,14,3,19,872,TW,STL,2119
49,3,15,4,19,872,TW,STL,2118
-3,3,16,5,19,872,TW,STL,2117
17,3,18,7,19,872,TW,STL,2115
-5,3,19,1,19,872,TW,STL,2114
-1,3,20,2,19,872,TW,STL,2113
110,3,21,3,19,872,TW,STL,2112
42,3,22,4,19,872,TW,STL,2111
1,3,25,7,19,872,TW,STL,2108
-1,3,26,1,19,872,TW,STL,2107
-2,3,27,2,19,872,TW,STL,2106
9,3,28,3,19,872,TW,STL,2105
-2,3,29,4,19,872,TW,STL,2104
8,3,30,5,19,872,TW,STL,2103
-1,3,1,4,8,872,TW,STL,2132
7,3,2,5,8,872,TW,STL,2131
-2,3,3,6,8,872,TW,STL,2130
1,3,4,7,8,872,TW,STL,2129
6,3,7,3,8,872,TW,STL,2126
4,3,8,4,8,872,TW,STL,2125
-1,3,9,5,8,872,TW,STL,2124
0,3,10,6,8,872,TW,STL,2123
41,3,11,7,8,872,TW,STL,2122
-4,3,12,1,8,872,TW,STL,2121
53,3,13,2,8,872,TW,STL,2120
0,3,14,3,8,872,TW,STL,2119
0,3,15,4,8,872,TW,STL,2118
41,3,16,5,8,872,TW,STL,2117
275,3,17,6,8,872,TW,STL,2116
10,3,18,7,8,872,TW,STL,2115
2,3,19,1,8,872,TW,STL,2114
-3,3,20,2,8,872,TW,STL,2113
-5,3,21,3,8,872,TW,STL,2112
0,3,22,4,8,872,TW,STL,2111
-2,3,23,5,8,872,TW,STL,2110
-6,3,24,6,8,872,TW,STL,2109
0,3,25,7,8,872,TW,STL,2108
10,3,26,1,8,872,TW,STL,2107
-2,3,27,2,8,872,TW,STL,2106
0,3,28,3,8,872,TW,STL,2105
4,3,30,5,8,872,TW,STL,2103
2,3,31,6,8,872,TW,STL,2102
-1,3,1,4,11,872,TW,STL,2132
5,3,2,5,11,872,TW,STL,2131
8,3,3,6,11,872,TW,STL,2130
15,3,4,7,11,872,TW,STL,2129
9,3,7,3,11,872,TW,STL,2126
2,3,8,4,11,872,TW,STL,2125
141,3,9,5,11,872,TW,STL,2124
-2,3,10,6,11,872,TW,STL,2123
5,3,11,7,11,872,TW,STL,2122
0,3,12,1,11,872,TW,STL,2121
0,3,13,2,11,872,TW,STL,2120
81,3,14,3,11,872,TW,STL,2119
0,3,15,4,11,872,TW,STL,2118
49,3,16,5,11,872,TW,STL,2117
0,3,17,6,11,872,TW,STL,2116
16,3,18,7,11,872,TW,STL,2115
11,3,19,1,11,872,TW,STL,2114
-2,3,20,2,11,872,TW,STL,2113
1,3,21,3,11,872,TW,STL,2112
7,3,22,4,11,872,TW,STL,2111
7,3,23,5,11,872,TW,STL,2110
-3,3,24,6,11,872,TW,STL,2109
2,3,25,7,11,872,TW,STL,2108
0,3,26,1,11,872,TW,STL,2107
-3,3,28,3,11,872,TW,STL,2105
17,3,29,4,11,872,TW,STL,2104
16,3,30,5,11,872,TW,STL,2103
-2,3,31,6,11,872,TW,STL,2102
5,3,1,4,15,872,TW,STL,2132
-2,3,2,5,15,872,TW,STL,2131
14,3,4,7,15,872,TW,STL,2129
145,3,5,1,15,872,TW,STL,2128
2,3,7,3,15,872,TW,STL,2126
-1,3,8,4,15,872,TW,STL,2125
-3,3,9,5,15,872,TW,STL,2124
-1,3,11,7,15,872,TW,STL,2122
-4,3,12,1,15,872,TW,STL,2121
-4,3,15,4,15,872,TW,STL,2118
27,3,16,5,15,872,TW,STL,2117
-1,3,18,7,15,872,TW,STL,2115
9,3,19,1,15,872,TW,STL,2114
-7,3,20,2,15,872,TW,STL,2113
-2,3,23,5,15,872,TW,STL,2110
60,3,25,7,15,872,TW,STL,2108
0,3,27,2,15,872,TW,STL,2106
91,3,28,3,15,872,TW,STL,2105
-3,3,29,4,15,872,TW,STL,2104
123,3,30,5,15,872,TW,STL,2103
0,3,1,4,17,872,TW,STL,2132
22,3,1,4,11,1605,UA,DEN,2132
0,3,2,5,11,1605,UA,DEN,2131
4,3,3,6,11,1605,UA,DEN,2130
0,3,4,7,11,1605,UA,DEN,2129
0,3,7,3,11,1605,UA,DEN,2126
-3,3,8,4,11,1605,UA,DEN,2125
2,3,9,5,11,1605,UA,DEN,2124
0,3,10,6,11,1605,UA,DEN,2123
-3,3,11,7,11,1605,UA,DEN,2122
24,3,12,1,11,1605,UA,DEN,2121
-2,3,13,2,11,1605,UA,DEN,2120
0,3,14,3,11,1605,UA,DEN,2119
11,3,15,4,11,1605,UA,DEN,2118
0,3,16,5,11,1605,UA,DEN,2117
-2,3,17,6,11,1605,UA,DEN,2116
0,3,18,7,11,1605,UA,DEN,2115
-1,3,19,1,11,1605,UA,DEN,2114
-4,3,20,2,11,1605,UA,DEN,2113
1,3,21,3,11,1605,UA,DEN,2112
-2,3,22,4,11,1605,UA,DEN,2111
-2,3,23,5,11,1605,UA,DEN,2110
0,3,24,6,11,1605,UA,DEN,2109
-1,3,25,7,11,1605,UA,DEN,2108
-5,3,26,1,11,1605,UA,DEN,2107
-4,3,27,2,11,1605,UA,DEN,2106
3,3,28,3,11,1605,UA,DEN,2105
0,3,29,4,11,1605,UA,DEN,2104
1,3,30,5,11,1605,UA,DEN,2103
2,3,31,6,11,1605,UA,DEN,2102
0,3,1,4,9,2565,UA,SFO,2132
-3,3,2,5,9,2565,UA,SFO,2131
-2,3,3,6,9,2565,UA,SFO,2130
-1,3,4,7,9,2565,UA,SFO,2129
-1,3,5,1,9,2565,UA,SFO,2128
1,3,6,2,9,2565,UA,SFO,2127
-1,3,7,3,9,2565,UA,SFO,2126
-4,3,8,4,9,2565,UA,SFO,2125
-5,3,9,5,9,2565,UA,SFO,2124
0,3,10,6,9,2565,UA,SFO,2123
-1,3,11,7,9,2565,UA,SFO,2122
3,3,12,1,9,2565,UA,SFO,2121
-1,3,13,2,9,2565,UA,SFO,2120
2,3,15,4,9,2565,UA,SFO,2118
-4,3,16,5,9,2565,UA,SFO,2117
-2,3,17,6,9,2565,UA,SFO,2116
-3,3,18,7,9,2565,UA,SFO,2115
6,3,20,2,9,2565,UA,SFO,2113
3,3,22,4,9,2565,UA,SFO,2111
-3,3,23,5,9,2565,UA,SFO,2110
-2,3,24,6,9,2565,UA,SFO,2109
1,3,25,7,9,2565,UA,SFO,2108
143,3,26,1,9,2565,UA,SFO,2107
-2,3,27,2,9,2565,UA,SFO,2106
-5,3,28,3,9,2565,UA,SFO,2105
-4,3,29,4,9,2565,UA,SFO,2104
-2,3,30,5,9,2565,UA,SFO,2103
-1,3,31,6,9,2565,UA,SFO,2102
0,3,1,4,14,2565,UA,SFO,2132
-1,3,2,5,14,2565,UA,SFO,2131
9,3,4,7,14,2565,UA,SFO,2129
-3,3,5,1,14,2565,UA,SFO,2128
-2,3,6,2,14,2565,UA,SFO,2127
-5,3,7,3,14,2565,UA,SFO,2126
-4,3,9,5,14,2565,UA,SFO,2124
-7,3,10,6,14,2565,UA,SFO,2123
8,3,11,7,14,2565,UA,SFO,2122
1,3,13,2,14,2565,UA,SFO,2120
53,3,14,3,14,2565,UA,SFO,2119
-5,3,15,4,14,2565,UA,SFO,2118
339,3,16,5,14,2565,UA,SFO,2117
-4,3,17,6,14,2565,UA,SFO,2116
7,3,18,7,14,2565,UA,SFO,2115
4,3,19,1,14,2565,UA,SFO,2114
-6,3,20,2,14,2565,UA,SFO,2113
169,3,21,3,14,2565,UA,SFO,2112
-5,3,23,5,14,2565,UA,SFO,2110
-5,3,24,6,14,2565,UA,SFO,2109
88,3,25,7,14,2565,UA,SFO,2108
-2,3,26,1,14,2565,UA,SFO,2107
-2,3,27,2,14,2565,UA,SFO,2106
0,3,28,3,14,2565,UA,SFO,2105
-1,3,29,4,14,2565,UA,SFO,2104
-6,3,31,6,14,2565,UA,SFO,2102
0,3,1,4,17,2565,UA,SFO,2132
-2,3,2,5,17,2565,UA,SFO,2131
1,3,3,6,17,2565,UA,SFO,2130
13,3,4,7,17,2565,UA,SFO,2129
-6,3,5,1,17,2565,UA,SFO,2128
15,3,6,2,17,2565,UA,SFO,2127
-3,3,7,3,17,2565,UA,SFO,2126
7,3,9,5,17,2565,UA,SFO,2124
104,3,10,6,17,2565,UA,SFO,2123
-2,3,11,7,17,2565,UA,SFO,2122
-5,3,12,1,17,2565,UA,SFO,2121
23,3,13,2,17,2565,UA,SFO,2120
-3,3,15,4,17,2565,UA,SFO,2118
23,3,16,5,17,2565,UA,SFO,2117
-4,3,17,6,17,2565,UA,SFO,2116
11,3,18,7,17,2565,UA,SFO,2115
0,3,19,1,17,2565,UA,SFO,2114
-2,3,20,2,17,2565,UA,SFO,2113
112,3,21,3,17,2565,UA,SFO,2112
4,3,23,5,17,2565,UA,SFO,2110
-4,3,24,6,17,2565,UA,SFO,2109
2,3,25,7,17,2565,UA,SFO,2108
-2,3,27,2,17,2565,UA,SFO,2106
-6,3,28,3,17,2565,UA,SFO,2105
-2,3,29,4,17,2565,UA,SFO,2104
148,3,30,5,17,2565,UA,SFO,2103
-4,3,31,6,17,2565,UA,SFO,2102
0,3,1,4,18,2565,UA,SFO,2132
0,3,5,1,18,2565,UA,SFO,2128
0,3,6,2,18,2565,UA,SFO,2127
-5,3,7,3,18,2565,UA,SFO,2126
-1,3,8,4,18,2565,UA,SFO,2125
0,3,11,7,18,2565,UA,SFO,2122
-3,3,12,1,18,2565,UA,SFO,2121
51,3,13,2,18,2565,UA,SFO,2120
-4,3,14,3,18,2565,UA,SFO,2119
-5,3,15,4,18,2565,UA,SFO,2118
-1,3,16,5,18,2565,UA,SFO,2117
-5,3,18,7,18,2565,UA,SFO,2115
-2,3,19,1,18,2565,UA,SFO,2114
33,3,20,2,18,2565,UA,SFO,2113
183,3,21,3,18,2565,UA,SFO,2112
77,3,22,4,18,2565,UA,SFO,2111
-1,3,25,7,18,2565,UA,SFO,2108
81,3,26,1,18,2565,UA,SFO,2107
-2,3,27,2,18,2565,UA,SFO,2106
-1,3,28,3,18,2565,UA,SFO,2105
0,3,29,4,18,2565,UA,SFO,2104
20,3,30,5,18,2565,UA,SFO,2103
7,3,1,4,7,2454,UA,LAX,2132
-1,3,2,5,7,2454,UA,LAX,2131
60,3,3,6,7,2454,UA,LAX,2130
7,3,4,7,7,2454,UA,LAX,2129
7,3,6,2,7,2454,UA,LAX,2127
10,3,7,3,7,2454,UA,LAX,2126
-3,3,8,4,7,2454,UA,LAX,2125
-2,3,9,5,7,2454,UA,LAX,2124
0,3,10,6,7,2454,UA,LAX,2123
-4,3,11,7,7,2454,UA,LAX,2122
27,3,12,1,7,2454,UA,LAX,2121
12,3,13,2,7,2454,UA,LAX,2120
-3,3,14,3,7,2454,UA,LAX,2119
198,3,15,4,7,2454,UA,LAX,2118
-3,3,16,5,7,2454,UA,LAX,2117
-1,3,17,6,7,2454,UA,LAX,2116
-4,3,18,7,7,2454,UA,LAX,2115
4,3,19,1,7,2454,UA,LAX,2114
-4,3,20,2,7,2454,UA,LAX,2113
0,3,21,3,7,2454,UA,LAX,2112
36,3,22,4,7,2454,UA,LAX,2111
21,3,23,5,7,2454,UA,LAX,2110
27,3,24,6,7,2454,UA,LAX,2109
-3,3,25,7,7,2454,UA,LAX,2108
0,3,26,1,7,2454,UA,LAX,2107
8,3,27,2,7,2454,UA,LAX,2106
11,3,28,3,7,2454,UA,LAX,2105
66,3,29,4,7,2454,UA,LAX,2104
9,3,30,5,7,2454,UA,LAX,2103
-3,3,31,6,7,2454,UA,LAX,2102
-1,3,1,4,12,2454,UA,LAX,2132
-3,3,2,5,12,2454,UA,LAX,2131
0,3,3,6,12,2454,UA,LAX,2130
4,3,4,7,12,2454,UA,LAX,2129
12,3,6,2,12,2454,UA,LAX,2127
-3,3,7,3,12,2454,UA,LAX,2126
-2,3,8,4,12,2454,UA,LAX,2125
4,3,9,5,12,2454,UA,LAX,2124
-3,3,10,6,12,2454,UA,LAX,2123
-4,3,11,7,12,2454,UA,LAX,2122
28,3,12,1,12,2454,UA,LAX,2121
19,3,13,2,12,2454,UA,LAX,2120
40,3,14,3,12,2454,UA,LAX,2119
0,3,16,5,12,2454,UA,LAX,2117
6,3,17,6,12,2454,UA,LAX,2116
-4,3,18,7,12,2454,UA,LAX,2115
175,3,19,1,12,2454,UA,LAX,2114
14,3,20,2,12,2454,UA,LAX,2113
-2,3,21,3,12,2454,UA,LAX,2112
-1,3,22,4,12,2454,UA,LAX,2111
2,3,23,5,12,2454,UA,LAX,2110
-4,3,24,6,12,2454,UA,LAX,2109
-4,3,25,7,12,2454,UA,LAX,2108
3,3,26,1,12,2454,UA,LAX,2107
0,3,27,2,12,2454,UA,LAX,2106
-3,3,28,3,12,2454,UA,LAX,2105
2,3,29,4,12,2454,UA,LAX,2104
-2,3,30,5,12,2454,UA,LAX,2103
-1,3,31,6,12,2454,UA,LAX,2102
-3,3,1,4,17,2454,UA,LAX,2132
-3,3,2,5,17,2454,UA,LAX,2131
-5,3,3,6,17,2454,UA,LAX,2130
142,3,4,7,17,2454,UA,LAX,2129
-1,3,5,1,17,2454,UA,LAX,2128
-2,3,6,2,17,2454,UA,LAX,2127
-1,3,7,3,17,2454,UA,LAX,2126
-2,3,8,4,17,2454,UA,LAX,2125
-1,3,9,5,17,2454,UA,LAX,2124
-1,3,10,6,17,2454,UA,LAX,2123
60,3,11,7,17,2454,UA,LAX,2122
91,3,12,1,17,2454,UA,LAX,2121
32,3,13,2,17,2454,UA,LAX,2120
48,3,14,3,17,2454,UA,LAX,2119
4,3,15,4,17,2454,UA,LAX,2118
8,3,16,5,17,2454,UA,LAX,2117
3,3,17,6,17,2454,UA,LAX,2116
0,3,19,1,17,2454,UA,LAX,2114
-3,3,20,2,17,2454,UA,LAX,2113
97,3,21,3,17,2454,UA,LAX,2112
1,3,23,5,17,2454,UA,LAX,2110
1,3,24,6,17,2454,UA,LAX,2109
-1,3,25,7,17,2454,UA,LAX,2108
-2,3,26,1,17,2454,UA,LAX,2107
-2,3,27,2,17,2454,UA,LAX,2106
0,3,28,3,17,2454,UA,LAX,2105
1,3,29,4,17,2454,UA,LAX,2104
-1,3,30,5,17,2454,UA,LAX,2103
-2,3,31,6,17,2454,UA,LAX,2102
0,3,1,4,19,2454,UA,LAX,2132
56,3,2,5,19,2454,UA,LAX,2131
-2,3,6,2,19,2454,UA,LAX,2127
-7,3,7,3,19,2454,UA,LAX,2126
31,3,8,4,19,2454,UA,LAX,2125
-1,3,9,5,19,2454,UA,LAX,2124
9,3,11,7,19,2454,UA,LAX,2122
-2,3,12,1,19,2454,UA,LAX,2121
25,3,13,2,19,2454,UA,LAX,2120
-4,3,14,3,19,2454,UA,LAX,2119
6,3,15,4,19,2454,UA,LAX,2118
-1,3,16,5,19,2454,UA,LAX,2117
23,3,19,1,19,2454,UA,LAX,2114
-1,3,20,2,19,2454,UA,LAX,2113
102,3,21,3,19,2454,UA,LAX,2112
106,3,22,4,19,2454,UA,LAX,2111
11,3,23,5,19,2454,UA,LAX,2110
-3,3,25,7,19,2454,UA,LAX,2108
100,3,26,1,19,2454,UA,LAX,2107
65,3,27,2,19,2454,UA,LAX,2106
-5,3,28,3,19,2454,UA,LAX,2105
18,3,29,4,19,2454,UA,LAX,2104
80,3,30,5,19,2454,UA,LAX,2103
-2,3,1,4,18,1605,UA,DEN,2132
-3,3,2,5,18,1605,UA,DEN,2131
-2,3,3,6,18,1605,UA,DEN,2130
0,3,4,7,18,1605,UA,DEN,2129
-1,3,5,1,18,1605,UA,DEN,2128
-3,3,6,2,18,1605,UA,DEN,2127
-6,3,7,3,18,1605,UA,DEN,2126
-6,3,8,4,18,1605,UA,DEN,2125
17,3,9,5,18,1605,UA,DEN,2124
-4,3,10,6,18,1605,UA,DEN,2123
-4,3,11,7,18,1605,UA,DEN,2122
8,3,12,1,18,1605,UA,DEN,2121
60,3,13,2,18,1605,UA,DEN,2120
79,3,14,3,18,1605,UA,DEN,2119
46,3,15,4,18,1605,UA,DEN,2118
35,3,16,5,18,1605,UA,DEN,2117
-4,3,17,6,18,1605,UA,DEN,2116
-3,3,18,7,18,1605,UA,DEN,2115
-6,3,19,1,18,1605,UA,DEN,2114
-6,3,20,2,18,1605,UA,DEN,2113
181,3,21,3,18,1605,UA,DEN,2112
0,3,22,4,18,1605,UA,DEN,2111
26,3,23,5,18,1605,UA,DEN,2110
-6,3,24,6,18,1605,UA,DEN,2109
-1,3,25,7,18,1605,UA,DEN,2108
-4,3,26,1,18,1605,UA,DEN,2107
8,3,27,2,18,1605,UA,DEN,2106
-7,3,28,3,18,1605,UA,DEN,2105
-5,3,29,4,18,1605,UA,DEN,2104
32,3,30,5,18,1605,UA,DEN,2103
-4,3,31,6,18,1605,UA,DEN,2102
0,3,2,5,6,719,UA,ORD,2131
-1,3,3,6,6,719,UA,ORD,2130
3,3,4,7,6,719,UA,ORD,2129
-6,3,7,3,6,719,UA,ORD,2126
-3,3,8,4,6,719,UA,ORD,2125
-1,3,9,5,6,719,UA,ORD,2124
-3,3,10,6,6,719,UA,ORD,2123
-4,3,11,7,6,719,UA,ORD,2122
-5,3,12,1,6,719,UA,ORD,2121
-1,3,13,2,6,719,UA,ORD,2120
3,3,14,3,6,719,UA,ORD,2119
5,3,16,5,6,719,UA,ORD,2117
0,3,17,6,6,719,UA,ORD,2116
4,3,18,7,6,719,UA,ORD,2115
-2,3,19,1,6,719,UA,ORD,2114
-1,3,20,2,6,719,UA,ORD,2113
-1,3,21,3,6,719,UA,ORD,2112
1,3,23,5,6,719,UA,ORD,2110
-4,3,24,6,6,719,UA,ORD,2109
-2,3,25,7,6,719,UA,ORD,2108
-3,3,26,1,6,719,UA,ORD,2107
1,3,27,2,6,719,UA,ORD,2106
-3,3,28,3,6,719,UA,ORD,2105
-2,3,29,4,6,719,UA,ORD,2104
-3,3,30,5,6,719,UA,ORD,2103
-3,3,31,6,6,719,UA,ORD,2102
-3,3,1,4,7,719,UA,ORD,2132
-1,3,2,5,7,719,UA,ORD,2131
-2,3,3,6,7,719,UA,ORD,2130
-1,3,4,7,7,719,UA,ORD,2129
-5,3,7,3,7,719,UA,ORD,2126
-5,3,8,4,7,719,UA,ORD,2125
-5,3,9,5,7,719,UA,ORD,2124
2,3,10,6,7,719,UA,ORD,2123
-1,3,11,7,7,719,UA,ORD,2122
-4,3,12,1,7,719,UA,ORD,2121
-1,3,13,2,7,719,UA,ORD,2120
-4,3,14,3,7,719,UA,ORD,2119
57,3,15,4,7,719,UA,ORD,2118
7,3,16,5,7,719,UA,ORD,2117
1,3,17,6,7,719,UA,ORD,2116
-2,3,19,1,7,719,UA,ORD,2114
-4,3,21,3,7,719,UA,ORD,2112
-4,3,22,4,7,719,UA,ORD,2111
-2,3,23,5,7,719,UA,ORD,2110
-3,3,24,6,7,719,UA,ORD,2109
-2,3,25,7,7,719,UA,ORD,2108
-3,3,26,1,7,719,UA,ORD,2107
-5,3,27,2,7,719,UA,ORD,2106
-5,3,28,3,7,719,UA,ORD,2105
11,3,29,4,7,719,UA,ORD,2104
-1,3,30,5,7,719,UA,ORD,2103
-5,3,31,6,7,719,UA,ORD,2102
0,3,3,6,8,719,UA,ORD,2130
-2,3,4,7,8,719,UA,ORD,2129
-1,3,5,1,8,719,UA,ORD,2128
-3,3,8,4,8,719,UA,ORD,2125
60,3,12,1,8,719,UA,ORD,2121
-4,3,14,3,8,719,UA,ORD,2119
0,3,15,4,8,719,UA,ORD,2118
17,3,16,5,8,719,UA,ORD,2117
80,3,17,6,8,719,UA,ORD,2116
8,3,18,7,8,719,UA,ORD,2115
18,3,20,2,8,719,UA,ORD,2113
-4,3,21,3,8,719,UA,ORD,2112
0,3,22,4,8,719,UA,ORD,2111
-2,3,24,6,8,719,UA,ORD,2109
29,3,25,7,8,719,UA,ORD,2108
-2,3,26,1,8,719,UA,ORD,2107
-4,3,27,2,8,719,UA,ORD,2106
4,3,28,3,8,719,UA,ORD,2105
17,3,30,5,8,719,UA,ORD,2103
-1,3,31,6,8,719,UA,ORD,2102
-1,3,1,4,9,719,UA,ORD,2132
-2,3,2,5,9,719,UA,ORD,2131
-1,3,7,3,9,719,UA,ORD,2126
-5,3,8,4,9,719,UA,ORD,2125
-1,3,9,5,9,719,UA,ORD,2124
-6,3,11,7,9,719,UA,ORD,2122
-1,3,12,1,9,719,UA,ORD,2121
14,3,15,4,9,719,UA,ORD,2118
14,3,16,5,9,719,UA,ORD,2117
1,3,18,7,9,719,UA,ORD,2115
88,3,19,1,9,719,UA,ORD,2114
108,3,20,2,9,719,UA,ORD,2113
-4,3,21,3,9,719,UA,ORD,2112
52,3,23,5,9,719,UA,ORD,2110
-3,3,24,6,9,719,UA,ORD,2109
132,3,25,7,9,719,UA,ORD,2108
-3,3,26,1,9,719,UA,ORD,2107
181,3,27,2,9,719,UA,ORD,2106
-5,3,28,3,9,719,UA,ORD,2105
-3,3,30,5,9,719,UA,ORD,2103
-3,3,1,4,10,719,UA,ORD,2132
-6,3,2,5,10,719,UA,ORD,2131
-4,3,4,7,10,719,UA,ORD,2129
23,3,7,3,10,719,UA,ORD,2126
-4,3,8,4,10,719,UA,ORD,2125
-2,3,9,5,10,719,UA,ORD,2124
-5,3,11,7,10,719,UA,ORD,2122
-3,3,12,1,10,719,UA,ORD,2121
11,3,13,2,10,719,UA,ORD,2120
5,3,15,4,10,719,UA,ORD,2118
-6,3,16,5,10,719,UA,ORD,2117
26,3,18,7,10,719,UA,ORD,2115
4,3,19,1,10,719,UA,ORD,2114
-5,3,20,2,10,719,UA,ORD,2113
-3,3,21,3,10,719,UA,ORD,2112
-5,3,22,4,10,719,UA,ORD,2111
-5,3,23,5,10,719,UA,ORD,2110
-5,3,25,7,10,719,UA,ORD,2108
0,3,26,1,10,719,UA,ORD,2107
-5,3,27,2,10,719,UA,ORD,2106
-5,3,28,3,10,719,UA,ORD,2105
-6,3,29,4,10,719,UA,ORD,2104
5,3,30,5,10,719,UA,ORD,2103
-1,3,1,4,11,719,UA,ORD,2132
-2,3,2,5,11,719,UA,ORD,2131
2,3,3,6,11,719,UA,ORD,2130
0,3,5,1,11,719,UA,ORD,2128
-1,3,6,2,11,719,UA,ORD,2127
-3,3,7,3,11,719,UA,ORD,2126
28,3,8,4,11,719,UA,ORD,2125
5,3,9,5,11,719,UA,ORD,2124
-4,3,10,6,11,719,UA,ORD,2123
-4,3,12,1,11,719,UA,ORD,2121
-3,3,13,2,11,719,UA,ORD,2120
29,3,14,3,11,719,UA,ORD,2119
89,3,16,5,11,719,UA,ORD,2117
-3,3,17,6,11,719,UA,ORD,2116
1,3,20,2,11,719,UA,ORD,2113
-6,3,22,4,11,719,UA,ORD,2111
-2,3,24,6,11,719,UA,ORD,2109
4,3,26,1,11,719,UA,ORD,2107
-4,3,27,2,11,719,UA,ORD,2106
-3,3,28,3,11,719,UA,ORD,2105
-5,3,29,4,11,719,UA,ORD,2104
-2,3,30,5,11,719,UA,ORD,2103
6,3,31,6,11,719,UA,ORD,2102
-2,3,2,5,12,719,UA,ORD,2131
-3,3,4,7,12,719,UA,ORD,2129
16,3,5,1,12,719,UA,ORD,2128
-6,3,7,3,12,719,UA,ORD,2126
14,3,8,4,12,719,UA,ORD,2125
1,3,9,5,12,719,UA,ORD,2124
0,3,11,7,12,719,UA,ORD,2122
-4,3,13,2,12,719,UA,ORD,2120
-2,3,14,3,12,719,UA,ORD,2119
-2,3,15,4,12,719,UA,ORD,2118
39,3,16,5,12,719,UA,ORD,2117
16,3,18,7,12,719,UA,ORD,2115
19,3,19,1,12,719,UA,ORD,2114
-4,3,20,2,12,719,UA,ORD,2113
-3,3,21,3,12,719,UA,ORD,2112
-7,3,22,4,12,719,UA,ORD,2111
-4,3,23,5,12,719,UA,ORD,2110
17,3,25,7,12,719,UA,ORD,2108
0,3,26,1,12,719,UA,ORD,2107
-5,3,28,3,12,719,UA,ORD,2105
-5,3,29,4,12,719,UA,ORD,2104
1,3,30,5,12,719,UA,ORD,2103
-2,3,1,4,13,719,UA,ORD,2132
-1,3,3,6,13,719,UA,ORD,2130
65,3,4,7,13,719,UA,ORD,2129
-1,3,5,1,13,719,UA,ORD,2128
-5,3,7,3,13,719,UA,ORD,2126
24,3,8,4,13,719,UA,ORD,2125
-5,3,10,6,13,719,UA,ORD,2123
-4,3,11,7,13,719,UA,ORD,2122
73,3,12,1,13,719,UA,ORD,2121
-2,3,13,2,13,719,UA,ORD,2120
76,3,14,3,13,719,UA,ORD,2119
102,3,15,4,13,719,UA,ORD,2118
-4,3,17,6,13,719,UA,ORD,2116
197,3,18,7,13,719,UA,ORD,2115
-5,3,19,1,13,719,UA,ORD,2114
-7,3,20,2,13,719,UA,ORD,2113
-4,3,21,3,13,719,UA,ORD,2112
-1,3,22,4,13,719,UA,ORD,2111
-4,3,23,5,13,719,UA,ORD,2110
-6,3,24,6,13,719,UA,ORD,2109
14,3,25,7,13,719,UA,ORD,2108
1,3,26,1,13,719,UA,ORD,2107
-4,3,27,2,13,719,UA,ORD,2106
-3,3,28,3,13,719,UA,ORD,2105
-5,3,29,4,13,719,UA,ORD,2104
-1,3,30,5,13,719,UA,ORD,2103
-2,3,31,6,13,719,UA,ORD,2102
-4,3,1,4,14,719,UA,ORD,2132
1,3,2,5,14,719,UA,ORD,2131
3,3,3,6,14,719,UA,ORD,2130
21,3,4,7,14,719,UA,ORD,2129
0,3,6,2,14,719,UA,ORD,2127
0,3,7,3,14,719,UA,ORD,2126
13,3,8,4,14,719,UA,ORD,2125
2,3,9,5,14,719,UA,ORD,2124
-2,3,10,6,14,719,UA,ORD,2123
33,3,11,7,14,719,UA,ORD,2122
39,3,12,1,14,719,UA,ORD,2121
-3,3,13,2,14,719,UA,ORD,2120
-1,3,14,3,14,719,UA,ORD,2119
49,3,16,5,14,719,UA,ORD,2117
101,3,17,6,14,719,UA,ORD,2116
35,3,18,7,14,719,UA,ORD,2115
4,3,19,1,14,719,UA,ORD,2114
-4,3,20,2,14,719,UA,ORD,2113
44,3,21,3,14,719,UA,ORD,2112
38,3,22,4,14,719,UA,ORD,2111
-4,3,23,5,14,719,UA,ORD,2110
-6,3,24,6,14,719,UA,ORD,2109
32,3,25,7,14,719,UA,ORD,2108
24,3,26,1,14,719,UA,ORD,2107
-3,3,27,2,14,719,UA,ORD,2106
183,3,28,3,14,719,UA,ORD,2105
-3,3,29,4,14,719,UA,ORD,2104
-3,3,30,5,14,719,UA,ORD,2103
-4,3,31,6,14,719,UA,ORD,2102
-5,3,1,4,16,719,UA,ORD,2132
-3,3,2,5,16,719,UA,ORD,2131
-1,3,3,6,16,719,UA,ORD,2130
22,3,4,7,16,719,UA,ORD,2129
0,3,5,1,16,719,UA,ORD,2128
41,3,6,2,16,719,UA,ORD,2127
-3,3,7,3,16,719,UA,ORD,2126
-3,3,8,4,16,719,UA,ORD,2125
1,3,9,5,16,719,UA,ORD,2124
-6,3,10,6,16,719,UA,ORD,2123
0,3,11,7,16,719,UA,ORD,2122
83,3,12,1,16,719,UA,ORD,2121
5,3,13,2,16,719,UA,ORD,2120
-4,3,14,3,16,719,UA,ORD,2119
38,3,15,4,16,719,UA,ORD,2118
-3,3,16,5,16,719,UA,ORD,2117
1,3,18,7,16,719,UA,ORD,2115
-4,3,19,1,16,719,UA,ORD,2114
-6,3,20,2,16,719,UA,ORD,2113
158,3,22,4,16,719,UA,ORD,2111
17,3,23,5,16,719,UA,ORD,2110
-6,3,24,6,16,719,UA,ORD,2109
-5,3,25,7,16,719,UA,ORD,2108
3,3,26,1,16,719,UA,ORD,2107
-6,3,27,2,16,719,UA,ORD,2106
-3,3,28,3,16,719,UA,ORD,2105
-2,3,29,4,16,719,UA,ORD,2104
8,3,30,5,16,719,UA,ORD,2103
-4,3,31,6,16,719,UA,ORD,2102
-2,3,1,4,17,719,UA,ORD,2132
-4,3,2,5,17,719,UA,ORD,2131
70,3,3,6,17,719,UA,ORD,2130
50,3,4,7,17,719,UA,ORD,2129
-5,3,6,2,17,719,UA,ORD,2127
-6,3,7,3,17,719,UA,ORD,2126
28,3,8,4,17,719,UA,ORD,2125
2,3,9,5,17,719,UA,ORD,2124
1,3,10,6,17,719,UA,ORD,2123
1,3,11,7,17,719,UA,ORD,2122
130,3,12,1,17,719,UA,ORD,2121
180,3,15,4,17,719,UA,ORD,2118
164,3,16,5,17,719,UA,ORD,2117
2,3,17,6,17,719,UA,ORD,2116
9,3,18,7,17,719,UA,ORD,2115
-3,3,19,1,17,719,UA,ORD,2114
-2,3,20,2,17,719,UA,ORD,2113
-4,3,21,3,17,719,UA,ORD,2112
-3,3,22,4,17,719,UA,ORD,2111
54,3,23,5,17,719,UA,ORD,2110
-7,3,24,6,17,719,UA,ORD,2109
-5,3,25,7,17,719,UA,ORD,2108
58,3,27,2,17,719,UA,ORD,2106
49,3,28,3,17,719,UA,ORD,2105
-3,3,29,4,17,719,UA,ORD,2104
-6,3,31,6,17,719,UA,ORD,2102
-2,3,1,4,18,719,UA,ORD,2132
-1,3,2,5,18,719,UA,ORD,2131
-1,3,4,7,18,719,UA,ORD,2129
-1,3,6,2,18,719,UA,ORD,2127
75,3,8,4,18,719,UA,ORD,2125
49,3,9,5,18,719,UA,ORD,2124
-2,3,11,7,18,719,UA,ORD,2122
91,3,13,2,18,719,UA,ORD,2120
0,3,14,3,18,719,UA,ORD,2119
101,3,15,4,18,719,UA,ORD,2118
150,3,16,5,18,719,UA,ORD,2117
-4,3,18,7,18,719,UA,ORD,2115
-5,3,19,1,18,719,UA,ORD,2114
11,3,22,4,18,719,UA,ORD,2111
15,3,23,5,18,719,UA,ORD,2110
26,3,25,7,18,719,UA,ORD,2108
-3,3,26,1,18,719,UA,ORD,2107
-4,3,27,2,18,719,UA,ORD,2106
-2,3,28,3,18,719,UA,ORD,2105
-3,3,29,4,18,719,UA,ORD,2104
-2,3,30,5,18,719,UA,ORD,2103
-3,3,1,4,19,719,UA,ORD,2132
-2,3,2,5,19,719,UA,ORD,2131
-3,3,5,1,19,719,UA,ORD,2128
-4,3,6,2,19,719,UA,ORD,2127
-5,3,7,3,19,719,UA,ORD,2126
44,3,8,4,19,719,UA,ORD,2125
-5,3,9,5,19,719,UA,ORD,2124
79,3,12,1,19,719,UA,ORD,2121
3,3,14,3,19,719,UA,ORD,2119
91,3,15,4,19,719,UA,ORD,2118
117,3,16,5,19,719,UA,ORD,2117
8,3,19,1,19,719,UA,ORD,2114
19,3,20,2,19,719,UA,ORD,2113
239,3,21,3,19,719,UA,ORD,2112
18,3,22,4,19,719,UA,ORD,2111
0,3,23,5,19,719,UA,ORD,2110
-5,3,26,1,19,719,UA,ORD,2107
-2,3,28,3,19,719,UA,ORD,2105
-6,3,29,4,19,719,UA,ORD,2104
32,3,30,5,19,719,UA,ORD,2103
-1,3,1,4,6,719,UA,ORD,2132
-2,3,2,5,6,719,UA,ORD,2131
-5,3,3,6,6,719,UA,ORD,2130
-3,3,6,2,6,719,UA,ORD,2127
-6,3,7,3,6,719,UA,ORD,2126
-1,3,8,4,6,719,UA,ORD,2125
-6,3,10,6,6,719,UA,ORD,2123
-4,3,12,1,6,719,UA,ORD,2121
-5,3,13,2,6,719,UA,ORD,2120
-5,3,14,3,6,719,UA,ORD,2119
-3,3,15,4,6,719,UA,ORD,2118
27,3,16,5,6,719,UA,ORD,2117
1,3,17,6,6,719,UA,ORD,2116
-5,3,19,1,6,719,UA,ORD,2114
-1,3,20,2,6,719,UA,ORD,2113
-5,3,21,3,6,719,UA,ORD,2112
-5,3,22,4,6,719,UA,ORD,2111
-5,3,23,5,6,719,UA,ORD,2110
-4,3,24,6,6,719,UA,ORD,2109
-1,3,26,1,6,719,UA,ORD,2107
-5,3,27,2,6,719,UA,ORD,2106
-6,3,28,3,6,719,UA,ORD,2105
0,3,29,4,6,719,UA,ORD,2104
-1,3,30,5,6,719,UA,ORD,2103
-1,3,31,6,6,719,UA,ORD,2102
-2,3,1,4,8,2565,UA,SFO,2132
6,3,2,5,8,2565,UA,SFO,2131
1,3,3,6,8,2565,UA,SFO,2130
-2,3,4,7,8,2565,UA,SFO,2129
-4,3,7,3,8,2565,UA,SFO,2126
-3,3,8,4,8,2565,UA,SFO,2125
-3,3,9,5,8,2565,UA,SFO,2124
-2,3,10,6,8,2565,UA,SFO,2123
-3,3,11,7,8,2565,UA,SFO,2122
-5,3,12,1,8,2565,UA,SFO,2121
-2,3,13,2,8,2565,UA,SFO,2120
0,3,15,4,8,2565,UA,SFO,2118
-2,3,16,5,8,2565,UA,SFO,2117
4,3,17,6,8,2565,UA,SFO,2116
-3,3,18,7,8,2565,UA,SFO,2115
8,3,19,1,8,2565,UA,SFO,2114
-3,3,20,2,8,2565,UA,SFO,2113
31,3,21,3,8,2565,UA,SFO,2112
-1,3,22,4,8,2565,UA,SFO,2111
-2,3,23,5,8,2565,UA,SFO,2110
-1,3,24,6,8,2565,UA,SFO,2109
-1,3,25,7,8,2565,UA,SFO,2108
-3,3,26,1,8,2565,UA,SFO,2107
-1,3,27,2,8,2565,UA,SFO,2106
-3,3,28,3,8,2565,UA,SFO,2105
-4,3,29,4,8,2565,UA,SFO,2104
-3,3,30,5,8,2565,UA,SFO,2103
-2,3,31,6,8,2565,UA,SFO,2102
-2,3,1,4,7,2565,UA,SFO,2132
0,3,2,5,7,2565,UA,SFO,2131
-5,3,3,6,7,2565,UA,SFO,2130
-4,3,4,7,7,2565,UA,SFO,2129
0,3,7,3,7,2565,UA,SFO,2126
-2,3,8,4,7,2565,UA,SFO,2125
27,3,9,5,7,2565,UA,SFO,2124
1,3,10,6,7,2565,UA,SFO,2123
0,3,11,7,7,2565,UA,SFO,2122
-2,3,12,1,7,2565,UA,SFO,2121
-2,3,13,2,7,2565,UA,SFO,2120
-2,3,14,3,7,2565,UA,SFO,2119
-1,3,15,4,7,2565,UA,SFO,2118
-2,3,16,5,7,2565,UA,SFO,2117
0,3,17,6,7,2565,UA,SFO,2116
-1,3,18,7,7,2565,UA,SFO,2115
-4,3,19,1,7,2565,UA,SFO,2114
-6,3,20,2,7,2565,UA,SFO,2113
18,3,21,3,7,2565,UA,SFO,2112
-2,3,22,4,7,2565,UA,SFO,2111
-3,3,23,5,7,2565,UA,SFO,2110
-4,3,25,7,7,2565,UA,SFO,2108
-3,3,26,1,7,2565,UA,SFO,2107
-3,3,27,2,7,2565,UA,SFO,2106
-3,3,28,3,7,2565,UA,SFO,2105
-4,3,29,4,7,2565,UA,SFO,2104
-3,3,30,5,7,2565,UA,SFO,2103
-1,3,31,6,7,2565,UA,SFO,2102
-2,3,1,4,14,1605,UA,DEN,2132
8,3,2,5,14,1605,UA,DEN,2131
0,3,3,6,14,1605,UA,DEN,2130
2,3,4,7,14,1605,UA,DEN,2129
-2,3,5,1,14,1605,UA,DEN,2128
-1,3,6,2,14,1605,UA,DEN,2127
-3,3,7,3,14,1605,UA,DEN,2126
0,3,8,4,14,1605,UA,DEN,2125
2,3,9,5,14,1605,UA,DEN,2124
-1,3,10,6,14,1605,UA,DEN,2123
1,3,11,7,14,1605,UA,DEN,2122
-2,3,12,1,14,1605,UA,DEN,2121
-1,3,13,2,14,1605,UA,DEN,2120
0,3,14,3,14,1605,UA,DEN,2119
3,3,15,4,14,1605,UA,DEN,2118
3,3,16,5,14,1605,UA,DEN,2117
-4,3,17,6,14,1605,UA,DEN,2116
0,3,19,1,14,1605,UA,DEN,2114
-3,3,20,2,14,1605,UA,DEN,2113
-1,3,21,3,14,1605,UA,DEN,2112
10,3,22,4,14,1605,UA,DEN,2111
1,3,23,5,14,1605,UA,DEN,2110
-2,3,24,6,14,1605,UA,DEN,2109
-2,3,25,7,14,1605,UA,DEN,2108
-3,3,26,1,14,1605,UA,DEN,2107
-4,3,27,2,14,1605,UA,DEN,2106
0,3,28,3,14,1605,UA,DEN,2105
0,3,29,4,14,1605,UA,DEN,2104
9,3,30,5,14,1605,UA,DEN,2103
3,3,31,6,14,1605,UA,DEN,2102
7,3,1,4,15,719,UA,ORD,2132
-5,3,2,5,15,719,UA,ORD,2131
-6,3,5,1,15,719,UA,ORD,2128
23,3,8,4,15,719,UA,ORD,2125
-3,3,9,5,15,719,UA,ORD,2124
109,3,12,1,15,719,UA,ORD,2121
26,3,13,2,15,719,UA,ORD,2120
74,3,15,4,15,719,UA,ORD,2118
-5,3,19,1,15,719,UA,ORD,2114
-5,3,20,2,15,719,UA,ORD,2113
33,3,21,3,15,719,UA,ORD,2112
25,3,22,4,15,719,UA,ORD,2111
9,3,23,5,15,719,UA,ORD,2110
44,3,26,1,15,719,UA,ORD,2107
1,3,27,2,15,719,UA,ORD,2106
0,3,28,3,15,719,UA,ORD,2105
23,3,29,4,15,719,UA,ORD,2104
14,3,1,4,8,1605,UA,DEN,2132
0,3,2,5,8,1605,UA,DEN,2131
2,3,3,6,8,1605,UA,DEN,2130
2,3,4,7,8,1605,UA,DEN,2129
6,3,5,1,8,1605,UA,DEN,2128
1,3,6,2,8,1605,UA,DEN,2127
-3,3,7,3,8,1605,UA,DEN,2126
-4,3,8,4,8,1605,UA,DEN,2125
29,3,9,5,8,1605,UA,DEN,2124
0,3,10,6,8,1605,UA,DEN,2123
71,3,11,7,8,1605,UA,DEN,2122
1,3,12,1,8,1605,UA,DEN,2121
0,3,13,2,8,1605,UA,DEN,2120
41,3,14,3,8,1605,UA,DEN,2119
64,3,15,4,8,1605,UA,DEN,2118
-4,3,16,5,8,1605,UA,DEN,2117
-2,3,17,6,8,1605,UA,DEN,2116
1,3,18,7,8,1605,UA,DEN,2115
9,3,19,1,8,1605,UA,DEN,2114
10,3,20,2,8,1605,UA,DEN,2113
-1,3,21,3,8,1605,UA,DEN,2112
61,3,22,4,8,1605,UA,DEN,2111
70,3,23,5,8,1605,UA,DEN,2110
20,3,24,6,8,1605,UA,DEN,2109
-3,3,25,7,8,1605,UA,DEN,2108
-3,3,26,1,8,1605,UA,DEN,2107
-4,3,27,2,8,1605,UA,DEN,2106
-2,3,28,3,8,1605,UA,DEN,2105
-4,3,29,4,8,1605,UA,DEN,2104
-4,3,30,5,8,1605,UA,DEN,2103
-6,3,31,6,8,1605,UA,DEN,2102
-4,3,1,4,6,1605,UA,DEN,2132
6,3,4,7,6,1605,UA,DEN,2129
4,3,7,3,6,1605,UA,DEN,2126
-2,3,8,4,6,1605,UA,DEN,2125
-5,3,9,5,6,1605,UA,DEN,2124
5,3,10,6,6,1605,UA,DEN,2123
-1,3,11,7,6,1605,UA,DEN,2122
-2,3,12,1,6,1605,UA,DEN,2121
66,3,13,2,6,1605,UA,DEN,2120
-1,3,15,4,6,1605,UA,DEN,2118
2,3,16,5,6,1605,UA,DEN,2117
4,3,17,6,6,1605,UA,DEN,2116
-2,3,18,7,6,1605,UA,DEN,2115
-2,3,19,1,6,1605,UA,DEN,2114
1,3,20,2,6,1605,UA,DEN,2113
-5,3,21,3,6,1605,UA,DEN,2112
-6,3,23,5,6,1605,UA,DEN,2110
1,3,24,6,6,1605,UA,DEN,2109
0,3,25,7,6,1605,UA,DEN,2108
-4,3,26,1,6,1605,UA,DEN,2107
-2,3,27,2,6,1605,UA,DEN,2106
5,3,28,3,6,1605,UA,DEN,2105
-6,3,29,4,6,1605,UA,DEN,2104
-3,3,30,5,6,1605,UA,DEN,2103
-4,3,31,6,6,1605,UA,DEN,2102
-4,3,2,5,16,1605,UA,DEN,2131
-1,3,3,6,16,1605,UA,DEN,2130
10,3,4,7,16,1605,UA,DEN,2129
-2,3,6,2,16,1605,UA,DEN,2127
-7,3,7,3,16,1605,UA,DEN,2126
-5,3,8,4,16,1605,UA,DEN,2125
-3,3,9,5,16,1605,UA,DEN,2124
0,3,10,6,16,1605,UA,DEN,2123
-3,3,11,7,16,1605,UA,DEN,2122
-2,3,12,1,16,1605,UA,DEN,2121
31,3,13,2,16,1605,UA,DEN,2120
3,3,14,3,16,1605,UA,DEN,2119
1,3,15,4,16,1605,UA,DEN,2118
6,3,16,5,16,1605,UA,DEN,2117
8,3,17,6,16,1605,UA,DEN,2116
2,3,18,7,16,1605,UA,DEN,2115
-3,3,19,1,16,1605,UA,DEN,2114
-3,3,20,2,16,1605,UA,DEN,2113
0,3,21,3,16,1605,UA,DEN,2112
37,3,22,4,16,1605,UA,DEN,2111
16,3,23,5,16,1605,UA,DEN,2110
-4,3,24,6,16,1605,UA,DEN,2109
10,3,25,7,16,1605,UA,DEN,2108
10,3,26,1,16,1605,UA,DEN,2107
4,3,27,2,16,1605,UA,DEN,2106
-3,3,28,3,16,1605,UA,DEN,2105
-3,3,29,4,16,1605,UA,DEN,2104
61,3,30,5,16,1605,UA,DEN,2103
-3,3,31,6,16,1605,UA,DEN,2102
-5,3,1,4,5,529,US,CLT,2132
-2,3,2,5,5,529,US,CLT,2131
-3,3,3,6,5,529,US,CLT,2130
-4,3,4,7,5,529,US,CLT,2129
-5,3,7,3,5,529,US,CLT,2126
-2,3,8,4,5,529,US,CLT,2125
-3,3,9,5,5,529,US,CLT,2124
9,3,10,6,5,529,US,CLT,2123
-7,3,11,7,5,529,US,CLT,2122
-3,3,12,1,5,529,US,CLT,2121
1,3,13,2,5,529,US,CLT,2120
-3,3,14,3,5,529,US,CLT,2119
2,3,15,4,5,529,US,CLT,2118
-4,3,16,5,5,529,US,CLT,2117
73,3,17,6,5,529,US,CLT,2116
-3,3,18,7,5,529,US,CLT,2115
-5,3,19,1,5,529,US,CLT,2114
5,3,20,2,5,529,US,CLT,2113
55,3,21,3,5,529,US,CLT,2112
-4,3,23,5,5,529,US,CLT,2110
1,3,24,6,5,529,US,CLT,2109
-6,3,25,7,5,529,US,CLT,2108
-1,3,27,2,5,529,US,CLT,2106
-6,3,28,3,5,529,US,CLT,2105
-4,3,29,4,5,529,US,CLT,2104
-3,3,30,5,5,529,US,CLT,2103
-3,3,31,6,5,529,US,CLT,2102
4,3,1,4,16,529,US,CLT,2132
4,3,2,5,16,529,US,CLT,2131
-5,3,3,6,16,529,US,CLT,2130
40,3,6,2,16,529,US,CLT,2127
9,3,7,3,16,529,US,CLT,2126
-3,3,8,4,16,529,US,CLT,2125
13,3,9,5,16,529,US,CLT,2124
9,3,10,6,16,529,US,CLT,2123
-2,3,11,7,16,529,US,CLT,2122
-4,3,12,1,16,529,US,CLT,2121
123,3,13,2,16,529,US,CLT,2120
60,3,14,3,16,529,US,CLT,2119
3,3,15,4,16,529,US,CLT,2118
7,3,16,5,16,529,US,CLT,2117
5,3,17,6,16,529,US,CLT,2116
59,3,18,7,16,529,US,CLT,2115
10,3,19,1,16,529,US,CLT,2114
99,3,22,4,16,529,US,CLT,2111
124,3,23,5,16,529,US,CLT,2110
8,3,24,6,16,529,US,CLT,2109
2,3,25,7,16,529,US,CLT,2108
10,3,26,1,16,529,US,CLT,2107
-1,3,29,4,16,529,US,CLT,2104
71,3,30,5,16,529,US,CLT,2103
2,3,31,6,16,529,US,CLT,2102
13,3,1,4,17,569,DL,CVG,2132
0,3,1,4,13,569,DL,CVG,2132
-1,3,2,5,13,569,DL,CVG,2131
3,3,3,6,13,569,DL,CVG,2130
0,3,4,7,13,569,DL,CVG,2129
6,3,6,2,13,569,DL,CVG,2127
-3,3,7,3,13,569,DL,CVG,2126
-6,3,8,4,13,569,DL,CVG,2125
-1,3,9,5,13,569,DL,CVG,2124
-4,3,10,6,13,569,DL,CVG,2123
2,3,11,7,13,569,DL,CVG,2122
0,3,12,1,13,569,DL,CVG,2121
4,3,13,2,13,569,DL,CVG,2120
19,3,14,3,13,569,DL,CVG,2119
4,3,15,4,13,569,DL,CVG,2118
3,3,16,5,13,569,DL,CVG,2117
4,3,17,6,13,569,DL,CVG,2116
13,3,18,7,13,569,DL,CVG,2115
-4,3,19,1,13,569,DL,CVG,2114
28,3,20,2,13,569,DL,CVG,2113
23,3,21,3,13,569,DL,CVG,2112
0,3,22,4,13,569,DL,CVG,2111
11,3,23,5,13,569,DL,CVG,2110
-1,3,24,6,13,569,DL,CVG,2109
3,3,25,7,13,569,DL,CVG,2108
-5,3,26,1,13,569,DL,CVG,2107
-3,3,27,2,13,569,DL,CVG,2106
2,3,28,3,13,569,DL,CVG,2105
5,3,29,4,13,569,DL,CVG,2104
6,3,30,5,13,569,DL,CVG,2103
0,3,31,6,13,569,DL,CVG,2102
2,3,1,4,11,745,DL,ATL,2132
1,3,2,5,11,745,DL,ATL,2131
4,3,4,7,11,745,DL,ATL,2129
7,3,6,2,11,745,DL,ATL,2127
-2,3,7,3,11,745,DL,ATL,2126
0,3,8,4,11,745,DL,ATL,2125
6,3,9,5,11,745,DL,ATL,2124
4,3,11,7,11,745,DL,ATL,2122
36,3,12,1,11,745,DL,ATL,2121
-1,3,13,2,11,745,DL,ATL,2120
26,3,14,3,11,745,DL,ATL,2119
2,3,15,4,11,745,DL,ATL,2118
4,3,16,5,11,745,DL,ATL,2117
5,3,18,7,11,745,DL,ATL,2115
2,3,19,1,11,745,DL,ATL,2114
11,3,22,4,11,745,DL,ATL,2111
2,3,23,5,11,745,DL,ATL,2110
7,3,25,7,11,745,DL,ATL,2108
-5,3,26,1,11,745,DL,ATL,2107
-4,3,27,2,11,745,DL,ATL,2106
-5,3,28,3,11,745,DL,ATL,2105
23,3,29,4,11,745,DL,ATL,2104
5,3,30,5,11,745,DL,ATL,2103
0,3,1,4,9,569,DL,CVG,2132
0,3,2,5,9,569,DL,CVG,2131
0,3,3,6,9,569,DL,CVG,2130
3,3,4,7,9,569,DL,CVG,2129
0,3,7,3,9,569,DL,CVG,2126
0,3,8,4,9,569,DL,CVG,2125
0,3,9,5,9,569,DL,CVG,2124
0,3,10,6,9,569,DL,CVG,2123
0,3,11,7,9,569,DL,CVG,2122
-7,3,12,1,9,569,DL,CVG,2121
5,3,13,2,9,569,DL,CVG,2120
-2,3,14,3,9,569,DL,CVG,2119
50,3,15,4,9,569,DL,CVG,2118
-3,3,16,5,9,569,DL,CVG,2117
0,3,18,7,9,569,DL,CVG,2115
0,3,19,1,9,569,DL,CVG,2114
0,3,20,2,9,569,DL,CVG,2113
0,3,22,4,9,569,DL,CVG,2111
1,3,23,5,9,569,DL,CVG,2110
0,3,24,6,9,569,DL,CVG,2109
0,3,25,7,9,569,DL,CVG,2108
20,3,26,1,9,569,DL,CVG,2107
0,3,27,2,9,569,DL,CVG,2106
5,3,28,3,9,569,DL,CVG,2105
0,3,29,4,9,569,DL,CVG,2104
32,3,30,5,9,569,DL,CVG,2103
-5,3,31,6,9,569,DL,CVG,2102
24,3,9,5,7,1968,DL,SLC,2124
6,3,10,6,7,1968,DL,SLC,2123
-2,3,11,7,7,1968,DL,SLC,2122
-4,3,12,1,7,1968,DL,SLC,2121
-3,3,13,2,7,1968,DL,SLC,2120
7,3,14,3,7,1968,DL,SLC,2119
-2,3,15,4,7,1968,DL,SLC,2118
10,3,16,5,7,1968,DL,SLC,2117
3,3,17,6,7,1968,DL,SLC,2116
5,3,18,7,7,1968,DL,SLC,2115
-5,3,19,1,7,1968,DL,SLC,2114
-2,3,20,2,7,1968,DL,SLC,2113
1,3,21,3,7,1968,DL,SLC,2112
1,3,24,6,7,1968,DL,SLC,2109
0,3,25,7,7,1968,DL,SLC,2108
4,3,26,1,7,1968,DL,SLC,2107
0,3,27,2,7,1968,DL,SLC,2106
5,3,28,3,7,1968,DL,SLC,2105
-2,3,29,4,7,1968,DL,SLC,2104
-3,3,30,5,7,1968,DL,SLC,2103
-2,3,31,6,7,1968,DL,SLC,2102
5,3,1,4,16,745,DL,ATL,2132
26,3,2,5,16,745,DL,ATL,2131
1,3,6,2,16,745,DL,ATL,2127
-4,3,7,3,16,745,DL,ATL,2126
32,3,8,4,16,745,DL,ATL,2125
5,3,9,5,16,745,DL,ATL,2124
60,3,12,1,16,745,DL,ATL,2121
34,3,14,3,16,745,DL,ATL,2119
-1,3,15,4,16,745,DL,ATL,2118
5,3,16,5,16,745,DL,ATL,2117
34,3,19,1,16,745,DL,ATL,2114
227,3,21,3,16,745,DL,ATL,2112
28,3,23,5,16,745,DL,ATL,2110
-2,3,27,2,16,745,DL,ATL,2106
4,3,28,3,16,745,DL,ATL,2105
17,3,29,4,16,745,DL,ATL,2104
83,3,30,5,16,745,DL,ATL,2103
1,3,1,4,15,745,DL,ATL,2132
6,3,2,5,15,745,DL,ATL,2131
19,3,3,6,15,745,DL,ATL,2130
2,3,4,7,15,745,DL,ATL,2129
7,3,6,2,15,745,DL,ATL,2127
3,3,7,3,15,745,DL,ATL,2126
-2,3,8,4,15,745,DL,ATL,2125
3,3,9,5,15,745,DL,ATL,2124
-3,3,10,6,15,745,DL,ATL,2123
7,3,11,7,15,745,DL,ATL,2122
21,3,12,1,15,745,DL,ATL,2121
96,3,13,2,15,745,DL,ATL,2120
6,3,15,4,15,745,DL,ATL,2118
6,3,16,5,15,745,DL,ATL,2117
-3,3,17,6,15,745,DL,ATL,2116
6,3,18,7,15,745,DL,ATL,2115
2,3,19,1,15,745,DL,ATL,2114
66,3,20,2,15,745,DL,ATL,2113
22,3,22,4,15,745,DL,ATL,2111
17,3,23,5,15,745,DL,ATL,2110
0,3,24,6,15,745,DL,ATL,2109
0,3,25,7,15,745,DL,ATL,2108
3,3,26,1,15,745,DL,ATL,2107
1,3,27,2,15,745,DL,ATL,2106
9,3,30,5,15,745,DL,ATL,2103
0,3,31,6,15,745,DL,ATL,2102
10,3,1,4,8,745,DL,ATL,2132
-4,3,2,5,8,745,DL,ATL,2131
0,3,3,6,8,745,DL,ATL,2130
16,3,4,7,8,745,DL,ATL,2129
-5,3,7,3,8,745,DL,ATL,2126
-5,3,9,5,8,745,DL,ATL,2124
-5,3,10,6,8,745,DL,ATL,2123
0,3,11,7,8,745,DL,ATL,2122
0,3,12,1,8,745,DL,ATL,2121
0,3,13,2,8,745,DL,ATL,2120
-4,3,14,3,8,745,DL,ATL,2119
5,3,15,4,8,745,DL,ATL,2118
5,3,16,5,8,745,DL,ATL,2117
0,3,17,6,8,745,DL,ATL,2116
0,3,18,7,8,745,DL,ATL,2115
0,3,19,1,8,745,DL,ATL,2114
55,3,20,2,8,745,DL,ATL,2113
0,3,21,3,8,745,DL,ATL,2112
0,3,22,4,8,745,DL,ATL,2111
0,3,23,5,8,745,DL,ATL,2110
0,3,24,6,8,745,DL,ATL,2109
0,3,25,7,8,745,DL,ATL,2108
0,3,26,1,8,745,DL,ATL,2107
0,3,27,2,8,745,DL,ATL,2106
5,3,28,3,8,745,DL,ATL,2105
45,3,29,4,8,745,DL,ATL,2104
0,3,30,5,8,745,DL,ATL,2103
-2,3,31,6,8,745,DL,ATL,2102
-4,3,1,4,5,745,DL,ATL,2132
15,3,2,5,5,745,DL,ATL,2131
-4,3,3,6,5,745,DL,ATL,2130
7,3,4,7,5,745,DL,ATL,2129
-3,3,7,3,5,745,DL,ATL,2126
-1,3,8,4,5,745,DL,ATL,2125
-5,3,9,5,5,745,DL,ATL,2124
2,3,10,6,5,745,DL,ATL,2123
1,3,11,7,5,745,DL,ATL,2122
-1,3,12,1,5,745,DL,ATL,2121
-1,3,13,2,5,745,DL,ATL,2120
0,3,14,3,5,745,DL,ATL,2119
3,3,15,4,5,745,DL,ATL,2118
3,3,16,5,5,745,DL,ATL,2117
1,3,17,6,5,745,DL,ATL,2116
2,3,18,7,5,745,DL,ATL,2115
0,3,19,1,5,745,DL,ATL,2114
-3,3,20,2,5,745,DL,ATL,2113
0,3,21,3,5,745,DL,ATL,2112
7,3,23,5,5,745,DL,ATL,2110
3,3,24,6,5,745,DL,ATL,2109
11,3,25,7,5,745,DL,ATL,2108
0,3,26,1,5,745,DL,ATL,2107
-2,3,27,2,5,745,DL,ATL,2106
-1,3,28,3,5,745,DL,ATL,2105
1,3,29,4,5,745,DL,ATL,2104
15,3,30,5,5,745,DL,ATL,2103
-1,3,31,6,5,745,DL,ATL,2102
0,3,1,4,6,745,DL,ATL,2132
3,3,2,5,6,745,DL,ATL,2131
-5,3,3,6,6,745,DL,ATL,2130
-3,3,4,7,6,745,DL,ATL,2129
1,3,7,3,6,745,DL,ATL,2126
-1,3,8,4,6,745,DL,ATL,2125
1,3,9,5,6,745,DL,ATL,2124
-3,3,10,6,6,745,DL,ATL,2123
22,3,11,7,6,745,DL,ATL,2122
5,3,12,1,6,745,DL,ATL,2121
-1,3,13,2,6,745,DL,ATL,2120
-1,3,14,3,6,745,DL,ATL,2119
2,3,15,4,6,745,DL,ATL,2118
0,3,16,5,6,745,DL,ATL,2117
7,3,17,6,6,745,DL,ATL,2116
1,3,18,7,6,745,DL,ATL,2115
3,3,19,1,6,745,DL,ATL,2114
3,3,20,2,6,745,DL,ATL,2113
0,3,21,3,6,745,DL,ATL,2112
4,3,22,4,6,745,DL,ATL,2111
6,3,23,5,6,745,DL,ATL,2110
7,3,24,6,6,745,DL,ATL,2109
-2,3,25,7,6,745,DL,ATL,2108
-1,3,26,1,6,745,DL,ATL,2107
4,3,27,2,6,745,DL,ATL,2106
-3,3,28,3,6,745,DL,ATL,2105
37,3,29,4,6,745,DL,ATL,2104
28,3,30,5,6,745,DL,ATL,2103
0,3,31,6,6,745,DL,ATL,2102
-5,3,2,5,17,569,DL,CVG,2131
-1,3,3,6,17,569,DL,CVG,2130
147,3,4,7,17,569,DL,CVG,2129
9,3,6,2,17,569,DL,CVG,2127
6,3,7,3,17,569,DL,CVG,2126
2,3,8,4,17,569,DL,CVG,2125
3,3,9,5,17,569,DL,CVG,2124
-1,3,10,6,17,569,DL,CVG,2123
8,3,11,7,17,569,DL,CVG,2122
29,3,12,1,17,569,DL,CVG,2121
30,3,13,2,17,569,DL,CVG,2120
51,3,14,3,17,569,DL,CVG,2119
8,3,15,4,17,569,DL,CVG,2118
1,3,16,5,17,569,DL,CVG,2117
0,3,17,6,17,569,DL,CVG,2116
6,3,18,7,17,569,DL,CVG,2115
4,3,19,1,17,569,DL,CVG,2114
73,3,20,2,17,569,DL,CVG,2113
102,3,21,3,17,569,DL,CVG,2112
4,3,22,4,17,569,DL,CVG,2111
122,3,23,5,17,569,DL,CVG,2110
6,3,24,6,17,569,DL,CVG,2109
8,3,25,7,17,569,DL,CVG,2108
1,3,26,1,17,569,DL,CVG,2107
0,3,27,2,17,569,DL,CVG,2106
-4,3,28,3,17,569,DL,CVG,2105
28,3,29,4,17,569,DL,CVG,2104
4,3,30,5,17,569,DL,CVG,2103
6,3,31,6,17,569,DL,CVG,2102
0,3,1,4,7,1968,DL,SLC,2132
2,3,2,5,7,1968,DL,SLC,2131
30,3,3,6,7,1968,DL,SLC,2130
-2,3,4,7,7,1968,DL,SLC,2129
0,3,7,3,7,1968,DL,SLC,2126
0,3,8,4,7,1968,DL,SLC,2125
0,3,2,5,7,745,DL,ATL,2131
20,3,3,6,7,745,DL,ATL,2130
10,3,4,7,7,745,DL,ATL,2129
0,3,7,3,7,745,DL,ATL,2126
-1,3,8,4,7,745,DL,ATL,2125
3,3,1,4,17,1968,DL,SLC,2132
4,3,2,5,17,1968,DL,SLC,2131
-2,3,3,6,17,1968,DL,SLC,2130
26,3,4,7,17,1968,DL,SLC,2129
6,3,6,2,17,1968,DL,SLC,2127
16,3,7,3,17,1968,DL,SLC,2126
1,3,8,4,17,1968,DL,SLC,2125
47,3,9,5,17,1968,DL,SLC,2124
4,3,10,6,17,1968,DL,SLC,2123
6,3,11,7,17,1968,DL,SLC,2122
-3,3,12,1,17,1968,DL,SLC,2121
28,3,14,3,17,1968,DL,SLC,2119
34,3,15,4,17,1968,DL,SLC,2118
11,3,16,5,17,1968,DL,SLC,2117
14,3,17,6,17,1968,DL,SLC,2116
39,3,18,7,17,1968,DL,SLC,2115
10,3,19,1,17,1968,DL,SLC,2114
-1,3,20,2,17,1968,DL,SLC,2113
269,3,21,3,17,1968,DL,SLC,2112
66,3,22,4,17,1968,DL,SLC,2111
103,3,23,5,17,1968,DL,SLC,2110
-5,3,24,6,17,1968,DL,SLC,2109
5,3,25,7,17,1968,DL,SLC,2108
17,3,26,1,17,1968,DL,SLC,2107
38,3,27,2,17,1968,DL,SLC,2106
53,3,28,3,17,1968,DL,SLC,2105
-1,3,29,4,17,1968,DL,SLC,2104
4,3,30,5,17,1968,DL,SLC,2103
-3,3,31,6,17,1968,DL,SLC,2102
-2,3,1,4,6,569,DL,CVG,2132
-3,3,3,6,6,569,DL,CVG,2130
4,3,4,7,6,569,DL,CVG,2129
-4,3,7,3,6,569,DL,CVG,2126
1,3,8,4,6,569,DL,CVG,2125
-1,3,9,5,6,569,DL,CVG,2124
-1,3,10,6,6,569,DL,CVG,2123
0,3,11,7,6,569,DL,CVG,2122
4,3,12,1,6,569,DL,CVG,2121
-4,3,13,2,6,569,DL,CVG,2120
3,3,15,4,6,569,DL,CVG,2118
-3,3,16,5,6,569,DL,CVG,2117
-2,3,17,6,6,569,DL,CVG,2116
-1,3,18,7,6,569,DL,CVG,2115
2,3,19,1,6,569,DL,CVG,2114
0,3,20,2,6,569,DL,CVG,2113
-1,3,21,3,6,569,DL,CVG,2112
-1,3,22,4,6,569,DL,CVG,2111
9,3,23,5,6,569,DL,CVG,2110
-2,3,24,6,6,569,DL,CVG,2109
0,3,26,1,6,569,DL,CVG,2107
-1,3,27,2,6,569,DL,CVG,2106
1,3,28,3,6,569,DL,CVG,2105
-1,3,29,4,6,569,DL,CVG,2104
15,3,30,5,6,569,DL,CVG,2103
-4,3,31,6,6,569,DL,CVG,2102
1,3,1,4,12,745,DL,ATL,2132
10,3,2,5,12,745,DL,ATL,2131
-4,3,3,6,12,745,DL,ATL,2130
4,3,4,7,12,745,DL,ATL,2129
4,3,7,3,12,745,DL,ATL,2126
-3,3,8,4,12,745,DL,ATL,2125
2,3,10,6,12,745,DL,ATL,2123
10,3,11,7,12,745,DL,ATL,2122
139,3,12,1,12,745,DL,ATL,2121
10,3,13,2,12,745,DL,ATL,2120
8,3,14,3,12,745,DL,ATL,2119
15,3,15,4,12,745,DL,ATL,2118
5,3,16,5,12,745,DL,ATL,2117
7,3,17,6,12,745,DL,ATL,2116
11,3,18,7,12,745,DL,ATL,2115
1,3,19,1,12,745,DL,ATL,2114
92,3,20,2,12,745,DL,ATL,2113
33,3,21,3,12,745,DL,ATL,2112
12,3,22,4,12,745,DL,ATL,2111
3,3,23,5,12,745,DL,ATL,2110
-3,3,24,6,12,745,DL,ATL,2109
3,3,25,7,12,745,DL,ATL,2108
4,3,26,1,12,745,DL,ATL,2107
-2,3,27,2,12,745,DL,ATL,2106
5,3,28,3,12,745,DL,ATL,2105
195,3,29,4,12,745,DL,ATL,2104
5,3,30,5,12,745,DL,ATL,2103
-3,3,31,6,12,745,DL,ATL,2102
10,3,1,4,18,745,DL,ATL,2132
22,3,2,5,18,745,DL,ATL,2131
3,3,3,6,18,745,DL,ATL,2130
108,3,4,7,18,745,DL,ATL,2129
2,3,6,2,18,745,DL,ATL,2127
-3,3,7,3,18,745,DL,ATL,2126
0,3,8,4,18,745,DL,ATL,2125
4,3,9,5,18,745,DL,ATL,2124
-2,3,10,6,18,745,DL,ATL,2123
7,3,11,7,18,745,DL,ATL,2122
20,3,12,1,18,745,DL,ATL,2121
58,3,13,2,18,745,DL,ATL,2120
10,3,15,4,18,745,DL,ATL,2118
8,3,16,5,18,745,DL,ATL,2117
8,3,18,7,18,745,DL,ATL,2115
60,3,19,1,18,745,DL,ATL,2114
10,3,20,2,18,745,DL,ATL,2113
295,3,21,3,18,745,DL,ATL,2112
52,3,22,4,18,745,DL,ATL,2111
102,3,23,5,18,745,DL,ATL,2110
-4,3,24,6,18,745,DL,ATL,2109
10,3,25,7,18,745,DL,ATL,2108
4,3,27,2,18,745,DL,ATL,2106
2,3,28,3,18,745,DL,ATL,2105
22,3,29,4,18,745,DL,ATL,2104
27,3,30,5,18,745,DL,ATL,2103
3,3,31,6,18,745,DL,ATL,2102
3,3,1,4,19,745,DL,ATL,2132
20,3,2,5,19,745,DL,ATL,2131
13,3,4,7,19,745,DL,ATL,2129
12,3,6,2,19,745,DL,ATL,2127
30,3,7,3,19,745,DL,ATL,2126
3,3,8,4,19,745,DL,ATL,2125
3,3,9,5,19,745,DL,ATL,2124
0,3,10,6,19,745,DL,ATL,2123
5,3,11,7,19,745,DL,ATL,2122
36,3,12,1,19,745,DL,ATL,2121
55,3,13,2,19,745,DL,ATL,2120
40,3,14,3,19,745,DL,ATL,2119
0,3,16,5,19,745,DL,ATL,2117
-1,3,17,6,19,745,DL,ATL,2116
19,3,18,7,19,745,DL,ATL,2115
15,3,19,1,19,745,DL,ATL,2114
4,3,20,2,19,745,DL,ATL,2113
-4,3,24,6,19,745,DL,ATL,2109
4,3,25,7,19,745,DL,ATL,2108
1,3,26,1,19,745,DL,ATL,2107
-3,3,27,2,19,745,DL,ATL,2106
2,3,28,3,19,745,DL,ATL,2105
19,3,30,5,19,745,DL,ATL,2103
1,3,31,6,19,745,DL,ATL,2102
7,3,1,4,10,745,DL,ATL,2132
4,3,2,5,10,745,DL,ATL,2131
-1,3,3,6,10,745,DL,ATL,2130
6,3,4,7,10,745,DL,ATL,2129
5,3,6,2,10,745,DL,ATL,2127
-2,3,7,3,10,745,DL,ATL,2126
13,3,8,4,10,745,DL,ATL,2125
14,3,9,5,10,745,DL,ATL,2124
-1,3,10,6,10,745,DL,ATL,2123
2,3,11,7,10,745,DL,ATL,2122
1,3,12,1,10,745,DL,ATL,2121
8,3,13,2,10,745,DL,ATL,2120
-3,3,14,3,10,745,DL,ATL,2119
16,3,15,4,10,745,DL,ATL,2118
4,3,16,5,10,745,DL,ATL,2117
4,3,17,6,10,745,DL,ATL,2116
2,3,18,7,10,745,DL,ATL,2115
0,3,19,1,10,745,DL,ATL,2114
74,3,20,2,10,745,DL,ATL,2113
-2,3,21,3,10,745,DL,ATL,2112
22,3,22,4,10,745,DL,ATL,2111
-2,3,23,5,10,745,DL,ATL,2110
-1,3,24,6,10,745,DL,ATL,2109
2,3,25,7,10,745,DL,ATL,2108
-2,3,26,1,10,745,DL,ATL,2107
-3,3,27,2,10,745,DL,ATL,2106
-1,3,28,3,10,745,DL,ATL,2105
17,3,29,4,10,745,DL,ATL,2104
6,3,30,5,10,745,DL,ATL,2103
2,3,31,6,10,745,DL,ATL,2102
10,3,1,4,8,998,DL,TPA,2132
11,3,1,4,11,1065,DL,FLL,2132
7,3,2,5,11,1065,DL,FLL,2131
-8,3,3,6,11,1065,DL,FLL,2130
8,3,4,7,11,1065,DL,FLL,2129
10,3,6,2,11,1065,DL,FLL,2127
6,3,7,3,11,1065,DL,FLL,2126
-2,3,8,4,11,1065,DL,FLL,2125
2,3,9,5,11,1065,DL,FLL,2124
-6,3,10,6,11,1065,DL,FLL,2123
6,3,11,7,11,1065,DL,FLL,2122
0,3,12,1,11,1065,DL,FLL,2121
33,3,13,2,11,1065,DL,FLL,2120
31,3,14,3,11,1065,DL,FLL,2119
2,3,15,4,11,1065,DL,FLL,2118
0,3,16,5,11,1065,DL,FLL,2117
11,3,17,6,11,1065,DL,FLL,2116
11,3,18,7,11,1065,DL,FLL,2115
28,3,19,1,11,1065,DL,FLL,2114
2,3,21,3,11,1065,DL,FLL,2112
1,3,22,4,11,1065,DL,FLL,2111
8,3,23,5,11,1065,DL,FLL,2110
-3,3,24,6,11,1065,DL,FLL,2109
1,3,25,7,11,1065,DL,FLL,2108
-1,3,26,1,11,1065,DL,FLL,2107
0,3,27,2,11,1065,DL,FLL,2106
4,3,28,3,11,1065,DL,FLL,2105
1,3,29,4,11,1065,DL,FLL,2104
20,3,30,5,11,1065,DL,FLL,2103
32,3,31,6,11,1065,DL,FLL,2102
49,3,1,4,14,998,DL,TPA,2132
5,3,1,4,15,938,DL,MCO,2132
8,3,2,5,15,938,DL,MCO,2131
-8,3,3,6,15,938,DL,MCO,2130
5,3,4,7,15,938,DL,MCO,2129
6,3,6,2,15,938,DL,MCO,2127
3,3,7,3,15,938,DL,MCO,2126
1,3,8,4,15,938,DL,MCO,2125
2,3,9,5,15,938,DL,MCO,2124
18,3,10,6,15,938,DL,MCO,2123
-1,3,11,7,15,938,DL,MCO,2122
-5,3,12,1,15,938,DL,MCO,2121
102,3,13,2,15,938,DL,MCO,2120
18,3,14,3,15,938,DL,MCO,2119
22,3,15,4,15,938,DL,MCO,2118
-4,3,16,5,15,938,DL,MCO,2117
0,3,17,6,15,938,DL,MCO,2116
0,3,18,7,15,938,DL,MCO,2115
-1,3,19,1,15,938,DL,MCO,2114
0,3,20,2,15,938,DL,MCO,2113
34,3,21,3,15,938,DL,MCO,2112
18,3,22,4,15,938,DL,MCO,2111
1,3,23,5,15,938,DL,MCO,2110
-7,3,24,6,15,938,DL,MCO,2109
3,3,25,7,15,938,DL,MCO,2108
-6,3,26,1,15,938,DL,MCO,2107
0,3,27,2,15,938,DL,MCO,2106
4,3,28,3,15,938,DL,MCO,2105
48,3,29,4,15,938,DL,MCO,2104
-1,3,31,6,15,938,DL,MCO,2102
56,3,1,4,19,1065,DL,FLL,2132
38,3,2,5,19,1065,DL,FLL,2131
114,3,3,6,19,1065,DL,FLL,2130
144,3,4,7,19,1065,DL,FLL,2129
33,3,6,2,19,1065,DL,FLL,2127
25,3,7,3,19,1065,DL,FLL,2126
11,3,8,4,19,1065,DL,FLL,2125
11,3,9,5,19,1065,DL,FLL,2124
1,3,10,6,19,1065,DL,FLL,2123
11,3,11,7,19,1065,DL,FLL,2122
-3,3,12,1,19,1065,DL,FLL,2121
34,3,13,2,19,1065,DL,FLL,2120
34,3,14,3,19,1065,DL,FLL,2119
7,3,15,4,19,1065,DL,FLL,2118
20,3,16,5,19,1065,DL,FLL,2117
17,3,17,6,19,1065,DL,FLL,2116
19,3,18,7,19,1065,DL,FLL,2115
124,3,19,1,19,1065,DL,FLL,2114
165,3,21,3,19,1065,DL,FLL,2112
4,3,22,4,19,1065,DL,FLL,2111
127,3,23,5,19,1065,DL,FLL,2110
2,3,24,6,19,1065,DL,FLL,2109
5,3,25,7,19,1065,DL,FLL,2108
16,3,26,1,19,1065,DL,FLL,2107
2,3,27,2,19,1065,DL,FLL,2106
112,3,28,3,19,1065,DL,FLL,2105
27,3,29,4,19,1065,DL,FLL,2104
39,3,30,5,19,1065,DL,FLL,2103
8,3,31,6,19,1065,DL,FLL,2102
1,3,1,4,8,1065,DL,FLL,2132
-1,3,2,5,8,1065,DL,FLL,2131
1,3,3,6,8,1065,DL,FLL,2130
-1,3,4,7,8,1065,DL,FLL,2129
-2,3,7,3,8,1065,DL,FLL,2126
-2,3,8,4,8,1065,DL,FLL,2125
4,3,9,5,8,1065,DL,FLL,2124
-3,3,10,6,8,1065,DL,FLL,2123
-2,3,11,7,8,1065,DL,FLL,2122
6,3,12,1,8,1065,DL,FLL,2121
14,3,13,2,8,1065,DL,FLL,2120
-1,3,14,3,8,1065,DL,FLL,2119
5,3,15,4,8,1065,DL,FLL,2118
-2,3,16,5,8,1065,DL,FLL,2117
2,3,17,6,8,1065,DL,FLL,2116
0,3,18,7,8,1065,DL,FLL,2115
5,3,19,1,8,1065,DL,FLL,2114
-1,3,20,2,8,1065,DL,FLL,2113
-4,3,21,3,8,1065,DL,FLL,2112
-3,3,23,5,8,1065,DL,FLL,2110
-2,3,24,6,8,1065,DL,FLL,2109
0,3,25,7,8,1065,DL,FLL,2108
14,3,26,1,8,1065,DL,FLL,2107
-3,3,27,2,8,1065,DL,FLL,2106
-6,3,28,3,8,1065,DL,FLL,2105
6,3,29,4,8,1065,DL,FLL,2104
1,3,30,5,8,1065,DL,FLL,2103
-1,3,31,6,8,1065,DL,FLL,2102
32,3,1,4,21,938,DL,MCO,2132
-3,3,2,5,21,938,DL,MCO,2131
34,3,3,6,21,938,DL,MCO,2130
34,3,4,7,21,938,DL,MCO,2129
8,3,6,2,21,938,DL,MCO,2127
26,3,7,3,21,938,DL,MCO,2126
20,3,8,4,21,938,DL,MCO,2125
68,3,9,5,21,938,DL,MCO,2124
0,3,10,6,21,938,DL,MCO,2123
6,3,11,7,21,938,DL,MCO,2122
-8,3,12,1,21,938,DL,MCO,2121
24,3,13,2,21,938,DL,MCO,2120
16,3,14,3,21,938,DL,MCO,2119
-4,3,15,4,21,938,DL,MCO,2118
-2,3,16,5,21,938,DL,MCO,2117
-7,3,17,6,21,938,DL,MCO,2116
1,3,18,7,21,938,DL,MCO,2115
58,3,19,1,21,938,DL,MCO,2114
-1,3,20,2,21,938,DL,MCO,2113
212,3,21,3,21,938,DL,MCO,2112
54,3,22,4,21,938,DL,MCO,2111
15,3,23,5,21,938,DL,MCO,2110
-1,3,24,6,21,938,DL,MCO,2109
-2,3,25,7,21,938,DL,MCO,2108
-7,3,26,1,21,938,DL,MCO,2107
-2,3,27,2,21,938,DL,MCO,2106
75,3,29,4,21,938,DL,MCO,2104
8,3,30,5,21,938,DL,MCO,2103
0,3,1,4,7,1068,DL,RSW,2132
-1,3,2,5,7,1068,DL,RSW,2131
1,3,3,6,7,1068,DL,RSW,2130
3,3,4,7,7,1068,DL,RSW,2129
-1,3,7,3,7,1068,DL,RSW,2126
5,3,8,4,7,1068,DL,RSW,2125
16,3,9,5,7,1068,DL,RSW,2124
1,3,10,6,7,1068,DL,RSW,2123
-5,3,11,7,7,1068,DL,RSW,2122
-3,3,12,1,7,1068,DL,RSW,2121
-1,3,13,2,7,1068,DL,RSW,2120
-3,3,14,3,7,1068,DL,RSW,2119
-2,3,15,4,7,1068,DL,RSW,2118
12,3,16,5,7,1068,DL,RSW,2117
-2,3,17,6,7,1068,DL,RSW,2116
6,3,18,7,7,1068,DL,RSW,2115
3,3,19,1,7,1068,DL,RSW,2114
28,3,20,2,7,1068,DL,RSW,2113
-5,3,21,3,7,1068,DL,RSW,2112
0,3,22,4,7,1068,DL,RSW,2111
3,3,24,6,7,1068,DL,RSW,2109
10,3,25,7,7,1068,DL,RSW,2108
-1,3,26,1,7,1068,DL,RSW,2107
-4,3,27,2,7,1068,DL,RSW,2106
-6,3,28,3,7,1068,DL,RSW,2105
4,3,29,4,7,1068,DL,RSW,2104
8,3,30,5,7,1068,DL,RSW,2103
-3,3,31,6,7,1068,DL,RSW,2102
13,3,1,4,14,1068,DL,RSW,2132
-5,3,2,5,14,1068,DL,RSW,2131
-6,3,3,6,14,1068,DL,RSW,2130
4,3,4,7,14,1068,DL,RSW,2129
34,3,6,2,14,1068,DL,RSW,2127
-4,3,7,3,14,1068,DL,RSW,2126
3,3,8,4,14,1068,DL,RSW,2125
0,3,9,5,14,1068,DL,RSW,2124
-3,3,10,6,14,1068,DL,RSW,2123
0,3,11,7,14,1068,DL,RSW,2122
0,3,12,1,14,1068,DL,RSW,2121
27,3,13,2,14,1068,DL,RSW,2120
112,3,14,3,14,1068,DL,RSW,2119
-5,3,15,4,14,1068,DL,RSW,2118
14,3,16,5,14,1068,DL,RSW,2117
-2,3,17,6,14,1068,DL,RSW,2116
6,3,18,7,14,1068,DL,RSW,2115
27,3,19,1,14,1068,DL,RSW,2114
63,3,20,2,14,1068,DL,RSW,2113
47,3,21,3,14,1068,DL,RSW,2112
19,3,22,4,14,1068,DL,RSW,2111
-3,3,23,5,14,1068,DL,RSW,2110
14,3,24,6,14,1068,DL,RSW,2109
0,3,25,7,14,1068,DL,RSW,2108
15,3,26,1,14,1068,DL,RSW,2107
-4,3,27,2,14,1068,DL,RSW,2106
-4,3,28,3,14,1068,DL,RSW,2105
8,3,29,4,14,1068,DL,RSW,2104
-1,3,31,6,14,1068,DL,RSW,2102
255,3,1,4,13,938,DL,MCO,2132
7,3,2,5,13,938,DL,MCO,2131
7,3,3,6,13,938,DL,MCO,2130
51,3,4,7,13,938,DL,MCO,2129
48,3,6,2,13,938,DL,MCO,2127
11,3,7,3,13,938,DL,MCO,2126
-5,3,8,4,13,938,DL,MCO,2125
9,3,9,5,13,938,DL,MCO,2124
15,3,10,6,13,938,DL,MCO,2123
40,3,12,1,13,938,DL,MCO,2121
131,3,13,2,13,938,DL,MCO,2120
40,3,15,4,13,938,DL,MCO,2118
50,3,16,5,13,938,DL,MCO,2117
-2,3,17,6,13,938,DL,MCO,2116
25,3,18,7,13,938,DL,MCO,2115
2,3,19,1,13,938,DL,MCO,2114
0,3,20,2,13,938,DL,MCO,2113
44,3,21,3,13,938,DL,MCO,2112
17,3,22,4,13,938,DL,MCO,2111
-3,3,23,5,13,938,DL,MCO,2110
15,3,24,6,13,938,DL,MCO,2109
35,3,25,7,13,938,DL,MCO,2108
1,3,26,1,13,938,DL,MCO,2107
-2,3,27,2,13,938,DL,MCO,2106
11,3,28,3,13,938,DL,MCO,2105
337,3,29,4,13,938,DL,MCO,2104
25,3,30,5,13,938,DL,MCO,2103
4,3,31,6,13,938,DL,MCO,2102
262,3,1,4,17,938,DL,MCO,2132
76,3,2,5,17,938,DL,MCO,2131
1,3,3,6,17,938,DL,MCO,2130
5,3,4,7,17,938,DL,MCO,2129
186,3,6,2,17,938,DL,MCO,2127
5,3,7,3,17,938,DL,MCO,2126
19,3,8,4,17,938,DL,MCO,2125
3,3,9,5,17,938,DL,MCO,2124
20,3,10,6,17,938,DL,MCO,2123
13,3,11,7,17,938,DL,MCO,2122
39,3,12,1,17,938,DL,MCO,2121
119,3,14,3,17,938,DL,MCO,2119
113,3,15,4,17,938,DL,MCO,2118
20,3,16,5,17,938,DL,MCO,2117
30,3,17,6,17,938,DL,MCO,2116
53,3,18,7,17,938,DL,MCO,2115
0,3,19,1,17,938,DL,MCO,2114
102,3,20,2,17,938,DL,MCO,2113
258,3,21,3,17,938,DL,MCO,2112
123,3,23,5,17,938,DL,MCO,2110
11,3,24,6,17,938,DL,MCO,2109
11,3,25,7,17,938,DL,MCO,2108
60,3,26,1,17,938,DL,MCO,2107
-8,3,27,2,17,938,DL,MCO,2106
-4,3,28,3,17,938,DL,MCO,2105
2,3,29,4,17,938,DL,MCO,2104
34,3,30,5,17,938,DL,MCO,2103
40,3,31,6,17,938,DL,MCO,2102
0,3,1,4,7,938,DL,MCO,2132
-1,3,2,5,7,938,DL,MCO,2131
3,3,3,6,7,938,DL,MCO,2130
2,3,4,7,7,938,DL,MCO,2129
3,3,7,3,7,938,DL,MCO,2126
-1,3,8,4,7,938,DL,MCO,2125
2,3,9,5,7,938,DL,MCO,2124
-2,3,10,6,7,938,DL,MCO,2123
-1,3,11,7,7,938,DL,MCO,2122
2,3,12,1,7,938,DL,MCO,2121
-4,3,13,2,7,938,DL,MCO,2120
-5,3,14,3,7,938,DL,MCO,2119
3,3,15,4,7,938,DL,MCO,2118
0,3,16,5,7,938,DL,MCO,2117
-1,3,17,6,7,938,DL,MCO,2116
0,3,18,7,7,938,DL,MCO,2115
-1,3,19,1,7,938,DL,MCO,2114
-1,3,20,2,7,938,DL,MCO,2113
-3,3,21,3,7,938,DL,MCO,2112
0,3,22,4,7,938,DL,MCO,2111
-3,3,23,5,7,938,DL,MCO,2110
-1,3,24,6,7,938,DL,MCO,2109
-2,3,25,7,7,938,DL,MCO,2108
3,3,26,1,7,938,DL,MCO,2107
-1,3,27,2,7,938,DL,MCO,2106
-2,3,28,3,7,938,DL,MCO,2105
-1,3,29,4,7,938,DL,MCO,2104
13,3,30,5,7,938,DL,MCO,2103
76,3,31,6,7,938,DL,MCO,2102
35,3,2,5,11,938,DL,MCO,2131
-1,3,3,6,11,938,DL,MCO,2130
-3,3,4,7,11,938,DL,MCO,2129
18,3,6,2,11,938,DL,MCO,2127
-4,3,7,3,11,938,DL,MCO,2126
8,3,8,4,11,938,DL,MCO,2125
-2,3,9,5,11,938,DL,MCO,2124
0,3,10,6,11,938,DL,MCO,2123
-4,3,11,7,11,938,DL,MCO,2122
2,3,12,1,11,938,DL,MCO,2121
55,3,13,2,11,938,DL,MCO,2120
39,3,14,3,11,938,DL,MCO,2119
-1,3,15,4,11,938,DL,MCO,2118
-1,3,16,5,11,938,DL,MCO,2117
17,3,17,6,11,938,DL,MCO,2116
0,3,18,7,11,938,DL,MCO,2115
-2,3,19,1,11,938,DL,MCO,2114
1,3,20,2,11,938,DL,MCO,2113
0,3,21,3,11,938,DL,MCO,2112
4,3,22,4,11,938,DL,MCO,2111
20,3,23,5,11,938,DL,MCO,2110
6,3,24,6,11,938,DL,MCO,2109
2,3,25,7,11,938,DL,MCO,2108
0,3,26,1,11,938,DL,MCO,2107
-5,3,27,2,11,938,DL,MCO,2106
7,3,28,3,11,938,DL,MCO,2105
3,3,29,4,11,938,DL,MCO,2104
-5,3,30,5,11,938,DL,MCO,2103
-6,3,31,6,11,938,DL,MCO,2102
2,3,1,4,9,938,DL,MCO,2132
-3,3,2,5,9,938,DL,MCO,2131
-5,3,3,6,9,938,DL,MCO,2130
14,3,4,7,9,938,DL,MCO,2129
-4,3,7,3,9,938,DL,MCO,2126
2,3,8,4,9,938,DL,MCO,2125
-1,3,9,5,9,938,DL,MCO,2124
3,3,10,6,9,938,DL,MCO,2123
-4,3,11,7,9,938,DL,MCO,2122
-1,3,12,1,9,938,DL,MCO,2121
198,3,13,2,9,938,DL,MCO,2120
-6,3,14,3,9,938,DL,MCO,2119
24,3,15,4,9,938,DL,MCO,2118
16,3,16,5,9,938,DL,MCO,2117
4,3,17,6,9,938,DL,MCO,2116
-1,3,18,7,9,938,DL,MCO,2115
42,3,19,1,9,938,DL,MCO,2114
-3,3,20,2,9,938,DL,MCO,2113
-5,3,21,3,9,938,DL,MCO,2112
29,3,23,5,9,938,DL,MCO,2110
-5,3,24,6,9,938,DL,MCO,2109
158,3,25,7,9,938,DL,MCO,2108
29,3,26,1,9,938,DL,MCO,2107
-6,3,27,2,9,938,DL,MCO,2106
0,3,28,3,9,938,DL,MCO,2105
38,3,29,4,9,938,DL,MCO,2104
-2,3,30,5,9,938,DL,MCO,2103
35,3,31,6,9,938,DL,MCO,2102
8,3,1,4,8,1024,DL,PBI,2132
4,3,2,5,8,1024,DL,PBI,2131
1,3,3,6,8,1024,DL,PBI,2130
-3,3,4,7,8,1024,DL,PBI,2129
9,3,7,3,8,1024,DL,PBI,2126
106,3,8,4,8,1024,DL,PBI,2125
3,3,9,5,8,1024,DL,PBI,2124
0,3,11,7,8,1024,DL,PBI,2122
8,3,12,1,8,1024,DL,PBI,2121
1,3,13,2,8,1024,DL,PBI,2120
1,3,14,3,8,1024,DL,PBI,2119
19,3,15,4,8,1024,DL,PBI,2118
8,3,16,5,8,1024,DL,PBI,2117
7,3,17,6,8,1024,DL,PBI,2116
7,3,18,7,8,1024,DL,PBI,2115
1,3,19,1,8,1024,DL,PBI,2114
1,3,21,3,8,1024,DL,PBI,2112
116,3,22,4,8,1024,DL,PBI,2111
1,3,23,5,8,1024,DL,PBI,2110
2,3,24,6,8,1024,DL,PBI,2109
1,3,25,7,8,1024,DL,PBI,2108
0,3,26,1,8,1024,DL,PBI,2107
-2,3,27,2,8,1024,DL,PBI,2106
0,3,28,3,8,1024,DL,PBI,2105
4,3,29,4,8,1024,DL,PBI,2104
-4,3,30,5,8,1024,DL,PBI,2103
63,3,31,6,8,1024,DL,PBI,2102
52,3,1,4,15,1065,DL,FLL,2132
8,3,2,5,15,1065,DL,FLL,2131
74,3,3,6,15,1065,DL,FLL,2130
28,3,4,7,15,1065,DL,FLL,2129
39,3,6,2,15,1065,DL,FLL,2127
16,3,7,3,15,1065,DL,FLL,2126
32,3,8,4,15,1065,DL,FLL,2125
20,3,9,5,15,1065,DL,FLL,2124
34,3,10,6,15,1065,DL,FLL,2123
24,3,11,7,15,1065,DL,FLL,2122
33,3,12,1,15,1065,DL,FLL,2121
71,3,13,2,15,1065,DL,FLL,2120
114,3,14,3,15,1065,DL,FLL,2119
10,3,15,4,15,1065,DL,FLL,2118
93,3,16,5,15,1065,DL,FLL,2117
54,3,17,6,15,1065,DL,FLL,2116
126,3,18,7,15,1065,DL,FLL,2115
289,3,19,1,15,1065,DL,FLL,2114
3,3,20,2,15,1065,DL,FLL,2113
123,3,21,3,15,1065,DL,FLL,2112
75,3,22,4,15,1065,DL,FLL,2111
42,3,23,5,15,1065,DL,FLL,2110
3,3,24,6,15,1065,DL,FLL,2109
78,3,25,7,15,1065,DL,FLL,2108
6,3,26,1,15,1065,DL,FLL,2107
-6,3,27,2,15,1065,DL,FLL,2106
28,3,28,3,15,1065,DL,FLL,2105
21,3,29,4,15,1065,DL,FLL,2104
103,3,30,5,15,1065,DL,FLL,2103
18,3,31,6,15,1065,DL,FLL,2102
38,3,1,4,16,1024,DL,PBI,2132
61,3,2,5,16,1024,DL,PBI,2131
-6,3,3,6,16,1024,DL,PBI,2130
4,3,4,7,16,1024,DL,PBI,2129
86,3,6,2,16,1024,DL,PBI,2127
56,3,7,3,16,1024,DL,PBI,2126
117,3,8,4,16,1024,DL,PBI,2125
34,3,9,5,16,1024,DL,PBI,2124
-3,3,10,6,16,1024,DL,PBI,2123
19,3,11,7,16,1024,DL,PBI,2122
1,3,12,1,16,1024,DL,PBI,2121
48,3,13,2,16,1024,DL,PBI,2120
42,3,14,3,16,1024,DL,PBI,2119
100,3,15,4,16,1024,DL,PBI,2118
18,3,16,5,16,1024,DL,PBI,2117
-3,3,17,6,16,1024,DL,PBI,2116
43,3,18,7,16,1024,DL,PBI,2115
-1,3,20,2,16,1024,DL,PBI,2113
119,3,21,3,16,1024,DL,PBI,2112
171,3,22,4,16,1024,DL,PBI,2111
-1,3,23,5,16,1024,DL,PBI,2110
4,3,24,6,16,1024,DL,PBI,2109
54,3,25,7,16,1024,DL,PBI,2108
16,3,26,1,16,1024,DL,PBI,2107
-7,3,27,2,16,1024,DL,PBI,2106
-1,3,28,3,16,1024,DL,PBI,2105
10,3,29,4,16,1024,DL,PBI,2104
39,3,30,5,16,1024,DL,PBI,2103
42,3,31,6,16,1024,DL,PBI,2102
137,3,1,4,19,462,HP,CMH,2132
-4,3,2,5,19,462,HP,CMH,2131
82,3,4,7,19,462,HP,CMH,2129
0,3,6,2,19,462,HP,CMH,2127
62,3,7,3,19,462,HP,CMH,2126
13,3,8,4,19,462,HP,CMH,2125
17,3,9,5,19,462,HP,CMH,2124
0,3,11,7,19,462,HP,CMH,2122
0,3,12,1,19,462,HP,CMH,2121
77,3,14,3,19,462,HP,CMH,2119
2,3,15,4,19,462,HP,CMH,2118
-4,3,16,5,19,462,HP,CMH,2117
0,3,18,7,19,462,HP,CMH,2115
-4,3,20,2,19,462,HP,CMH,2113
77,3,22,4,19,462,HP,CMH,2111
143,3,23,5,19,462,HP,CMH,2110
-3,3,25,7,19,462,HP,CMH,2108
30,3,26,1,19,462,HP,CMH,2107
-4,3,27,2,19,462,HP,CMH,2106
-4,3,28,3,19,462,HP,CMH,2105
0,3,29,4,19,462,HP,CMH,2104
-4,3,1,4,21,2227,HP,LAS,2132
-4,3,2,5,21,2227,HP,LAS,2131
0,3,4,7,21,2227,HP,LAS,2129
42,3,6,2,21,2227,HP,LAS,2127
0,3,7,3,21,2227,HP,LAS,2126
-1,3,8,4,21,2227,HP,LAS,2125
-4,3,9,5,21,2227,HP,LAS,2124
-1,3,11,7,21,2227,HP,LAS,2122
-4,3,12,1,21,2227,HP,LAS,2121
172,3,14,3,21,2227,HP,LAS,2119
0,3,15,4,21,2227,HP,LAS,2118
-4,3,16,5,21,2227,HP,LAS,2117
7,3,18,7,21,2227,HP,LAS,2115
0,3,19,1,21,2227,HP,LAS,2114
-1,3,20,2,21,2227,HP,LAS,2113
99,3,22,4,21,2227,HP,LAS,2111
16,3,23,5,21,2227,HP,LAS,2110
0,3,25,7,21,2227,HP,LAS,2108
16,3,26,1,21,2227,HP,LAS,2107
0,3,27,2,21,2227,HP,LAS,2106
14,3,28,3,21,2227,HP,LAS,2105
42,3,29,4,21,2227,HP,LAS,2104
30,3,30,5,21,2227,HP,LAS,2103
