11,1,1,1,7,529,US,CLT,2191
2,1,2,2,7,529,US,CLT,2190
12,1,3,3,7,529,US,CLT,2189
69,1,4,4,7,529,US,CLT,2188
13,1,5,5,7,529,US,CLT,2187
5,1,6,6,7,529,US,CLT,2186
-4,1,7,7,7,529,US,CLT,2185
-5,1,8,1,7,529,US,CLT,2184
-4,1,9,2,7,529,US,CLT,2183
0,1,10,3,7,529,US,CLT,2182
-3,1,11,4,7,529,US,CLT,2181
4,1,13,6,7,529,US,CLT,2179
6,1,14,7,7,529,US,CLT,2178
-1,1,15,1,7,529,US,CLT,2177
7,1,16,2,7,529,US,CLT,2176
-5,1,17,3,7,529,US,CLT,2175
-3,1,18,4,7,529,US,CLT,2174
-4,1,19,5,7,529,US,CLT,2173
-4,1,20,6,7,529,US,CLT,2172
1,1,21,7,7,529,US,CLT,2171
21,1,22,1,7,529,US,CLT,2170
5,1,24,3,7,529,US,CLT,2168
-3,1,25,4,7,529,US,CLT,2167
-2,1,26,5,7,529,US,CLT,2166
28,1,27,6,7,529,US,CLT,2165
1,1,28,7,7,529,US,CLT,2164
-4,1,29,1,7,529,US,CLT,2163
-3,1,30,2,7,529,US,CLT,2162
-5,1,31,3,7,529,US,CLT,2161
8,1,1,1,14,319,US,PIT,2191
14,1,2,2,14,319,US,PIT,2190
10,1,3,3,14,319,US,PIT,2189
50,1,4,4,14,319,US,PIT,2188
33,1,5,5,14,319,US,PIT,2187
-2,1,6,6,14,319,US,PIT,2186
1,1,7,7,14,319,US,PIT,2185
1,1,8,1,14,319,US,PIT,2184
-2,1,9,2,14,319,US,PIT,2183
30,1,10,3,14,319,US,PIT,2182
0,1,11,4,14,319,US,PIT,2181
18,1,12,5,14,319,US,PIT,2180
-3,1,13,6,14,319,US,PIT,2179
-1,1,14,7,14,319,US,PIT,2178
63,1,15,1,14,319,US,PIT,2177
-4,1,16,2,14,319,US,PIT,2176
0,1,17,3,14,319,US,PIT,2175
16,1,18,4,14,319,US,PIT,2174
15,1,19,5,14,319,US,PIT,2173
20,1,20,6,14,319,US,PIT,2172
11,1,21,7,14,319,US,PIT,2171
-2,1,22,1,14,319,US,PIT,2170
11,1,23,2,14,319,US,PIT,2169
4,1,24,3,14,319,US,PIT,2168
22,1,25,4,14,319,US,PIT,2167
3,1,26,5,14,319,US,PIT,2166
-5,1,27,6,14,319,US,PIT,2165
-6,1,28,7,14,319,US,PIT,2164
-8,1,29,1,14,319,US,PIT,2163
32,1,30,2,14,319,US,PIT,2162
-4,1,31,3,14,319,US,PIT,2161
7,1,1,1,6,529,US,CLT,2191
20,1,2,2,6,529,US,CLT,2190
0,1,3,3,6,529,US,CLT,2189
1,1,4,4,6,529,US,CLT,2188
0,1,5,5,6,529,US,CLT,2187
-6,1,6,6,6,529,US,CLT,2186
-3,1,7,7,6,529,US,CLT,2185
0,1,8,1,6,529,US,CLT,2184
5,1,9,2,6,529,US,CLT,2183
1,1,11,4,6,529,US,CLT,2181
-4,1,12,5,6,529,US,CLT,2180
2,1,13,6,6,529,US,CLT,2179
-4,1,14,7,6,529,US,CLT,2178
-2,1,16,2,6,529,US,CLT,2176
-3,1,18,4,6,529,US,CLT,2174
-4,1,19,5,6,529,US,CLT,2173
-6,1,20,6,6,529,US,CLT,2172
3,1,21,7,6,529,US,CLT,2171
-2,1,22,1,6,529,US,CLT,2170
-3,1,25,4,6,529,US,CLT,2167
-5,1,26,5,6,529,US,CLT,2166
-2,1,28,7,6,529,US,CLT,2164
-5,1,30,2,6,529,US,CLT,2162
-6,1,31,3,6,529,US,CLT,2161
15,1,1,1,19,529,US,CLT,2191
1,1,2,2,19,529,US,CLT,2190
-4,1,3,3,19,529,US,CLT,2189
0,1,4,4,19,529,US,CLT,2188
-8,1,6,6,19,529,US,CLT,2186
34,1,7,7,19,529,US,CLT,2185
56,1,8,1,19,529,US,CLT,2184
5,1,9,2,19,529,US,CLT,2183
-2,1,10,3,19,529,US,CLT,2182
-3,1,11,4,19,529,US,CLT,2181
55,1,12,5,19,529,US,CLT,2180
-7,1,13,6,19,529,US,CLT,2179
-2,1,14,7,19,529,US,CLT,2178
40,1,15,1,19,529,US,CLT,2177
-4,1,16,2,19,529,US,CLT,2176
-8,1,17,3,19,529,US,CLT,2175
8,1,18,4,19,529,US,CLT,2174
64,1,19,5,19,529,US,CLT,2173
97,1,20,6,19,529,US,CLT,2172
5,1,22,1,19,529,US,CLT,2170
-4,1,23,2,19,529,US,CLT,2169
-5,1,24,3,19,529,US,CLT,2168
18,1,25,4,19,529,US,CLT,2167
-3,1,26,5,19,529,US,CLT,2166
-7,1,27,6,19,529,US,CLT,2165
-2,1,28,7,19,529,US,CLT,2164
-7,1,29,1,19,529,US,CLT,2163
-4,1,30,2,19,529,US,CLT,2162
-4,1,31,3,19,529,US,CLT,2161
-3,1,1,1,10,529,US,CLT,2191
5,1,2,2,10,529,US,CLT,2190
26,1,3,3,10,529,US,CLT,2189
41,1,4,4,10,529,US,CLT,2188
-2,1,5,5,10,529,US,CLT,2187
-3,1,6,6,10,529,US,CLT,2186
-8,1,7,7,10,529,US,CLT,2185
-2,1,8,1,10,529,US,CLT,2184
-4,1,9,2,10,529,US,CLT,2183
-2,1,10,3,10,529,US,CLT,2182
-5,1,11,4,10,529,US,CLT,2181
-4,1,12,5,10,529,US,CLT,2180
-1,1,13,6,10,529,US,CLT,2179
-6,1,14,7,10,529,US,CLT,2178
-4,1,15,1,10,529,US,CLT,2177
-4,1,16,2,10,529,US,CLT,2176
-6,1,17,3,10,529,US,CLT,2175
-3,1,18,4,10,529,US,CLT,2174
-5,1,19,5,10,529,US,CLT,2173
-4,1,20,6,10,529,US,CLT,2172
-5,1,22,1,10,529,US,CLT,2170
-6,1,23,2,10,529,US,CLT,2169
-4,1,24,3,10,529,US,CLT,2168
-6,1,25,4,10,529,US,CLT,2167
-3,1,26,5,10,529,US,CLT,2166
-4,1,27,6,10,529,US,CLT,2165
-5,1,28,7,10,529,US,CLT,2164
1,1,29,1,10,529,US,CLT,2163
-6,1,30,2,10,529,US,CLT,2162
-6,1,31,3,10,529,US,CLT,2161
1,1,6,6,18,319,US,PIT,2186
1,1,1,1,9,319,US,PIT,2191
19,1,2,2,9,319,US,PIT,2190
29,1,3,3,9,319,US,PIT,2189
19,1,4,4,9,319,US,PIT,2188
4,1,5,5,9,319,US,PIT,2187
-1,1,6,6,9,319,US,PIT,2186
-3,1,8,1,9,319,US,PIT,2184
-4,1,9,2,9,319,US,PIT,2183
-4,1,10,3,9,319,US,PIT,2182
-4,1,11,4,9,319,US,PIT,2181
-5,1,12,5,9,319,US,PIT,2180
-2,1,13,6,9,319,US,PIT,2179
-5,1,14,7,9,319,US,PIT,2178
-2,1,15,1,9,319,US,PIT,2177
-2,1,16,2,9,319,US,PIT,2176
-6,1,17,3,9,319,US,PIT,2175
-2,1,18,4,9,319,US,PIT,2174
25,1,19,5,9,319,US,PIT,2173
-2,1,20,6,9,319,US,PIT,2172
-3,1,24,3,9,319,US,PIT,2168
-5,1,25,4,9,319,US,PIT,2167
-5,1,26,5,9,319,US,PIT,2166
10,1,27,6,9,319,US,PIT,2165
-6,1,28,7,9,319,US,PIT,2164
-5,1,29,1,9,319,US,PIT,2163
-4,1,30,2,9,319,US,PIT,2162
-2,1,31,3,9,319,US,PIT,2161
9,1,1,1,15,319,US,PIT,2191
62,1,2,2,15,319,US,PIT,2190
12,1,3,3,15,319,US,PIT,2189
138,1,4,4,15,319,US,PIT,2188
83,1,5,5,15,319,US,PIT,2187
-5,1,6,6,15,319,US,PIT,2186
30,1,8,1,15,319,US,PIT,2184
-5,1,9,2,15,319,US,PIT,2183
13,1,10,3,15,319,US,PIT,2182
31,1,11,4,15,319,US,PIT,2181
3,1,12,5,15,319,US,PIT,2180
-4,1,13,6,15,319,US,PIT,2179
-6,1,16,2,15,319,US,PIT,2176
-3,1,19,5,15,319,US,PIT,2173
2,1,20,6,15,319,US,PIT,2172
5,1,22,1,15,319,US,PIT,2170
-2,1,23,2,15,319,US,PIT,2169
-2,1,24,3,15,319,US,PIT,2168
-1,1,25,4,15,319,US,PIT,2167
7,1,26,5,15,319,US,PIT,2166
-6,1,27,6,15,319,US,PIT,2165
-5,1,28,7,15,319,US,PIT,2164
-9,1,29,1,15,319,US,PIT,2163
4,1,31,3,15,319,US,PIT,2161
48,1,1,1,13,529,US,CLT,2191
20,1,2,2,13,529,US,CLT,2190
8,1,3,3,13,529,US,CLT,2189
35,1,4,4,13,529,US,CLT,2188
3,1,5,5,13,529,US,CLT,2187
82,1,6,6,13,529,US,CLT,2186
-2,1,7,7,13,529,US,CLT,2185
4,1,8,1,13,529,US,CLT,2184
4,1,9,2,13,529,US,CLT,2183
-4,1,10,3,13,529,US,CLT,2182
-4,1,11,4,13,529,US,CLT,2181
68,1,12,5,13,529,US,CLT,2180
-4,1,13,6,13,529,US,CLT,2179
-3,1,14,7,13,529,US,CLT,2178
-4,1,15,1,13,529,US,CLT,2177
-4,1,16,2,13,529,US,CLT,2176
-3,1,18,4,13,529,US,CLT,2174
-2,1,19,5,13,529,US,CLT,2173
40,1,20,6,13,529,US,CLT,2172
-5,1,22,1,13,529,US,CLT,2170
-8,1,23,2,13,529,US,CLT,2169
-5,1,24,3,13,529,US,CLT,2168
7,1,25,4,13,529,US,CLT,2167
-3,1,26,5,13,529,US,CLT,2166
2,1,27,6,13,529,US,CLT,2165
17,1,28,7,13,529,US,CLT,2164
-5,1,29,1,13,529,US,CLT,2163
56,1,30,2,13,529,US,CLT,2162
-2,1,31,3,13,529,US,CLT,2161
15,1,1,1,9,529,US,CLT,2191
18,1,2,2,9,529,US,CLT,2190
10,1,3,3,9,529,US,CLT,2189
8,1,4,4,9,529,US,CLT,2188
55,1,5,5,9,529,US,CLT,2187
-5,1,6,6,9,529,US,CLT,2186
9,1,7,7,9,529,US,CLT,2185
-3,1,8,1,9,529,US,CLT,2184
19,1,9,2,9,529,US,CLT,2183
-2,1,10,3,9,529,US,CLT,2182
-6,1,11,4,9,529,US,CLT,2181
-3,1,12,5,9,529,US,CLT,2180
-5,1,13,6,9,529,US,CLT,2179
-2,1,14,7,9,529,US,CLT,2178
-4,1,15,1,9,529,US,CLT,2177
-5,1,16,2,9,529,US,CLT,2176
0,1,17,3,9,529,US,CLT,2175
-4,1,18,4,9,529,US,CLT,2174
14,1,19,5,9,529,US,CLT,2173
4,1,20,6,9,529,US,CLT,2172
1,1,22,1,9,529,US,CLT,2170
6,1,23,2,9,529,US,CLT,2169
-4,1,24,3,9,529,US,CLT,2168
-3,1,25,4,9,529,US,CLT,2167
-3,1,26,5,9,529,US,CLT,2166
-6,1,28,7,9,529,US,CLT,2164
-6,1,29,1,9,529,US,CLT,2163
-3,1,30,2,9,529,US,CLT,2162
-5,1,31,3,9,529,US,CLT,2161
66,1,1,1,6,319,US,PIT,2191
6,1,2,2,6,319,US,PIT,2190
-2,1,4,4,6,319,US,PIT,2188
27,1,5,5,6,319,US,PIT,2187
27,1,6,6,6,319,US,PIT,2186
3,1,7,7,6,319,US,PIT,2185
-5,1,8,1,6,319,US,PIT,2184
2,1,9,2,6,319,US,PIT,2183
-1,1,10,3,6,319,US,PIT,2182
-3,1,11,4,6,319,US,PIT,2181
-4,1,12,5,6,319,US,PIT,2180
-3,1,13,6,6,319,US,PIT,2179
-4,1,14,7,6,319,US,PIT,2178
-2,1,15,1,6,319,US,PIT,2177
15,1,16,2,6,319,US,PIT,2176
-5,1,17,3,6,319,US,PIT,2175
1,1,18,4,6,319,US,PIT,2174
-4,1,19,5,6,319,US,PIT,2173
-3,1,20,6,6,319,US,PIT,2172
-2,1,22,1,6,319,US,PIT,2170
5,1,23,2,6,319,US,PIT,2169
-3,1,24,3,6,319,US,PIT,2168
6,1,25,4,6,319,US,PIT,2167
-4,1,26,5,6,319,US,PIT,2166
3,1,28,7,6,319,US,PIT,2164
-4,1,29,1,6,319,US,PIT,2163
0,1,30,2,6,319,US,PIT,2162
-3,1,31,3,6,319,US,PIT,2161
1,1,1,1,20,319,US,PIT,2191
0,1,2,2,20,319,US,PIT,2190
39,1,3,3,20,319,US,PIT,2189
129,1,4,4,20,319,US,PIT,2188
100,1,5,5,20,319,US,PIT,2187
-4,1,6,6,20,319,US,PIT,2186
28,1,7,7,20,319,US,PIT,2185
45,1,8,1,20,319,US,PIT,2184
-7,1,9,2,20,319,US,PIT,2183
-6,1,10,3,20,319,US,PIT,2182
107,1,11,4,20,319,US,PIT,2181
35,1,12,5,20,319,US,PIT,2180
-4,1,14,7,20,319,US,PIT,2178
59,1,15,1,20,319,US,PIT,2177
-6,1,16,2,20,319,US,PIT,2176
-9,1,17,3,20,319,US,PIT,2175
-2,1,18,4,20,319,US,PIT,2174
18,1,19,5,20,319,US,PIT,2173
9,1,21,7,20,319,US,PIT,2171
-7,1,23,2,20,319,US,PIT,2169
-4,1,24,3,20,319,US,PIT,2168
0,1,25,4,20,319,US,PIT,2167
-4,1,26,5,20,319,US,PIT,2166
-5,1,28,7,20,319,US,PIT,2164
-8,1,29,1,20,319,US,PIT,2163
-4,1,30,2,20,319,US,PIT,2162
-6,1,31,3,20,319,US,PIT,2161
8,1,7,7,18,319,US,PIT,2185
7,1,8,1,18,319,US,PIT,2184
-4,1,9,2,18,319,US,PIT,2183
-1,1,10,3,18,319,US,PIT,2182
7,1,11,4,18,319,US,PIT,2181
12,1,12,5,18,319,US,PIT,2180
-6,1,13,6,18,319,US,PIT,2179
1,1,14,7,18,319,US,PIT,2178
85,1,15,1,18,319,US,PIT,2177
-10,1,16,2,18,319,US,PIT,2176
-3,1,17,3,18,319,US,PIT,2175
53,1,18,4,18,319,US,PIT,2174
19,1,19,5,18,319,US,PIT,2173
18,1,20,6,18,319,US,PIT,2172
2,1,21,7,18,319,US,PIT,2171
-4,1,22,1,18,319,US,PIT,2170
-6,1,23,2,18,319,US,PIT,2169
34,1,24,3,18,319,US,PIT,2168
9,1,25,4,18,319,US,PIT,2167
-2,1,26,5,18,319,US,PIT,2166
-2,1,27,6,18,319,US,PIT,2165
-7,1,28,7,18,319,US,PIT,2164
-4,1,29,1,18,319,US,PIT,2163
-5,1,30,2,18,319,US,PIT,2162
-1,1,31,3,18,319,US,PIT,2161
17,1,1,1,18,319,US,PIT,2191
0,1,2,2,18,319,US,PIT,2190
-1,1,3,3,18,319,US,PIT,2189
19,1,4,4,18,319,US,PIT,2188
7,1,1,1,12,319,US,PIT,2191
39,1,2,2,12,319,US,PIT,2190
30,1,3,3,12,319,US,PIT,2189
25,1,4,4,12,319,US,PIT,2188
-2,1,5,5,12,319,US,PIT,2187
5,1,6,6,12,319,US,PIT,2186
9,1,7,7,12,319,US,PIT,2185
5,1,8,1,12,319,US,PIT,2184
0,1,9,2,12,319,US,PIT,2183
-1,1,10,3,12,319,US,PIT,2182
-5,1,11,4,12,319,US,PIT,2181
-2,1,12,5,12,319,US,PIT,2180
-5,1,13,6,12,319,US,PIT,2179
8,1,14,7,12,319,US,PIT,2178
1,1,16,2,12,319,US,PIT,2176
-6,1,17,3,12,319,US,PIT,2175
-4,1,18,4,12,319,US,PIT,2174
-3,1,19,5,12,319,US,PIT,2173
-4,1,20,6,12,319,US,PIT,2172
-1,1,21,7,12,319,US,PIT,2171
-5,1,22,1,12,319,US,PIT,2170
-1,1,23,2,12,319,US,PIT,2169
-4,1,24,3,12,319,US,PIT,2168
-8,1,25,4,12,319,US,PIT,2167
-7,1,26,5,12,319,US,PIT,2166
8,1,27,6,12,319,US,PIT,2165
-5,1,28,7,12,319,US,PIT,2164
-6,1,29,1,12,319,US,PIT,2163
-5,1,30,2,12,319,US,PIT,2162
-4,1,31,3,12,319,US,PIT,2161
9,1,1,1,18,529,US,CLT,2191
1,1,2,2,18,529,US,CLT,2190
-2,1,3,3,18,529,US,CLT,2189
-3,1,4,4,18,529,US,CLT,2188
156,1,5,5,18,529,US,CLT,2187
-7,1,6,6,18,529,US,CLT,2186
2,1,7,7,18,529,US,CLT,2185
-4,1,9,2,18,529,US,CLT,2183
0,1,10,3,18,529,US,CLT,2182
4,1,11,4,18,529,US,CLT,2181
17,1,12,5,18,529,US,CLT,2180
-3,1,13,6,18,529,US,CLT,2179
-2,1,14,7,18,529,US,CLT,2178
0,1,15,1,18,529,US,CLT,2177
-7,1,16,2,18,529,US,CLT,2176
-1,1,17,3,18,529,US,CLT,2175
6,1,18,4,18,529,US,CLT,2174
90,1,19,5,18,529,US,CLT,2173
-3,1,20,6,18,529,US,CLT,2172
6,1,21,7,18,529,US,CLT,2171
-4,1,22,1,18,529,US,CLT,2170
-6,1,23,2,18,529,US,CLT,2169
-4,1,24,3,18,529,US,CLT,2168
6,1,25,4,18,529,US,CLT,2167
-6,1,26,5,18,529,US,CLT,2166
1,1,27,6,18,529,US,CLT,2165
-2,1,28,7,18,529,US,CLT,2164
0,1,29,1,18,529,US,CLT,2163
-1,1,31,3,18,529,US,CLT,2161
14,1,31,3,11,1008,NW,MSP,2161
9,1,1,1,6,1008,NW,MSP,2191
-3,1,2,2,6,1008,NW,MSP,2190
-2,1,3,3,6,1008,NW,MSP,2189
-6,1,4,4,19,487,NW,DTW,2188
19,1,5,5,19,487,NW,DTW,2187
-6,1,6,6,19,487,NW,DTW,2186
-2,1,7,7,19,487,NW,DTW,2185
8,1,8,1,19,487,NW,DTW,2184
-4,1,9,2,19,487,NW,DTW,2183
-5,1,10,3,19,487,NW,DTW,2182
-4,1,11,4,19,487,NW,DTW,2181
-1,1,12,5,19,487,NW,DTW,2180
-3,1,13,6,19,487,NW,DTW,2179
45,1,14,7,19,487,NW,DTW,2178
-4,1,16,2,19,487,NW,DTW,2176
-5,1,17,3,19,487,NW,DTW,2175
64,1,18,4,19,487,NW,DTW,2174
40,1,19,5,19,487,NW,DTW,2173
-8,1,20,6,19,487,NW,DTW,2172
-4,1,21,7,19,487,NW,DTW,2171
-11,1,22,1,19,487,NW,DTW,2170
-4,1,23,2,19,487,NW,DTW,2169
-5,1,24,3,19,487,NW,DTW,2168
-3,1,25,4,19,487,NW,DTW,2167
-6,1,26,5,19,487,NW,DTW,2166
-3,1,27,6,19,487,NW,DTW,2165
-2,1,28,7,19,487,NW,DTW,2164
-5,1,29,1,19,487,NW,DTW,2163
-4,1,30,2,19,487,NW,DTW,2162
3,1,1,1,7,487,NW,DTW,2191
-2,1,2,2,7,487,NW,DTW,2190
-1,1,3,3,7,487,NW,DTW,2189
-2,1,4,4,6,946,NW,MEM,2188
-5,1,5,5,6,946,NW,MEM,2187
54,1,6,6,6,946,NW,MEM,2186
-4,1,7,7,6,946,NW,MEM,2185
-7,1,8,1,6,946,NW,MEM,2184
-5,1,9,2,6,946,NW,MEM,2183
-7,1,10,3,6,946,NW,MEM,2182
-4,1,11,4,6,946,NW,MEM,2181
-5,1,12,5,6,946,NW,MEM,2180
-5,1,13,6,6,946,NW,MEM,2179
0,1,14,7,6,946,NW,MEM,2178
-4,1,15,1,6,946,NW,MEM,2177
-4,1,16,2,6,946,NW,MEM,2176
2,1,17,3,6,946,NW,MEM,2175
-3,1,18,4,6,946,NW,MEM,2174
25,1,19,5,6,946,NW,MEM,2173
-7,1,20,6,6,946,NW,MEM,2172
-4,1,22,1,6,946,NW,MEM,2170
-3,1,23,2,6,946,NW,MEM,2169
-3,1,24,3,6,946,NW,MEM,2168
-6,1,25,4,6,946,NW,MEM,2167
3,1,26,5,6,946,NW,MEM,2166
-3,1,27,6,6,946,NW,MEM,2165
-6,1,28,7,6,946,NW,MEM,2164
0,1,29,1,6,946,NW,MEM,2163
-5,1,30,2,6,946,NW,MEM,2162
12,1,4,4,17,1008,NW,MSP,2188
0,1,6,6,17,1008,NW,MSP,2186
5,1,7,7,17,1008,NW,MSP,2185
93,1,8,1,17,1008,NW,MSP,2184
0,1,9,2,17,1008,NW,MSP,2183
-4,1,10,3,17,1008,NW,MSP,2182
-4,1,11,4,17,1008,NW,MSP,2181
9,1,12,5,17,1008,NW,MSP,2180
-4,1,13,6,17,1008,NW,MSP,2179
0,1,14,7,17,1008,NW,MSP,2178
-5,1,15,1,17,1008,NW,MSP,2177
-1,1,16,2,17,1008,NW,MSP,2176
-7,1,17,3,17,1008,NW,MSP,2175
-3,1,18,4,17,1008,NW,MSP,2174
-7,1,20,6,17,1008,NW,MSP,2172
21,1,21,7,17,1008,NW,MSP,2171
-5,1,22,1,17,1008,NW,MSP,2170
-2,1,23,2,17,1008,NW,MSP,2169
-6,1,24,3,17,1008,NW,MSP,2168
1,1,25,4,17,1008,NW,MSP,2167
-1,1,26,5,17,1008,NW,MSP,2166
-5,1,27,6,17,1008,NW,MSP,2165
-7,1,28,7,17,1008,NW,MSP,2164
90,1,30,2,17,1008,NW,MSP,2162
-2,1,1,1,13,1008,NW,MSP,2191
3,1,2,2,13,1008,NW,MSP,2190
-4,1,3,3,13,1008,NW,MSP,2189
28,1,4,4,13,1008,NW,MSP,2188
-6,1,5,5,13,1008,NW,MSP,2187
-2,1,6,6,13,1008,NW,MSP,2186
-4,1,8,1,13,1008,NW,MSP,2184
-4,1,9,2,13,1008,NW,MSP,2183
-5,1,10,3,13,1008,NW,MSP,2182
-3,1,11,4,13,1008,NW,MSP,2181
0,1,12,5,13,1008,NW,MSP,2180
-3,1,13,6,13,1008,NW,MSP,2179
-6,1,14,7,13,1008,NW,MSP,2178
-3,1,15,1,13,1008,NW,MSP,2177
-8,1,16,2,13,1008,NW,MSP,2176
-6,1,17,3,13,1008,NW,MSP,2175
0,1,18,4,13,1008,NW,MSP,2174
-1,1,19,5,13,1008,NW,MSP,2173
-1,1,20,6,13,1008,NW,MSP,2172
-4,1,22,1,13,1008,NW,MSP,2170
-4,1,23,2,13,1008,NW,MSP,2169
-11,1,24,3,13,1008,NW,MSP,2168
109,1,25,4,13,1008,NW,MSP,2167
87,1,26,5,13,1008,NW,MSP,2166
-5,1,27,6,13,1008,NW,MSP,2165
-3,1,28,7,13,1008,NW,MSP,2164
-5,1,29,1,13,1008,NW,MSP,2163
37,1,30,2,13,1008,NW,MSP,2162
-7,1,31,3,13,1008,NW,MSP,2161
23,1,1,1,7,1008,NW,MSP,2191
0,1,2,2,7,1008,NW,MSP,2190
31,1,3,3,7,1008,NW,MSP,2189
-4,1,5,5,9,1008,NW,MSP,2187
20,1,8,1,9,1008,NW,MSP,2184
-5,1,10,3,9,1008,NW,MSP,2182
-6,1,12,5,9,1008,NW,MSP,2180
-5,1,15,1,9,1008,NW,MSP,2177
-3,1,16,2,9,1008,NW,MSP,2176
-6,1,17,3,9,1008,NW,MSP,2175
-1,1,18,4,9,1008,NW,MSP,2174
-2,1,19,5,9,1008,NW,MSP,2173
-7,1,20,6,9,1008,NW,MSP,2172
-4,1,22,1,9,1008,NW,MSP,2170
-4,1,23,2,9,1008,NW,MSP,2169
-2,1,24,3,9,1008,NW,MSP,2168
-5,1,25,4,9,1008,NW,MSP,2167
-2,1,26,5,9,1008,NW,MSP,2166
-5,1,27,6,9,1008,NW,MSP,2165
-5,1,29,1,9,1008,NW,MSP,2163
-3,1,30,2,9,1008,NW,MSP,2162
15,1,1,1,11,1008,NW,MSP,2191
26,1,2,2,11,1008,NW,MSP,2190
11,1,3,3,11,1008,NW,MSP,2189
-2,1,4,4,11,1008,NW,MSP,2188
6,1,5,5,11,1008,NW,MSP,2187
-5,1,7,7,11,1008,NW,MSP,2185
-8,1,8,1,11,1008,NW,MSP,2184
-3,1,9,2,11,1008,NW,MSP,2183
-7,1,10,3,11,1008,NW,MSP,2182
-6,1,11,4,11,1008,NW,MSP,2181
-3,1,12,5,11,1008,NW,MSP,2180
-2,1,14,7,11,1008,NW,MSP,2178
15,1,15,1,11,1008,NW,MSP,2177
-6,1,16,2,11,1008,NW,MSP,2176
-4,1,17,3,11,1008,NW,MSP,2175
-7,1,18,4,11,1008,NW,MSP,2174
-7,1,19,5,11,1008,NW,MSP,2173
-6,1,22,1,11,1008,NW,MSP,2170
-6,1,23,2,11,1008,NW,MSP,2169
-6,1,24,3,11,1008,NW,MSP,2168
19,1,25,4,11,1008,NW,MSP,2167
-3,1,26,5,11,1008,NW,MSP,2166
-11,1,28,7,11,1008,NW,MSP,2164
-12,1,29,1,11,1008,NW,MSP,2163
1,1,1,1,19,1008,NW,MSP,2191
9,1,2,2,19,1008,NW,MSP,2190
-5,1,3,3,19,1008,NW,MSP,2189
-3,1,4,4,19,1008,NW,MSP,2188
-4,1,7,7,19,1008,NW,MSP,2185
1,1,8,1,19,1008,NW,MSP,2184
-5,1,9,2,19,1008,NW,MSP,2183
-3,1,10,3,19,1008,NW,MSP,2182
-6,1,11,4,19,1008,NW,MSP,2181
2,1,12,5,19,1008,NW,MSP,2180
-5,1,14,7,19,1008,NW,MSP,2178
-8,1,15,1,19,1008,NW,MSP,2177
-7,1,16,2,19,1008,NW,MSP,2176
-8,1,17,3,19,1008,NW,MSP,2175
-5,1,18,4,19,1008,NW,MSP,2174
8,1,19,5,19,1008,NW,MSP,2173
0,1,21,7,19,1008,NW,MSP,2171
-2,1,22,1,19,1008,NW,MSP,2170
-3,1,23,2,19,1008,NW,MSP,2169
-8,1,24,3,19,1008,NW,MSP,2168
-5,1,25,4,19,1008,NW,MSP,2167
-5,1,26,5,19,1008,NW,MSP,2166
-4,1,28,7,19,1008,NW,MSP,2164
146,1,30,2,19,1008,NW,MSP,2162
-5,1,31,3,19,1008,NW,MSP,2161
5,1,1,1,6,946,NW,MEM,2191
-3,1,2,2,6,946,NW,MEM,2190
-3,1,3,3,6,946,NW,MEM,2189
-8,1,31,3,6,946,NW,MEM,2161
101,1,1,1,17,946,NW,MEM,2191
36,1,2,2,17,946,NW,MEM,2190
47,1,3,3,17,946,NW,MEM,2189
0,1,4,4,18,946,NW,MEM,2188
90,1,5,5,18,946,NW,MEM,2187
-8,1,7,7,18,946,NW,MEM,2185
-7,1,9,2,18,946,NW,MEM,2183
-3,1,10,3,18,946,NW,MEM,2182
-6,1,11,4,18,946,NW,MEM,2181
-5,1,12,5,18,946,NW,MEM,2180
7,1,14,7,18,946,NW,MEM,2178
26,1,15,1,18,946,NW,MEM,2177
-10,1,16,2,18,946,NW,MEM,2176
-6,1,17,3,18,946,NW,MEM,2175
71,1,18,4,18,946,NW,MEM,2174
61,1,19,5,18,946,NW,MEM,2173
5,1,21,7,18,946,NW,MEM,2171
8,1,22,1,18,946,NW,MEM,2170
-8,1,23,2,18,946,NW,MEM,2169
-7,1,24,3,18,946,NW,MEM,2168
-3,1,25,4,18,946,NW,MEM,2167
36,1,26,5,18,946,NW,MEM,2166
-14,1,28,7,18,946,NW,MEM,2164
-8,1,29,1,18,946,NW,MEM,2163
-1,1,31,3,17,946,NW,MEM,2161
-1,1,1,1,10,946,NW,MEM,2191
-3,1,2,2,10,946,NW,MEM,2190
50,1,3,3,10,946,NW,MEM,2189
304,1,4,4,10,946,NW,MEM,2188
-8,1,5,5,10,946,NW,MEM,2187
-2,1,7,7,10,946,NW,MEM,2185
31,1,8,1,10,946,NW,MEM,2184
-6,1,9,2,10,946,NW,MEM,2183
-7,1,10,3,10,946,NW,MEM,2182
-4,1,11,4,10,946,NW,MEM,2181
-3,1,12,5,10,946,NW,MEM,2180
-7,1,13,6,10,946,NW,MEM,2179
-7,1,14,7,10,946,NW,MEM,2178
-8,1,15,1,10,946,NW,MEM,2177
-6,1,17,3,10,946,NW,MEM,2175
-1,1,18,4,10,946,NW,MEM,2174
-5,1,19,5,10,946,NW,MEM,2173
-4,1,20,6,10,946,NW,MEM,2172
-3,1,22,1,10,946,NW,MEM,2170
-7,1,23,2,10,946,NW,MEM,2169
-6,1,24,3,10,946,NW,MEM,2168
-4,1,25,4,10,946,NW,MEM,2167
-6,1,26,5,10,946,NW,MEM,2166
-6,1,27,6,10,946,NW,MEM,2165
-6,1,28,7,10,946,NW,MEM,2164
-9,1,29,1,10,946,NW,MEM,2163
-3,1,30,2,10,946,NW,MEM,2162
-3,1,31,3,10,946,NW,MEM,2161
-5,1,1,1,14,946,NW,MEM,2191
0,1,2,2,14,946,NW,MEM,2190
-3,1,3,3,14,946,NW,MEM,2189
8,1,4,4,13,946,NW,MEM,2188
35,1,5,5,13,946,NW,MEM,2187
-9,1,6,6,13,946,NW,MEM,2186
-7,1,7,7,13,946,NW,MEM,2185
-6,1,8,1,13,946,NW,MEM,2184
-4,1,9,2,13,946,NW,MEM,2183
-5,1,10,3,13,946,NW,MEM,2182
-9,1,11,4,13,946,NW,MEM,2181
-4,1,12,5,13,946,NW,MEM,2180
-5,1,13,6,13,946,NW,MEM,2179
-7,1,14,7,13,946,NW,MEM,2178
-6,1,15,1,13,946,NW,MEM,2177
-7,1,16,2,13,946,NW,MEM,2176
-10,1,17,3,13,946,NW,MEM,2175
-8,1,18,4,13,946,NW,MEM,2174
-5,1,20,6,13,946,NW,MEM,2172
-8,1,22,1,13,946,NW,MEM,2170
-8,1,23,2,13,946,NW,MEM,2169
11,1,24,3,13,946,NW,MEM,2168
-5,1,25,4,13,946,NW,MEM,2167
-2,1,26,5,13,946,NW,MEM,2166
-4,1,27,6,13,946,NW,MEM,2165
-8,1,28,7,13,946,NW,MEM,2164
-5,1,29,1,13,946,NW,MEM,2163
-7,1,30,2,13,946,NW,MEM,2162
-5,1,31,3,14,946,NW,MEM,2161
16,1,1,1,6,487,NW,DTW,2191
0,1,2,2,6,487,NW,DTW,2190
5,1,3,3,6,487,NW,DTW,2189
-5,1,31,3,12,487,NW,DTW,2161
-3,1,31,3,16,487,NW,DTW,2161
21,1,1,1,17,1008,NW,MSP,2191
22,1,2,2,17,1008,NW,MSP,2190
11,1,3,3,17,1008,NW,MSP,2189
-9,1,31,3,17,1008,NW,MSP,2161
12,1,31,3,8,1008,NW,MSP,2161
5,1,31,3,6,487,NW,DTW,2161
38,1,1,1,14,872,TW,STL,2191
112,1,2,2,14,872,TW,STL,2190
18,1,3,3,14,872,TW,STL,2189
14,1,4,4,14,872,TW,STL,2188
13,1,5,5,14,872,TW,STL,2187
13,1,6,6,14,872,TW,STL,2186
7,1,7,7,14,872,TW,STL,2185
-2,1,8,1,14,872,TW,STL,2184
5,1,9,2,14,872,TW,STL,2183
3,1,10,3,14,872,TW,STL,2182
44,1,11,4,14,872,TW,STL,2181
19,1,12,5,14,872,TW,STL,2180
11,1,13,6,14,872,TW,STL,2179
1,1,14,7,14,872,TW,STL,2178
19,1,15,1,14,872,TW,STL,2177
4,1,16,2,14,872,TW,STL,2176
4,1,17,3,14,872,TW,STL,2175
8,1,18,4,14,872,TW,STL,2174
14,1,19,5,14,872,TW,STL,2173
0,1,20,6,14,872,TW,STL,2172
2,1,22,1,14,872,TW,STL,2170
0,1,23,2,14,872,TW,STL,2169
-1,1,24,3,14,872,TW,STL,2168
10,1,25,4,14,872,TW,STL,2167
-1,1,26,5,14,872,TW,STL,2166
0,1,27,6,14,872,TW,STL,2165
-5,1,28,7,14,872,TW,STL,2164
18,1,29,1,14,872,TW,STL,2163
15,1,30,2,14,872,TW,STL,2162
0,1,31,3,14,872,TW,STL,2161
0,1,2,2,6,872,TW,STL,2190
0,1,3,3,6,872,TW,STL,2189
-2,1,4,4,6,872,TW,STL,2188
-3,1,5,5,6,872,TW,STL,2187
59,1,6,6,6,872,TW,STL,2186
8,1,7,7,6,872,TW,STL,2185
0,1,8,1,6,872,TW,STL,2184
-1,1,9,2,6,872,TW,STL,2183
31,1,10,3,6,872,TW,STL,2182
1,1,11,4,6,872,TW,STL,2181
57,1,12,5,6,872,TW,STL,2180
0,1,13,6,6,872,TW,STL,2179
0,1,14,7,6,872,TW,STL,2178
-1,1,15,1,6,872,TW,STL,2177
0,1,16,2,6,872,TW,STL,2176
1,1,17,3,6,872,TW,STL,2175
0,1,18,4,6,872,TW,STL,2174
5,1,19,5,6,872,TW,STL,2173
24,1,20,6,6,872,TW,STL,2172
17,1,22,1,6,872,TW,STL,2170
7,1,23,2,6,872,TW,STL,2169
16,1,24,3,6,872,TW,STL,2168
-2,1,25,4,6,872,TW,STL,2167
24,1,26,5,6,872,TW,STL,2166
0,1,27,6,6,872,TW,STL,2165
-4,1,28,7,6,872,TW,STL,2164
-2,1,29,1,6,872,TW,STL,2163
-5,1,30,2,6,872,TW,STL,2162
4,1,31,3,6,872,TW,STL,2161
66,1,1,1,19,872,TW,STL,2191
31,1,2,2,19,872,TW,STL,2190
0,1,3,3,19,872,TW,STL,2189
4,1,4,4,19,872,TW,STL,2188
1,1,7,7,19,872,TW,STL,2185
58,1,8,1,19,872,TW,STL,2184
20,1,9,2,19,872,TW,STL,2183
26,1,10,3,19,872,TW,STL,2182
56,1,11,4,19,872,TW,STL,2181
0,1,12,5,19,872,TW,STL,2180
10,1,14,7,19,872,TW,STL,2178
23,1,15,1,19,872,TW,STL,2177
-2,1,16,2,19,872,TW,STL,2176
0,1,17,3,19,872,TW,STL,2175
0,1,18,4,19,872,TW,STL,2174
17,1,19,5,19,872,TW,STL,2173
2,1,21,7,19,872,TW,STL,2171
-2,1,22,1,19,872,TW,STL,2170
0,1,23,2,19,872,TW,STL,2169
-5,1,24,3,19,872,TW,STL,2168
3,1,25,4,19,872,TW,STL,2167
0,1,26,5,19,872,TW,STL,2166
-2,1,28,7,19,872,TW,STL,2164
36,1,29,1,19,872,TW,STL,2163
7,1,30,2,19,872,TW,STL,2162
1,1,31,3,19,872,TW,STL,2161
16,1,1,1,8,872,TW,STL,2191
0,1,2,2,8,872,TW,STL,2190
3,1,3,3,8,872,TW,STL,2189
5,1,4,4,8,872,TW,STL,2188
1,1,5,5,8,872,TW,STL,2187
0,1,6,6,8,872,TW,STL,2186
1,1,7,7,8,872,TW,STL,2185
-3,1,8,1,8,872,TW,STL,2184
9,1,9,2,8,872,TW,STL,2183
5,1,10,3,8,872,TW,STL,2182
0,1,11,4,8,872,TW,STL,2181
0,1,12,5,8,872,TW,STL,2180
8,1,13,6,8,872,TW,STL,2179
-6,1,14,7,8,872,TW,STL,2178
0,1,15,1,8,872,TW,STL,2177
1,1,16,2,8,872,TW,STL,2176
0,1,17,3,8,872,TW,STL,2175
8,1,18,4,8,872,TW,STL,2174
0,1,19,5,8,872,TW,STL,2173
-4,1,20,6,8,872,TW,STL,2172
9,1,22,1,8,872,TW,STL,2170
7,1,23,2,8,872,TW,STL,2169
8,1,24,3,8,872,TW,STL,2168
0,1,25,4,8,872,TW,STL,2167
1,1,26,5,8,872,TW,STL,2166
-2,1,27,6,8,872,TW,STL,2165
16,1,29,1,8,872,TW,STL,2163
1,1,30,2,8,872,TW,STL,2162
-1,1,31,3,8,872,TW,STL,2161
50,1,1,1,11,872,TW,STL,2191
50,1,2,2,11,872,TW,STL,2190
0,1,3,3,11,872,TW,STL,2189
36,1,4,4,11,872,TW,STL,2188
-1,1,5,5,11,872,TW,STL,2187
0,1,6,6,11,872,TW,STL,2186
12,1,7,7,11,872,TW,STL,2185
4,1,8,1,11,872,TW,STL,2184
13,1,9,2,11,872,TW,STL,2183
6,1,10,3,11,872,TW,STL,2182
9,1,11,4,11,872,TW,STL,2181
63,1,12,5,11,872,TW,STL,2180
27,1,14,7,11,872,TW,STL,2178
45,1,15,1,11,872,TW,STL,2177
0,1,16,2,11,872,TW,STL,2176
9,1,17,3,11,872,TW,STL,2175
3,1,18,4,11,872,TW,STL,2174
11,1,20,6,11,872,TW,STL,2172
5,1,21,7,11,872,TW,STL,2171
11,1,22,1,11,872,TW,STL,2170
6,1,23,2,11,872,TW,STL,2169
1,1,24,3,11,872,TW,STL,2168
4,1,25,4,11,872,TW,STL,2167
26,1,26,5,11,872,TW,STL,2166
2,1,27,6,11,872,TW,STL,2165
34,1,28,7,11,872,TW,STL,2164
-3,1,29,1,11,872,TW,STL,2163
3,1,30,2,11,872,TW,STL,2162
5,1,31,3,11,872,TW,STL,2161
24,1,31,3,15,872,TW,STL,2161
6,1,31,3,17,872,TW,STL,2161
20,1,1,1,17,872,TW,STL,2191
75,1,2,2,17,872,TW,STL,2190
8,1,3,3,17,872,TW,STL,2189
-1,1,4,4,17,872,TW,STL,2188
100,1,5,5,17,872,TW,STL,2187
1,1,6,6,17,872,TW,STL,2186
0,1,7,7,17,872,TW,STL,2185
105,1,8,1,17,872,TW,STL,2184
14,1,9,2,17,872,TW,STL,2183
10,1,10,3,17,872,TW,STL,2182
69,1,11,4,17,872,TW,STL,2181
31,1,12,5,17,872,TW,STL,2180
129,1,13,6,17,872,TW,STL,2179
-3,1,14,7,17,872,TW,STL,2178
0,1,15,1,17,872,TW,STL,2177
18,1,16,2,17,872,TW,STL,2176
0,1,17,3,17,872,TW,STL,2175
89,1,18,4,17,872,TW,STL,2174
0,1,19,5,17,872,TW,STL,2173
4,1,20,6,17,872,TW,STL,2172
13,1,21,7,17,872,TW,STL,2171
14,1,22,1,17,872,TW,STL,2170
-4,1,23,2,17,872,TW,STL,2169
-1,1,24,3,17,872,TW,STL,2168
15,1,25,4,17,872,TW,STL,2167
-1,1,26,5,17,872,TW,STL,2166
-2,1,27,6,17,872,TW,STL,2165
4,1,28,7,17,872,TW,STL,2164
104,1,29,1,17,872,TW,STL,2163
36,1,1,1,11,1605,UA,DEN,2191
24,1,2,2,11,1605,UA,DEN,2190
9,1,3,3,11,1605,UA,DEN,2189
0,1,4,4,11,1605,UA,DEN,2188
62,1,5,5,11,1605,UA,DEN,2187
-2,1,6,6,11,1605,UA,DEN,2186
-3,1,7,7,11,1605,UA,DEN,2185
-2,1,8,1,12,2454,UA,LAX,2184
-2,1,9,2,12,2454,UA,LAX,2183
-1,1,10,3,12,2454,UA,LAX,2182
-5,1,11,4,12,2454,UA,LAX,2181
-1,1,12,5,12,2454,UA,LAX,2180
0,1,14,7,12,2454,UA,LAX,2178
2,1,15,1,12,2454,UA,LAX,2177
-1,1,16,2,12,2454,UA,LAX,2176
-2,1,17,3,12,2454,UA,LAX,2175
-2,1,18,4,12,2454,UA,LAX,2174
3,1,19,5,12,2454,UA,LAX,2173
-2,1,20,6,12,2454,UA,LAX,2172
47,1,21,7,12,2454,UA,LAX,2171
-3,1,22,1,12,2454,UA,LAX,2170
-3,1,23,2,12,2454,UA,LAX,2169
-5,1,24,3,12,2454,UA,LAX,2168
-3,1,25,4,12,2454,UA,LAX,2167
-5,1,26,5,12,2454,UA,LAX,2166
0,1,27,6,12,2454,UA,LAX,2165
-4,1,28,7,12,2454,UA,LAX,2164
-3,1,29,1,12,2454,UA,LAX,2163
-3,1,30,2,12,2454,UA,LAX,2162
-5,1,31,3,12,2454,UA,LAX,2161
-5,1,8,1,11,1605,UA,DEN,2184
-3,1,9,2,11,1605,UA,DEN,2183
-4,1,10,3,11,1605,UA,DEN,2182
-2,1,11,4,11,1605,UA,DEN,2181
-2,1,12,5,11,1605,UA,DEN,2180
3,1,13,6,11,1605,UA,DEN,2179
-4,1,14,7,11,1605,UA,DEN,2178
1,1,15,1,11,1605,UA,DEN,2177
17,1,16,2,11,1605,UA,DEN,2176
-1,1,17,3,11,1605,UA,DEN,2175
-1,1,18,4,11,1605,UA,DEN,2174
12,1,19,5,11,1605,UA,DEN,2173
-1,1,20,6,11,1605,UA,DEN,2172
20,1,21,7,11,1605,UA,DEN,2171
-4,1,22,1,11,1605,UA,DEN,2170
4,1,23,2,11,1605,UA,DEN,2169
-2,1,24,3,11,1605,UA,DEN,2168
-1,1,25,4,11,1605,UA,DEN,2167
-4,1,26,5,11,1605,UA,DEN,2166
-1,1,27,6,11,1605,UA,DEN,2165
-2,1,28,7,11,1605,UA,DEN,2164
-3,1,29,1,11,1605,UA,DEN,2163
-2,1,30,2,11,1605,UA,DEN,2162
-4,1,31,3,11,1605,UA,DEN,2161
6,1,1,1,10,2565,UA,SFO,2191
8,1,2,2,10,2565,UA,SFO,2190
-2,1,3,3,10,2565,UA,SFO,2189
1,1,4,4,10,2565,UA,SFO,2188
-5,1,5,5,10,2565,UA,SFO,2187
1,1,6,6,10,2565,UA,SFO,2186
3,1,7,7,10,2565,UA,SFO,2185
-2,1,8,1,10,2565,UA,SFO,2184
3,1,9,2,10,2565,UA,SFO,2183
-5,1,10,3,10,2565,UA,SFO,2182
-1,1,11,4,10,2565,UA,SFO,2181
0,1,12,5,10,2565,UA,SFO,2180
-4,1,13,6,10,2565,UA,SFO,2179
0,1,14,7,10,2565,UA,SFO,2178
-4,1,15,1,10,2565,UA,SFO,2177
-2,1,16,2,10,2565,UA,SFO,2176
-3,1,17,3,10,2565,UA,SFO,2175
7,1,18,4,10,2565,UA,SFO,2174
0,1,19,5,10,2565,UA,SFO,2173
1,1,20,6,10,2565,UA,SFO,2172
36,1,21,7,10,2565,UA,SFO,2171
-1,1,22,1,10,2565,UA,SFO,2170
0,1,23,2,10,2565,UA,SFO,2169
-2,1,24,3,10,2565,UA,SFO,2168
0,1,25,4,10,2565,UA,SFO,2167
-2,1,26,5,10,2565,UA,SFO,2166
-4,1,27,6,10,2565,UA,SFO,2165
1,1,28,7,10,2565,UA,SFO,2164
-8,1,29,1,10,2565,UA,SFO,2163
-2,1,30,2,10,2565,UA,SFO,2162
-4,1,31,3,10,2565,UA,SFO,2161
2,1,1,1,14,2565,UA,SFO,2191
34,1,2,2,14,2565,UA,SFO,2190
246,1,3,3,14,2565,UA,SFO,2189
41,1,4,4,14,2565,UA,SFO,2188
11,1,5,5,14,2565,UA,SFO,2187
-1,1,6,6,14,2565,UA,SFO,2186
5,1,7,7,14,2565,UA,SFO,2185
10,1,8,1,14,2565,UA,SFO,2184
1,1,9,2,14,2565,UA,SFO,2183
-3,1,10,3,14,2565,UA,SFO,2182
-4,1,11,4,14,2565,UA,SFO,2181
5,1,12,5,14,2565,UA,SFO,2180
-6,1,13,6,14,2565,UA,SFO,2179
-1,1,14,7,14,2565,UA,SFO,2178
-3,1,15,1,14,2565,UA,SFO,2177
-2,1,16,2,14,2565,UA,SFO,2176
75,1,17,3,14,2565,UA,SFO,2175
41,1,18,4,14,2565,UA,SFO,2174
22,1,19,5,14,2565,UA,SFO,2173
-3,1,20,6,14,2565,UA,SFO,2172
92,1,21,7,14,2565,UA,SFO,2171
-4,1,22,1,14,2565,UA,SFO,2170
93,1,23,2,14,2565,UA,SFO,2169
0,1,24,3,14,2565,UA,SFO,2168
-5,1,25,4,14,2565,UA,SFO,2167
0,1,26,5,14,2565,UA,SFO,2166
-2,1,27,6,14,2565,UA,SFO,2165
-2,1,28,7,14,2565,UA,SFO,2164
0,1,29,1,14,2565,UA,SFO,2163
-2,1,30,2,14,2565,UA,SFO,2162
-4,1,31,3,14,2565,UA,SFO,2161
7,1,1,1,17,2565,UA,SFO,2191
2,1,8,1,17,2565,UA,SFO,2184
-2,1,9,2,17,2565,UA,SFO,2183
76,1,10,3,17,2565,UA,SFO,2182
211,1,11,4,17,2565,UA,SFO,2181
-1,1,12,5,17,2565,UA,SFO,2180
-6,1,15,1,17,2565,UA,SFO,2177
-1,1,16,2,17,2565,UA,SFO,2176
14,1,18,4,17,2565,UA,SFO,2174
86,1,19,5,17,2565,UA,SFO,2173
-2,1,22,1,17,2565,UA,SFO,2170
62,1,23,2,17,2565,UA,SFO,2169
-2,1,24,3,17,2565,UA,SFO,2168
-1,1,25,4,17,2565,UA,SFO,2167
-2,1,26,5,17,2565,UA,SFO,2166
-1,1,29,1,17,2565,UA,SFO,2163
-1,1,30,2,17,2565,UA,SFO,2162
-2,1,31,3,17,2565,UA,SFO,2161
46,1,1,1,18,2565,UA,SFO,2191
257,1,2,2,18,2565,UA,SFO,2190
2,1,3,3,18,2565,UA,SFO,2189
0,1,4,4,18,2565,UA,SFO,2188
157,1,5,5,18,2565,UA,SFO,2187
26,1,7,7,18,2565,UA,SFO,2185
-2,1,9,2,18,2565,UA,SFO,2183
10,1,10,3,18,2565,UA,SFO,2182
175,1,11,4,18,2565,UA,SFO,2181
8,1,12,5,18,2565,UA,SFO,2180
-2,1,13,6,18,2565,UA,SFO,2179
-2,1,14,7,18,2565,UA,SFO,2178
13,1,15,1,18,2565,UA,SFO,2177
-2,1,16,2,18,2565,UA,SFO,2176
-1,1,17,3,18,2565,UA,SFO,2175
-1,1,18,4,18,2565,UA,SFO,2174
3,1,20,6,18,2565,UA,SFO,2172
-1,1,21,7,18,2565,UA,SFO,2171
-3,1,22,1,18,2565,UA,SFO,2170
89,1,23,2,18,2565,UA,SFO,2169
-2,1,24,3,18,2565,UA,SFO,2168
-2,1,25,4,18,2565,UA,SFO,2167
0,1,26,5,18,2565,UA,SFO,2166
-6,1,27,6,18,2565,UA,SFO,2165
-2,1,28,7,18,2565,UA,SFO,2164
0,1,29,1,18,2565,UA,SFO,2163
15,1,30,2,18,2565,UA,SFO,2162
-5,1,31,3,18,2565,UA,SFO,2161
7,1,1,1,7,2454,UA,LAX,2191
1,1,2,2,7,2454,UA,LAX,2190
68,1,3,3,7,2454,UA,LAX,2189
6,1,4,4,7,2454,UA,LAX,2188
3,1,5,5,7,2454,UA,LAX,2187
0,1,6,6,7,2454,UA,LAX,2186
0,1,7,7,7,2454,UA,LAX,2185
-1,1,8,1,7,2454,UA,LAX,2184
-1,1,9,2,7,2454,UA,LAX,2183
-5,1,10,3,7,2454,UA,LAX,2182
-3,1,11,4,7,2454,UA,LAX,2181
-4,1,12,5,7,2454,UA,LAX,2180
-3,1,13,6,7,2454,UA,LAX,2179
-4,1,14,7,7,2454,UA,LAX,2178
-1,1,15,1,7,2454,UA,LAX,2177
0,1,16,2,7,2454,UA,LAX,2176
-2,1,17,3,7,2454,UA,LAX,2175
-2,1,18,4,7,2454,UA,LAX,2174
-4,1,19,5,7,2454,UA,LAX,2173
-4,1,20,6,7,2454,UA,LAX,2172
-1,1,22,1,7,2454,UA,LAX,2170
-2,1,23,2,7,2454,UA,LAX,2169
-4,1,24,3,7,2454,UA,LAX,2168
47,1,25,4,7,2454,UA,LAX,2167
-5,1,26,5,7,2454,UA,LAX,2166
-2,1,27,6,7,2454,UA,LAX,2165
-1,1,28,7,7,2454,UA,LAX,2164
-1,1,29,1,7,2454,UA,LAX,2163
-4,1,30,2,7,2454,UA,LAX,2162
-4,1,31,3,7,2454,UA,LAX,2161
0,1,7,7,8,2454,UA,LAX,2185
-2,1,8,1,8,2454,UA,LAX,2184
-1,1,10,3,8,2454,UA,LAX,2182
-3,1,12,5,8,2454,UA,LAX,2180
0,1,13,6,8,2454,UA,LAX,2179
-4,1,14,7,8,2454,UA,LAX,2178
-2,1,15,1,8,2454,UA,LAX,2177
1,1,16,2,8,2454,UA,LAX,2176
-4,1,17,3,8,2454,UA,LAX,2175
-3,1,18,4,8,2454,UA,LAX,2174
-1,1,19,5,8,2454,UA,LAX,2173
0,1,20,6,8,2454,UA,LAX,2172
124,1,21,7,8,2454,UA,LAX,2171
-1,1,22,1,8,2454,UA,LAX,2170
5,1,23,2,8,2454,UA,LAX,2169
10,1,24,3,8,2454,UA,LAX,2168
2,1,25,4,8,2454,UA,LAX,2167
1,1,26,5,8,2454,UA,LAX,2166
0,1,27,6,8,2454,UA,LAX,2165
-2,1,28,7,8,2454,UA,LAX,2164
1,1,29,1,8,2454,UA,LAX,2163
-2,1,30,2,8,2454,UA,LAX,2162
-2,1,31,3,8,2454,UA,LAX,2161
3,1,1,1,12,2454,UA,LAX,2191
34,1,2,2,12,2454,UA,LAX,2190
2,1,3,3,12,2454,UA,LAX,2189
6,1,4,4,12,2454,UA,LAX,2188
-3,1,5,5,12,2454,UA,LAX,2187
-1,1,6,6,12,2454,UA,LAX,2186
3,1,7,7,12,2454,UA,LAX,2185
20,1,1,1,18,2454,UA,LAX,2191
33,1,2,2,18,2454,UA,LAX,2190
17,1,3,3,18,2454,UA,LAX,2189
-3,1,4,4,18,2454,UA,LAX,2188
70,1,5,5,18,2454,UA,LAX,2187
-3,1,6,6,18,2454,UA,LAX,2186
-4,1,7,7,18,2454,UA,LAX,2185
0,1,8,1,17,2454,UA,LAX,2184
1,1,9,2,17,2454,UA,LAX,2183
56,1,10,3,17,2454,UA,LAX,2182
10,1,11,4,17,2454,UA,LAX,2181
8,1,12,5,17,2454,UA,LAX,2180
-4,1,13,6,17,2454,UA,LAX,2179
-2,1,14,7,17,2454,UA,LAX,2178
3,1,15,1,17,2454,UA,LAX,2177
-4,1,16,2,17,2454,UA,LAX,2176
-2,1,17,3,17,2454,UA,LAX,2175
-1,1,18,4,17,2454,UA,LAX,2174
88,1,19,5,17,2454,UA,LAX,2173
16,1,20,6,17,2454,UA,LAX,2172
44,1,21,7,17,2454,UA,LAX,2171
-1,1,22,1,17,2454,UA,LAX,2170
-3,1,23,2,17,2454,UA,LAX,2169
-4,1,24,3,17,2454,UA,LAX,2168
-3,1,25,4,17,2454,UA,LAX,2167
-2,1,26,5,17,2454,UA,LAX,2166
-3,1,27,6,17,2454,UA,LAX,2165
-5,1,28,7,17,2454,UA,LAX,2164
-1,1,29,1,17,2454,UA,LAX,2163
15,1,30,2,17,2454,UA,LAX,2162
-3,1,31,3,17,2454,UA,LAX,2161
8,1,1,1,20,2454,UA,LAX,2191
50,1,2,2,20,2454,UA,LAX,2190
4,1,3,3,20,2454,UA,LAX,2189
-4,1,4,4,20,2454,UA,LAX,2188
37,1,5,5,20,2454,UA,LAX,2187
-5,1,7,7,20,2454,UA,LAX,2185
-3,1,8,1,20,2454,UA,LAX,2184
9,1,9,2,20,2454,UA,LAX,2183
-7,1,10,3,20,2454,UA,LAX,2182
5,1,11,4,20,2454,UA,LAX,2181
-8,1,12,5,20,2454,UA,LAX,2180
0,1,13,6,20,2454,UA,LAX,2179
-7,1,14,7,20,2454,UA,LAX,2178
-6,1,15,1,20,2454,UA,LAX,2177
-6,1,16,2,20,2454,UA,LAX,2176
-1,1,17,3,20,2454,UA,LAX,2175
-4,1,18,4,20,2454,UA,LAX,2174
130,1,20,6,20,2454,UA,LAX,2172
25,1,21,7,20,2454,UA,LAX,2171
-5,1,22,1,20,2454,UA,LAX,2170
-3,1,23,2,20,2454,UA,LAX,2169
-5,1,24,3,20,2454,UA,LAX,2168
-8,1,25,4,20,2454,UA,LAX,2167
1,1,26,5,20,2454,UA,LAX,2166
-3,1,27,6,20,2454,UA,LAX,2165
-9,1,28,7,20,2454,UA,LAX,2164
-7,1,29,1,20,2454,UA,LAX,2163
52,1,30,2,20,2454,UA,LAX,2162
23,1,1,1,18,1605,UA,DEN,2191
23,1,2,2,18,1605,UA,DEN,2190
12,1,3,3,18,1605,UA,DEN,2189
-2,1,4,4,18,1605,UA,DEN,2188
202,1,5,5,18,1605,UA,DEN,2187
-3,1,6,6,18,1605,UA,DEN,2186
148,1,7,7,18,1605,UA,DEN,2185
39,1,8,1,16,1605,UA,DEN,2184
2,1,9,2,16,1605,UA,DEN,2183
0,1,10,3,16,1605,UA,DEN,2182
32,1,11,4,16,1605,UA,DEN,2181
0,1,12,5,16,1605,UA,DEN,2180
-5,1,13,6,16,1605,UA,DEN,2179
-5,1,14,7,16,1605,UA,DEN,2178
50,1,15,1,16,1605,UA,DEN,2177
-5,1,16,2,16,1605,UA,DEN,2176
-2,1,17,3,16,1605,UA,DEN,2175
-2,1,18,4,16,1605,UA,DEN,2174
4,1,19,5,16,1605,UA,DEN,2173
18,1,20,6,16,1605,UA,DEN,2172
-5,1,22,1,16,1605,UA,DEN,2170
-1,1,23,2,16,1605,UA,DEN,2169
1,1,24,3,16,1605,UA,DEN,2168
0,1,25,4,16,1605,UA,DEN,2167
-4,1,26,5,16,1605,UA,DEN,2166
-4,1,27,6,16,1605,UA,DEN,2165
3,1,28,7,16,1605,UA,DEN,2164
-5,1,30,2,16,1605,UA,DEN,2162
21,1,31,3,16,1605,UA,DEN,2161
-2,1,1,1,8,1605,UA,DEN,2191
3,1,2,2,8,1605,UA,DEN,2190
1,1,3,3,8,1605,UA,DEN,2189
-3,1,4,4,8,1605,UA,DEN,2188
2,1,5,5,8,1605,UA,DEN,2187
-1,1,6,6,8,1605,UA,DEN,2186
-1,1,7,7,8,1605,UA,DEN,2185
-2,1,1,1,16,1605,UA,DEN,2191
-2,1,2,2,16,1605,UA,DEN,2190
-2,1,3,3,16,1605,UA,DEN,2189
-7,1,4,4,16,1605,UA,DEN,2188
96,1,5,5,16,1605,UA,DEN,2187
-3,1,6,6,16,1605,UA,DEN,2186
-2,1,7,7,16,1605,UA,DEN,2185
64,1,8,1,18,1605,UA,DEN,2184
0,1,9,2,18,1605,UA,DEN,2183
0,1,10,3,18,1605,UA,DEN,2182
42,1,11,4,18,1605,UA,DEN,2181
-5,1,12,5,18,1605,UA,DEN,2180
5,1,13,6,18,1605,UA,DEN,2179
-5,1,14,7,18,1605,UA,DEN,2178
20,1,15,1,18,1605,UA,DEN,2177
-4,1,16,2,18,1605,UA,DEN,2176
-4,1,17,3,18,1605,UA,DEN,2175
-4,1,18,4,18,1605,UA,DEN,2174
42,1,19,5,18,1605,UA,DEN,2173
0,1,20,6,18,1605,UA,DEN,2172
-1,1,21,7,18,1605,UA,DEN,2171
49,1,22,1,18,1605,UA,DEN,2170
-3,1,23,2,18,1605,UA,DEN,2169
1,1,24,3,18,1605,UA,DEN,2168
51,1,25,4,18,1605,UA,DEN,2167
0,1,26,5,18,1605,UA,DEN,2166
-5,1,27,6,18,1605,UA,DEN,2165
-2,1,28,7,18,1605,UA,DEN,2164
-5,1,29,1,18,1605,UA,DEN,2163
0,1,31,3,18,1605,UA,DEN,2161
0,1,2,2,6,719,UA,ORD,2190
-4,1,3,3,6,719,UA,ORD,2189
-5,1,4,4,6,719,UA,ORD,2188
3,1,5,5,6,719,UA,ORD,2187
0,1,6,6,6,719,UA,ORD,2186
-6,1,7,7,6,719,UA,ORD,2185
7,1,8,1,6,719,UA,ORD,2184
-1,1,9,2,6,719,UA,ORD,2183
-4,1,10,3,6,719,UA,ORD,2182
-4,1,11,4,6,719,UA,ORD,2181
-3,1,12,5,6,719,UA,ORD,2180
-1,1,13,6,6,719,UA,ORD,2179
-6,1,14,7,6,719,UA,ORD,2178
-3,1,15,1,6,719,UA,ORD,2177
-5,1,16,2,6,719,UA,ORD,2176
-2,1,17,3,6,719,UA,ORD,2175
-7,1,18,4,6,719,UA,ORD,2174
-5,1,19,5,6,719,UA,ORD,2173
-4,1,20,6,6,719,UA,ORD,2172
-2,1,22,1,6,719,UA,ORD,2170
189,1,23,2,6,719,UA,ORD,2169
-3,1,24,3,6,719,UA,ORD,2168
-5,1,25,4,6,719,UA,ORD,2167
-3,1,26,5,6,719,UA,ORD,2166
-1,1,27,6,6,719,UA,ORD,2165
-3,1,28,7,6,719,UA,ORD,2164
-2,1,29,1,6,719,UA,ORD,2163
-3,1,30,2,6,719,UA,ORD,2162
-3,1,31,3,6,719,UA,ORD,2161
20,1,1,1,7,719,UA,ORD,2191
13,1,2,2,7,719,UA,ORD,2190
0,1,3,3,7,719,UA,ORD,2189
-4,1,4,4,7,719,UA,ORD,2188
36,1,5,5,7,719,UA,ORD,2187
85,1,6,6,7,719,UA,ORD,2186
-2,1,7,7,7,719,UA,ORD,2185
0,1,8,1,7,719,UA,ORD,2184
-4,1,9,2,7,719,UA,ORD,2183
1,1,10,3,7,719,UA,ORD,2182
-5,1,11,4,7,719,UA,ORD,2181
-6,1,12,5,7,719,UA,ORD,2180
-1,1,13,6,7,719,UA,ORD,2179
-5,1,14,7,7,719,UA,ORD,2178
25,1,15,1,7,719,UA,ORD,2177
-4,1,17,3,7,719,UA,ORD,2175
0,1,18,4,7,719,UA,ORD,2174
-2,1,19,5,7,719,UA,ORD,2173
-5,1,20,6,7,719,UA,ORD,2172
14,1,21,7,7,719,UA,ORD,2171
-2,1,22,1,7,719,UA,ORD,2170
2,1,23,2,7,719,UA,ORD,2169
-4,1,24,3,7,719,UA,ORD,2168
-2,1,25,4,7,719,UA,ORD,2167
-1,1,26,5,7,719,UA,ORD,2166
2,1,27,6,7,719,UA,ORD,2165
-2,1,28,7,7,719,UA,ORD,2164
-4,1,29,1,7,719,UA,ORD,2163
-3,1,30,2,7,719,UA,ORD,2162
-3,1,31,3,7,719,UA,ORD,2161
112,1,2,2,8,719,UA,ORD,2190
-1,1,3,3,8,719,UA,ORD,2189
7,1,4,4,8,719,UA,ORD,2188
-3,1,5,5,8,719,UA,ORD,2187
75,1,8,1,8,719,UA,ORD,2184
-4,1,12,5,8,719,UA,ORD,2180
51,1,13,6,8,719,UA,ORD,2179
0,1,15,1,8,719,UA,ORD,2177
-2,1,16,2,8,719,UA,ORD,2176
1,1,17,3,8,719,UA,ORD,2175
-2,1,18,4,8,719,UA,ORD,2174
-2,1,23,2,8,719,UA,ORD,2169
-4,1,24,3,8,719,UA,ORD,2168
-2,1,26,5,8,719,UA,ORD,2166
-1,1,30,2,8,719,UA,ORD,2162
-4,1,31,3,8,719,UA,ORD,2161
1,1,1,1,9,719,UA,ORD,2191
56,1,2,2,9,719,UA,ORD,2190
-4,1,3,3,9,719,UA,ORD,2189
0,1,4,4,9,719,UA,ORD,2188
1,1,5,5,9,719,UA,ORD,2187
-5,1,7,7,9,719,UA,ORD,2185
-4,1,8,1,9,719,UA,ORD,2184
-3,1,9,2,9,719,UA,ORD,2183
-5,1,10,3,9,719,UA,ORD,2182
0,1,11,4,9,719,UA,ORD,2181
-3,1,12,5,9,719,UA,ORD,2180
-3,1,13,6,9,719,UA,ORD,2179
-4,1,14,7,9,719,UA,ORD,2178
29,1,15,1,9,719,UA,ORD,2177
12,1,17,3,9,719,UA,ORD,2175
1,1,18,4,9,719,UA,ORD,2174
-2,1,19,5,9,719,UA,ORD,2173
-3,1,20,6,9,719,UA,ORD,2172
33,1,22,1,9,719,UA,ORD,2170
15,1,23,2,9,719,UA,ORD,2169
-3,1,24,3,9,719,UA,ORD,2168
15,1,26,5,9,719,UA,ORD,2166
69,1,27,6,9,719,UA,ORD,2165
0,1,29,1,9,719,UA,ORD,2163
1,1,30,2,9,719,UA,ORD,2162
-4,1,31,3,9,719,UA,ORD,2161
-1,1,9,2,10,719,UA,ORD,2183
-4,1,10,3,10,719,UA,ORD,2182
-3,1,11,4,10,719,UA,ORD,2181
-1,1,12,5,10,719,UA,ORD,2180
-4,1,16,2,10,719,UA,ORD,2176
-2,1,17,3,10,719,UA,ORD,2175
-5,1,18,4,10,719,UA,ORD,2174
-4,1,19,5,10,719,UA,ORD,2173
-6,1,23,2,10,719,UA,ORD,2169
-5,1,24,3,10,719,UA,ORD,2168
66,1,25,4,10,719,UA,ORD,2167
-1,1,26,5,10,719,UA,ORD,2166
21,1,30,2,10,719,UA,ORD,2162
-4,1,31,3,10,719,UA,ORD,2161
2,1,8,1,11,719,UA,ORD,2184
22,1,9,2,11,719,UA,ORD,2183
-2,1,10,3,11,719,UA,ORD,2182
-1,1,11,4,11,719,UA,ORD,2181
-2,1,12,5,11,719,UA,ORD,2180
-4,1,14,7,11,719,UA,ORD,2178
-1,1,15,1,11,719,UA,ORD,2177
-7,1,16,2,11,719,UA,ORD,2176
-3,1,17,3,11,719,UA,ORD,2175
26,1,18,4,11,719,UA,ORD,2174
46,1,19,5,11,719,UA,ORD,2173
-1,1,22,1,11,719,UA,ORD,2170
-5,1,23,2,11,719,UA,ORD,2169
-3,1,24,3,11,719,UA,ORD,2168
30,1,25,4,11,719,UA,ORD,2167
12,1,26,5,11,719,UA,ORD,2166
-6,1,28,7,11,719,UA,ORD,2164
-4,1,29,1,11,719,UA,ORD,2163
-6,1,30,2,11,719,UA,ORD,2162
-7,1,31,3,11,719,UA,ORD,2161
-4,1,1,1,12,719,UA,ORD,2191
68,1,2,2,12,719,UA,ORD,2190
23,1,3,3,12,719,UA,ORD,2189
0,1,4,4,12,719,UA,ORD,2188
36,1,5,5,12,719,UA,ORD,2187
-6,1,8,1,12,719,UA,ORD,2184
-6,1,9,2,12,719,UA,ORD,2183
-4,1,10,3,12,719,UA,ORD,2182
-1,1,12,5,12,719,UA,ORD,2180
-3,1,13,6,12,719,UA,ORD,2179
-5,1,14,7,12,719,UA,ORD,2178
-5,1,15,1,12,719,UA,ORD,2177
-5,1,16,2,12,719,UA,ORD,2176
-4,1,17,3,12,719,UA,ORD,2175
-6,1,18,4,12,719,UA,ORD,2174
-3,1,19,5,12,719,UA,ORD,2173
-4,1,22,1,12,719,UA,ORD,2170
1,1,23,2,12,719,UA,ORD,2169
-5,1,24,3,12,719,UA,ORD,2168
-2,1,25,4,12,719,UA,ORD,2167
-4,1,27,6,12,719,UA,ORD,2165
-1,1,28,7,12,719,UA,ORD,2164
13,1,29,1,12,719,UA,ORD,2163
-5,1,30,2,12,719,UA,ORD,2162
-5,1,31,3,12,719,UA,ORD,2161
12,1,1,1,13,719,UA,ORD,2191
9,1,2,2,13,719,UA,ORD,2190
52,1,3,3,13,719,UA,ORD,2189
-3,1,4,4,13,719,UA,ORD,2188
36,1,5,5,13,719,UA,ORD,2187
-4,1,6,6,13,719,UA,ORD,2186
-5,1,8,1,13,719,UA,ORD,2184
-4,1,9,2,13,719,UA,ORD,2183
7,1,11,4,13,719,UA,ORD,2181
43,1,12,5,13,719,UA,ORD,2180
-6,1,13,6,13,719,UA,ORD,2179
11,1,15,1,13,719,UA,ORD,2177
-8,1,16,2,13,719,UA,ORD,2176
-1,1,17,3,13,719,UA,ORD,2175
-6,1,18,4,13,719,UA,ORD,2174
-5,1,20,6,13,719,UA,ORD,2172
-4,1,22,1,13,719,UA,ORD,2170
-3,1,23,2,13,719,UA,ORD,2169
76,1,24,3,13,719,UA,ORD,2168
-2,1,25,4,13,719,UA,ORD,2167
0,1,26,5,13,719,UA,ORD,2166
-6,1,28,7,13,719,UA,ORD,2164
-4,1,30,2,13,719,UA,ORD,2162
-6,1,31,3,13,719,UA,ORD,2161
18,1,1,1,14,719,UA,ORD,2191
30,1,2,2,14,719,UA,ORD,2190
-4,1,3,3,14,719,UA,ORD,2189
-3,1,4,4,14,719,UA,ORD,2188
-4,1,5,5,14,719,UA,ORD,2187
-5,1,6,6,14,719,UA,ORD,2186
25,1,7,7,14,719,UA,ORD,2185
-3,1,8,1,14,719,UA,ORD,2184
-6,1,9,2,14,719,UA,ORD,2183
-5,1,10,3,14,719,UA,ORD,2182
-6,1,11,4,14,719,UA,ORD,2181
-1,1,12,5,14,719,UA,ORD,2180
12,1,13,6,14,719,UA,ORD,2179
-4,1,14,7,14,719,UA,ORD,2178
-9,1,15,1,14,719,UA,ORD,2177
-2,1,16,2,14,719,UA,ORD,2176
-2,1,19,5,14,719,UA,ORD,2173
-6,1,20,6,14,719,UA,ORD,2172
2,1,21,7,14,719,UA,ORD,2171
-7,1,22,1,14,719,UA,ORD,2170
-4,1,23,2,14,719,UA,ORD,2169
26,1,24,3,14,719,UA,ORD,2168
-6,1,25,4,14,719,UA,ORD,2167
-5,1,27,6,14,719,UA,ORD,2165
-3,1,28,7,14,719,UA,ORD,2164
55,1,29,1,14,719,UA,ORD,2163
25,1,30,2,14,719,UA,ORD,2162
-6,1,31,3,14,719,UA,ORD,2161
-3,1,1,1,16,719,UA,ORD,2191
70,1,2,2,16,719,UA,ORD,2190
36,1,3,3,16,719,UA,ORD,2189
-1,1,4,4,16,719,UA,ORD,2188
85,1,5,5,16,719,UA,ORD,2187
3,1,6,6,16,719,UA,ORD,2186
-4,1,7,7,16,719,UA,ORD,2185
-1,1,8,1,16,719,UA,ORD,2184
3,1,9,2,16,719,UA,ORD,2183
-5,1,10,3,16,719,UA,ORD,2182
-3,1,11,4,16,719,UA,ORD,2181
1,1,12,5,16,719,UA,ORD,2180
1,1,13,6,16,719,UA,ORD,2179
46,1,14,7,16,719,UA,ORD,2178
-5,1,15,1,16,719,UA,ORD,2177
-1,1,16,2,16,719,UA,ORD,2176
-4,1,17,3,16,719,UA,ORD,2175
1,1,18,4,16,719,UA,ORD,2174
-1,1,19,5,16,719,UA,ORD,2173
-5,1,20,6,16,719,UA,ORD,2172
14,1,21,7,16,719,UA,ORD,2171
17,1,22,1,16,719,UA,ORD,2170
-2,1,23,2,16,719,UA,ORD,2169
8,1,24,3,16,719,UA,ORD,2168
21,1,25,4,16,719,UA,ORD,2167
33,1,26,5,16,719,UA,ORD,2166
-3,1,27,6,16,719,UA,ORD,2165
0,1,28,7,16,719,UA,ORD,2164
-1,1,29,1,16,719,UA,ORD,2163
-3,1,30,2,16,719,UA,ORD,2162
-4,1,31,3,16,719,UA,ORD,2161
30,1,1,1,17,719,UA,ORD,2191
43,1,2,2,17,719,UA,ORD,2190
88,1,3,3,17,719,UA,ORD,2189
6,1,4,4,17,719,UA,ORD,2188
-3,1,6,6,17,719,UA,ORD,2186
-3,1,7,7,17,719,UA,ORD,2185
50,1,8,1,17,719,UA,ORD,2184
-4,1,9,2,17,719,UA,ORD,2183
0,1,10,3,17,719,UA,ORD,2182
8,1,11,4,17,719,UA,ORD,2181
25,1,12,5,17,719,UA,ORD,2180
91,1,14,7,17,719,UA,ORD,2178
2,1,15,1,17,719,UA,ORD,2177
10,1,16,2,17,719,UA,ORD,2176
-6,1,17,3,17,719,UA,ORD,2175
-4,1,18,4,17,719,UA,ORD,2174
25,1,19,5,17,719,UA,ORD,2173
-6,1,20,6,17,719,UA,ORD,2172
-7,1,22,1,17,719,UA,ORD,2170
33,1,23,2,17,719,UA,ORD,2169
53,1,24,3,17,719,UA,ORD,2168
-3,1,25,4,17,719,UA,ORD,2167
114,1,26,5,17,719,UA,ORD,2166
1,1,28,7,17,719,UA,ORD,2164
-2,1,29,1,17,719,UA,ORD,2163
0,1,30,2,17,719,UA,ORD,2162
33,1,31,3,17,719,UA,ORD,2161
-1,1,1,1,18,719,UA,ORD,2191
34,1,2,2,18,719,UA,ORD,2190
-3,1,7,7,18,719,UA,ORD,2185
-4,1,9,2,18,719,UA,ORD,2183
0,1,10,3,18,719,UA,ORD,2182
5,1,11,4,18,719,UA,ORD,2181
0,1,12,5,18,719,UA,ORD,2180
-2,1,16,2,18,719,UA,ORD,2176
0,1,17,3,18,719,UA,ORD,2175
-5,1,18,4,18,719,UA,ORD,2174
-5,1,22,1,18,719,UA,ORD,2170
-2,1,23,2,18,719,UA,ORD,2169
57,1,24,3,18,719,UA,ORD,2168
-3,1,25,4,18,719,UA,ORD,2167
73,1,26,5,18,719,UA,ORD,2166
84,1,29,1,18,719,UA,ORD,2163
2,1,1,1,19,719,UA,ORD,2191
50,1,3,3,19,719,UA,ORD,2189
-4,1,4,4,19,719,UA,ORD,2188
-1,1,10,3,19,719,UA,ORD,2182
-5,1,11,4,19,719,UA,ORD,2181
-8,1,12,5,19,719,UA,ORD,2180
-4,1,14,7,19,719,UA,ORD,2178
64,1,15,1,19,719,UA,ORD,2177
-1,1,16,2,19,719,UA,ORD,2176
-4,1,17,3,19,719,UA,ORD,2175
-3,1,21,7,19,719,UA,ORD,2171
-1,1,22,1,19,719,UA,ORD,2170
-10,1,24,3,19,719,UA,ORD,2168
-2,1,25,4,19,719,UA,ORD,2167
-7,1,28,7,19,719,UA,ORD,2164
16,1,29,1,19,719,UA,ORD,2163
1,1,30,2,19,719,UA,ORD,2162
-4,1,31,3,19,719,UA,ORD,2161
-1,1,1,1,20,719,UA,ORD,2191
42,1,2,2,20,719,UA,ORD,2190
19,1,3,3,20,719,UA,ORD,2189
16,1,4,4,20,719,UA,ORD,2188
110,1,5,5,20,719,UA,ORD,2187
-2,1,6,6,20,719,UA,ORD,2186
3,1,7,7,20,719,UA,ORD,2185
-1,1,8,1,20,719,UA,ORD,2184
24,1,9,2,20,719,UA,ORD,2183
-5,1,10,3,20,719,UA,ORD,2182
-4,1,11,4,20,719,UA,ORD,2181
0,1,12,5,20,719,UA,ORD,2180
14,1,13,6,20,719,UA,ORD,2179
-4,1,14,7,20,719,UA,ORD,2178
-5,1,15,1,20,719,UA,ORD,2177
53,1,16,2,20,719,UA,ORD,2176
-8,1,17,3,20,719,UA,ORD,2175
-5,1,18,4,20,719,UA,ORD,2174
3,1,19,5,20,719,UA,ORD,2173
6,1,20,6,20,719,UA,ORD,2172
-1,1,21,7,20,719,UA,ORD,2171
-3,1,22,1,20,719,UA,ORD,2170
-5,1,23,2,20,719,UA,ORD,2169
-5,1,24,3,20,719,UA,ORD,2168
11,1,25,4,20,719,UA,ORD,2167
14,1,26,5,20,719,UA,ORD,2166
-5,1,27,6,20,719,UA,ORD,2165
-1,1,28,7,20,719,UA,ORD,2164
-4,1,29,1,20,719,UA,ORD,2163
5,1,30,2,20,719,UA,ORD,2162
-4,1,31,3,20,719,UA,ORD,2161
-4,1,4,4,8,719,UA,ORD,2188
9,1,1,1,8,2565,UA,SFO,2191
6,1,2,2,8,2565,UA,SFO,2190
14,1,3,3,8,2565,UA,SFO,2189
34,1,4,4,8,2565,UA,SFO,2188
12,1,5,5,8,2565,UA,SFO,2187
-1,1,6,6,8,2565,UA,SFO,2186
-2,1,7,7,8,2565,UA,SFO,2185
8,1,2,2,6,2565,UA,SFO,2190
12,1,3,3,6,2565,UA,SFO,2189
2,1,4,4,6,2565,UA,SFO,2188
3,1,5,5,6,2565,UA,SFO,2187
0,1,6,6,6,2565,UA,SFO,2186
1,1,7,7,6,2565,UA,SFO,2185
-3,1,8,1,7,2565,UA,SFO,2184
-4,1,9,2,7,2565,UA,SFO,2183
-1,1,10,3,7,2565,UA,SFO,2182
1,1,11,4,7,2565,UA,SFO,2181
-3,1,13,6,7,2565,UA,SFO,2179
-1,1,14,7,7,2565,UA,SFO,2178
1,1,15,1,7,2565,UA,SFO,2177
-2,1,16,2,7,2565,UA,SFO,2176
-7,1,17,3,7,2565,UA,SFO,2175
-1,1,18,4,7,2565,UA,SFO,2174
-3,1,19,5,7,2565,UA,SFO,2173
-5,1,20,6,7,2565,UA,SFO,2172
-1,1,22,1,7,2565,UA,SFO,2170
0,1,23,2,7,2565,UA,SFO,2169
-4,1,24,3,7,2565,UA,SFO,2168
-2,1,25,4,7,2565,UA,SFO,2167
22,1,26,5,7,2565,UA,SFO,2166
-5,1,27,6,7,2565,UA,SFO,2165
-3,1,28,7,7,2565,UA,SFO,2164
0,1,29,1,7,2565,UA,SFO,2163
-6,1,30,2,7,2565,UA,SFO,2162
-5,1,31,3,7,2565,UA,SFO,2161
-3,1,1,1,14,1605,UA,DEN,2191
0,1,2,2,14,1605,UA,DEN,2190
1,1,3,3,14,1605,UA,DEN,2189
0,1,4,4,14,1605,UA,DEN,2188
4,1,5,5,14,1605,UA,DEN,2187
-1,1,6,6,14,1605,UA,DEN,2186
1,1,7,7,14,1605,UA,DEN,2185
-1,1,8,1,14,1605,UA,DEN,2184
0,1,9,2,14,1605,UA,DEN,2183
11,1,10,3,14,1605,UA,DEN,2182
-2,1,11,4,14,1605,UA,DEN,2181
99,1,12,5,14,1605,UA,DEN,2180
-3,1,13,6,14,1605,UA,DEN,2179
-3,1,14,7,14,1605,UA,DEN,2178
0,1,15,1,14,1605,UA,DEN,2177
-1,1,16,2,14,1605,UA,DEN,2176
0,1,17,3,14,1605,UA,DEN,2175
0,1,18,4,14,1605,UA,DEN,2174
66,1,19,5,14,1605,UA,DEN,2173
-5,1,20,6,14,1605,UA,DEN,2172
9,1,21,7,14,1605,UA,DEN,2171
0,1,22,1,14,1605,UA,DEN,2170
1,1,23,2,14,1605,UA,DEN,2169
-5,1,24,3,14,1605,UA,DEN,2168
-1,1,25,4,14,1605,UA,DEN,2167
54,1,26,5,14,1605,UA,DEN,2166
-2,1,27,6,14,1605,UA,DEN,2165
-4,1,28,7,14,1605,UA,DEN,2164
-4,1,29,1,14,1605,UA,DEN,2163
-3,1,30,2,14,1605,UA,DEN,2162
33,1,31,3,14,1605,UA,DEN,2161
5,1,8,1,15,719,UA,ORD,2184
3,1,9,2,15,719,UA,ORD,2183
-2,1,10,3,15,719,UA,ORD,2182
-2,1,11,4,15,719,UA,ORD,2181
-2,1,12,5,15,719,UA,ORD,2180
70,1,15,1,15,719,UA,ORD,2177
-2,1,16,2,15,719,UA,ORD,2176
0,1,17,3,15,719,UA,ORD,2175
3,1,18,4,15,719,UA,ORD,2174
13,1,19,5,15,719,UA,ORD,2173
-3,1,22,1,15,719,UA,ORD,2170
-4,1,23,2,15,719,UA,ORD,2169
24,1,24,3,15,719,UA,ORD,2168
-1,1,25,4,15,719,UA,ORD,2167
33,1,26,5,15,719,UA,ORD,2166
-1,1,31,3,15,719,UA,ORD,2161
1,1,8,1,8,1605,UA,DEN,2184
-1,1,9,2,8,1605,UA,DEN,2183
2,1,10,3,8,1605,UA,DEN,2182
-5,1,11,4,8,1605,UA,DEN,2181
-3,1,12,5,8,1605,UA,DEN,2180
-4,1,14,7,8,1605,UA,DEN,2178
0,1,15,1,8,1605,UA,DEN,2177
-1,1,16,2,8,1605,UA,DEN,2176
-5,1,17,3,8,1605,UA,DEN,2175
-4,1,18,4,8,1605,UA,DEN,2174
-4,1,19,5,8,1605,UA,DEN,2173
-4,1,20,6,8,1605,UA,DEN,2172
79,1,21,7,8,1605,UA,DEN,2171
-2,1,22,1,8,1605,UA,DEN,2170
0,1,23,2,8,1605,UA,DEN,2169
-3,1,24,3,8,1605,UA,DEN,2168
-2,1,25,4,8,1605,UA,DEN,2167
-2,1,26,5,8,1605,UA,DEN,2166
-1,1,27,6,8,1605,UA,DEN,2165
-4,1,28,7,8,1605,UA,DEN,2164
-3,1,29,1,8,1605,UA,DEN,2163
-3,1,31,3,8,1605,UA,DEN,2161
14,1,1,1,5,529,US,CLT,2191
12,1,2,2,5,529,US,CLT,2190
7,1,3,3,5,529,US,CLT,2189
-1,1,4,4,5,529,US,CLT,2188
-5,1,5,5,5,529,US,CLT,2187
0,1,6,6,5,529,US,CLT,2186
-6,1,7,7,5,529,US,CLT,2185
-2,1,8,1,5,529,US,CLT,2184
-4,1,9,2,5,529,US,CLT,2183
-8,1,10,3,5,529,US,CLT,2182
-2,1,11,4,5,529,US,CLT,2181
-1,1,12,5,5,529,US,CLT,2180
-6,1,13,6,5,529,US,CLT,2179
-5,1,14,7,5,529,US,CLT,2178
2,1,15,1,5,529,US,CLT,2177
-6,1,16,2,5,529,US,CLT,2176
-5,1,17,3,5,529,US,CLT,2175
-6,1,18,4,5,529,US,CLT,2174
2,1,19,5,5,529,US,CLT,2173
0,1,20,6,5,529,US,CLT,2172
15,1,21,7,5,529,US,CLT,2171
13,1,22,1,5,529,US,CLT,2170
-4,1,23,2,5,529,US,CLT,2169
-3,1,24,3,5,529,US,CLT,2168
-4,1,25,4,5,529,US,CLT,2167
-2,1,26,5,5,529,US,CLT,2166
-1,1,27,6,5,529,US,CLT,2165
-7,1,28,7,5,529,US,CLT,2164
-5,1,29,1,5,529,US,CLT,2163
-6,1,30,2,5,529,US,CLT,2162
-2,1,31,3,5,529,US,CLT,2161
15,1,1,1,16,529,US,CLT,2191
19,1,2,2,16,529,US,CLT,2190
-3,1,3,3,16,529,US,CLT,2189
-4,1,4,4,16,529,US,CLT,2188
64,1,5,5,16,529,US,CLT,2187
66,1,6,6,16,529,US,CLT,2186
2,1,7,7,16,529,US,CLT,2185
7,1,8,1,16,529,US,CLT,2184
-3,1,9,2,16,529,US,CLT,2183
6,1,10,3,16,529,US,CLT,2182
3,1,11,4,16,529,US,CLT,2181
1,1,12,5,16,529,US,CLT,2180
-2,1,13,6,16,529,US,CLT,2179
-3,1,14,7,16,529,US,CLT,2178
84,1,15,1,16,529,US,CLT,2177
-3,1,16,2,16,529,US,CLT,2176
2,1,17,3,16,529,US,CLT,2175
11,1,19,5,16,529,US,CLT,2173
-3,1,20,6,16,529,US,CLT,2172
45,1,21,7,16,529,US,CLT,2171
-3,1,22,1,16,529,US,CLT,2170
-4,1,23,2,16,529,US,CLT,2169
0,1,24,3,16,529,US,CLT,2168
-1,1,25,4,16,529,US,CLT,2167
-2,1,26,5,16,529,US,CLT,2166
-4,1,27,6,16,529,US,CLT,2165
0,1,28,7,16,529,US,CLT,2164
-6,1,29,1,16,529,US,CLT,2163
27,1,30,2,16,529,US,CLT,2162
-3,1,31,3,16,529,US,CLT,2161
-2,1,31,3,17,569,DL,CVG,2161
63,1,1,1,13,569,DL,CVG,2191
12,1,2,2,13,569,DL,CVG,2190
4,1,3,3,13,569,DL,CVG,2189
7,1,4,4,13,569,DL,CVG,2188
1,1,5,5,13,569,DL,CVG,2187
0,1,6,6,13,569,DL,CVG,2186
-1,1,7,7,13,569,DL,CVG,2185
-2,1,8,1,13,569,DL,CVG,2184
-2,1,9,2,13,569,DL,CVG,2183
-5,1,10,3,13,569,DL,CVG,2182
-7,1,11,4,13,569,DL,CVG,2181
1,1,12,5,13,569,DL,CVG,2180
5,1,13,6,13,569,DL,CVG,2179
-1,1,14,7,13,569,DL,CVG,2178
-4,1,15,1,13,569,DL,CVG,2177
-2,1,16,2,13,569,DL,CVG,2176
1,1,17,3,13,569,DL,CVG,2175
2,1,18,4,13,569,DL,CVG,2174
5,1,19,5,13,569,DL,CVG,2173
52,1,20,6,13,569,DL,CVG,2172
-4,1,22,1,13,569,DL,CVG,2170
2,1,23,2,13,569,DL,CVG,2169
-2,1,24,3,13,569,DL,CVG,2168
0,1,25,4,13,569,DL,CVG,2167
3,1,26,5,13,569,DL,CVG,2166
-6,1,27,6,13,569,DL,CVG,2165
-3,1,28,7,13,569,DL,CVG,2164
1,1,29,1,13,569,DL,CVG,2163
-3,1,30,2,13,569,DL,CVG,2162
3,1,31,3,13,569,DL,CVG,2161
61,1,1,1,11,745,DL,ATL,2191
18,1,3,3,11,745,DL,ATL,2189
4,1,4,4,11,745,DL,ATL,2188
3,1,5,5,11,745,DL,ATL,2187
-1,1,7,7,11,745,DL,ATL,2185
2,1,9,2,11,745,DL,ATL,2183
-2,1,10,3,11,745,DL,ATL,2182
-1,1,11,4,11,745,DL,ATL,2181
2,1,12,5,11,745,DL,ATL,2180
-4,1,14,7,11,745,DL,ATL,2178
2,1,15,1,11,745,DL,ATL,2177
-2,1,16,2,11,745,DL,ATL,2176
8,1,19,5,11,745,DL,ATL,2173
-3,1,22,1,11,745,DL,ATL,2170
-4,1,23,2,11,745,DL,ATL,2169
-3,1,24,3,11,745,DL,ATL,2168
1,1,25,4,11,745,DL,ATL,2167
4,1,26,5,11,745,DL,ATL,2166
1,1,28,7,11,745,DL,ATL,2164
2,1,29,1,11,745,DL,ATL,2163
-3,1,30,2,11,745,DL,ATL,2162
36,1,31,3,11,745,DL,ATL,2161
115,1,1,1,17,569,DL,CVG,2191
95,1,2,2,17,569,DL,CVG,2190
0,1,3,3,17,569,DL,CVG,2189
18,1,4,4,17,569,DL,CVG,2188
110,1,5,5,17,569,DL,CVG,2187
3,1,6,6,17,569,DL,CVG,2186
5,1,7,7,17,569,DL,CVG,2185
5,1,8,1,17,569,DL,CVG,2184
4,1,9,2,17,569,DL,CVG,2183
5,1,10,3,17,569,DL,CVG,2182
12,1,11,4,17,569,DL,CVG,2181
5,1,12,5,17,569,DL,CVG,2180
5,1,13,6,17,569,DL,CVG,2179
-2,1,14,7,17,569,DL,CVG,2178
8,1,15,1,17,569,DL,CVG,2177
0,1,16,2,17,569,DL,CVG,2176
0,1,17,3,17,569,DL,CVG,2175
5,1,18,4,17,569,DL,CVG,2174
105,1,19,5,17,569,DL,CVG,2173
3,1,22,1,17,569,DL,CVG,2170
8,1,23,2,17,569,DL,CVG,2169
0,1,24,3,17,569,DL,CVG,2168
10,1,25,4,17,569,DL,CVG,2167
5,1,26,5,17,569,DL,CVG,2166
0,1,27,6,17,569,DL,CVG,2165
5,1,28,7,17,569,DL,CVG,2164
5,1,29,1,17,569,DL,CVG,2163
5,1,30,2,17,569,DL,CVG,2162
57,1,1,1,9,569,DL,CVG,2191
5,1,2,2,9,569,DL,CVG,2190
44,1,3,3,9,569,DL,CVG,2189
0,1,5,5,9,569,DL,CVG,2187
0,1,6,6,9,569,DL,CVG,2186
-3,1,7,7,9,569,DL,CVG,2185
0,1,8,1,9,569,DL,CVG,2184
0,1,9,2,9,569,DL,CVG,2183
0,1,10,3,9,569,DL,CVG,2182
0,1,11,4,9,569,DL,CVG,2181
0,1,12,5,9,569,DL,CVG,2180
1,1,13,6,9,569,DL,CVG,2179
-2,1,14,7,9,569,DL,CVG,2178
-2,1,15,1,9,569,DL,CVG,2177
0,1,16,2,9,569,DL,CVG,2176
-2,1,17,3,9,569,DL,CVG,2175
5,1,18,4,9,569,DL,CVG,2174
2,1,19,5,9,569,DL,CVG,2173
0,1,22,1,9,569,DL,CVG,2170
0,1,23,2,9,569,DL,CVG,2169
10,1,24,3,9,569,DL,CVG,2168
0,1,25,4,9,569,DL,CVG,2167
20,1,26,5,9,569,DL,CVG,2166
-5,1,27,6,9,569,DL,CVG,2165
0,1,28,7,9,569,DL,CVG,2164
0,1,29,1,9,569,DL,CVG,2163
0,1,30,2,9,569,DL,CVG,2162
-2,1,31,3,9,569,DL,CVG,2161
38,1,1,1,16,745,DL,ATL,2191
13,1,2,2,16,745,DL,ATL,2190
40,1,3,3,16,745,DL,ATL,2189
-1,1,4,4,16,745,DL,ATL,2188
-1,1,9,2,16,745,DL,ATL,2183
3,1,10,3,16,745,DL,ATL,2182
2,1,11,4,16,745,DL,ATL,2181
8,1,12,5,16,745,DL,ATL,2180
-3,1,16,2,16,745,DL,ATL,2176
-2,1,17,3,16,745,DL,ATL,2175
7,1,22,1,16,745,DL,ATL,2170
0,1,24,3,16,745,DL,ATL,2168
-2,1,25,4,16,745,DL,ATL,2167
3,1,26,5,16,745,DL,ATL,2166
-1,1,29,1,16,745,DL,ATL,2163
3,1,31,3,16,745,DL,ATL,2161
20,1,1,1,15,745,DL,ATL,2191
6,1,2,2,15,745,DL,ATL,2190
8,1,3,3,15,745,DL,ATL,2189
33,1,4,4,15,745,DL,ATL,2188
33,1,5,5,15,745,DL,ATL,2187
11,1,6,6,15,745,DL,ATL,2186
1,1,7,7,15,745,DL,ATL,2185
2,1,8,1,15,745,DL,ATL,2184
7,1,9,2,15,745,DL,ATL,2183
1,1,10,3,15,745,DL,ATL,2182
7,1,11,4,15,745,DL,ATL,2181
4,1,12,5,15,745,DL,ATL,2180
19,1,13,6,15,745,DL,ATL,2179
0,1,14,7,15,745,DL,ATL,2178
2,1,15,1,15,745,DL,ATL,2177
-2,1,16,2,15,745,DL,ATL,2176
13,1,17,3,15,745,DL,ATL,2175
3,1,18,4,15,745,DL,ATL,2174
48,1,19,5,15,745,DL,ATL,2173
19,1,21,7,15,745,DL,ATL,2171
-1,1,22,1,15,745,DL,ATL,2170
-2,1,23,2,15,745,DL,ATL,2169
4,1,24,3,15,745,DL,ATL,2168
2,1,25,4,15,745,DL,ATL,2167
2,1,26,5,15,745,DL,ATL,2166
-5,1,27,6,15,745,DL,ATL,2165
7,1,28,7,15,745,DL,ATL,2164
2,1,29,1,15,745,DL,ATL,2163
20,1,30,2,15,745,DL,ATL,2162
2,1,31,3,15,745,DL,ATL,2161
127,1,1,1,8,745,DL,ATL,2191
0,1,2,2,8,745,DL,ATL,2190
321,1,3,3,8,745,DL,ATL,2189
0,1,4,4,8,745,DL,ATL,2188
0,1,5,5,8,745,DL,ATL,2187
0,1,6,6,8,745,DL,ATL,2186
0,1,7,7,8,745,DL,ATL,2185
0,1,8,1,8,745,DL,ATL,2184
-3,1,9,2,8,745,DL,ATL,2183
0,1,11,4,8,745,DL,ATL,2181
0,1,12,5,8,745,DL,ATL,2180
0,1,14,7,8,745,DL,ATL,2178
0,1,15,1,8,745,DL,ATL,2177
0,1,16,2,8,745,DL,ATL,2176
2,1,17,3,8,745,DL,ATL,2175
12,1,18,4,8,745,DL,ATL,2174
0,1,20,6,8,745,DL,ATL,2172
0,1,22,1,8,745,DL,ATL,2170
0,1,23,2,8,745,DL,ATL,2169
0,1,24,3,8,745,DL,ATL,2168
0,1,25,4,8,745,DL,ATL,2167
0,1,26,5,8,745,DL,ATL,2166
0,1,27,6,8,745,DL,ATL,2165
25,1,28,7,8,745,DL,ATL,2164
5,1,29,1,8,745,DL,ATL,2163
0,1,30,2,8,745,DL,ATL,2162
0,1,31,3,8,745,DL,ATL,2161
26,1,1,1,5,745,DL,ATL,2191
13,1,2,2,5,745,DL,ATL,2190
7,1,3,3,5,745,DL,ATL,2189
4,1,4,4,5,745,DL,ATL,2188
-1,1,5,5,5,745,DL,ATL,2187
9,1,7,7,5,745,DL,ATL,2185
0,1,8,1,5,745,DL,ATL,2184
3,1,10,3,5,745,DL,ATL,2182
0,1,11,4,5,745,DL,ATL,2181
2,1,12,5,5,745,DL,ATL,2180
-3,1,13,6,5,745,DL,ATL,2179
4,1,14,7,5,745,DL,ATL,2178
-3,1,15,1,5,745,DL,ATL,2177
-4,1,16,2,5,745,DL,ATL,2176
-2,1,17,3,5,745,DL,ATL,2175
-4,1,18,4,5,745,DL,ATL,2174
-1,1,19,5,5,745,DL,ATL,2173
8,1,20,6,5,745,DL,ATL,2172
0,1,22,1,5,745,DL,ATL,2170
3,1,23,2,5,745,DL,ATL,2169
-3,1,24,3,5,745,DL,ATL,2168
-2,1,25,4,5,745,DL,ATL,2167
-1,1,26,5,5,745,DL,ATL,2166
0,1,27,6,5,745,DL,ATL,2165
111,1,28,7,5,745,DL,ATL,2164
18,1,29,1,5,745,DL,ATL,2163
0,1,30,2,5,745,DL,ATL,2162
-1,1,31,3,5,745,DL,ATL,2161
5,1,2,2,6,745,DL,ATL,2190
9,1,3,3,6,745,DL,ATL,2189
4,1,4,4,6,745,DL,ATL,2188
-1,1,5,5,6,745,DL,ATL,2187
-1,1,7,7,6,745,DL,ATL,2185
1,1,8,1,6,745,DL,ATL,2184
31,1,9,2,6,745,DL,ATL,2183
6,1,10,3,6,745,DL,ATL,2182
1,1,11,4,6,745,DL,ATL,2181
3,1,12,5,6,745,DL,ATL,2180
8,1,13,6,6,745,DL,ATL,2179
2,1,14,7,6,745,DL,ATL,2178
2,1,15,1,6,745,DL,ATL,2177
-2,1,16,2,6,745,DL,ATL,2176
-2,1,17,3,6,745,DL,ATL,2175
1,1,18,4,6,745,DL,ATL,2174
-1,1,19,5,6,745,DL,ATL,2173
9,1,22,1,6,745,DL,ATL,2170
5,1,23,2,6,745,DL,ATL,2169
1,1,24,3,6,745,DL,ATL,2168
0,1,25,4,6,745,DL,ATL,2167
3,1,26,5,6,745,DL,ATL,2166
2,1,27,6,6,745,DL,ATL,2165
105,1,28,7,6,745,DL,ATL,2164
0,1,30,2,6,745,DL,ATL,2162
0,1,31,3,6,745,DL,ATL,2161
48,1,1,1,7,1968,DL,SLC,2191
5,1,4,4,7,1968,DL,SLC,2188
3,1,5,5,7,1968,DL,SLC,2187
2,1,6,6,7,1968,DL,SLC,2186
-1,1,7,7,7,1968,DL,SLC,2185
1,1,8,1,7,1968,DL,SLC,2184
0,1,9,2,7,1968,DL,SLC,2183
-2,1,10,3,7,1968,DL,SLC,2182
5,1,11,4,7,1968,DL,SLC,2181
4,1,12,5,7,1968,DL,SLC,2180
5,1,13,6,7,1968,DL,SLC,2179
11,1,14,7,7,1968,DL,SLC,2178
1,1,15,1,7,1968,DL,SLC,2177
-2,1,16,2,7,1968,DL,SLC,2176
-3,1,17,3,7,1968,DL,SLC,2175
4,1,18,4,7,1968,DL,SLC,2174
0,1,19,5,7,1968,DL,SLC,2173
6,1,20,6,7,1968,DL,SLC,2172
-1,1,22,1,7,1968,DL,SLC,2170
-1,1,23,2,7,1968,DL,SLC,2169
-1,1,24,3,7,1968,DL,SLC,2168
-2,1,25,4,7,1968,DL,SLC,2167
3,1,26,5,7,1968,DL,SLC,2166
3,1,27,6,7,1968,DL,SLC,2165
19,1,28,7,7,1968,DL,SLC,2164
-4,1,29,1,7,1968,DL,SLC,2163
1,1,30,2,7,1968,DL,SLC,2162
-1,1,31,3,7,1968,DL,SLC,2161
170,1,1,1,7,745,DL,ATL,2191
5,1,2,2,7,745,DL,ATL,2190
5,1,3,3,7,745,DL,ATL,2189
0,1,4,4,7,745,DL,ATL,2188
0,1,5,5,7,745,DL,ATL,2187
0,1,6,6,7,745,DL,ATL,2186
0,1,7,7,7,745,DL,ATL,2185
0,1,8,1,7,745,DL,ATL,2184
-5,1,9,2,7,745,DL,ATL,2183
0,1,10,3,7,745,DL,ATL,2182
0,1,11,4,7,745,DL,ATL,2181
0,1,12,5,7,745,DL,ATL,2180
0,1,13,6,7,745,DL,ATL,2179
0,1,15,1,7,745,DL,ATL,2177
0,1,16,2,7,745,DL,ATL,2176
0,1,17,3,7,745,DL,ATL,2175
-2,1,18,4,7,745,DL,ATL,2174
5,1,20,6,7,745,DL,ATL,2172
20,1,22,1,7,745,DL,ATL,2170
0,1,23,2,7,745,DL,ATL,2169
0,1,24,3,7,745,DL,ATL,2168
0,1,26,5,7,745,DL,ATL,2166
0,1,27,6,7,745,DL,ATL,2165
0,1,28,7,7,745,DL,ATL,2164
40,1,29,1,7,745,DL,ATL,2163
0,1,30,2,7,745,DL,ATL,2162
70,1,1,1,17,1968,DL,SLC,2191
55,1,4,4,17,1968,DL,SLC,2188
255,1,5,5,17,1968,DL,SLC,2187
2,1,6,6,17,1968,DL,SLC,2186
2,1,7,7,17,1968,DL,SLC,2185
20,1,8,1,17,1968,DL,SLC,2184
142,1,10,3,17,1968,DL,SLC,2182
14,1,12,5,17,1968,DL,SLC,2180
2,1,13,6,17,1968,DL,SLC,2179
7,1,14,7,17,1968,DL,SLC,2178
28,1,15,1,17,1968,DL,SLC,2177
9,1,16,2,17,1968,DL,SLC,2176
-1,1,17,3,17,1968,DL,SLC,2175
94,1,18,4,17,1968,DL,SLC,2174
2,1,19,5,17,1968,DL,SLC,2173
71,1,21,7,17,1968,DL,SLC,2171
-2,1,22,1,17,1968,DL,SLC,2170
-1,1,23,2,17,1968,DL,SLC,2169
13,1,24,3,17,1968,DL,SLC,2168
22,1,25,4,17,1968,DL,SLC,2167
24,1,26,5,17,1968,DL,SLC,2166
0,1,27,6,17,1968,DL,SLC,2165
-3,1,28,7,17,1968,DL,SLC,2164
4,1,29,1,17,1968,DL,SLC,2163
2,1,30,2,17,1968,DL,SLC,2162
80,1,31,3,17,1968,DL,SLC,2161
5,1,1,1,6,569,DL,CVG,2191
2,1,5,5,6,569,DL,CVG,2187
3,1,6,6,6,569,DL,CVG,2186
5,1,7,7,6,569,DL,CVG,2185
0,1,8,1,6,569,DL,CVG,2184
4,1,10,3,6,569,DL,CVG,2182
1,1,11,4,6,569,DL,CVG,2181
1,1,12,5,6,569,DL,CVG,2180
30,1,13,6,6,569,DL,CVG,2179
1,1,14,7,6,569,DL,CVG,2178
1,1,15,1,6,569,DL,CVG,2177
-3,1,16,2,6,569,DL,CVG,2176
-1,1,17,3,6,569,DL,CVG,2175
1,1,18,4,6,569,DL,CVG,2174
20,1,20,6,6,569,DL,CVG,2172
6,1,22,1,6,569,DL,CVG,2170
-3,1,23,2,6,569,DL,CVG,2169
-1,1,24,3,6,569,DL,CVG,2168
-4,1,25,4,6,569,DL,CVG,2167
-2,1,26,5,6,569,DL,CVG,2166
5,1,29,1,6,569,DL,CVG,2163
-3,1,30,2,6,569,DL,CVG,2162
-1,1,31,3,6,569,DL,CVG,2161
45,1,1,1,12,745,DL,ATL,2191
9,1,2,2,12,745,DL,ATL,2190
38,1,3,3,12,745,DL,ATL,2189
5,1,4,4,12,745,DL,ATL,2188
4,1,5,5,12,745,DL,ATL,2187
15,1,6,6,12,745,DL,ATL,2186
0,1,7,7,12,745,DL,ATL,2185
3,1,8,1,12,745,DL,ATL,2184
0,1,9,2,12,745,DL,ATL,2183
-1,1,10,3,12,745,DL,ATL,2182
2,1,11,4,12,745,DL,ATL,2181
33,1,12,5,12,745,DL,ATL,2180
3,1,13,6,12,745,DL,ATL,2179
2,1,14,7,12,745,DL,ATL,2178
4,1,15,1,12,745,DL,ATL,2177
-1,1,16,2,12,745,DL,ATL,2176
-1,1,17,3,12,745,DL,ATL,2175
13,1,18,4,12,745,DL,ATL,2174
98,1,19,5,12,745,DL,ATL,2173
5,1,20,6,12,745,DL,ATL,2172
0,1,22,1,12,745,DL,ATL,2170
3,1,23,2,12,745,DL,ATL,2169
5,1,24,3,12,745,DL,ATL,2168
60,1,25,4,12,745,DL,ATL,2167
9,1,26,5,12,745,DL,ATL,2166
-2,1,27,6,12,745,DL,ATL,2165
3,1,28,7,12,745,DL,ATL,2164
8,1,29,1,12,745,DL,ATL,2163
1,1,30,2,12,745,DL,ATL,2162
145,1,1,1,18,745,DL,ATL,2191
19,1,2,2,18,745,DL,ATL,2190
38,1,3,3,18,745,DL,ATL,2189
-3,1,4,4,18,745,DL,ATL,2188
0,1,6,6,18,745,DL,ATL,2186
0,1,7,7,18,745,DL,ATL,2185
25,1,8,1,18,745,DL,ATL,2184
73,1,9,2,18,745,DL,ATL,2183
1,1,10,3,18,745,DL,ATL,2182
13,1,11,4,18,745,DL,ATL,2181
2,1,12,5,18,745,DL,ATL,2180
6,1,13,6,18,745,DL,ATL,2179
1,1,14,7,18,745,DL,ATL,2178
22,1,15,1,18,745,DL,ATL,2177
3,1,16,2,18,745,DL,ATL,2176
2,1,17,3,18,745,DL,ATL,2175
115,1,18,4,18,745,DL,ATL,2174
50,1,20,6,18,745,DL,ATL,2172
5,1,21,7,18,745,DL,ATL,2171
0,1,22,1,18,745,DL,ATL,2170
-1,1,23,2,18,745,DL,ATL,2169
-7,1,24,3,18,745,DL,ATL,2168
4,1,25,4,18,745,DL,ATL,2167
4,1,26,5,18,745,DL,ATL,2166
2,1,27,6,18,745,DL,ATL,2165
3,1,28,7,18,745,DL,ATL,2164
-6,1,29,1,18,745,DL,ATL,2163
40,1,30,2,18,745,DL,ATL,2162
0,1,31,3,18,745,DL,ATL,2161
115,1,1,1,19,745,DL,ATL,2191
23,1,2,2,19,745,DL,ATL,2190
5,1,3,3,19,745,DL,ATL,2189
1,1,4,4,19,745,DL,ATL,2188
3,1,6,6,19,745,DL,ATL,2186
-3,1,7,7,19,745,DL,ATL,2185
-3,1,8,1,19,745,DL,ATL,2184
100,1,9,2,19,745,DL,ATL,2183
-2,1,10,3,19,745,DL,ATL,2182
10,1,11,4,19,745,DL,ATL,2181
16,1,12,5,19,745,DL,ATL,2180
-6,1,13,6,19,745,DL,ATL,2179
-4,1,14,7,19,745,DL,ATL,2178
-7,1,16,2,19,745,DL,ATL,2176
3,1,17,3,19,745,DL,ATL,2175
57,1,18,4,19,745,DL,ATL,2174
109,1,19,5,19,745,DL,ATL,2173
37,1,21,7,19,745,DL,ATL,2171
-5,1,22,1,19,745,DL,ATL,2170
5,1,23,2,19,745,DL,ATL,2169
-3,1,24,3,19,745,DL,ATL,2168
6,1,25,4,19,745,DL,ATL,2167
2,1,26,5,19,745,DL,ATL,2166
-5,1,27,6,19,745,DL,ATL,2165
108,1,28,7,19,745,DL,ATL,2164
-6,1,29,1,19,745,DL,ATL,2163
-1,1,30,2,19,745,DL,ATL,2162
-1,1,31,3,19,745,DL,ATL,2161
69,1,1,1,10,745,DL,ATL,2191
6,1,2,2,10,745,DL,ATL,2190
24,1,3,3,10,745,DL,ATL,2189
15,1,4,4,10,745,DL,ATL,2188
4,1,5,5,10,745,DL,ATL,2187
2,1,6,6,10,745,DL,ATL,2186
4,1,7,7,10,745,DL,ATL,2185
2,1,8,1,10,745,DL,ATL,2184
4,1,9,2,10,745,DL,ATL,2183
3,1,10,3,10,745,DL,ATL,2182
4,1,11,4,10,745,DL,ATL,2181
3,1,12,5,10,745,DL,ATL,2180
1,1,13,6,10,745,DL,ATL,2179
2,1,14,7,10,745,DL,ATL,2178
6,1,15,1,10,745,DL,ATL,2177
-3,1,16,2,10,745,DL,ATL,2176
-1,1,17,3,10,745,DL,ATL,2175
4,1,18,4,10,745,DL,ATL,2174
3,1,19,5,10,745,DL,ATL,2173
37,1,20,6,10,745,DL,ATL,2172
0,1,22,1,10,745,DL,ATL,2170
-3,1,23,2,10,745,DL,ATL,2169
-2,1,24,3,10,745,DL,ATL,2168
2,1,25,4,10,745,DL,ATL,2167
-2,1,26,5,10,745,DL,ATL,2166
-2,1,27,6,10,745,DL,ATL,2165
-2,1,28,7,10,745,DL,ATL,2164
1,1,29,1,10,745,DL,ATL,2163
-1,1,30,2,10,745,DL,ATL,2162
2,1,31,3,10,745,DL,ATL,2161
16,1,2,2,8,998,DL,TPA,2190
19,1,3,3,8,998,DL,TPA,2189
7,1,4,4,8,998,DL,TPA,2188
3,1,5,5,8,998,DL,TPA,2187
2,1,7,7,8,998,DL,TPA,2185
1,1,8,1,8,998,DL,TPA,2184
-1,1,9,2,8,998,DL,TPA,2183
-1,1,10,3,8,998,DL,TPA,2182
-6,1,12,5,8,998,DL,TPA,2180
1,1,13,6,8,998,DL,TPA,2179
-3,1,14,7,8,998,DL,TPA,2178
0,1,15,1,8,998,DL,TPA,2177
-3,1,16,2,8,998,DL,TPA,2176
13,1,17,3,8,998,DL,TPA,2175
-3,1,19,5,8,998,DL,TPA,2173
25,1,20,6,8,998,DL,TPA,2172
1,1,22,1,8,998,DL,TPA,2170
-2,1,23,2,8,998,DL,TPA,2169
7,1,24,3,8,998,DL,TPA,2168
-6,1,25,4,8,998,DL,TPA,2167
4,1,26,5,8,998,DL,TPA,2166
-1,1,27,6,8,998,DL,TPA,2165
14,1,28,7,8,998,DL,TPA,2164
-1,1,29,1,8,998,DL,TPA,2163
-2,1,30,2,8,998,DL,TPA,2162
2,1,31,3,8,998,DL,TPA,2161
6,1,2,2,11,1065,DL,FLL,2190
28,1,4,4,11,1065,DL,FLL,2188
8,1,5,5,11,1065,DL,FLL,2187
39,1,6,6,11,1065,DL,FLL,2186
31,1,7,7,11,1065,DL,FLL,2185
3,1,8,1,11,1065,DL,FLL,2184
30,1,9,2,11,1065,DL,FLL,2183
28,1,10,3,11,1065,DL,FLL,2182
4,1,11,4,11,1065,DL,FLL,2181
1,1,12,5,11,1065,DL,FLL,2180
14,1,13,6,11,1065,DL,FLL,2179
14,1,14,7,11,1065,DL,FLL,2178
11,1,15,1,11,1065,DL,FLL,2177
12,1,16,2,11,1065,DL,FLL,2176
10,1,18,4,11,1065,DL,FLL,2174
-1,1,20,6,11,1065,DL,FLL,2172
-1,1,22,1,11,1065,DL,FLL,2170
20,1,23,2,11,1065,DL,FLL,2169
3,1,24,3,11,1065,DL,FLL,2168
5,1,25,4,11,1065,DL,FLL,2167
3,1,26,5,11,1065,DL,FLL,2166
4,1,27,6,11,1065,DL,FLL,2165
15,1,28,7,11,1065,DL,FLL,2164
132,1,29,1,11,1065,DL,FLL,2163
5,1,30,2,11,1065,DL,FLL,2162
-6,1,31,3,11,1065,DL,FLL,2161
28,1,1,1,14,998,DL,TPA,2191
22,1,2,2,14,998,DL,TPA,2190
22,1,3,3,14,998,DL,TPA,2189
42,1,4,4,14,998,DL,TPA,2188
11,1,5,5,14,998,DL,TPA,2187
24,1,6,6,14,998,DL,TPA,2186
6,1,7,7,14,998,DL,TPA,2185
31,1,8,1,14,998,DL,TPA,2184
-4,1,9,2,14,998,DL,TPA,2183
0,1,10,3,14,998,DL,TPA,2182
-2,1,12,5,14,998,DL,TPA,2180
13,1,13,6,14,998,DL,TPA,2179
-1,1,14,7,14,998,DL,TPA,2178
1,1,16,2,14,998,DL,TPA,2176
6,1,17,3,14,998,DL,TPA,2175
-7,1,18,4,14,998,DL,TPA,2174
70,1,21,7,14,998,DL,TPA,2171
-2,1,22,1,14,998,DL,TPA,2170
-6,1,23,2,14,998,DL,TPA,2169
-7,1,24,3,14,998,DL,TPA,2168
-3,1,25,4,14,998,DL,TPA,2167
-2,1,26,5,14,998,DL,TPA,2166
25,1,27,6,14,998,DL,TPA,2165
-4,1,28,7,14,998,DL,TPA,2164
17,1,29,1,14,998,DL,TPA,2163
8,1,31,3,14,998,DL,TPA,2161
9,1,2,2,15,938,DL,MCO,2190
1,1,3,3,15,938,DL,MCO,2189
1,1,4,4,15,938,DL,MCO,2188
126,1,5,5,15,938,DL,MCO,2187
-3,1,6,6,15,938,DL,MCO,2186
4,1,7,7,15,938,DL,MCO,2185
-6,1,9,2,15,938,DL,MCO,2183
0,1,10,3,15,938,DL,MCO,2182
9,1,11,4,15,938,DL,MCO,2181
-8,1,12,5,15,938,DL,MCO,2180
4,1,13,6,15,938,DL,MCO,2179
-1,1,14,7,15,938,DL,MCO,2178
-2,1,16,2,15,938,DL,MCO,2176
-1,1,18,4,15,938,DL,MCO,2174
37,1,19,5,15,938,DL,MCO,2173
-1,1,21,7,15,938,DL,MCO,2171
-3,1,22,1,15,938,DL,MCO,2170
-4,1,23,2,15,938,DL,MCO,2169
-7,1,24,3,15,938,DL,MCO,2168
-6,1,25,4,15,938,DL,MCO,2167
-1,1,26,5,15,938,DL,MCO,2166
-1,1,27,6,15,938,DL,MCO,2165
-5,1,28,7,15,938,DL,MCO,2164
5,1,29,1,15,938,DL,MCO,2163
61,1,30,2,15,938,DL,MCO,2162
67,1,1,1,19,1065,DL,FLL,2191
209,1,2,2,19,1065,DL,FLL,2190
80,1,3,3,19,1065,DL,FLL,2189
43,1,4,4,19,1065,DL,FLL,2188
314,1,5,5,19,1065,DL,FLL,2187
2,1,6,6,19,1065,DL,FLL,2186
3,1,7,7,19,1065,DL,FLL,2185
42,1,8,1,19,1065,DL,FLL,2184
77,1,9,2,19,1065,DL,FLL,2183
12,1,10,3,19,1065,DL,FLL,2182
33,1,11,4,19,1065,DL,FLL,2181
5,1,12,5,19,1065,DL,FLL,2180
4,1,13,6,19,1065,DL,FLL,2179
0,1,14,7,19,1065,DL,FLL,2178
41,1,15,1,19,1065,DL,FLL,2177
3,1,19,5,19,1065,DL,FLL,2173
76,1,20,6,19,1065,DL,FLL,2172
120,1,21,7,19,1065,DL,FLL,2171
8,1,22,1,19,1065,DL,FLL,2170
4,1,23,2,19,1065,DL,FLL,2169
-1,1,24,3,19,1065,DL,FLL,2168
31,1,25,4,19,1065,DL,FLL,2167
1,1,26,5,19,1065,DL,FLL,2166
-1,1,27,6,19,1065,DL,FLL,2165
14,1,28,7,19,1065,DL,FLL,2164
-4,1,29,1,19,1065,DL,FLL,2163
22,1,30,2,19,1065,DL,FLL,2162
6,1,31,3,19,1065,DL,FLL,2161
19,1,2,2,8,1065,DL,FLL,2190
11,1,3,3,8,1065,DL,FLL,2189
2,1,4,4,8,1065,DL,FLL,2188
6,1,5,5,8,1065,DL,FLL,2187
-3,1,6,6,8,1065,DL,FLL,2186
-2,1,7,7,8,1065,DL,FLL,2185
7,1,8,1,8,1065,DL,FLL,2184
3,1,9,2,8,1065,DL,FLL,2183
0,1,10,3,8,1065,DL,FLL,2182
1,1,11,4,8,1065,DL,FLL,2181
1,1,12,5,8,1065,DL,FLL,2180
11,1,13,6,8,1065,DL,FLL,2179
3,1,14,7,8,1065,DL,FLL,2178
-3,1,15,1,8,1065,DL,FLL,2177
-2,1,16,2,8,1065,DL,FLL,2176
-4,1,17,3,8,1065,DL,FLL,2175
-1,1,18,4,8,1065,DL,FLL,2174
5,1,19,5,8,1065,DL,FLL,2173
1,1,20,6,8,1065,DL,FLL,2172
-1,1,22,1,8,1065,DL,FLL,2170
0,1,23,2,8,1065,DL,FLL,2169
11,1,24,3,8,1065,DL,FLL,2168
4,1,25,4,8,1065,DL,FLL,2167
-2,1,26,5,8,1065,DL,FLL,2166
3,1,27,6,8,1065,DL,FLL,2165
18,1,28,7,8,1065,DL,FLL,2164
-3,1,29,1,8,1065,DL,FLL,2163
-2,1,30,2,8,1065,DL,FLL,2162
2,1,31,3,8,1065,DL,FLL,2161
79,1,1,1,21,938,DL,MCO,2191
18,1,2,2,21,938,DL,MCO,2190
15,1,3,3,21,938,DL,MCO,2189
6,1,4,4,21,938,DL,MCO,2188
204,1,5,5,21,938,DL,MCO,2187
35,1,6,6,21,938,DL,MCO,2186
-6,1,7,7,21,938,DL,MCO,2185
27,1,8,1,21,938,DL,MCO,2184
4,1,9,2,21,938,DL,MCO,2183
-6,1,10,3,21,938,DL,MCO,2182
-3,1,11,4,21,938,DL,MCO,2181
12,1,12,5,21,938,DL,MCO,2180
20,1,13,6,21,938,DL,MCO,2179
4,1,14,7,21,938,DL,MCO,2178
74,1,15,1,21,938,DL,MCO,2177
8,1,16,2,21,938,DL,MCO,2176
-4,1,17,3,21,938,DL,MCO,2175
39,1,18,4,21,938,DL,MCO,2174
0,1,19,5,21,938,DL,MCO,2173
68,1,21,7,21,938,DL,MCO,2171
-7,1,22,1,21,938,DL,MCO,2170
1,1,23,2,21,938,DL,MCO,2169
-2,1,24,3,21,938,DL,MCO,2168
7,1,25,4,21,938,DL,MCO,2167
13,1,26,5,21,938,DL,MCO,2166
8,1,27,6,21,938,DL,MCO,2165
29,1,28,7,21,938,DL,MCO,2164
-4,1,29,1,21,938,DL,MCO,2163
63,1,30,2,21,938,DL,MCO,2162
7,1,31,3,21,938,DL,MCO,2161
38,1,1,1,13,938,DL,MCO,2191
24,1,3,3,13,938,DL,MCO,2189
37,1,4,4,13,938,DL,MCO,2188
22,1,5,5,13,938,DL,MCO,2187
10,1,6,6,13,938,DL,MCO,2186
8,1,7,7,13,938,DL,MCO,2185
-2,1,8,1,13,938,DL,MCO,2184
43,1,9,2,13,938,DL,MCO,2183
13,1,10,3,13,938,DL,MCO,2182
24,1,11,4,13,938,DL,MCO,2181
12,1,12,5,13,938,DL,MCO,2180
30,1,13,6,13,938,DL,MCO,2179
10,1,14,7,13,938,DL,MCO,2178
-5,1,15,1,13,938,DL,MCO,2177
19,1,16,2,13,938,DL,MCO,2176
1,1,17,3,13,938,DL,MCO,2175
-5,1,18,4,13,938,DL,MCO,2174
41,1,19,5,13,938,DL,MCO,2173
8,1,20,6,13,938,DL,MCO,2172
129,1,21,7,13,938,DL,MCO,2171
1,1,22,1,13,938,DL,MCO,2170
-3,1,23,2,13,938,DL,MCO,2169
3,1,24,3,13,938,DL,MCO,2168
7,1,25,4,13,938,DL,MCO,2167
9,1,26,5,13,938,DL,MCO,2166
1,1,27,6,13,938,DL,MCO,2165
14,1,28,7,13,938,DL,MCO,2164
4,1,29,1,13,938,DL,MCO,2163
32,1,30,2,13,938,DL,MCO,2162
-4,1,31,3,13,938,DL,MCO,2161
55,1,1,1,17,938,DL,MCO,2191
30,1,2,2,17,938,DL,MCO,2190
115,1,3,3,17,938,DL,MCO,2189
14,1,4,4,17,938,DL,MCO,2188
-7,1,6,6,17,938,DL,MCO,2186
-4,1,7,7,17,938,DL,MCO,2185
51,1,8,1,17,938,DL,MCO,2184
-4,1,9,2,17,938,DL,MCO,2183
35,1,10,3,17,938,DL,MCO,2182
6,1,12,5,17,938,DL,MCO,2180
9,1,13,6,17,938,DL,MCO,2179
-9,1,14,7,17,938,DL,MCO,2178
60,1,15,1,17,938,DL,MCO,2177
2,1,16,2,17,938,DL,MCO,2176
22,1,17,3,17,938,DL,MCO,2175
109,1,18,4,17,938,DL,MCO,2174
56,1,19,5,17,938,DL,MCO,2173
20,1,20,6,17,938,DL,MCO,2172
79,1,21,7,17,938,DL,MCO,2171
-11,1,22,1,17,938,DL,MCO,2170
8,1,23,2,17,938,DL,MCO,2169
23,1,24,3,17,938,DL,MCO,2168
85,1,25,4,17,938,DL,MCO,2167
-3,1,26,5,17,938,DL,MCO,2166
-5,1,27,6,17,938,DL,MCO,2165
-4,1,28,7,17,938,DL,MCO,2164
-5,1,29,1,17,938,DL,MCO,2163
74,1,30,2,17,938,DL,MCO,2162
14,1,31,3,17,938,DL,MCO,2161
26,1,1,1,7,938,DL,MCO,2191
2,1,3,3,7,938,DL,MCO,2189
-1,1,4,4,7,938,DL,MCO,2188
0,1,5,5,7,938,DL,MCO,2187
-3,1,7,7,7,938,DL,MCO,2185
0,1,8,1,7,938,DL,MCO,2184
-2,1,10,3,7,938,DL,MCO,2182
8,1,11,4,7,938,DL,MCO,2181
2,1,12,5,7,938,DL,MCO,2180
-1,1,13,6,7,938,DL,MCO,2179
-2,1,14,7,7,938,DL,MCO,2178
17,1,15,1,7,938,DL,MCO,2177
15,1,16,2,7,938,DL,MCO,2176
-2,1,17,3,7,938,DL,MCO,2175
0,1,18,4,7,938,DL,MCO,2174
-4,1,19,5,7,938,DL,MCO,2173
6,1,20,6,7,938,DL,MCO,2172
8,1,22,1,7,938,DL,MCO,2170
2,1,24,3,7,938,DL,MCO,2168
3,1,25,4,7,938,DL,MCO,2167
-2,1,26,5,7,938,DL,MCO,2166
27,1,27,6,7,938,DL,MCO,2165
3,1,28,7,7,938,DL,MCO,2164
2,1,29,1,7,938,DL,MCO,2163
0,1,30,2,7,938,DL,MCO,2162
-3,1,31,3,7,938,DL,MCO,2161
133,1,1,1,11,938,DL,MCO,2191
192,1,2,2,11,938,DL,MCO,2190
29,1,3,3,11,938,DL,MCO,2189
188,1,4,4,11,938,DL,MCO,2188
6,1,5,5,11,938,DL,MCO,2187
17,1,6,6,11,938,DL,MCO,2186
1,1,7,7,11,938,DL,MCO,2185
17,1,8,1,11,938,DL,MCO,2184
1,1,9,2,11,938,DL,MCO,2183
8,1,10,3,11,938,DL,MCO,2182
12,1,11,4,11,938,DL,MCO,2181
-2,1,12,5,11,938,DL,MCO,2180
4,1,13,6,11,938,DL,MCO,2179
3,1,14,7,11,938,DL,MCO,2178
-3,1,15,1,11,938,DL,MCO,2177
6,1,16,2,11,938,DL,MCO,2176
-1,1,17,3,11,938,DL,MCO,2175
-2,1,18,4,11,938,DL,MCO,2174
0,1,19,5,11,938,DL,MCO,2173
-3,1,20,6,11,938,DL,MCO,2172
-3,1,22,1,11,938,DL,MCO,2170
4,1,23,2,11,938,DL,MCO,2169
31,1,24,3,11,938,DL,MCO,2168
-1,1,25,4,11,938,DL,MCO,2167
7,1,26,5,11,938,DL,MCO,2166
-2,1,27,6,11,938,DL,MCO,2165
2,1,28,7,11,938,DL,MCO,2164
4,1,29,1,11,938,DL,MCO,2163
2,1,30,2,11,938,DL,MCO,2162
-5,1,31,3,11,938,DL,MCO,2161
151,1,1,1,9,938,DL,MCO,2191
9,1,3,3,9,938,DL,MCO,2189
-1,1,4,4,9,938,DL,MCO,2188
5,1,5,5,9,938,DL,MCO,2187
0,1,6,6,9,938,DL,MCO,2186
-2,1,7,7,9,938,DL,MCO,2185
1,1,8,1,9,938,DL,MCO,2184
2,1,9,2,9,938,DL,MCO,2183
-2,1,10,3,9,938,DL,MCO,2182
-1,1,11,4,9,938,DL,MCO,2181
-7,1,12,5,9,938,DL,MCO,2180
-3,1,13,6,9,938,DL,MCO,2179
0,1,14,7,9,938,DL,MCO,2178
3,1,15,1,9,938,DL,MCO,2177
-8,1,16,2,9,938,DL,MCO,2176
-5,1,17,3,9,938,DL,MCO,2175
-4,1,18,4,9,938,DL,MCO,2174
-5,1,20,6,9,938,DL,MCO,2172
2,1,22,1,9,938,DL,MCO,2170
-3,1,23,2,9,938,DL,MCO,2169
7,1,24,3,9,938,DL,MCO,2168
-5,1,25,4,9,938,DL,MCO,2167
-3,1,26,5,9,938,DL,MCO,2166
2,1,27,6,9,938,DL,MCO,2165
-4,1,28,7,9,938,DL,MCO,2164
-3,1,29,1,9,938,DL,MCO,2163
-3,1,30,2,9,938,DL,MCO,2162
-5,1,31,3,9,938,DL,MCO,2161
40,1,1,1,15,1065,DL,FLL,2191
26,1,3,3,15,1065,DL,FLL,2189
54,1,4,4,15,1065,DL,FLL,2188
59,1,5,5,15,1065,DL,FLL,2187
34,1,6,6,15,1065,DL,FLL,2186
-1,1,7,7,15,1065,DL,FLL,2185
-5,1,9,2,15,1065,DL,FLL,2183
4,1,11,4,15,1065,DL,FLL,2181
19,1,12,5,15,1065,DL,FLL,2180
19,1,13,6,15,1065,DL,FLL,2179
13,1,14,7,15,1065,DL,FLL,2178
28,1,15,1,15,1065,DL,FLL,2177
3,1,16,2,15,1065,DL,FLL,2176
22,1,17,3,15,1065,DL,FLL,2175
73,1,18,4,15,1065,DL,FLL,2174
62,1,19,5,15,1065,DL,FLL,2173
42,1,20,6,15,1065,DL,FLL,2172
44,1,21,7,15,1065,DL,FLL,2171
26,1,22,1,15,1065,DL,FLL,2170
34,1,23,2,15,1065,DL,FLL,2169
2,1,24,3,15,1065,DL,FLL,2168
7,1,25,4,15,1065,DL,FLL,2167
0,1,26,5,15,1065,DL,FLL,2166
35,1,27,6,15,1065,DL,FLL,2165
17,1,28,7,15,1065,DL,FLL,2164
34,1,29,1,15,1065,DL,FLL,2163
2,1,30,2,15,1065,DL,FLL,2162
110,1,31,3,15,1065,DL,FLL,2161
37,1,3,3,19,462,HP,CMH,2189
117,1,4,4,19,462,HP,CMH,2188
0,1,7,7,19,462,HP,CMH,2185
85,1,8,1,19,462,HP,CMH,2184
-4,1,9,2,19,462,HP,CMH,2183
0,1,11,4,19,462,HP,CMH,2181
-3,1,14,7,19,462,HP,CMH,2178
-4,1,16,2,19,462,HP,CMH,2176
0,1,17,3,19,462,HP,CMH,2175
2,1,22,1,19,462,HP,CMH,2170
-4,1,23,2,19,462,HP,CMH,2169
-4,1,24,3,19,462,HP,CMH,2168
0,1,25,4,19,462,HP,CMH,2167
9,1,26,5,19,462,HP,CMH,2166
-2,1,28,7,19,462,HP,CMH,2164
-2,1,29,1,19,462,HP,CMH,2163
2,1,30,2,19,462,HP,CMH,2162
-4,1,31,3,19,462,HP,CMH,2161
26,1,3,3,21,2227,HP,LAS,2189
-4,1,4,4,21,2227,HP,LAS,2188
2,1,7,7,21,2227,HP,LAS,2185
52,1,8,1,21,2227,HP,LAS,2184
12,1,9,2,21,2227,HP,LAS,2183
-4,1,10,3,21,2227,HP,LAS,2182
2,1,11,4,21,2227,HP,LAS,2181
0,1,12,5,21,2227,HP,LAS,2180
0,1,14,7,21,2227,HP,LAS,2178
-4,1,15,1,21,2227,HP,LAS,2177
-1,1,16,2,21,2227,HP,LAS,2176
26,1,17,3,21,2227,HP,LAS,2175
0,1,18,4,21,2227,HP,LAS,2174
59,1,19,5,21,2227,HP,LAS,2173
20,1,21,7,21,2227,HP,LAS,2171
11,1,22,1,21,2227,HP,LAS,2170
-4,1,23,2,21,2227,HP,LAS,2169
-2,1,24,3,21,2227,HP,LAS,2168
22,1,25,4,21,2227,HP,LAS,2167
-3,1,26,5,21,2227,HP,LAS,2166
-4,1,28,7,21,2227,HP,LAS,2164
-3,1,29,1,21,2227,HP,LAS,2163
10,1,30,2,21,2227,HP,LAS,2162
0,1,31,3,21,2227,HP,LAS,2161
7,1,3,3,15,2133,HP,PHX,2189
0,1,4,4,15,2133,HP,PHX,2188
19,1,5,5,15,2133,HP,PHX,2187
-1,1,6,6,15,2133,HP,PHX,2186
14,1,7,7,15,2133,HP,PHX,2185
-2,1,8,1,15,2133,HP,PHX,2184
14,1,9,2,15,2133,HP,PHX,2183
-4,1,10,3,15,2133,HP,PHX,2182
-1,1,11,4,15,2133,HP,PHX,2181
10,1,12,5,15,2133,HP,PHX,2180
7,1,13,6,15,2133,HP,PHX,2179
9,1,14,7,15,2133,HP,PHX,2178
0,1,15,1,15,2133,HP,PHX,2177
14,1,16,2,15,2133,HP,PHX,2176
-2,1,17,3,15,2133,HP,PHX,2175
2,1,18,4,15,2133,HP,PHX,2174
0,1,19,5,15,2133,HP,PHX,2173
-3,1,20,6,15,2133,HP,PHX,2172
11,1,21,7,15,2133,HP,PHX,2171
-1,1,22,1,15,2133,HP,PHX,2170
-4,1,23,2,15,2133,HP,PHX,2169
0,1,24,3,15,2133,HP,PHX,2168
-1,1,25,4,15,2133,HP,PHX,2167
-2,1,26,5,15,2133,HP,PHX,2166
49,1,28,7,15,2133,HP,PHX,2164
-1,1,29,1,15,2133,HP,PHX,2163
29,1,30,2,15,2133,HP,PHX,2162
0,1,31,3,15,2133,HP,PHX,2161
