-1,8,1,3,13,529,US,CLT,1979
7,8,2,4,13,529,US,CLT,1978
6,8,3,5,13,529,US,CLT,1977
48,8,4,6,13,529,US,CLT,1976
5,8,5,7,13,529,US,CLT,1975
-2,8,6,1,13,529,US,CLT,1974
33,8,7,2,13,529,US,CLT,1973
-3,8,8,3,13,529,US,CLT,1972
0,8,9,4,13,529,US,CLT,1971
59,8,11,6,13,529,US,CLT,1969
47,8,12,7,13,529,US,CLT,1968
27,8,13,1,13,529,US,CLT,1967
-4,8,14,2,13,529,US,CLT,1966
-4,8,15,3,13,529,US,CLT,1965
-5,8,16,4,13,529,US,CLT,1964
7,8,17,5,13,529,US,CLT,1963
-4,8,18,6,13,529,US,CLT,1962
2,8,19,7,13,529,US,CLT,1961
1,8,20,1,13,529,US,CLT,1960
5,8,21,2,13,529,US,CLT,1959
2,8,22,3,13,529,US,CLT,1958
180,8,23,4,13,529,US,CLT,1957
142,8,24,5,13,529,US,CLT,1956
-3,8,25,6,13,529,US,CLT,1955
-1,8,26,7,13,529,US,CLT,1954
-4,8,27,1,13,529,US,CLT,1953
-7,8,28,2,13,529,US,CLT,1952
-8,8,29,3,13,529,US,CLT,1951
10,8,30,4,13,529,US,CLT,1950
43,8,31,5,13,529,US,CLT,1949
28,8,1,3,17,319,US,PIT,1979
64,8,2,4,17,319,US,PIT,1978
57,8,3,5,17,319,US,PIT,1977
83,8,5,7,17,319,US,PIT,1975
-7,8,6,1,17,319,US,PIT,1974
-4,8,7,2,17,319,US,PIT,1973
23,8,9,4,17,319,US,PIT,1971
206,8,10,5,17,319,US,PIT,1970
40,8,11,6,17,319,US,PIT,1969
121,8,12,7,17,319,US,PIT,1968
-4,8,14,2,17,319,US,PIT,1966
1,8,15,3,17,319,US,PIT,1965
-3,8,16,4,17,319,US,PIT,1964
-4,8,17,5,17,319,US,PIT,1963
-4,8,18,6,17,319,US,PIT,1962
56,8,19,7,17,319,US,PIT,1961
28,8,20,1,17,319,US,PIT,1960
-7,8,21,2,17,319,US,PIT,1959
9,8,22,3,17,319,US,PIT,1958
32,8,23,4,17,319,US,PIT,1957
64,8,24,5,17,319,US,PIT,1956
2,8,25,6,17,319,US,PIT,1955
49,8,26,7,17,319,US,PIT,1954
-5,8,29,3,17,319,US,PIT,1951
8,8,30,4,17,319,US,PIT,1950
328,8,31,5,17,319,US,PIT,1949
3,8,1,3,9,529,US,CLT,1979
-1,8,2,4,9,529,US,CLT,1978
0,8,3,5,9,529,US,CLT,1977
32,8,4,6,9,529,US,CLT,1976
9,8,5,7,9,529,US,CLT,1975
-6,8,6,1,9,529,US,CLT,1974
21,8,7,2,9,529,US,CLT,1973
-3,8,8,3,9,529,US,CLT,1972
-3,8,9,4,9,529,US,CLT,1971
15,8,10,5,9,529,US,CLT,1970
113,8,11,6,9,529,US,CLT,1969
4,8,12,7,9,529,US,CLT,1968
-5,8,13,1,9,529,US,CLT,1967
-1,8,14,2,9,529,US,CLT,1966
-6,8,15,3,9,529,US,CLT,1965
-3,8,16,4,9,529,US,CLT,1964
0,8,17,5,9,529,US,CLT,1963
25,8,18,6,9,529,US,CLT,1962
88,8,19,7,9,529,US,CLT,1961
-2,8,20,1,9,529,US,CLT,1960
-8,8,21,2,9,529,US,CLT,1959
-6,8,22,3,9,529,US,CLT,1958
18,8,23,4,9,529,US,CLT,1957
34,8,24,5,9,529,US,CLT,1956
15,8,25,6,9,529,US,CLT,1955
-4,8,26,7,9,529,US,CLT,1954
1,8,27,1,9,529,US,CLT,1953
-4,8,28,2,9,529,US,CLT,1952
-5,8,29,3,9,529,US,CLT,1951
-6,8,30,4,9,529,US,CLT,1950
4,8,31,5,9,529,US,CLT,1949
37,8,3,5,18,529,US,CLT,1977
-4,8,6,1,18,529,US,CLT,1974
-6,8,1,3,20,319,US,PIT,1979
-9,8,2,4,20,319,US,PIT,1978
224,8,3,5,20,319,US,PIT,1977
27,8,4,6,20,319,US,PIT,1976
-8,8,5,7,20,319,US,PIT,1975
-8,8,6,1,20,319,US,PIT,1974
33,8,7,2,20,319,US,PIT,1973
-7,8,8,3,20,319,US,PIT,1972
13,8,9,4,20,319,US,PIT,1971
126,8,10,5,20,319,US,PIT,1970
148,8,11,6,20,319,US,PIT,1969
58,8,12,7,20,319,US,PIT,1968
165,8,13,1,20,319,US,PIT,1967
97,8,14,2,20,319,US,PIT,1966
-10,8,15,3,20,319,US,PIT,1965
-7,8,16,4,20,319,US,PIT,1964
-7,8,17,5,20,319,US,PIT,1963
-7,8,18,6,20,319,US,PIT,1962
85,8,19,7,20,319,US,PIT,1961
-7,8,20,1,20,319,US,PIT,1960
-5,8,21,2,20,319,US,PIT,1959
-7,8,22,3,20,319,US,PIT,1958
42,8,23,4,20,319,US,PIT,1957
6,8,24,5,20,319,US,PIT,1956
-6,8,25,6,20,319,US,PIT,1955
82,8,26,7,20,319,US,PIT,1954
42,8,27,1,20,319,US,PIT,1953
19,8,29,3,20,319,US,PIT,1951
81,8,30,4,20,319,US,PIT,1950
3,8,1,3,7,529,US,CLT,1979
29,8,3,5,7,529,US,CLT,1977
95,8,4,6,7,529,US,CLT,1976
2,8,5,7,7,529,US,CLT,1975
5,8,6,1,7,529,US,CLT,1974
-2,8,7,2,7,529,US,CLT,1973
-1,8,8,3,7,529,US,CLT,1972
3,8,9,4,7,529,US,CLT,1971
24,8,10,5,7,529,US,CLT,1970
29,8,11,6,7,529,US,CLT,1969
4,8,12,7,7,529,US,CLT,1968
7,8,13,1,7,529,US,CLT,1967
5,8,14,2,7,529,US,CLT,1966
-1,8,15,3,7,529,US,CLT,1965
-2,8,16,4,7,529,US,CLT,1964
1,8,17,5,7,529,US,CLT,1963
10,8,18,6,7,529,US,CLT,1962
-1,8,19,7,7,529,US,CLT,1961
1,8,20,1,7,529,US,CLT,1960
-4,8,21,2,7,529,US,CLT,1959
-2,8,22,3,7,529,US,CLT,1958
-2,8,23,4,7,529,US,CLT,1957
7,8,24,5,7,529,US,CLT,1956
13,8,25,6,7,529,US,CLT,1955
6,8,26,7,7,529,US,CLT,1954
9,8,27,1,7,529,US,CLT,1953
10,8,28,2,7,529,US,CLT,1952
-2,8,29,3,7,529,US,CLT,1951
-5,8,30,4,7,529,US,CLT,1950
6,8,31,5,7,529,US,CLT,1949
0,8,1,3,5,529,US,CLT,1979
5,8,2,4,5,529,US,CLT,1978
66,8,3,5,5,529,US,CLT,1977
4,8,4,6,5,529,US,CLT,1976
-4,8,6,1,5,529,US,CLT,1974
-4,8,7,2,5,529,US,CLT,1973
-6,8,8,3,5,529,US,CLT,1972
1,8,9,4,5,529,US,CLT,1971
1,8,10,5,5,529,US,CLT,1970
17,8,11,6,5,529,US,CLT,1969
16,8,15,3,5,529,US,CLT,1965
0,8,16,4,5,529,US,CLT,1964
1,8,17,5,5,529,US,CLT,1963
10,8,18,6,5,529,US,CLT,1962
5,8,19,7,5,529,US,CLT,1961
8,8,20,1,5,529,US,CLT,1960
-1,8,21,2,5,529,US,CLT,1959
0,8,22,3,5,529,US,CLT,1958
-2,8,23,4,5,529,US,CLT,1957
5,8,24,5,5,529,US,CLT,1956
7,8,25,6,5,529,US,CLT,1955
12,8,26,7,5,529,US,CLT,1954
0,8,27,1,5,529,US,CLT,1953
-3,8,28,2,5,529,US,CLT,1952
-2,8,30,4,5,529,US,CLT,1950
3,8,31,5,5,529,US,CLT,1949
119,8,1,3,12,319,US,PIT,1979
13,8,2,4,12,319,US,PIT,1978
-7,8,3,5,12,319,US,PIT,1977
0,8,4,6,12,319,US,PIT,1976
-1,8,5,7,12,319,US,PIT,1975
-3,8,6,1,12,319,US,PIT,1974
3,8,7,2,12,319,US,PIT,1973
1,8,8,3,12,319,US,PIT,1972
4,8,9,4,12,319,US,PIT,1971
18,8,10,5,12,319,US,PIT,1970
29,8,11,6,12,319,US,PIT,1969
1,8,12,7,12,319,US,PIT,1968
-1,8,13,1,12,319,US,PIT,1967
22,8,14,2,12,319,US,PIT,1966
-4,8,15,3,12,319,US,PIT,1965
12,8,16,4,12,319,US,PIT,1964
0,8,17,5,12,319,US,PIT,1963
9,8,18,6,12,319,US,PIT,1962
5,8,19,7,12,319,US,PIT,1961
-4,8,20,1,12,319,US,PIT,1960
1,8,21,2,12,319,US,PIT,1959
12,8,22,3,12,319,US,PIT,1958
10,8,23,4,12,319,US,PIT,1957
-2,8,24,5,12,319,US,PIT,1956
3,8,25,6,12,319,US,PIT,1955
6,8,26,7,12,319,US,PIT,1954
2,8,27,1,12,319,US,PIT,1953
3,8,28,2,12,319,US,PIT,1952
-6,8,29,3,12,319,US,PIT,1951
64,8,30,4,12,319,US,PIT,1950
19,8,31,5,12,319,US,PIT,1949
-3,8,1,3,19,529,US,CLT,1979
-5,8,2,4,19,529,US,CLT,1978
0,8,3,5,19,529,US,CLT,1977
-1,8,5,7,19,529,US,CLT,1975
-2,8,6,1,19,529,US,CLT,1974
-2,8,7,2,19,529,US,CLT,1973
-4,8,8,3,19,529,US,CLT,1972
3,8,9,4,19,529,US,CLT,1971
120,8,11,6,19,529,US,CLT,1969
115,8,14,2,19,529,US,CLT,1966
-4,8,15,3,19,529,US,CLT,1965
29,8,16,4,19,529,US,CLT,1964
12,8,17,5,19,529,US,CLT,1963
34,8,18,6,19,529,US,CLT,1962
59,8,19,7,19,529,US,CLT,1961
12,8,20,1,19,529,US,CLT,1960
-5,8,21,2,19,529,US,CLT,1959
2,8,22,3,19,529,US,CLT,1958
-3,8,23,4,19,529,US,CLT,1957
22,8,24,5,19,529,US,CLT,1956
-5,8,25,6,19,529,US,CLT,1955
57,8,26,7,19,529,US,CLT,1954
-5,8,29,3,19,529,US,CLT,1951
103,8,30,4,19,529,US,CLT,1950
236,8,31,5,19,529,US,CLT,1949
-2,8,25,6,18,529,US,CLT,1955
41,8,4,6,18,319,US,PIT,1976
69,8,11,6,18,319,US,PIT,1969
7,8,18,6,18,319,US,PIT,1962
-1,8,5,7,9,319,US,PIT,1975
32,8,12,7,9,319,US,PIT,1968
14,8,1,3,18,529,US,CLT,1979
0,8,2,4,18,529,US,CLT,1978
2,8,5,7,18,529,US,CLT,1975
-6,8,7,2,18,529,US,CLT,1973
-3,8,8,3,18,529,US,CLT,1972
55,8,9,4,18,529,US,CLT,1971
117,8,12,7,18,529,US,CLT,1968
163,8,13,1,18,529,US,CLT,1967
-5,8,14,2,18,529,US,CLT,1966
-1,8,15,3,18,529,US,CLT,1965
9,8,16,4,18,529,US,CLT,1964
10,8,17,5,18,529,US,CLT,1963
39,8,19,7,18,529,US,CLT,1961
-4,8,20,1,18,529,US,CLT,1960
16,8,21,2,18,529,US,CLT,1959
18,8,22,3,18,529,US,CLT,1958
1,8,23,4,18,529,US,CLT,1957
-2,8,24,5,18,529,US,CLT,1956
2,8,26,7,18,529,US,CLT,1954
-6,8,29,3,18,529,US,CLT,1951
24,8,30,4,18,529,US,CLT,1950
-4,8,1,3,6,487,NW,DTW,1979
-5,8,2,4,6,487,NW,DTW,1978
-7,8,3,5,6,487,NW,DTW,1977
1,8,4,6,6,487,NW,DTW,1976
0,8,5,7,6,487,NW,DTW,1975
-4,8,6,1,6,487,NW,DTW,1974
-3,8,7,2,6,487,NW,DTW,1973
-4,8,8,3,6,487,NW,DTW,1972
0,8,9,4,6,487,NW,DTW,1971
-1,8,10,5,6,487,NW,DTW,1970
10,8,11,6,6,487,NW,DTW,1969
-2,8,12,7,6,487,NW,DTW,1968
-1,8,13,1,6,487,NW,DTW,1967
0,8,14,2,6,487,NW,DTW,1966
2,8,15,3,6,487,NW,DTW,1965
0,8,16,4,6,487,NW,DTW,1964
0,8,17,5,6,487,NW,DTW,1963
432,8,18,6,6,487,NW,DTW,1962
-2,8,19,7,6,487,NW,DTW,1961
1,8,20,1,6,487,NW,DTW,1960
-2,8,21,2,6,487,NW,DTW,1959
-5,8,22,3,6,487,NW,DTW,1958
-4,8,23,4,6,487,NW,DTW,1957
60,8,24,5,6,487,NW,DTW,1956
4,8,25,6,6,487,NW,DTW,1955
1,8,26,7,6,487,NW,DTW,1954
4,8,27,1,6,487,NW,DTW,1953
-3,8,28,2,6,487,NW,DTW,1952
-7,8,29,3,6,487,NW,DTW,1951
18,8,30,4,6,487,NW,DTW,1950
-3,8,31,5,6,487,NW,DTW,1949
7,8,1,3,13,1008,NW,MSP,1979
10,8,2,4,13,1008,NW,MSP,1978
-3,8,3,5,13,1008,NW,MSP,1977
-6,8,5,7,13,1008,NW,MSP,1975
-4,8,6,1,13,1008,NW,MSP,1974
-3,8,7,2,13,1008,NW,MSP,1973
-2,8,8,3,13,1008,NW,MSP,1972
5,8,9,4,13,1008,NW,MSP,1971
5,8,11,6,13,1008,NW,MSP,1969
-1,8,12,7,13,1008,NW,MSP,1968
-4,8,14,2,13,1008,NW,MSP,1966
-4,8,15,3,13,1008,NW,MSP,1965
-2,8,16,4,13,1008,NW,MSP,1964
2,8,17,5,13,1008,NW,MSP,1963
9,8,18,6,13,1008,NW,MSP,1962
-8,8,19,7,13,1008,NW,MSP,1961
-2,8,20,1,13,1008,NW,MSP,1960
-7,8,21,2,13,1008,NW,MSP,1959
-2,8,22,3,13,1008,NW,MSP,1958
-5,8,23,4,13,1008,NW,MSP,1957
-5,8,24,5,13,1008,NW,MSP,1956
-5,8,25,6,13,1008,NW,MSP,1955
0,8,26,7,13,1008,NW,MSP,1954
-4,8,27,1,13,1008,NW,MSP,1953
-3,8,28,2,13,1008,NW,MSP,1952
-3,8,29,3,13,1008,NW,MSP,1951
8,8,30,4,13,1008,NW,MSP,1950
-3,8,31,5,13,1008,NW,MSP,1949
-6,8,1,3,9,1008,NW,MSP,1979
-9,8,2,4,9,1008,NW,MSP,1978
-6,8,3,5,9,1008,NW,MSP,1977
-5,8,4,6,9,1008,NW,MSP,1976
-4,8,5,7,9,1008,NW,MSP,1975
19,8,6,1,9,1008,NW,MSP,1974
-7,8,7,2,9,1008,NW,MSP,1973
-3,8,8,3,9,1008,NW,MSP,1972
-4,8,9,4,9,1008,NW,MSP,1971
-4,8,10,5,9,1008,NW,MSP,1970
9,8,11,6,9,1008,NW,MSP,1969
-8,8,12,7,9,1008,NW,MSP,1968
-3,8,13,1,9,1008,NW,MSP,1967
-4,8,14,2,9,1008,NW,MSP,1966
-5,8,15,3,9,1008,NW,MSP,1965
-4,8,16,4,9,1008,NW,MSP,1964
-3,8,17,5,9,1008,NW,MSP,1963
-4,8,18,6,9,1008,NW,MSP,1962
-6,8,19,7,9,1008,NW,MSP,1961
-7,8,20,1,9,1008,NW,MSP,1960
-4,8,21,2,9,1008,NW,MSP,1959
-2,8,22,3,9,1008,NW,MSP,1958
-4,8,23,4,9,1008,NW,MSP,1957
-6,8,24,5,9,1008,NW,MSP,1956
-8,8,25,6,9,1008,NW,MSP,1955
-4,8,26,7,9,1008,NW,MSP,1954
-8,8,27,1,9,1008,NW,MSP,1953
4,8,28,2,9,1008,NW,MSP,1952
-1,8,29,3,9,1008,NW,MSP,1951
-4,8,30,4,9,1008,NW,MSP,1950
22,8,31,5,9,1008,NW,MSP,1949
198,8,1,3,11,1008,NW,MSP,1979
-3,8,2,4,11,1008,NW,MSP,1978
-4,8,3,5,11,1008,NW,MSP,1977
-1,8,4,6,11,1008,NW,MSP,1976
-4,8,5,7,11,1008,NW,MSP,1975
-5,8,6,1,11,1008,NW,MSP,1974
-6,8,7,2,11,1008,NW,MSP,1973
0,8,8,3,11,1008,NW,MSP,1972
-5,8,9,4,11,1008,NW,MSP,1971
-3,8,10,5,11,1008,NW,MSP,1970
12,8,11,6,11,1008,NW,MSP,1969
-2,8,12,7,11,1008,NW,MSP,1968
-2,8,13,1,11,1008,NW,MSP,1967
-6,8,14,2,11,1008,NW,MSP,1966
-3,8,15,3,11,1008,NW,MSP,1965
-5,8,16,4,11,1008,NW,MSP,1964
-3,8,17,5,11,1008,NW,MSP,1963
4,8,18,6,11,1008,NW,MSP,1962
-7,8,19,7,11,1008,NW,MSP,1961
-6,8,20,1,11,1008,NW,MSP,1960
-2,8,21,2,11,1008,NW,MSP,1959
-6,8,22,3,11,1008,NW,MSP,1958
-6,8,23,4,11,1008,NW,MSP,1957
-2,8,24,5,11,1008,NW,MSP,1956
-4,8,25,6,11,1008,NW,MSP,1955
-4,8,26,7,11,1008,NW,MSP,1954
-6,8,27,1,11,1008,NW,MSP,1953
-4,8,28,2,11,1008,NW,MSP,1952
-3,8,29,3,11,1008,NW,MSP,1951
-1,8,30,4,11,1008,NW,MSP,1950
-2,8,31,5,11,1008,NW,MSP,1949
32,8,1,3,19,1008,NW,MSP,1979
-11,8,2,4,19,1008,NW,MSP,1978
-1,8,3,5,19,1008,NW,MSP,1977
-4,8,5,7,19,1008,NW,MSP,1975
-4,8,7,2,19,1008,NW,MSP,1973
69,8,8,3,19,1008,NW,MSP,1972
101,8,10,5,19,1008,NW,MSP,1970
13,8,12,7,19,1008,NW,MSP,1968
163,8,14,2,19,1008,NW,MSP,1966
-4,8,15,3,19,1008,NW,MSP,1965
-1,8,16,4,19,1008,NW,MSP,1964
-4,8,17,5,19,1008,NW,MSP,1963
106,8,19,7,19,1008,NW,MSP,1961
-3,8,20,1,19,1008,NW,MSP,1960
-10,8,21,2,19,1008,NW,MSP,1959
-1,8,22,3,19,1008,NW,MSP,1958
-6,8,24,5,19,1008,NW,MSP,1956
-3,8,26,7,19,1008,NW,MSP,1954
146,8,27,1,19,1008,NW,MSP,1953
-1,8,29,3,19,1008,NW,MSP,1951
33,8,30,4,19,1008,NW,MSP,1950
-6,8,1,3,6,946,NW,MEM,1979
-6,8,2,4,6,946,NW,MEM,1978
-3,8,3,5,6,946,NW,MEM,1977
-1,8,4,6,6,946,NW,MEM,1976
-4,8,6,1,6,946,NW,MEM,1974
-7,8,7,2,6,946,NW,MEM,1973
-4,8,8,3,6,946,NW,MEM,1972
-5,8,9,4,6,946,NW,MEM,1971
-5,8,10,5,6,946,NW,MEM,1970
206,8,11,6,6,946,NW,MEM,1969
-5,8,13,1,6,946,NW,MEM,1967
-2,8,14,2,6,946,NW,MEM,1966
-3,8,15,3,6,946,NW,MEM,1965
-5,8,16,4,6,946,NW,MEM,1964
-2,8,17,5,6,946,NW,MEM,1963
-1,8,18,6,6,946,NW,MEM,1962
479,8,20,1,6,946,NW,MEM,1960
0,8,21,2,6,946,NW,MEM,1959
-5,8,22,3,6,946,NW,MEM,1958
-6,8,23,4,6,946,NW,MEM,1957
-2,8,24,5,6,946,NW,MEM,1956
-4,8,25,6,6,946,NW,MEM,1955
-2,8,27,1,6,946,NW,MEM,1953
-6,8,28,2,6,946,NW,MEM,1952
-5,8,29,3,6,946,NW,MEM,1951
4,8,30,4,6,946,NW,MEM,1950
12,8,31,5,6,946,NW,MEM,1949
3,8,1,3,17,946,NW,MEM,1979
-6,8,2,4,17,946,NW,MEM,1978
-5,8,3,5,17,946,NW,MEM,1977
4,8,4,6,17,946,NW,MEM,1976
-5,8,5,7,17,946,NW,MEM,1975
7,8,6,1,17,946,NW,MEM,1974
-3,8,7,2,17,946,NW,MEM,1973
-3,8,8,3,17,946,NW,MEM,1972
16,8,9,4,17,946,NW,MEM,1971
48,8,11,6,17,946,NW,MEM,1969
63,8,13,1,17,946,NW,MEM,1967
-6,8,14,2,17,946,NW,MEM,1966
-4,8,15,3,17,946,NW,MEM,1965
-6,8,16,4,17,946,NW,MEM,1964
-6,8,17,5,17,946,NW,MEM,1963
-3,8,18,6,17,946,NW,MEM,1962
84,8,19,7,17,946,NW,MEM,1961
-6,8,20,1,17,946,NW,MEM,1960
-6,8,21,2,17,946,NW,MEM,1959
-4,8,22,3,17,946,NW,MEM,1958
17,8,23,4,17,946,NW,MEM,1957
-6,8,24,5,17,946,NW,MEM,1956
-7,8,25,6,17,946,NW,MEM,1955
-2,8,26,7,17,946,NW,MEM,1954
29,8,27,1,17,946,NW,MEM,1953
148,8,28,2,17,946,NW,MEM,1952
-6,8,29,3,17,946,NW,MEM,1951
-3,8,30,4,17,946,NW,MEM,1950
-6,8,1,3,10,946,NW,MEM,1979
-6,8,2,4,10,946,NW,MEM,1978
-7,8,3,5,10,946,NW,MEM,1977
-6,8,4,6,10,946,NW,MEM,1976
-3,8,5,7,10,946,NW,MEM,1975
-5,8,6,1,10,946,NW,MEM,1974
-5,8,7,2,10,946,NW,MEM,1973
-6,8,8,3,10,946,NW,MEM,1972
20,8,9,4,10,946,NW,MEM,1971
-5,8,10,5,10,946,NW,MEM,1970
124,8,11,6,10,946,NW,MEM,1969
20,8,12,7,10,946,NW,MEM,1968
7,8,13,1,10,946,NW,MEM,1967
-6,8,14,2,10,946,NW,MEM,1966
-1,8,15,3,10,946,NW,MEM,1965
-5,8,16,4,10,946,NW,MEM,1964
-7,8,17,5,10,946,NW,MEM,1963
2,8,18,6,10,946,NW,MEM,1962
-4,8,19,7,10,946,NW,MEM,1961
-1,8,20,1,10,946,NW,MEM,1960
-3,8,21,2,10,946,NW,MEM,1959
-4,8,22,3,10,946,NW,MEM,1958
-7,8,23,4,10,946,NW,MEM,1957
-5,8,24,5,10,946,NW,MEM,1956
-5,8,25,6,10,946,NW,MEM,1955
-6,8,26,7,10,946,NW,MEM,1954
-6,8,27,1,10,946,NW,MEM,1953
-6,8,28,2,10,946,NW,MEM,1952
-7,8,29,3,10,946,NW,MEM,1951
-2,8,30,4,10,946,NW,MEM,1950
47,8,31,5,10,946,NW,MEM,1949
31,8,1,3,14,946,NW,MEM,1979
-6,8,2,4,14,946,NW,MEM,1978
-6,8,3,5,14,946,NW,MEM,1977
-6,8,4,6,14,946,NW,MEM,1976
-7,8,5,7,14,946,NW,MEM,1975
-4,8,6,1,14,946,NW,MEM,1974
-1,8,7,2,14,946,NW,MEM,1973
-4,8,8,3,14,946,NW,MEM,1972
-5,8,9,4,14,946,NW,MEM,1971
4,8,11,6,14,946,NW,MEM,1969
0,8,12,7,14,946,NW,MEM,1968
-3,8,13,1,14,946,NW,MEM,1967
-4,8,14,2,14,946,NW,MEM,1966
2,8,15,3,14,946,NW,MEM,1965
-3,8,16,4,14,946,NW,MEM,1964
-2,8,17,5,14,946,NW,MEM,1963
-4,8,18,6,14,946,NW,MEM,1962
-6,8,19,7,14,946,NW,MEM,1961
-3,8,20,1,14,946,NW,MEM,1960
-7,8,21,2,14,946,NW,MEM,1959
59,8,22,3,14,946,NW,MEM,1958
79,8,23,4,14,946,NW,MEM,1957
-5,8,24,5,14,946,NW,MEM,1956
-9,8,25,6,14,946,NW,MEM,1955
-7,8,26,7,14,946,NW,MEM,1954
-7,8,27,1,14,946,NW,MEM,1953
-3,8,28,2,14,946,NW,MEM,1952
58,8,29,3,14,946,NW,MEM,1951
150,8,30,4,14,946,NW,MEM,1950
106,8,31,5,14,946,NW,MEM,1949
-2,8,1,3,6,1008,NW,MSP,1979
-2,8,3,5,6,1008,NW,MSP,1977
7,8,4,6,6,1008,NW,MSP,1976
-3,8,5,7,6,1008,NW,MSP,1975
-1,8,6,1,6,1008,NW,MSP,1974
-5,8,7,2,6,1008,NW,MSP,1973
-3,8,8,3,6,1008,NW,MSP,1972
-4,8,9,4,6,1008,NW,MSP,1971
-1,8,10,5,6,1008,NW,MSP,1970
51,8,11,6,6,1008,NW,MSP,1969
0,8,12,7,6,1008,NW,MSP,1968
-4,8,13,1,6,1008,NW,MSP,1967
1,8,14,2,6,1008,NW,MSP,1966
5,8,15,3,6,1008,NW,MSP,1965
-3,8,16,4,6,1008,NW,MSP,1964
20,8,18,6,6,1008,NW,MSP,1962
0,8,19,7,6,1008,NW,MSP,1961
-10,8,20,1,6,1008,NW,MSP,1960
-2,8,21,2,6,1008,NW,MSP,1959
10,8,22,3,6,1008,NW,MSP,1958
-4,8,23,4,6,1008,NW,MSP,1957
-4,8,24,5,6,1008,NW,MSP,1956
0,8,25,6,6,1008,NW,MSP,1955
11,8,26,7,6,1008,NW,MSP,1954
1,8,27,1,6,1008,NW,MSP,1953
-6,8,28,2,6,1008,NW,MSP,1952
0,8,29,3,6,1008,NW,MSP,1951
2,8,30,4,6,1008,NW,MSP,1950
-2,8,31,5,6,1008,NW,MSP,1949
-3,8,1,3,19,872,TW,STL,1979
18,8,2,4,19,872,TW,STL,1978
43,8,3,5,19,872,TW,STL,1977
-1,8,5,7,19,872,TW,STL,1975
-3,8,6,1,19,872,TW,STL,1974
5,8,7,2,19,872,TW,STL,1973
1,8,8,3,19,872,TW,STL,1972
114,8,9,4,19,872,TW,STL,1971
81,8,10,5,19,872,TW,STL,1970
40,8,12,7,19,872,TW,STL,1968
44,8,13,1,19,872,TW,STL,1967
14,8,14,2,19,872,TW,STL,1966
21,8,15,3,19,872,TW,STL,1965
-3,8,16,4,19,872,TW,STL,1964
-1,8,17,5,19,872,TW,STL,1963
88,8,19,7,19,872,TW,STL,1961
0,8,20,1,19,872,TW,STL,1960
-1,8,21,2,19,872,TW,STL,1959
-3,8,22,3,19,872,TW,STL,1958
-2,8,23,4,19,872,TW,STL,1957
27,8,24,5,19,872,TW,STL,1956
9,8,26,7,19,872,TW,STL,1954
89,8,27,1,19,872,TW,STL,1953
64,8,28,2,19,872,TW,STL,1952
-3,8,29,3,19,872,TW,STL,1951
0,8,30,4,19,872,TW,STL,1950
154,8,31,5,19,872,TW,STL,1949
17,8,1,3,14,872,TW,STL,1979
-3,8,2,4,14,872,TW,STL,1978
36,8,3,5,14,872,TW,STL,1977
-1,8,4,6,14,872,TW,STL,1976
31,8,5,7,14,872,TW,STL,1975
-5,8,6,1,14,872,TW,STL,1974
-1,8,7,2,14,872,TW,STL,1973
-2,8,8,3,14,872,TW,STL,1972
2,8,9,4,14,872,TW,STL,1971
192,8,10,5,14,872,TW,STL,1970
73,8,11,6,14,872,TW,STL,1969
44,8,12,7,14,872,TW,STL,1968
7,8,13,1,14,872,TW,STL,1967
-3,8,14,2,14,872,TW,STL,1966
-2,8,15,3,14,872,TW,STL,1965
7,8,16,4,14,872,TW,STL,1964
0,8,17,5,14,872,TW,STL,1963
-4,8,18,6,14,872,TW,STL,1962
6,8,19,7,14,872,TW,STL,1961
55,8,20,1,14,872,TW,STL,1960
29,8,21,2,14,872,TW,STL,1959
18,8,22,3,14,872,TW,STL,1958
-3,8,24,5,14,872,TW,STL,1956
1,8,25,6,14,872,TW,STL,1955
-1,8,26,7,14,872,TW,STL,1954
-8,8,27,1,14,872,TW,STL,1953
33,8,28,2,14,872,TW,STL,1952
-2,8,29,3,14,872,TW,STL,1951
4,8,30,4,14,872,TW,STL,1950
-3,8,1,3,17,872,TW,STL,1979
-2,8,2,4,17,872,TW,STL,1978
-3,8,3,5,17,872,TW,STL,1977
48,8,4,6,17,872,TW,STL,1976
-3,8,5,7,17,872,TW,STL,1975
-6,8,6,1,17,872,TW,STL,1974
25,8,7,2,17,872,TW,STL,1973
-1,8,8,3,17,872,TW,STL,1972
4,8,9,4,17,872,TW,STL,1971
122,8,11,6,17,872,TW,STL,1969
21,8,12,7,17,872,TW,STL,1968
-1,8,14,2,17,872,TW,STL,1966
122,8,15,3,17,872,TW,STL,1965
1,8,16,4,17,872,TW,STL,1964
-1,8,17,5,17,872,TW,STL,1963
2,8,18,6,17,872,TW,STL,1962
2,8,19,7,17,872,TW,STL,1961
-2,8,20,1,17,872,TW,STL,1960
1,8,21,2,17,872,TW,STL,1959
7,8,22,3,17,872,TW,STL,1958
-3,8,23,4,17,872,TW,STL,1957
-3,8,24,5,17,872,TW,STL,1956
12,8,25,6,17,872,TW,STL,1955
-4,8,26,7,17,872,TW,STL,1954
120,8,28,2,17,872,TW,STL,1952
-5,8,29,3,17,872,TW,STL,1951
27,8,30,4,17,872,TW,STL,1950
70,8,31,5,17,872,TW,STL,1949
0,8,1,3,8,872,TW,STL,1979
0,8,2,4,8,872,TW,STL,1978
0,8,3,5,8,872,TW,STL,1977
1,8,4,6,8,872,TW,STL,1976
-3,8,5,7,8,872,TW,STL,1975
1,8,6,1,8,872,TW,STL,1974
-4,8,7,2,8,872,TW,STL,1973
-2,8,8,3,8,872,TW,STL,1972
-2,8,9,4,8,872,TW,STL,1971
0,8,10,5,8,872,TW,STL,1970
14,8,11,6,8,872,TW,STL,1969
2,8,12,7,8,872,TW,STL,1968
8,8,13,1,8,872,TW,STL,1967
-4,8,14,2,8,872,TW,STL,1966
-3,8,15,3,8,872,TW,STL,1965
0,8,16,4,8,872,TW,STL,1964
-4,8,17,5,8,872,TW,STL,1963
-1,8,18,6,8,872,TW,STL,1962
22,8,19,7,8,872,TW,STL,1961
14,8,20,1,8,872,TW,STL,1960
-2,8,21,2,8,872,TW,STL,1959
-2,8,22,3,8,872,TW,STL,1958
-1,8,23,4,8,872,TW,STL,1957
-3,8,24,5,8,872,TW,STL,1956
19,8,25,6,8,872,TW,STL,1955
2,8,26,7,8,872,TW,STL,1954
-4,8,27,1,8,872,TW,STL,1953
14,8,28,2,8,872,TW,STL,1952
-1,8,29,3,8,872,TW,STL,1951
-5,8,30,4,8,872,TW,STL,1950
-2,8,31,5,8,872,TW,STL,1949
-10,8,1,3,16,872,TW,STL,1979
-4,8,2,4,16,872,TW,STL,1978
-6,8,3,5,16,872,TW,STL,1977
0,8,5,7,16,872,TW,STL,1975
-8,8,6,1,16,872,TW,STL,1974
174,8,7,2,16,872,TW,STL,1973
-7,8,8,3,16,872,TW,STL,1972
-8,8,9,4,16,872,TW,STL,1971
242,8,10,5,16,872,TW,STL,1970
15,8,12,7,16,872,TW,STL,1968
161,8,13,1,16,872,TW,STL,1967
-8,8,14,2,16,872,TW,STL,1966
-2,8,15,3,16,872,TW,STL,1965
-6,8,16,4,16,872,TW,STL,1964
-5,8,17,5,16,872,TW,STL,1963
-1,8,19,7,16,872,TW,STL,1961
332,8,20,1,16,872,TW,STL,1960
-8,8,21,2,16,872,TW,STL,1959
-4,8,22,3,16,872,TW,STL,1958
-5,8,23,4,16,872,TW,STL,1957
-3,8,24,5,16,872,TW,STL,1956
-9,8,26,7,16,872,TW,STL,1954
95,8,27,1,16,872,TW,STL,1953
-4,8,28,2,16,872,TW,STL,1952
-4,8,29,3,16,872,TW,STL,1951
1,8,30,4,16,872,TW,STL,1950
25,8,31,5,16,872,TW,STL,1949
0,8,1,3,11,872,TW,STL,1979
10,8,2,4,11,872,TW,STL,1978
9,8,3,5,11,872,TW,STL,1977
12,8,4,6,11,872,TW,STL,1976
-2,8,6,1,11,872,TW,STL,1974
3,8,7,2,11,872,TW,STL,1973
-2,8,8,3,11,872,TW,STL,1972
21,8,9,4,11,872,TW,STL,1971
0,8,10,5,11,872,TW,STL,1970
42,8,11,6,11,872,TW,STL,1969
7,8,13,1,11,872,TW,STL,1967
5,8,14,2,11,872,TW,STL,1966
-2,8,15,3,11,872,TW,STL,1965
0,8,16,4,11,872,TW,STL,1964
0,8,17,5,11,872,TW,STL,1963
7,8,18,6,11,872,TW,STL,1962
-1,8,20,1,11,872,TW,STL,1960
-3,8,21,2,11,872,TW,STL,1959
-4,8,22,3,11,872,TW,STL,1958
17,8,23,4,11,872,TW,STL,1957
-6,8,24,5,11,872,TW,STL,1956
-1,8,25,6,11,872,TW,STL,1955
-3,8,27,1,11,872,TW,STL,1953
-3,8,28,2,11,872,TW,STL,1952
-5,8,29,3,11,872,TW,STL,1951
-4,8,30,4,11,872,TW,STL,1950
0,8,31,5,11,872,TW,STL,1949
-5,8,5,7,11,872,TW,STL,1975
3,8,12,7,11,872,TW,STL,1968
-2,8,19,7,11,872,TW,STL,1961
-3,8,26,7,11,872,TW,STL,1954
-3,8,1,3,6,872,TW,STL,1979
-2,8,2,4,6,872,TW,STL,1978
-4,8,3,5,6,872,TW,STL,1977
-3,8,4,6,6,872,TW,STL,1976
0,8,5,7,6,872,TW,STL,1975
-1,8,6,1,6,872,TW,STL,1974
-2,8,7,2,6,872,TW,STL,1973
-3,8,8,3,6,872,TW,STL,1972
-1,8,9,4,6,872,TW,STL,1971
0,8,10,5,6,872,TW,STL,1970
7,8,11,6,6,872,TW,STL,1969
0,8,12,7,6,872,TW,STL,1968
2,8,13,1,6,872,TW,STL,1967
-4,8,14,2,6,872,TW,STL,1966
-2,8,15,3,6,872,TW,STL,1965
-2,8,17,5,6,872,TW,STL,1963
5,8,18,6,6,872,TW,STL,1962
0,8,19,7,6,872,TW,STL,1961
2,8,20,1,6,872,TW,STL,1960
3,8,21,2,6,872,TW,STL,1959
15,8,22,3,6,872,TW,STL,1958
0,8,23,4,6,872,TW,STL,1957
0,8,24,5,6,872,TW,STL,1956
-1,8,25,6,6,872,TW,STL,1955
-2,8,26,7,6,872,TW,STL,1954
-2,8,27,1,6,872,TW,STL,1953
-4,8,28,2,6,872,TW,STL,1952
-2,8,29,3,6,872,TW,STL,1951
2,8,30,4,6,872,TW,STL,1950
-1,8,31,5,6,872,TW,STL,1949
-3,8,1,3,9,2565,UA,SFO,1979
-1,8,2,4,9,2565,UA,SFO,1978
-5,8,3,5,9,2565,UA,SFO,1977
7,8,4,6,9,2565,UA,SFO,1976
-4,8,5,7,9,2565,UA,SFO,1975
0,8,6,1,9,2565,UA,SFO,1974
-2,8,7,2,9,2565,UA,SFO,1973
-4,8,8,3,9,2565,UA,SFO,1972
-4,8,9,4,9,2565,UA,SFO,1971
-1,8,10,5,9,2565,UA,SFO,1970
86,8,11,6,9,2565,UA,SFO,1969
0,8,12,7,9,2565,UA,SFO,1968
0,8,13,1,9,2565,UA,SFO,1967
130,8,14,2,9,2565,UA,SFO,1966
-1,8,15,3,9,2565,UA,SFO,1965
1,8,16,4,9,2565,UA,SFO,1964
-1,8,17,5,9,2565,UA,SFO,1963
121,8,18,6,9,2565,UA,SFO,1962
6,8,19,7,9,2565,UA,SFO,1961
6,8,20,1,9,2565,UA,SFO,1960
-1,8,21,2,9,2565,UA,SFO,1959
-3,8,22,3,9,2565,UA,SFO,1958
3,8,23,4,9,2565,UA,SFO,1957
5,8,24,5,9,2565,UA,SFO,1956
-5,8,25,6,9,2565,UA,SFO,1955
28,8,26,7,9,2565,UA,SFO,1954
1,8,27,1,9,2565,UA,SFO,1953
1,8,28,2,9,2565,UA,SFO,1952
-5,8,29,3,9,2565,UA,SFO,1951
18,8,30,4,9,2565,UA,SFO,1950
1,8,31,5,9,2565,UA,SFO,1949
51,8,1,3,14,2565,UA,SFO,1979
59,8,2,4,14,2565,UA,SFO,1978
-3,8,3,5,14,2565,UA,SFO,1977
2,8,4,6,14,2565,UA,SFO,1976
-2,8,5,7,14,2565,UA,SFO,1975
2,8,6,1,14,2565,UA,SFO,1974
28,8,7,2,14,2565,UA,SFO,1973
-1,8,9,4,14,2565,UA,SFO,1971
129,8,10,5,14,2565,UA,SFO,1970
0,8,11,6,14,2565,UA,SFO,1969
3,8,12,7,14,2565,UA,SFO,1968
4,8,13,1,14,2565,UA,SFO,1967
1,8,14,2,14,2565,UA,SFO,1966
3,8,15,3,14,2565,UA,SFO,1965
6,8,16,4,14,2565,UA,SFO,1964
-4,8,17,5,14,2565,UA,SFO,1963
0,8,18,6,14,2565,UA,SFO,1962
3,8,19,7,14,2565,UA,SFO,1961
-2,8,20,1,14,2565,UA,SFO,1960
-2,8,21,2,14,2565,UA,SFO,1959
-5,8,22,3,14,2565,UA,SFO,1958
-2,8,23,4,14,2565,UA,SFO,1957
-1,8,24,5,14,2565,UA,SFO,1956
41,8,25,6,14,2565,UA,SFO,1955
-4,8,27,1,14,2565,UA,SFO,1953
28,8,28,2,14,2565,UA,SFO,1952
-7,8,29,3,14,2565,UA,SFO,1951
-1,8,30,4,14,2565,UA,SFO,1950
-3,8,31,5,14,2565,UA,SFO,1949
0,8,1,3,19,2565,UA,SFO,1979
47,8,3,5,19,2565,UA,SFO,1977
-2,8,5,7,19,2565,UA,SFO,1975
-1,8,6,1,19,2565,UA,SFO,1974
80,8,7,2,19,2565,UA,SFO,1973
0,8,8,3,19,2565,UA,SFO,1972
33,8,9,4,19,2565,UA,SFO,1971
114,8,10,5,19,2565,UA,SFO,1970
5,8,12,7,19,2565,UA,SFO,1968
71,8,13,1,19,2565,UA,SFO,1967
-7,8,14,2,19,2565,UA,SFO,1966
-3,8,15,3,19,2565,UA,SFO,1965
3,8,16,4,19,2565,UA,SFO,1964
-5,8,17,5,19,2565,UA,SFO,1963
47,8,19,7,19,2565,UA,SFO,1961
-6,8,20,1,19,2565,UA,SFO,1960
-1,8,21,2,19,2565,UA,SFO,1959
-9,8,22,3,19,2565,UA,SFO,1958
-2,8,23,4,19,2565,UA,SFO,1957
0,8,24,5,19,2565,UA,SFO,1956
0,8,26,7,19,2565,UA,SFO,1954
32,8,27,1,19,2565,UA,SFO,1953
25,8,28,2,19,2565,UA,SFO,1952
3,8,29,3,19,2565,UA,SFO,1951
44,8,30,4,19,2565,UA,SFO,1950
152,8,31,5,19,2565,UA,SFO,1949
-2,8,1,3,18,2565,UA,SFO,1979
94,8,2,4,18,2565,UA,SFO,1978
3,8,3,5,18,2565,UA,SFO,1977
77,8,4,6,18,2565,UA,SFO,1976
22,8,6,1,18,2565,UA,SFO,1974
4,8,7,2,18,2565,UA,SFO,1973
13,8,8,3,18,2565,UA,SFO,1972
73,8,9,4,18,2565,UA,SFO,1971
132,8,10,5,18,2565,UA,SFO,1970
56,8,11,6,18,2565,UA,SFO,1969
104,8,13,1,18,2565,UA,SFO,1967
35,8,14,2,18,2565,UA,SFO,1966
-2,8,15,3,18,2565,UA,SFO,1965
24,8,16,4,18,2565,UA,SFO,1964
1,8,17,5,18,2565,UA,SFO,1963
20,8,18,6,18,2565,UA,SFO,1962
6,8,20,1,18,2565,UA,SFO,1960
6,8,21,2,18,2565,UA,SFO,1959
11,8,22,3,18,2565,UA,SFO,1958
0,8,23,4,18,2565,UA,SFO,1957
-2,8,24,5,18,2565,UA,SFO,1956
72,8,25,6,18,2565,UA,SFO,1955
46,8,27,1,18,2565,UA,SFO,1953
186,8,28,2,18,2565,UA,SFO,1952
-3,8,29,3,18,2565,UA,SFO,1951
45,8,30,4,18,2565,UA,SFO,1950
54,8,31,5,18,2565,UA,SFO,1949
6,8,1,3,7,2565,UA,SFO,1979
-3,8,2,4,7,2565,UA,SFO,1978
2,8,3,5,7,2565,UA,SFO,1977
0,8,4,6,6,2565,UA,SFO,1976
-5,8,5,7,7,2565,UA,SFO,1975
-2,8,6,1,7,2565,UA,SFO,1974
0,8,7,2,7,2565,UA,SFO,1973
-3,8,8,3,7,2565,UA,SFO,1972
-1,8,9,4,7,2565,UA,SFO,1971
-3,8,10,5,7,2565,UA,SFO,1970
7,8,11,6,6,2565,UA,SFO,1969
-2,8,12,7,7,2565,UA,SFO,1968
-1,8,13,1,7,2565,UA,SFO,1967
2,8,14,2,7,2565,UA,SFO,1966
17,8,15,3,7,2565,UA,SFO,1965
-1,8,16,4,7,2565,UA,SFO,1964
-5,8,17,5,7,2565,UA,SFO,1963
-2,8,18,6,6,2565,UA,SFO,1962
-4,8,19,7,7,2565,UA,SFO,1961
-2,8,20,1,7,2565,UA,SFO,1960
6,8,22,3,7,2565,UA,SFO,1958
-4,8,23,4,7,2565,UA,SFO,1957
61,8,24,5,7,2565,UA,SFO,1956
-1,8,25,6,6,2565,UA,SFO,1955
-4,8,26,7,7,2565,UA,SFO,1954
-2,8,27,1,7,2565,UA,SFO,1953
0,8,28,2,7,2565,UA,SFO,1952
-4,8,29,3,7,2565,UA,SFO,1951
-5,8,30,4,7,2565,UA,SFO,1950
-7,8,31,5,7,2565,UA,SFO,1949
-1,8,1,3,7,2454,UA,LAX,1979
-4,8,2,4,7,2454,UA,LAX,1978
-4,8,3,5,7,2454,UA,LAX,1977
0,8,4,6,7,2454,UA,LAX,1976
20,8,5,7,7,2454,UA,LAX,1975
-7,8,6,1,7,2454,UA,LAX,1974
131,8,7,2,7,2454,UA,LAX,1973
0,8,8,3,7,2454,UA,LAX,1972
1,8,9,4,7,2454,UA,LAX,1971
13,8,10,5,7,2454,UA,LAX,1970
12,8,11,6,7,2454,UA,LAX,1969
-3,8,12,7,7,2454,UA,LAX,1968
-3,8,13,1,7,2454,UA,LAX,1967
1,8,14,2,7,2454,UA,LAX,1966
-4,8,15,3,7,2454,UA,LAX,1965
5,8,16,4,7,2454,UA,LAX,1964
-4,8,17,5,7,2454,UA,LAX,1963
-1,8,18,6,7,2454,UA,LAX,1962
5,8,19,7,7,2454,UA,LAX,1961
-3,8,20,1,7,2454,UA,LAX,1960
8,8,21,2,7,2454,UA,LAX,1959
-4,8,22,3,7,2454,UA,LAX,1958
-2,8,23,4,7,2454,UA,LAX,1957
-3,8,24,5,7,2454,UA,LAX,1956
-2,8,25,6,7,2454,UA,LAX,1955
-3,8,26,7,7,2454,UA,LAX,1954
-6,8,27,1,7,2454,UA,LAX,1953
-3,8,28,2,7,2454,UA,LAX,1952
-4,8,29,3,7,2454,UA,LAX,1951
-2,8,30,4,7,2454,UA,LAX,1950
-4,8,31,5,7,2454,UA,LAX,1949
6,8,1,3,12,2454,UA,LAX,1979
-1,8,2,4,12,2454,UA,LAX,1978
-1,8,3,5,12,2454,UA,LAX,1977
-4,8,4,6,12,2454,UA,LAX,1976
-1,8,5,7,12,2454,UA,LAX,1975
-2,8,6,1,12,2454,UA,LAX,1974
0,8,7,2,12,2454,UA,LAX,1973
-6,8,8,3,12,2454,UA,LAX,1972
-4,8,9,4,12,2454,UA,LAX,1971
-6,8,10,5,12,2454,UA,LAX,1970
36,8,11,6,12,2454,UA,LAX,1969
122,8,12,7,12,2454,UA,LAX,1968
-9,8,13,1,12,2454,UA,LAX,1967
-2,8,14,2,12,2454,UA,LAX,1966
-2,8,15,3,12,2454,UA,LAX,1965
-4,8,16,4,12,2454,UA,LAX,1964
2,8,17,5,12,2454,UA,LAX,1963
-6,8,18,6,12,2454,UA,LAX,1962
-2,8,19,7,12,2454,UA,LAX,1961
-2,8,20,1,12,2454,UA,LAX,1960
-3,8,21,2,12,2454,UA,LAX,1959
-3,8,22,3,12,2454,UA,LAX,1958
33,8,23,4,12,2454,UA,LAX,1957
-2,8,24,5,12,2454,UA,LAX,1956
-1,8,25,6,12,2454,UA,LAX,1955
131,8,26,7,12,2454,UA,LAX,1954
-2,8,27,1,12,2454,UA,LAX,1953
-5,8,28,2,12,2454,UA,LAX,1952
-11,8,29,3,12,2454,UA,LAX,1951
-5,8,30,4,12,2454,UA,LAX,1950
-1,8,1,3,17,2454,UA,LAX,1979
-2,8,2,4,17,2454,UA,LAX,1978
25,8,3,5,17,2454,UA,LAX,1977
0,8,4,6,17,2454,UA,LAX,1976
-3,8,5,7,17,2454,UA,LAX,1975
19,8,6,1,17,2454,UA,LAX,1974
-2,8,7,2,17,2454,UA,LAX,1973
31,8,8,3,17,2454,UA,LAX,1972
15,8,9,4,17,2454,UA,LAX,1971
63,8,10,5,17,2454,UA,LAX,1970
11,8,11,6,17,2454,UA,LAX,1969
4,8,12,7,17,2454,UA,LAX,1968
-1,8,13,1,17,2454,UA,LAX,1967
-1,8,14,2,17,2454,UA,LAX,1966
-3,8,15,3,17,2454,UA,LAX,1965
-3,8,16,4,17,2454,UA,LAX,1964
0,8,17,5,17,2454,UA,LAX,1963
14,8,18,6,17,2454,UA,LAX,1962
14,8,19,7,17,2454,UA,LAX,1961
-1,8,20,1,17,2454,UA,LAX,1960
38,8,21,2,17,2454,UA,LAX,1959
1,8,22,3,17,2454,UA,LAX,1958
101,8,23,4,17,2454,UA,LAX,1957
-3,8,24,5,17,2454,UA,LAX,1956
11,8,25,6,17,2454,UA,LAX,1955
1,8,26,7,17,2454,UA,LAX,1954
0,8,27,1,17,2454,UA,LAX,1953
132,8,28,2,17,2454,UA,LAX,1952
56,8,29,3,17,2454,UA,LAX,1951
15,8,30,4,17,2454,UA,LAX,1950
79,8,31,5,17,2454,UA,LAX,1949
5,8,1,3,20,2454,UA,LAX,1979
-3,8,2,4,20,2454,UA,LAX,1978
103,8,3,5,20,2454,UA,LAX,1977
3,8,5,7,20,2454,UA,LAX,1975
47,8,6,1,20,2454,UA,LAX,1974
152,8,7,2,20,2454,UA,LAX,1973
9,8,8,3,20,2454,UA,LAX,1972
100,8,9,4,20,2454,UA,LAX,1971
145,8,10,5,20,2454,UA,LAX,1970
21,8,12,7,20,2454,UA,LAX,1968
24,8,13,1,20,2454,UA,LAX,1967
38,8,14,2,20,2454,UA,LAX,1966
75,8,15,3,20,2454,UA,LAX,1965
-3,8,16,4,20,2454,UA,LAX,1964
-2,8,17,5,20,2454,UA,LAX,1963
2,8,19,7,20,2454,UA,LAX,1961
23,8,20,1,20,2454,UA,LAX,1960
12,8,21,2,20,2454,UA,LAX,1959
10,8,22,3,20,2454,UA,LAX,1958
16,8,23,4,20,2454,UA,LAX,1957
1,8,24,5,20,2454,UA,LAX,1956
8,8,26,7,20,2454,UA,LAX,1954
-5,8,27,1,20,2454,UA,LAX,1953
49,8,28,2,20,2454,UA,LAX,1952
-6,8,29,3,20,2454,UA,LAX,1951
26,8,30,4,20,2454,UA,LAX,1950
53,8,31,5,20,2454,UA,LAX,1949
-2,8,1,3,11,1605,UA,DEN,1979
0,8,2,4,11,1605,UA,DEN,1978
0,8,3,5,11,1605,UA,DEN,1977
-3,8,4,6,11,1605,UA,DEN,1976
-4,8,5,7,11,1605,UA,DEN,1975
-3,8,6,1,11,1605,UA,DEN,1974
-2,8,7,2,11,1605,UA,DEN,1973
12,8,8,3,11,1605,UA,DEN,1972
1,8,9,4,11,1605,UA,DEN,1971
3,8,10,5,11,1605,UA,DEN,1970
14,8,11,6,11,1605,UA,DEN,1969
1,8,12,7,11,1605,UA,DEN,1968
8,8,13,1,11,1605,UA,DEN,1967
-3,8,14,2,11,1605,UA,DEN,1966
0,8,15,3,11,1605,UA,DEN,1965
2,8,16,4,11,1605,UA,DEN,1964
-4,8,17,5,11,1605,UA,DEN,1963
-3,8,18,6,11,1605,UA,DEN,1962
-3,8,19,7,11,1605,UA,DEN,1961
-3,8,20,1,11,1605,UA,DEN,1960
1,8,21,2,11,1605,UA,DEN,1959
0,8,22,3,11,1605,UA,DEN,1958
-2,8,23,4,11,1605,UA,DEN,1957
-1,8,24,5,11,1605,UA,DEN,1956
0,8,25,6,11,1605,UA,DEN,1955
0,8,26,7,11,1605,UA,DEN,1954
-1,8,27,1,11,1605,UA,DEN,1953
-4,8,28,2,11,1605,UA,DEN,1952
13,8,29,3,11,1605,UA,DEN,1951
-6,8,30,4,11,1605,UA,DEN,1950
7,8,31,5,11,1605,UA,DEN,1949
-2,8,1,3,8,1605,UA,DEN,1979
-5,8,2,4,8,1605,UA,DEN,1978
-3,8,3,5,8,1605,UA,DEN,1977
2,8,4,6,8,1605,UA,DEN,1976
-5,8,5,7,8,1605,UA,DEN,1975
-2,8,6,1,8,1605,UA,DEN,1974
-1,8,7,2,8,1605,UA,DEN,1973
2,8,8,3,8,1605,UA,DEN,1972
1,8,9,4,8,1605,UA,DEN,1971
-1,8,10,5,8,1605,UA,DEN,1970
-1,8,11,6,8,1605,UA,DEN,1969
-5,8,12,7,8,1605,UA,DEN,1968
-1,8,13,1,8,1605,UA,DEN,1967
-4,8,14,2,8,1605,UA,DEN,1966
9,8,15,3,8,1605,UA,DEN,1965
-2,8,1,3,18,1605,UA,DEN,1979
7,8,2,4,18,1605,UA,DEN,1978
38,8,3,5,18,1605,UA,DEN,1977
-2,8,4,6,18,1605,UA,DEN,1976
-1,8,5,7,18,1605,UA,DEN,1975
126,8,6,1,18,1605,UA,DEN,1974
8,8,7,2,18,1605,UA,DEN,1973
-3,8,8,3,18,1605,UA,DEN,1972
5,8,9,4,18,1605,UA,DEN,1971
140,8,10,5,18,1605,UA,DEN,1970
123,8,11,6,18,1605,UA,DEN,1969
42,8,12,7,18,1605,UA,DEN,1968
3,8,13,1,18,1605,UA,DEN,1967
3,8,14,2,18,1605,UA,DEN,1966
55,8,15,3,18,1605,UA,DEN,1965
6,8,16,4,18,1605,UA,DEN,1964
-2,8,17,5,18,1605,UA,DEN,1963
-1,8,18,6,18,1605,UA,DEN,1962
83,8,19,7,18,1605,UA,DEN,1961
10,8,20,1,18,1605,UA,DEN,1960
64,8,21,2,18,1605,UA,DEN,1959
173,8,22,3,18,1605,UA,DEN,1958
10,8,23,4,18,1605,UA,DEN,1957
47,8,24,5,18,1605,UA,DEN,1956
1,8,25,6,18,1605,UA,DEN,1955
1,8,26,7,18,1605,UA,DEN,1954
-5,8,27,1,18,1605,UA,DEN,1953
37,8,28,2,18,1605,UA,DEN,1952
-2,8,29,3,18,1605,UA,DEN,1951
14,8,30,4,18,1605,UA,DEN,1950
11,8,31,5,18,1605,UA,DEN,1949
-4,8,1,3,6,719,UA,ORD,1979
-5,8,2,4,6,719,UA,ORD,1978
-1,8,3,5,6,719,UA,ORD,1977
-3,8,5,7,6,719,UA,ORD,1975
-4,8,6,1,6,719,UA,ORD,1974
0,8,7,2,6,719,UA,ORD,1973
-2,8,8,3,6,719,UA,ORD,1972
-4,8,9,4,6,719,UA,ORD,1971
-3,8,10,5,6,719,UA,ORD,1970
-1,8,12,7,6,719,UA,ORD,1968
-3,8,13,1,6,719,UA,ORD,1967
19,8,14,2,6,719,UA,ORD,1966
-2,8,15,3,6,719,UA,ORD,1965
-3,8,16,4,6,719,UA,ORD,1964
-3,8,17,5,6,719,UA,ORD,1963
-2,8,20,1,6,719,UA,ORD,1960
-2,8,21,2,6,719,UA,ORD,1959
-7,8,22,3,6,719,UA,ORD,1958
30,8,23,4,6,719,UA,ORD,1957
-4,8,24,5,6,719,UA,ORD,1956
2,8,26,7,6,719,UA,ORD,1954
-4,8,27,1,6,719,UA,ORD,1953
-5,8,28,2,6,719,UA,ORD,1952
2,8,29,3,6,719,UA,ORD,1951
-5,8,30,4,6,719,UA,ORD,1950
-2,8,31,5,6,719,UA,ORD,1949
2,8,1,3,7,719,UA,ORD,1979
-6,8,2,4,7,719,UA,ORD,1978
-6,8,3,5,7,719,UA,ORD,1977
-4,8,4,6,7,719,UA,ORD,1976
-1,8,5,7,7,719,UA,ORD,1975
-5,8,6,1,7,719,UA,ORD,1974
-5,8,7,2,7,719,UA,ORD,1973
-4,8,8,3,7,719,UA,ORD,1972
-6,8,9,4,7,719,UA,ORD,1971
-6,8,10,5,7,719,UA,ORD,1970
-1,8,11,6,7,719,UA,ORD,1969
-6,8,12,7,7,719,UA,ORD,1968
-6,8,13,1,7,719,UA,ORD,1967
-6,8,14,2,7,719,UA,ORD,1966
-5,8,15,3,7,719,UA,ORD,1965
0,8,16,4,7,719,UA,ORD,1964
-5,8,17,5,7,719,UA,ORD,1963
-5,8,18,6,7,719,UA,ORD,1962
33,8,19,7,7,719,UA,ORD,1961
-5,8,20,1,7,719,UA,ORD,1960
-2,8,21,2,7,719,UA,ORD,1959
-4,8,22,3,7,719,UA,ORD,1958
-5,8,23,4,7,719,UA,ORD,1957
-2,8,24,5,7,719,UA,ORD,1956
-6,8,25,6,7,719,UA,ORD,1955
-4,8,26,7,7,719,UA,ORD,1954
-4,8,27,1,7,719,UA,ORD,1953
-9,8,28,2,7,719,UA,ORD,1952
-3,8,29,3,7,719,UA,ORD,1951
-5,8,30,4,7,719,UA,ORD,1950
-5,8,31,5,7,719,UA,ORD,1949
61,8,2,4,8,719,UA,ORD,1978
-4,8,3,5,8,719,UA,ORD,1977
6,8,4,6,8,719,UA,ORD,1976
65,8,5,7,8,719,UA,ORD,1975
-4,8,6,1,8,719,UA,ORD,1974
-3,8,7,2,8,719,UA,ORD,1973
-2,8,8,3,8,719,UA,ORD,1972
-6,8,9,4,8,719,UA,ORD,1971
-4,8,10,5,8,719,UA,ORD,1970
23,8,11,6,8,719,UA,ORD,1969
-4,8,12,7,8,719,UA,ORD,1968
-4,8,13,1,8,719,UA,ORD,1967
2,8,15,3,8,719,UA,ORD,1965
-1,8,16,4,8,719,UA,ORD,1964
-2,8,17,5,8,719,UA,ORD,1963
-3,8,18,6,8,719,UA,ORD,1962
4,8,19,7,8,719,UA,ORD,1961
-3,8,20,1,8,719,UA,ORD,1960
29,8,22,3,8,719,UA,ORD,1958
6,8,25,6,8,719,UA,ORD,1955
-2,8,26,7,8,719,UA,ORD,1954
-2,8,27,1,8,719,UA,ORD,1953
-4,8,28,2,8,719,UA,ORD,1952
-5,8,30,4,8,719,UA,ORD,1950
41,8,31,5,8,719,UA,ORD,1949
-4,8,1,3,9,719,UA,ORD,1979
54,8,2,4,9,719,UA,ORD,1978
-1,8,3,5,9,719,UA,ORD,1977
34,8,4,6,9,719,UA,ORD,1976
-1,8,5,7,9,719,UA,ORD,1975
-6,8,6,1,9,719,UA,ORD,1974
29,8,8,3,9,719,UA,ORD,1972
0,8,9,4,9,719,UA,ORD,1971
-2,8,10,5,9,719,UA,ORD,1970
2,8,11,6,9,719,UA,ORD,1969
-2,8,12,7,9,719,UA,ORD,1968
-2,8,13,1,9,719,UA,ORD,1967
-5,8,15,3,9,719,UA,ORD,1965
-2,8,16,4,9,719,UA,ORD,1964
-1,8,17,5,9,719,UA,ORD,1963
-1,8,18,6,9,719,UA,ORD,1962
-5,8,19,7,9,719,UA,ORD,1961
-3,8,20,1,9,719,UA,ORD,1960
0,8,21,2,9,719,UA,ORD,1959
39,8,22,3,9,719,UA,ORD,1958
5,8,23,4,9,719,UA,ORD,1957
-5,8,24,5,9,719,UA,ORD,1956
97,8,25,6,9,719,UA,ORD,1955
-2,8,26,7,9,719,UA,ORD,1954
2,8,27,1,9,719,UA,ORD,1953
21,8,28,2,9,719,UA,ORD,1952
-4,8,29,3,9,719,UA,ORD,1951
-5,8,30,4,9,719,UA,ORD,1950
-2,8,31,5,9,719,UA,ORD,1949
-6,8,1,3,10,719,UA,ORD,1979
207,8,2,4,10,719,UA,ORD,1978
29,8,3,5,10,719,UA,ORD,1977
-2,8,4,6,10,719,UA,ORD,1976
-1,8,5,7,10,719,UA,ORD,1975
9,8,6,1,10,719,UA,ORD,1974
6,8,7,2,10,719,UA,ORD,1973
-5,8,9,4,10,719,UA,ORD,1971
-4,8,10,5,10,719,UA,ORD,1970
53,8,11,6,10,719,UA,ORD,1969
-3,8,12,7,10,719,UA,ORD,1968
1,8,13,1,10,719,UA,ORD,1967
-9,8,15,3,10,719,UA,ORD,1965
62,8,16,4,10,719,UA,ORD,1964
-1,8,17,5,10,719,UA,ORD,1963
32,8,18,6,10,719,UA,ORD,1962
-5,8,19,7,10,719,UA,ORD,1961
22,8,20,1,10,719,UA,ORD,1960
-4,8,21,2,10,719,UA,ORD,1959
19,8,23,4,10,719,UA,ORD,1957
170,8,25,6,10,719,UA,ORD,1955
-3,8,26,7,10,719,UA,ORD,1954
-1,8,27,1,10,719,UA,ORD,1953
-2,8,28,2,10,719,UA,ORD,1952
-4,8,30,4,10,719,UA,ORD,1950
-6,8,1,3,11,719,UA,ORD,1979
-4,8,4,6,11,719,UA,ORD,1976
-3,8,5,7,11,719,UA,ORD,1975
-3,8,6,1,11,719,UA,ORD,1974
1,8,7,2,11,719,UA,ORD,1973
26,8,8,3,11,719,UA,ORD,1972
3,8,9,4,11,719,UA,ORD,1971
2,8,10,5,11,719,UA,ORD,1970
9,8,11,6,11,719,UA,ORD,1969
-6,8,12,7,11,719,UA,ORD,1968
-3,8,13,1,11,719,UA,ORD,1967
-2,8,14,2,11,719,UA,ORD,1966
-2,8,15,3,11,719,UA,ORD,1965
54,8,16,4,11,719,UA,ORD,1964
-5,8,17,5,11,719,UA,ORD,1963
-5,8,18,6,11,719,UA,ORD,1962
-4,8,19,7,11,719,UA,ORD,1961
-2,8,20,1,11,719,UA,ORD,1960
0,8,21,2,11,719,UA,ORD,1959
32,8,22,3,11,719,UA,ORD,1958
-5,8,23,4,11,719,UA,ORD,1957
-4,8,24,5,11,719,UA,ORD,1956
117,8,25,6,11,719,UA,ORD,1955
-3,8,26,7,11,719,UA,ORD,1954
-6,8,27,1,11,719,UA,ORD,1953
-4,8,28,2,11,719,UA,ORD,1952
-6,8,29,3,11,719,UA,ORD,1951
-3,8,30,4,11,719,UA,ORD,1950
-2,8,31,5,11,719,UA,ORD,1949
-2,8,1,3,12,719,UA,ORD,1979
140,8,2,4,12,719,UA,ORD,1978
111,8,3,5,12,719,UA,ORD,1977
-4,8,6,1,12,719,UA,ORD,1974
-5,8,7,2,12,719,UA,ORD,1973
-3,8,10,5,12,719,UA,ORD,1970
-2,8,13,1,12,719,UA,ORD,1967
-3,8,14,2,12,719,UA,ORD,1966
2,8,15,3,12,719,UA,ORD,1965
26,8,16,4,12,719,UA,ORD,1964
-2,8,17,5,12,719,UA,ORD,1963
7,8,20,1,12,719,UA,ORD,1960
-2,8,21,2,12,719,UA,ORD,1959
96,8,22,3,12,719,UA,ORD,1958
-7,8,23,4,12,719,UA,ORD,1957
-1,8,24,5,12,719,UA,ORD,1956
-3,8,27,1,12,719,UA,ORD,1953
-4,8,28,2,12,719,UA,ORD,1952
-5,8,29,3,12,719,UA,ORD,1951
-3,8,30,4,12,719,UA,ORD,1950
-3,8,31,5,12,719,UA,ORD,1949
-7,8,1,3,13,719,UA,ORD,1979
121,8,2,4,13,719,UA,ORD,1978
25,8,3,5,13,719,UA,ORD,1977
-6,8,4,6,13,719,UA,ORD,1976
-6,8,5,7,13,719,UA,ORD,1975
-6,8,6,1,13,719,UA,ORD,1974
-5,8,7,2,13,719,UA,ORD,1973
-1,8,8,3,13,719,UA,ORD,1972
163,8,10,5,13,719,UA,ORD,1970
1,8,11,6,13,719,UA,ORD,1969
-4,8,12,7,13,719,UA,ORD,1968
-3,8,13,1,13,719,UA,ORD,1967
-5,8,14,2,13,719,UA,ORD,1966
-6,8,15,3,13,719,UA,ORD,1965
47,8,16,4,13,719,UA,ORD,1964
-4,8,17,5,13,719,UA,ORD,1963
-6,8,18,6,13,719,UA,ORD,1962
-1,8,19,7,13,719,UA,ORD,1961
-4,8,20,1,13,719,UA,ORD,1960
-5,8,21,2,13,719,UA,ORD,1959
-4,8,23,4,13,719,UA,ORD,1957
-6,8,24,5,13,719,UA,ORD,1956
40,8,25,6,13,719,UA,ORD,1955
-5,8,26,7,13,719,UA,ORD,1954
-4,8,27,1,13,719,UA,ORD,1953
-5,8,28,2,13,719,UA,ORD,1952
-5,8,29,3,13,719,UA,ORD,1951
-4,8,30,4,13,719,UA,ORD,1950
-4,8,31,5,13,719,UA,ORD,1949
-8,8,1,3,14,719,UA,ORD,1979
30,8,3,5,14,719,UA,ORD,1977
-4,8,4,6,14,719,UA,ORD,1976
2,8,5,7,14,719,UA,ORD,1975
-4,8,6,1,14,719,UA,ORD,1974
-3,8,7,2,14,719,UA,ORD,1973
10,8,8,3,14,719,UA,ORD,1972
3,8,9,4,14,719,UA,ORD,1971
103,8,10,5,14,719,UA,ORD,1970
90,8,11,6,14,719,UA,ORD,1969
-2,8,12,7,14,719,UA,ORD,1968
69,8,13,1,14,719,UA,ORD,1967
-5,8,14,2,14,719,UA,ORD,1966
-4,8,15,3,14,719,UA,ORD,1965
44,8,16,4,14,719,UA,ORD,1964
38,8,17,5,14,719,UA,ORD,1963
-3,8,18,6,14,719,UA,ORD,1962
-1,8,19,7,14,719,UA,ORD,1961
16,8,20,1,14,719,UA,ORD,1960
-5,8,21,2,14,719,UA,ORD,1959
44,8,22,3,14,719,UA,ORD,1958
-6,8,23,4,14,719,UA,ORD,1957
-3,8,24,5,14,719,UA,ORD,1956
19,8,25,6,14,719,UA,ORD,1955
20,8,26,7,14,719,UA,ORD,1954
-6,8,27,1,14,719,UA,ORD,1953
-6,8,28,2,14,719,UA,ORD,1952
-6,8,29,3,14,719,UA,ORD,1951
7,8,30,4,14,719,UA,ORD,1950
10,8,31,5,14,719,UA,ORD,1949
-2,8,1,3,16,719,UA,ORD,1979
78,8,2,4,16,719,UA,ORD,1978
1,8,3,5,16,719,UA,ORD,1977
-6,8,4,6,16,719,UA,ORD,1976
4,8,5,7,16,719,UA,ORD,1975
-4,8,6,1,16,719,UA,ORD,1974
2,8,7,2,16,719,UA,ORD,1973
-3,8,8,3,16,719,UA,ORD,1972
4,8,9,4,16,719,UA,ORD,1971
33,8,11,6,16,719,UA,ORD,1969
76,8,13,1,16,719,UA,ORD,1967
-2,8,14,2,16,719,UA,ORD,1966
-4,8,15,3,16,719,UA,ORD,1965
-3,8,17,5,16,719,UA,ORD,1963
1,8,18,6,16,719,UA,ORD,1962
-3,8,19,7,16,719,UA,ORD,1961
-3,8,20,1,16,719,UA,ORD,1960
-3,8,21,2,16,719,UA,ORD,1959
58,8,22,3,16,719,UA,ORD,1958
1,8,23,4,16,719,UA,ORD,1957
3,8,24,5,16,719,UA,ORD,1956
-7,8,25,6,16,719,UA,ORD,1955
-4,8,26,7,16,719,UA,ORD,1954
95,8,27,1,16,719,UA,ORD,1953
-4,8,28,2,16,719,UA,ORD,1952
-4,8,29,3,16,719,UA,ORD,1951
1,8,30,4,16,719,UA,ORD,1950
2,8,31,5,16,719,UA,ORD,1949
-2,8,1,3,17,719,UA,ORD,1979
108,8,2,4,17,719,UA,ORD,1978
5,8,3,5,17,719,UA,ORD,1977
-6,8,5,7,17,719,UA,ORD,1975
-4,8,6,1,17,719,UA,ORD,1974
150,8,7,2,17,719,UA,ORD,1973
-1,8,8,3,17,719,UA,ORD,1972
1,8,9,4,17,719,UA,ORD,1971
82,8,10,5,17,719,UA,ORD,1970
2,8,12,7,17,719,UA,ORD,1968
65,8,13,1,17,719,UA,ORD,1967
11,8,14,2,17,719,UA,ORD,1966
0,8,15,3,17,719,UA,ORD,1965
36,8,16,4,17,719,UA,ORD,1964
-3,8,17,5,17,719,UA,ORD,1963
-4,8,19,7,17,719,UA,ORD,1961
15,8,20,1,17,719,UA,ORD,1960
-1,8,21,2,17,719,UA,ORD,1959
0,8,23,4,17,719,UA,ORD,1957
6,8,26,7,17,719,UA,ORD,1954
58,8,27,1,17,719,UA,ORD,1953
0,8,28,2,17,719,UA,ORD,1952
2,8,29,3,17,719,UA,ORD,1951
-2,8,30,4,17,719,UA,ORD,1950
41,8,31,5,17,719,UA,ORD,1949
-3,8,1,3,18,719,UA,ORD,1979
1,8,3,5,18,719,UA,ORD,1977
81,8,4,6,18,719,UA,ORD,1976
-2,8,5,7,18,719,UA,ORD,1975
-5,8,6,1,18,719,UA,ORD,1974
-1,8,7,2,18,719,UA,ORD,1973
2,8,8,3,18,719,UA,ORD,1972
251,8,9,4,18,719,UA,ORD,1971
29,8,11,6,18,719,UA,ORD,1969
0,8,12,7,18,719,UA,ORD,1968
139,8,13,1,18,719,UA,ORD,1967
-9,8,14,2,18,719,UA,ORD,1966
-3,8,15,3,18,719,UA,ORD,1965
28,8,16,4,18,719,UA,ORD,1964
-5,8,17,5,18,719,UA,ORD,1963
-1,8,18,6,18,719,UA,ORD,1962
-1,8,19,7,18,719,UA,ORD,1961
-8,8,21,2,18,719,UA,ORD,1959
165,8,22,3,18,719,UA,ORD,1958
-1,8,23,4,18,719,UA,ORD,1957
-5,8,24,5,18,719,UA,ORD,1956
-6,8,26,7,18,719,UA,ORD,1954
149,8,28,2,18,719,UA,ORD,1952
-5,8,29,3,18,719,UA,ORD,1951
2,8,30,4,18,719,UA,ORD,1950
148,8,2,4,19,719,UA,ORD,1978
34,8,3,5,19,719,UA,ORD,1977
-1,8,5,7,19,719,UA,ORD,1975
-4,8,6,1,19,719,UA,ORD,1974
42,8,7,2,19,719,UA,ORD,1973
-5,8,8,3,19,719,UA,ORD,1972
136,8,12,7,19,719,UA,ORD,1968
73,8,14,2,19,719,UA,ORD,1966
-1,8,15,3,19,719,UA,ORD,1965
-2,8,16,4,19,719,UA,ORD,1964
31,8,17,5,19,719,UA,ORD,1963
117,8,19,7,19,719,UA,ORD,1961
115,8,22,3,19,719,UA,ORD,1958
-1,8,23,4,19,719,UA,ORD,1957
26,8,24,5,19,719,UA,ORD,1956
110,8,26,7,19,719,UA,ORD,1954
0,8,29,3,19,719,UA,ORD,1951
35,8,30,4,19,719,UA,ORD,1950
58,8,31,5,19,719,UA,ORD,1949
-2,8,1,3,6,719,UA,ORD,1979
-2,8,2,4,6,719,UA,ORD,1978
88,8,3,5,6,719,UA,ORD,1977
-6,8,5,7,6,719,UA,ORD,1975
-6,8,6,1,6,719,UA,ORD,1974
-4,8,7,2,6,719,UA,ORD,1973
-2,8,8,3,6,719,UA,ORD,1972
-4,8,9,4,6,719,UA,ORD,1971
3,8,11,6,6,719,UA,ORD,1969
-2,8,12,7,6,719,UA,ORD,1968
-6,8,13,1,6,719,UA,ORD,1967
44,8,14,2,6,719,UA,ORD,1966
-5,8,15,3,6,719,UA,ORD,1965
-3,8,16,4,6,719,UA,ORD,1964
-4,8,17,5,6,719,UA,ORD,1963
2,8,18,6,6,719,UA,ORD,1962
-2,8,19,7,6,719,UA,ORD,1961
-4,8,20,1,6,719,UA,ORD,1960
-5,8,21,2,6,719,UA,ORD,1959
-6,8,22,3,6,719,UA,ORD,1958
0,8,23,4,6,719,UA,ORD,1957
-1,8,24,5,6,719,UA,ORD,1956
-1,8,25,6,6,719,UA,ORD,1955
-3,8,26,7,6,719,UA,ORD,1954
-4,8,27,1,6,719,UA,ORD,1953
1,8,28,2,6,719,UA,ORD,1952
-4,8,29,3,6,719,UA,ORD,1951
-4,8,30,4,6,719,UA,ORD,1950
1,8,31,5,6,719,UA,ORD,1949
0,8,1,3,20,719,UA,ORD,1979
41,8,2,4,20,719,UA,ORD,1978
43,8,3,5,20,719,UA,ORD,1977
-1,8,5,7,20,719,UA,ORD,1975
80,8,6,1,20,719,UA,ORD,1974
94,8,7,2,20,719,UA,ORD,1973
24,8,8,3,20,719,UA,ORD,1972
170,8,9,4,20,719,UA,ORD,1971
127,8,10,5,20,719,UA,ORD,1970
72,8,12,7,20,719,UA,ORD,1968
153,8,13,1,20,719,UA,ORD,1967
26,8,14,2,20,719,UA,ORD,1966
25,8,15,3,20,719,UA,ORD,1965
33,8,16,4,20,719,UA,ORD,1964
0,8,17,5,20,719,UA,ORD,1963
59,8,19,7,20,719,UA,ORD,1961
12,8,20,1,20,719,UA,ORD,1960
41,8,21,2,20,719,UA,ORD,1959
0,8,23,4,20,719,UA,ORD,1957
6,8,24,5,20,719,UA,ORD,1956
82,8,26,7,20,719,UA,ORD,1954
78,8,27,1,20,719,UA,ORD,1953
101,8,28,2,20,719,UA,ORD,1952
-3,8,29,3,20,719,UA,ORD,1951
122,8,30,4,20,719,UA,ORD,1950
52,8,31,5,20,719,UA,ORD,1949
-4,8,1,3,8,2565,UA,SFO,1979
-3,8,2,4,8,2565,UA,SFO,1978
-4,8,3,5,8,2565,UA,SFO,1977
-1,8,4,6,8,2565,UA,SFO,1976
-2,8,5,7,8,2565,UA,SFO,1975
-5,8,6,1,8,2565,UA,SFO,1974
4,8,7,2,8,2565,UA,SFO,1973
-2,8,8,3,8,2565,UA,SFO,1972
43,8,9,4,8,2565,UA,SFO,1971
0,8,10,5,8,2565,UA,SFO,1970
2,8,11,6,8,2565,UA,SFO,1969
-2,8,12,7,8,2565,UA,SFO,1968
-3,8,13,1,8,2565,UA,SFO,1967
-1,8,14,2,8,2565,UA,SFO,1966
-1,8,15,3,8,2565,UA,SFO,1965
-1,8,16,4,8,2565,UA,SFO,1964
-1,8,18,6,8,2565,UA,SFO,1962
-1,8,19,7,8,2565,UA,SFO,1961
0,8,20,1,8,2565,UA,SFO,1960
-1,8,21,2,8,2565,UA,SFO,1959
1,8,22,3,8,2565,UA,SFO,1958
-3,8,23,4,8,2565,UA,SFO,1957
2,8,25,6,8,2565,UA,SFO,1955
-3,8,27,1,8,2565,UA,SFO,1953
-2,8,28,2,8,2565,UA,SFO,1952
-3,8,29,3,8,2565,UA,SFO,1951
-5,8,30,4,8,2565,UA,SFO,1950
-2,8,31,5,8,2565,UA,SFO,1949
8,8,1,3,15,1605,UA,DEN,1979
16,8,2,4,15,1605,UA,DEN,1978
-2,8,3,5,15,1605,UA,DEN,1977
-5,8,4,6,15,1605,UA,DEN,1976
-3,8,5,7,15,1605,UA,DEN,1975
3,8,6,1,15,1605,UA,DEN,1974
12,8,7,2,15,1605,UA,DEN,1973
27,8,8,3,15,1605,UA,DEN,1972
146,8,9,4,15,1605,UA,DEN,1971
81,8,10,5,15,1605,UA,DEN,1970
-1,8,11,6,15,1605,UA,DEN,1969
4,8,12,7,15,1605,UA,DEN,1968
5,8,13,1,15,1605,UA,DEN,1967
-4,8,14,2,15,1605,UA,DEN,1966
108,8,15,3,15,1605,UA,DEN,1965
47,8,16,4,15,1605,UA,DEN,1964
6,8,17,5,15,1605,UA,DEN,1963
-2,8,18,6,15,1605,UA,DEN,1962
0,8,19,7,15,1605,UA,DEN,1961
8,8,20,1,15,1605,UA,DEN,1960
-2,8,21,2,15,1605,UA,DEN,1959
10,8,22,3,15,1605,UA,DEN,1958
-5,8,23,4,15,1605,UA,DEN,1957
0,8,24,5,15,1605,UA,DEN,1956
0,8,25,6,15,1605,UA,DEN,1955
3,8,26,7,15,1605,UA,DEN,1954
9,8,27,1,15,1605,UA,DEN,1953
-3,8,28,2,15,1605,UA,DEN,1952
-5,8,29,3,15,1605,UA,DEN,1951
-2,8,30,4,15,1605,UA,DEN,1950
-1,8,31,5,15,1605,UA,DEN,1949
7,8,1,3,15,719,UA,ORD,1979
-2,8,6,1,15,719,UA,ORD,1974
-4,8,8,3,15,719,UA,ORD,1972
2,8,9,4,15,719,UA,ORD,1971
70,8,13,1,15,719,UA,ORD,1967
-4,8,14,2,15,719,UA,ORD,1966
7,8,15,3,15,719,UA,ORD,1965
65,8,16,4,15,719,UA,ORD,1964
36,8,17,5,15,719,UA,ORD,1963
-6,8,20,1,15,719,UA,ORD,1960
78,8,21,2,15,719,UA,ORD,1959
-6,8,23,4,15,719,UA,ORD,1957
-1,8,24,5,15,719,UA,ORD,1956
117,8,27,1,15,719,UA,ORD,1953
-4,8,28,2,15,719,UA,ORD,1952
-7,8,29,3,15,719,UA,ORD,1951
32,8,30,4,15,719,UA,ORD,1950
-3,8,1,3,6,1605,UA,DEN,1979
-4,8,2,4,6,1605,UA,DEN,1978
1,8,3,5,6,1605,UA,DEN,1977
7,8,4,6,6,1605,UA,DEN,1976
-4,8,5,7,6,1605,UA,DEN,1975
-6,8,6,1,6,1605,UA,DEN,1974
-4,8,7,2,6,1605,UA,DEN,1973
-5,8,8,3,6,1605,UA,DEN,1972
0,8,9,4,6,1605,UA,DEN,1971
-3,8,10,5,6,1605,UA,DEN,1970
62,8,11,6,6,1605,UA,DEN,1969
1,8,12,7,6,1605,UA,DEN,1968
-6,8,13,1,6,1605,UA,DEN,1967
-6,8,14,2,6,1605,UA,DEN,1966
-2,8,15,3,6,1605,UA,DEN,1965
-3,8,16,4,6,1605,UA,DEN,1964
-4,8,17,5,6,1605,UA,DEN,1963
-3,8,18,6,6,1605,UA,DEN,1962
-1,8,19,7,6,1605,UA,DEN,1961
-1,8,20,1,6,1605,UA,DEN,1960
-2,8,21,2,6,1605,UA,DEN,1959
-2,8,22,3,6,1605,UA,DEN,1958
-1,8,23,4,6,1605,UA,DEN,1957
-1,8,24,5,6,1605,UA,DEN,1956
-2,8,25,6,6,1605,UA,DEN,1955
-2,8,26,7,6,1605,UA,DEN,1954
-3,8,27,1,6,1605,UA,DEN,1953
-4,8,28,2,6,1605,UA,DEN,1952
-3,8,29,3,6,1605,UA,DEN,1951
-3,8,30,4,6,1605,UA,DEN,1950
0,8,31,5,6,1605,UA,DEN,1949
120,8,1,3,16,1605,UA,DEN,1979
11,8,2,4,16,1605,UA,DEN,1978
68,8,3,5,16,1605,UA,DEN,1977
-5,8,4,6,16,1605,UA,DEN,1976
-8,8,5,7,16,1605,UA,DEN,1975
-4,8,6,1,16,1605,UA,DEN,1974
8,8,7,2,16,1605,UA,DEN,1973
0,8,8,3,16,1605,UA,DEN,1972
-2,8,9,4,16,1605,UA,DEN,1971
226,8,10,5,16,1605,UA,DEN,1970
38,8,11,6,16,1605,UA,DEN,1969
85,8,12,7,16,1605,UA,DEN,1968
133,8,13,1,16,1605,UA,DEN,1967
-5,8,14,2,16,1605,UA,DEN,1966
-3,8,15,3,16,1605,UA,DEN,1965
49,8,16,4,16,1605,UA,DEN,1964
-3,8,17,5,16,1605,UA,DEN,1963
-2,8,18,6,16,1605,UA,DEN,1962
-1,8,19,7,16,1605,UA,DEN,1961
-3,8,20,1,16,1605,UA,DEN,1960
-3,8,21,2,16,1605,UA,DEN,1959
100,8,22,3,16,1605,UA,DEN,1958
3,8,23,4,16,1605,UA,DEN,1957
-2,8,24,5,16,1605,UA,DEN,1956
108,8,25,6,16,1605,UA,DEN,1955
-2,8,26,7,16,1605,UA,DEN,1954
52,8,27,1,16,1605,UA,DEN,1953
-6,8,29,3,16,1605,UA,DEN,1951
-5,8,30,4,16,1605,UA,DEN,1950
131,8,31,5,16,1605,UA,DEN,1949
-2,8,16,4,8,1605,UA,DEN,1964
21,8,17,5,8,1605,UA,DEN,1963
-2,8,18,6,8,1605,UA,DEN,1962
-3,8,19,7,8,1605,UA,DEN,1961
2,8,20,1,8,1605,UA,DEN,1960
-3,8,21,2,8,1605,UA,DEN,1959
-5,8,22,3,8,1605,UA,DEN,1958
-3,8,23,4,8,1605,UA,DEN,1957
-3,8,24,5,8,1605,UA,DEN,1956
-1,8,25,6,8,1605,UA,DEN,1955
-3,8,26,7,8,1605,UA,DEN,1954
154,8,27,1,8,1605,UA,DEN,1953
-5,8,28,2,8,1605,UA,DEN,1952
-4,8,29,3,8,1605,UA,DEN,1951
-4,8,30,4,8,1605,UA,DEN,1950
-3,8,31,5,8,1605,UA,DEN,1949
35,8,1,3,16,529,US,CLT,1979
7,8,2,4,16,529,US,CLT,1978
-2,8,3,5,16,529,US,CLT,1977
130,8,4,6,16,529,US,CLT,1976
-4,8,6,1,16,529,US,CLT,1974
2,8,7,2,16,529,US,CLT,1973
-3,8,8,3,16,529,US,CLT,1972
119,8,9,4,16,529,US,CLT,1971
73,8,10,5,16,529,US,CLT,1970
116,8,12,7,16,529,US,CLT,1968
0,8,14,2,16,529,US,CLT,1966
11,8,15,3,16,529,US,CLT,1965
22,8,16,4,16,529,US,CLT,1964
-1,8,17,5,16,529,US,CLT,1963
-5,8,18,6,16,529,US,CLT,1962
7,8,19,7,16,529,US,CLT,1961
-3,8,20,1,16,529,US,CLT,1960
-4,8,21,2,16,529,US,CLT,1959
-2,8,22,3,16,529,US,CLT,1958
12,8,23,4,16,529,US,CLT,1957
26,8,24,5,16,529,US,CLT,1956
20,8,25,6,16,529,US,CLT,1955
1,8,26,7,16,529,US,CLT,1954
114,8,27,1,16,529,US,CLT,1953
-2,8,29,3,16,529,US,CLT,1951
13,8,30,4,16,529,US,CLT,1950
192,8,31,5,16,529,US,CLT,1949
9,8,1,3,11,745,DL,ATL,1979
3,8,2,4,11,745,DL,ATL,1978
35,8,3,5,11,745,DL,ATL,1977
2,8,4,6,11,745,DL,ATL,1976
10,8,5,7,11,745,DL,ATL,1975
7,8,6,1,11,745,DL,ATL,1974
1,8,7,2,11,745,DL,ATL,1973
-1,8,8,3,11,745,DL,ATL,1972
7,8,9,4,11,745,DL,ATL,1971
5,8,10,5,11,745,DL,ATL,1970
104,8,11,6,11,745,DL,ATL,1969
10,8,12,7,11,745,DL,ATL,1968
7,8,13,1,11,745,DL,ATL,1967
18,8,14,2,11,745,DL,ATL,1966
2,8,15,3,11,745,DL,ATL,1965
15,8,16,4,11,745,DL,ATL,1964
3,8,17,5,11,745,DL,ATL,1963
7,8,18,6,11,745,DL,ATL,1962
2,8,19,7,11,745,DL,ATL,1961
10,8,20,1,11,745,DL,ATL,1960
0,8,21,2,11,745,DL,ATL,1959
1,8,22,3,11,745,DL,ATL,1958
9,8,23,4,11,745,DL,ATL,1957
15,8,24,5,11,745,DL,ATL,1956
0,8,25,6,11,745,DL,ATL,1955
2,8,26,7,11,745,DL,ATL,1954
31,8,27,1,11,745,DL,ATL,1953
0,8,28,2,11,745,DL,ATL,1952
1,8,29,3,11,745,DL,ATL,1951
56,8,30,4,11,745,DL,ATL,1950
5,8,31,5,11,745,DL,ATL,1949
9,8,1,3,6,569,DL,CVG,1979
1,8,2,4,6,569,DL,CVG,1978
6,8,3,5,6,569,DL,CVG,1977
-2,8,4,6,6,569,DL,CVG,1976
-3,8,5,7,6,569,DL,CVG,1975
1,8,6,1,6,569,DL,CVG,1974
10,8,7,2,6,569,DL,CVG,1973
10,8,8,3,6,569,DL,CVG,1972
-6,8,9,4,6,569,DL,CVG,1971
9,8,10,5,6,569,DL,CVG,1970
9,8,11,6,6,569,DL,CVG,1969
6,8,12,7,6,569,DL,CVG,1968
16,8,13,1,6,569,DL,CVG,1967
5,8,14,2,6,569,DL,CVG,1966
-1,8,16,4,6,569,DL,CVG,1964
12,8,17,5,6,569,DL,CVG,1963
41,8,18,6,6,569,DL,CVG,1962
10,8,19,7,6,569,DL,CVG,1961
5,8,20,1,6,569,DL,CVG,1960
0,8,21,2,6,569,DL,CVG,1959
-3,8,22,3,6,569,DL,CVG,1958
9,8,23,4,6,569,DL,CVG,1957
2,8,24,5,6,569,DL,CVG,1956
-1,8,25,6,6,569,DL,CVG,1955
3,8,26,7,6,569,DL,CVG,1954
4,8,27,1,6,569,DL,CVG,1953
1,8,28,2,6,569,DL,CVG,1952
-3,8,29,3,6,569,DL,CVG,1951
9,8,30,4,6,569,DL,CVG,1950
1,8,31,5,6,569,DL,CVG,1949
3,8,1,3,17,569,DL,CVG,1979
19,8,2,4,17,569,DL,CVG,1978
62,8,3,5,17,569,DL,CVG,1977
105,8,4,6,17,569,DL,CVG,1976
5,8,5,7,17,569,DL,CVG,1975
2,8,7,2,17,569,DL,CVG,1973
3,8,8,3,17,569,DL,CVG,1972
13,8,9,4,17,569,DL,CVG,1971
8,8,11,6,17,569,DL,CVG,1969
58,8,12,7,17,569,DL,CVG,1968
171,8,13,1,17,569,DL,CVG,1967
-2,8,14,2,17,569,DL,CVG,1966
6,8,16,4,17,569,DL,CVG,1964
13,8,17,5,17,569,DL,CVG,1963
-1,8,18,6,17,569,DL,CVG,1962
92,8,19,7,17,569,DL,CVG,1961
15,8,20,1,17,569,DL,CVG,1960
3,8,21,2,17,569,DL,CVG,1959
1,8,22,3,17,569,DL,CVG,1958
19,8,23,4,17,569,DL,CVG,1957
27,8,24,5,17,569,DL,CVG,1956
99,8,25,6,17,569,DL,CVG,1955
1,8,26,7,17,569,DL,CVG,1954
56,8,27,1,17,569,DL,CVG,1953
-1,8,29,3,17,569,DL,CVG,1951
52,8,30,4,17,569,DL,CVG,1950
365,8,31,5,17,569,DL,CVG,1949
4,8,1,3,16,745,DL,ATL,1979
112,8,2,4,16,745,DL,ATL,1978
6,8,3,5,16,745,DL,ATL,1977
44,8,4,6,16,745,DL,ATL,1976
1,8,5,7,16,745,DL,ATL,1975
0,8,6,1,16,745,DL,ATL,1974
-4,8,7,2,16,745,DL,ATL,1973
84,8,8,3,16,745,DL,ATL,1972
1,8,9,4,16,745,DL,ATL,1971
182,8,11,6,16,745,DL,ATL,1969
24,8,12,7,16,745,DL,ATL,1968
174,8,13,1,16,745,DL,ATL,1967
10,8,14,2,16,745,DL,ATL,1966
4,8,15,3,16,745,DL,ATL,1965
6,8,16,4,16,745,DL,ATL,1964
20,8,17,5,16,745,DL,ATL,1963
2,8,18,6,16,745,DL,ATL,1962
2,8,19,7,16,745,DL,ATL,1961
5,8,20,1,16,745,DL,ATL,1960
17,8,21,2,16,745,DL,ATL,1959
12,8,22,3,16,745,DL,ATL,1958
5,8,23,4,16,745,DL,ATL,1957
6,8,24,5,16,745,DL,ATL,1956
2,8,25,6,16,745,DL,ATL,1955
9,8,26,7,16,745,DL,ATL,1954
101,8,27,1,16,745,DL,ATL,1953
8,8,28,2,16,745,DL,ATL,1952
1,8,29,3,16,745,DL,ATL,1951
18,8,30,4,16,745,DL,ATL,1950
4,8,1,3,15,745,DL,ATL,1979
44,8,2,4,15,745,DL,ATL,1978
11,8,3,5,15,745,DL,ATL,1977
9,8,6,1,15,745,DL,ATL,1974
1,8,7,2,15,745,DL,ATL,1973
3,8,8,3,15,745,DL,ATL,1972
6,8,9,4,15,745,DL,ATL,1971
49,8,13,1,15,745,DL,ATL,1967
8,8,14,2,15,745,DL,ATL,1966
9,8,15,3,15,745,DL,ATL,1965
-2,8,16,4,15,745,DL,ATL,1964
4,8,17,5,15,745,DL,ATL,1963
6,8,20,1,15,745,DL,ATL,1960
13,8,21,2,15,745,DL,ATL,1959
7,8,22,3,15,745,DL,ATL,1958
6,8,23,4,15,745,DL,ATL,1957
14,8,24,5,15,745,DL,ATL,1956
143,8,27,1,15,745,DL,ATL,1953
8,8,29,3,15,745,DL,ATL,1951
0,8,30,4,15,745,DL,ATL,1950
58,8,31,5,15,745,DL,ATL,1949
19,8,1,3,13,569,DL,CVG,1979
7,8,2,4,13,569,DL,CVG,1978
0,8,3,5,13,569,DL,CVG,1977
-2,8,4,6,13,569,DL,CVG,1976
-1,8,5,7,13,569,DL,CVG,1975
0,8,6,1,13,569,DL,CVG,1974
7,8,7,2,13,569,DL,CVG,1973
1,8,8,3,13,569,DL,CVG,1972
6,8,9,4,13,569,DL,CVG,1971
270,8,10,5,13,569,DL,CVG,1970
57,8,11,6,13,569,DL,CVG,1969
0,8,12,7,13,569,DL,CVG,1968
3,8,13,1,13,569,DL,CVG,1967
2,8,14,2,13,569,DL,CVG,1966
11,8,15,3,13,569,DL,CVG,1965
54,8,16,4,13,569,DL,CVG,1964
3,8,17,5,13,569,DL,CVG,1963
9,8,18,6,13,569,DL,CVG,1962
-3,8,19,7,13,569,DL,CVG,1961
9,8,20,1,13,569,DL,CVG,1960
1,8,21,2,13,569,DL,CVG,1959
8,8,22,3,13,569,DL,CVG,1958
5,8,23,4,13,569,DL,CVG,1957
6,8,24,5,13,569,DL,CVG,1956
-3,8,25,6,13,569,DL,CVG,1955
7,8,26,7,13,569,DL,CVG,1954
6,8,27,1,13,569,DL,CVG,1953
-8,8,28,2,13,569,DL,CVG,1952
-4,8,29,3,13,569,DL,CVG,1951
0,8,30,4,13,569,DL,CVG,1950
78,8,31,5,13,569,DL,CVG,1949
0,8,1,3,6,745,DL,ATL,1979
5,8,2,4,6,745,DL,ATL,1978
5,8,3,5,6,745,DL,ATL,1977
14,8,4,6,6,745,DL,ATL,1976
9,8,5,7,6,745,DL,ATL,1975
9,8,6,1,6,745,DL,ATL,1974
19,8,7,2,6,745,DL,ATL,1973
-2,8,8,3,6,745,DL,ATL,1972
-3,8,9,4,6,745,DL,ATL,1971
18,8,10,5,6,745,DL,ATL,1970
38,8,11,6,6,745,DL,ATL,1969
6,8,12,7,6,745,DL,ATL,1968
6,8,13,1,6,745,DL,ATL,1967
22,8,14,2,6,745,DL,ATL,1966
38,8,15,3,6,745,DL,ATL,1965
6,8,16,4,6,745,DL,ATL,1964
0,8,17,5,6,745,DL,ATL,1963
6,8,18,6,6,745,DL,ATL,1962
5,8,19,7,6,745,DL,ATL,1961
8,8,20,1,6,745,DL,ATL,1960
1,8,21,2,6,745,DL,ATL,1959
-1,8,22,3,6,745,DL,ATL,1958
28,8,23,4,6,745,DL,ATL,1957
5,8,24,5,6,745,DL,ATL,1956
-4,8,25,6,6,745,DL,ATL,1955
7,8,26,7,6,745,DL,ATL,1954
0,8,27,1,6,745,DL,ATL,1953
-2,8,28,2,6,745,DL,ATL,1952
-2,8,29,3,6,745,DL,ATL,1951
-4,8,30,4,6,745,DL,ATL,1950
0,8,31,5,6,745,DL,ATL,1949
6,8,1,3,17,1968,DL,SLC,1979
31,8,2,4,17,1968,DL,SLC,1978
35,8,3,5,17,1968,DL,SLC,1977
71,8,4,6,17,1968,DL,SLC,1976
11,8,5,7,17,1968,DL,SLC,1975
11,8,6,1,17,1968,DL,SLC,1974
6,8,7,2,17,1968,DL,SLC,1973
8,8,8,3,17,1968,DL,SLC,1972
38,8,9,4,17,1968,DL,SLC,1971
50,8,10,5,17,1968,DL,SLC,1970
246,8,11,6,17,1968,DL,SLC,1969
85,8,12,7,17,1968,DL,SLC,1968
198,8,13,1,17,1968,DL,SLC,1967
8,8,14,2,17,1968,DL,SLC,1966
5,8,15,3,17,1968,DL,SLC,1965
15,8,16,4,17,1968,DL,SLC,1964
14,8,17,5,17,1968,DL,SLC,1963
15,8,18,6,17,1968,DL,SLC,1962
52,8,19,7,17,1968,DL,SLC,1961
5,8,20,1,17,1968,DL,SLC,1960
-4,8,21,2,17,1968,DL,SLC,1959
-1,8,22,3,17,1968,DL,SLC,1958
19,8,23,4,17,1968,DL,SLC,1957
9,8,24,5,17,1968,DL,SLC,1956
18,8,25,6,17,1968,DL,SLC,1955
6,8,26,7,17,1968,DL,SLC,1954
189,8,27,1,17,1968,DL,SLC,1953
136,8,28,2,17,1968,DL,SLC,1952
7,8,29,3,17,1968,DL,SLC,1951
22,8,30,4,17,1968,DL,SLC,1950
316,8,31,5,17,1968,DL,SLC,1949
4,8,1,3,12,745,DL,ATL,1979
5,8,2,4,12,745,DL,ATL,1978
1,8,3,5,12,745,DL,ATL,1977
7,8,4,6,12,745,DL,ATL,1976
7,8,5,7,12,745,DL,ATL,1975
4,8,6,1,12,745,DL,ATL,1974
4,8,7,2,12,745,DL,ATL,1973
-1,8,8,3,12,745,DL,ATL,1972
8,8,9,4,12,745,DL,ATL,1971
1,8,10,5,12,745,DL,ATL,1970
65,8,11,6,12,745,DL,ATL,1969
1,8,12,7,12,745,DL,ATL,1968
-1,8,13,1,12,745,DL,ATL,1967
13,8,14,2,12,745,DL,ATL,1966
-2,8,15,3,12,745,DL,ATL,1965
5,8,16,4,12,745,DL,ATL,1964
12,8,17,5,12,745,DL,ATL,1963
0,8,18,6,12,745,DL,ATL,1962
3,8,19,7,12,745,DL,ATL,1961
4,8,20,1,12,745,DL,ATL,1960
7,8,21,2,12,745,DL,ATL,1959
-1,8,22,3,12,745,DL,ATL,1958
250,8,23,4,12,745,DL,ATL,1957
9,8,24,5,12,745,DL,ATL,1956
7,8,25,6,12,745,DL,ATL,1955
0,8,26,7,12,745,DL,ATL,1954
79,8,27,1,12,745,DL,ATL,1953
-5,8,28,2,12,745,DL,ATL,1952
2,8,29,3,12,745,DL,ATL,1951
35,8,30,4,12,745,DL,ATL,1950
5,8,31,5,12,745,DL,ATL,1949
4,8,1,3,18,745,DL,ATL,1979
39,8,2,4,18,745,DL,ATL,1978
18,8,3,5,18,745,DL,ATL,1977
169,8,4,6,18,745,DL,ATL,1976
4,8,5,7,18,745,DL,ATL,1975
5,8,6,1,18,745,DL,ATL,1974
2,8,7,2,18,745,DL,ATL,1973
21,8,8,3,18,745,DL,ATL,1972
34,8,9,4,18,745,DL,ATL,1971
175,8,11,6,18,745,DL,ATL,1969
32,8,12,7,18,745,DL,ATL,1968
5,8,14,2,18,745,DL,ATL,1966
-1,8,15,3,18,745,DL,ATL,1965
11,8,16,4,18,745,DL,ATL,1964
4,8,17,5,18,745,DL,ATL,1963
10,8,18,6,18,745,DL,ATL,1962
30,8,19,7,18,745,DL,ATL,1961
0,8,20,1,18,745,DL,ATL,1960
-1,8,21,2,18,745,DL,ATL,1959
5,8,22,3,18,745,DL,ATL,1958
3,8,23,4,18,745,DL,ATL,1957
9,8,24,5,18,745,DL,ATL,1956
4,8,25,6,18,745,DL,ATL,1955
2,8,26,7,18,745,DL,ATL,1954
1,8,29,3,18,745,DL,ATL,1951
16,8,30,4,18,745,DL,ATL,1950
87,8,31,5,18,745,DL,ATL,1949
-6,8,1,3,19,745,DL,ATL,1979
18,8,2,4,19,745,DL,ATL,1978
7,8,3,5,19,745,DL,ATL,1977
12,8,5,7,19,745,DL,ATL,1975
9,8,6,1,19,745,DL,ATL,1974
-2,8,8,3,19,745,DL,ATL,1972
8,8,9,4,19,745,DL,ATL,1971
18,8,12,7,19,745,DL,ATL,1968
299,8,13,1,19,745,DL,ATL,1967
-3,8,14,2,19,745,DL,ATL,1966
10,8,15,3,19,745,DL,ATL,1965
5,8,16,4,19,745,DL,ATL,1964
0,8,17,5,19,745,DL,ATL,1963
6,8,18,6,19,745,DL,ATL,1962
58,8,19,7,19,745,DL,ATL,1961
-2,8,20,1,19,745,DL,ATL,1960
2,8,21,2,19,745,DL,ATL,1959
0,8,22,3,19,745,DL,ATL,1958
4,8,23,4,19,745,DL,ATL,1957
3,8,24,5,19,745,DL,ATL,1956
2,8,25,6,19,745,DL,ATL,1955
67,8,26,7,19,745,DL,ATL,1954
77,8,28,2,19,745,DL,ATL,1952
-3,8,29,3,19,745,DL,ATL,1951
38,8,30,4,19,745,DL,ATL,1950
215,8,31,5,19,745,DL,ATL,1949
2,8,1,3,7,1968,DL,SLC,1979
-1,8,2,4,7,1968,DL,SLC,1978
5,8,3,5,7,1968,DL,SLC,1977
15,8,4,6,7,1968,DL,SLC,1976
3,8,5,7,7,1968,DL,SLC,1975
0,8,6,1,7,1968,DL,SLC,1974
-1,8,7,2,7,1968,DL,SLC,1973
4,8,8,3,7,1968,DL,SLC,1972
6,8,9,4,7,1968,DL,SLC,1971
2,8,10,5,7,1968,DL,SLC,1970
71,8,11,6,7,1968,DL,SLC,1969
7,8,12,7,7,1968,DL,SLC,1968
7,8,13,1,7,1968,DL,SLC,1967
34,8,14,2,7,1968,DL,SLC,1966
9,8,15,3,7,1968,DL,SLC,1965
3,8,16,4,7,1968,DL,SLC,1964
1,8,17,5,7,1968,DL,SLC,1963
65,8,18,6,7,1968,DL,SLC,1962
47,8,19,7,7,1968,DL,SLC,1961
29,8,20,1,7,1968,DL,SLC,1960
2,8,21,2,7,1968,DL,SLC,1959
-1,8,22,3,7,1968,DL,SLC,1958
6,8,23,4,7,1968,DL,SLC,1957
5,8,24,5,7,1968,DL,SLC,1956
21,8,25,6,7,1968,DL,SLC,1955
4,8,26,7,7,1968,DL,SLC,1954
-1,8,27,1,7,1968,DL,SLC,1953
7,8,28,2,7,1968,DL,SLC,1952
-4,8,29,3,7,1968,DL,SLC,1951
0,8,30,4,7,1968,DL,SLC,1950
2,8,31,5,7,1968,DL,SLC,1949
-1,8,1,3,10,745,DL,ATL,1979
127,8,2,4,10,745,DL,ATL,1978
2,8,3,5,10,745,DL,ATL,1977
5,8,4,6,10,745,DL,ATL,1976
2,8,5,7,10,745,DL,ATL,1975
5,8,6,1,10,745,DL,ATL,1974
1,8,7,2,10,745,DL,ATL,1973
8,8,8,3,10,745,DL,ATL,1972
1,8,9,4,10,745,DL,ATL,1971
7,8,10,5,10,745,DL,ATL,1970
22,8,11,6,10,745,DL,ATL,1969
3,8,12,7,10,745,DL,ATL,1968
14,8,13,1,10,745,DL,ATL,1967
10,8,14,2,10,745,DL,ATL,1966
5,8,15,3,10,745,DL,ATL,1965
3,8,16,4,10,745,DL,ATL,1964
0,8,17,5,10,745,DL,ATL,1963
1,8,18,6,10,745,DL,ATL,1962
0,8,19,7,10,745,DL,ATL,1961
11,8,20,1,10,745,DL,ATL,1960
3,8,22,3,10,745,DL,ATL,1958
6,8,23,4,10,745,DL,ATL,1957
1,8,24,5,10,745,DL,ATL,1956
-2,8,25,6,10,745,DL,ATL,1955
14,8,26,7,10,745,DL,ATL,1954
2,8,27,1,10,745,DL,ATL,1953
0,8,28,2,10,745,DL,ATL,1952
0,8,29,3,10,745,DL,ATL,1951
2,8,30,4,10,745,DL,ATL,1950
12,8,31,5,10,745,DL,ATL,1949
0,8,1,3,11,1065,DL,FLL,1979
7,8,2,4,11,1065,DL,FLL,1978
4,8,3,5,11,1065,DL,FLL,1977
13,8,4,6,11,1065,DL,FLL,1976
-1,8,5,7,11,1065,DL,FLL,1975
-1,8,6,1,11,1065,DL,FLL,1974
6,8,7,2,11,1065,DL,FLL,1973
0,8,8,3,11,1065,DL,FLL,1972
25,8,9,4,11,1065,DL,FLL,1971
-8,8,10,5,11,1065,DL,FLL,1970
25,8,11,6,11,1065,DL,FLL,1969
-1,8,12,7,11,1065,DL,FLL,1968
1,8,13,1,11,1065,DL,FLL,1967
142,8,14,2,11,1065,DL,FLL,1966
0,8,15,3,11,1065,DL,FLL,1965
9,8,16,4,11,1065,DL,FLL,1964
9,8,17,5,11,1065,DL,FLL,1963
0,8,18,6,11,1065,DL,FLL,1962
1,8,19,7,11,1065,DL,FLL,1961
75,8,21,2,11,1065,DL,FLL,1959
0,8,22,3,11,1065,DL,FLL,1958
1,8,23,4,11,1065,DL,FLL,1957
-2,8,24,5,11,1065,DL,FLL,1956
-1,8,25,6,11,1065,DL,FLL,1955
-2,8,26,7,11,1065,DL,FLL,1954
-6,8,27,1,11,1065,DL,FLL,1953
-1,8,28,2,11,1065,DL,FLL,1952
-2,8,29,3,11,1065,DL,FLL,1951
114,8,30,4,11,1065,DL,FLL,1950
-2,8,31,5,11,1065,DL,FLL,1949
7,8,1,3,15,938,DL,MCO,1979
11,8,2,4,15,938,DL,MCO,1978
-2,8,3,5,15,938,DL,MCO,1977
14,8,4,6,15,938,DL,MCO,1976
70,8,5,7,15,938,DL,MCO,1975
1,8,6,1,15,938,DL,MCO,1974
6,8,7,2,15,938,DL,MCO,1973
12,8,8,3,15,938,DL,MCO,1972
12,8,9,4,15,938,DL,MCO,1971
14,8,11,6,15,938,DL,MCO,1969
107,8,13,1,15,938,DL,MCO,1967
-10,8,14,2,15,938,DL,MCO,1966
2,8,15,3,15,938,DL,MCO,1965
-7,8,16,4,15,938,DL,MCO,1964
73,8,17,5,15,938,DL,MCO,1963
8,8,18,6,15,938,DL,MCO,1962
229,8,19,7,15,938,DL,MCO,1961
0,8,20,1,15,938,DL,MCO,1960
0,8,21,2,15,938,DL,MCO,1959
3,8,22,3,15,938,DL,MCO,1958
21,8,23,4,15,938,DL,MCO,1957
4,8,24,5,15,938,DL,MCO,1956
3,8,25,6,15,938,DL,MCO,1955
-9,8,26,7,15,938,DL,MCO,1954
52,8,27,1,15,938,DL,MCO,1953
-6,8,28,2,15,938,DL,MCO,1952
-1,8,29,3,15,938,DL,MCO,1951
-1,8,30,4,15,938,DL,MCO,1950
38,8,31,5,15,938,DL,MCO,1949
-1,8,1,3,19,1065,DL,FLL,1979
-5,8,2,4,19,1065,DL,FLL,1978
47,8,3,5,19,1065,DL,FLL,1977
247,8,4,6,19,1065,DL,FLL,1976
5,8,5,7,19,1065,DL,FLL,1975
12,8,6,1,19,1065,DL,FLL,1974
-2,8,7,2,19,1065,DL,FLL,1973
2,8,8,3,19,1065,DL,FLL,1972
16,8,9,4,19,1065,DL,FLL,1971
136,8,10,5,19,1065,DL,FLL,1970
201,8,11,6,19,1065,DL,FLL,1969
161,8,12,7,19,1065,DL,FLL,1968
180,8,13,1,19,1065,DL,FLL,1967
118,8,14,2,19,1065,DL,FLL,1966
7,8,15,3,19,1065,DL,FLL,1965
2,8,16,4,19,1065,DL,FLL,1964
4,8,17,5,19,1065,DL,FLL,1963
4,8,18,6,19,1065,DL,FLL,1962
126,8,19,7,19,1065,DL,FLL,1961
12,8,20,1,19,1065,DL,FLL,1960
5,8,21,2,19,1065,DL,FLL,1959
7,8,22,3,19,1065,DL,FLL,1958
123,8,23,4,19,1065,DL,FLL,1957
8,8,24,5,19,1065,DL,FLL,1956
-2,8,25,6,19,1065,DL,FLL,1955
3,8,26,7,19,1065,DL,FLL,1954
379,8,27,1,19,1065,DL,FLL,1953
40,8,28,2,19,1065,DL,FLL,1952
-2,8,29,3,19,1065,DL,FLL,1951
32,8,30,4,19,1065,DL,FLL,1950
259,8,31,5,19,1065,DL,FLL,1949
-1,8,1,3,8,1065,DL,FLL,1979
2,8,2,4,8,1065,DL,FLL,1978
3,8,3,5,8,1065,DL,FLL,1977
3,8,4,6,8,1065,DL,FLL,1976
6,8,5,7,8,1065,DL,FLL,1975
3,8,6,1,8,1065,DL,FLL,1974
0,8,7,2,8,1065,DL,FLL,1973
-3,8,8,3,8,1065,DL,FLL,1972
1,8,9,4,8,1065,DL,FLL,1971
7,8,10,5,8,1065,DL,FLL,1970
3,8,11,6,8,1065,DL,FLL,1969
8,8,12,7,8,1065,DL,FLL,1968
0,8,13,1,8,1065,DL,FLL,1967
36,8,14,2,8,1065,DL,FLL,1966
22,8,15,3,8,1065,DL,FLL,1965
1,8,16,4,8,1065,DL,FLL,1964
3,8,17,5,8,1065,DL,FLL,1963
26,8,18,6,8,1065,DL,FLL,1962
3,8,19,7,8,1065,DL,FLL,1961
11,8,20,1,8,1065,DL,FLL,1960
-3,8,21,2,8,1065,DL,FLL,1959
5,8,22,3,8,1065,DL,FLL,1958
2,8,23,4,8,1065,DL,FLL,1957
-4,8,24,5,8,1065,DL,FLL,1956
-1,8,25,6,8,1065,DL,FLL,1955
-7,8,26,7,8,1065,DL,FLL,1954
2,8,27,1,8,1065,DL,FLL,1953
-1,8,28,2,8,1065,DL,FLL,1952
2,8,29,3,8,1065,DL,FLL,1951
0,8,30,4,8,1065,DL,FLL,1950
1,8,31,5,8,1065,DL,FLL,1949
2,8,1,3,7,1068,DL,RSW,1979
-2,8,2,4,7,1068,DL,RSW,1978
10,8,3,5,7,1068,DL,RSW,1977
-2,8,4,6,7,1068,DL,RSW,1976
-2,8,5,7,7,1068,DL,RSW,1975
-6,8,6,1,7,1068,DL,RSW,1974
-5,8,7,2,7,1068,DL,RSW,1973
-4,8,8,3,7,1068,DL,RSW,1972
3,8,9,4,7,1068,DL,RSW,1971
-1,8,10,5,7,1068,DL,RSW,1970
-4,8,11,6,7,1068,DL,RSW,1969
2,8,12,7,7,1068,DL,RSW,1968
-4,8,13,1,7,1068,DL,RSW,1967
32,8,15,3,7,1068,DL,RSW,1965
-1,8,16,4,7,1068,DL,RSW,1964
21,8,17,5,7,1068,DL,RSW,1963
33,8,18,6,7,1068,DL,RSW,1962
-2,8,19,7,7,1068,DL,RSW,1961
4,8,20,1,7,1068,DL,RSW,1960
1,8,21,2,7,1068,DL,RSW,1959
3,8,22,3,7,1068,DL,RSW,1958
4,8,23,4,7,1068,DL,RSW,1957
-3,8,24,5,7,1068,DL,RSW,1956
1,8,25,6,7,1068,DL,RSW,1955
-2,8,26,7,7,1068,DL,RSW,1954
2,8,27,1,7,1068,DL,RSW,1953
-4,8,28,2,7,1068,DL,RSW,1952
-4,8,29,3,7,1068,DL,RSW,1951
-2,8,30,4,7,1068,DL,RSW,1950
-2,8,31,5,7,1068,DL,RSW,1949
6,8,1,3,21,938,DL,MCO,1979
27,8,2,4,21,938,DL,MCO,1978
25,8,3,5,21,938,DL,MCO,1977
84,8,4,6,21,938,DL,MCO,1976
46,8,5,7,21,938,DL,MCO,1975
36,8,6,1,21,938,DL,MCO,1974
1,8,7,2,21,938,DL,MCO,1973
31,8,8,3,21,938,DL,MCO,1972
6,8,9,4,21,938,DL,MCO,1971
132,8,11,6,21,938,DL,MCO,1969
134,8,12,7,21,938,DL,MCO,1968
243,8,13,1,21,938,DL,MCO,1967
36,8,14,2,21,938,DL,MCO,1966
163,8,15,3,21,938,DL,MCO,1965
-4,8,16,4,21,938,DL,MCO,1964
3,8,17,5,21,938,DL,MCO,1963
86,8,18,6,21,938,DL,MCO,1962
135,8,19,7,21,938,DL,MCO,1961
15,8,20,1,21,938,DL,MCO,1960
13,8,21,2,21,938,DL,MCO,1959
17,8,22,3,21,938,DL,MCO,1958
28,8,23,4,21,938,DL,MCO,1957
36,8,24,5,21,938,DL,MCO,1956
-7,8,25,6,21,938,DL,MCO,1955
79,8,26,7,21,938,DL,MCO,1954
254,8,27,1,21,938,DL,MCO,1953
120,8,28,2,21,938,DL,MCO,1952
63,8,29,3,21,938,DL,MCO,1951
50,8,30,4,21,938,DL,MCO,1950
169,8,31,5,21,938,DL,MCO,1949
-9,8,1,3,14,1068,DL,RSW,1979
-10,8,2,4,14,1068,DL,RSW,1978
18,8,3,5,14,1068,DL,RSW,1977
18,8,4,6,14,1068,DL,RSW,1976
53,8,5,7,14,1068,DL,RSW,1975
-8,8,6,1,14,1068,DL,RSW,1974
4,8,7,2,14,1068,DL,RSW,1973
29,8,8,3,14,1068,DL,RSW,1972
10,8,11,6,14,1068,DL,RSW,1969
13,8,12,7,14,1068,DL,RSW,1968
-3,8,13,1,14,1068,DL,RSW,1967
140,8,15,3,14,1068,DL,RSW,1965
-3,8,16,4,14,1068,DL,RSW,1964
-1,8,17,5,14,1068,DL,RSW,1963
33,8,18,6,14,1068,DL,RSW,1962
16,8,19,7,14,1068,DL,RSW,1961
-7,8,20,1,14,1068,DL,RSW,1960
-4,8,21,2,14,1068,DL,RSW,1959
1,8,22,3,14,1068,DL,RSW,1958
15,8,23,4,14,1068,DL,RSW,1957
-3,8,24,5,14,1068,DL,RSW,1956
-1,8,25,6,14,1068,DL,RSW,1955
-9,8,26,7,14,1068,DL,RSW,1954
12,8,27,1,14,1068,DL,RSW,1953
-8,8,28,2,14,1068,DL,RSW,1952
-5,8,29,3,14,1068,DL,RSW,1951
14,8,30,4,14,1068,DL,RSW,1950
17,8,1,3,14,938,DL,MCO,1979
14,8,2,4,14,938,DL,MCO,1978
39,8,3,5,14,938,DL,MCO,1977
-4,8,4,6,14,938,DL,MCO,1976
9,8,5,7,14,938,DL,MCO,1975
3,8,6,1,14,938,DL,MCO,1974
0,8,7,2,14,938,DL,MCO,1973
11,8,9,4,14,938,DL,MCO,1971
86,8,10,5,14,938,DL,MCO,1970
19,8,11,6,14,938,DL,MCO,1969
19,8,12,7,14,938,DL,MCO,1968
72,8,13,1,14,938,DL,MCO,1967
-1,8,14,2,14,938,DL,MCO,1966
15,8,15,3,14,938,DL,MCO,1965
40,8,16,4,14,938,DL,MCO,1964
1,8,17,5,14,938,DL,MCO,1963
7,8,18,6,14,938,DL,MCO,1962
4,8,19,7,14,938,DL,MCO,1961
25,8,20,1,14,938,DL,MCO,1960
-3,8,21,2,14,938,DL,MCO,1959
14,8,22,3,14,938,DL,MCO,1958
75,8,23,4,14,938,DL,MCO,1957
3,8,24,5,14,938,DL,MCO,1956
-5,8,25,6,14,938,DL,MCO,1955
-8,8,26,7,14,938,DL,MCO,1954
2,8,27,1,14,938,DL,MCO,1953
-7,8,28,2,14,938,DL,MCO,1952
3,8,29,3,14,938,DL,MCO,1951
9,8,30,4,14,938,DL,MCO,1950
36,8,1,3,17,938,DL,MCO,1979
20,8,2,4,17,938,DL,MCO,1978
22,8,3,5,17,938,DL,MCO,1977
177,8,4,6,17,938,DL,MCO,1976
15,8,5,7,17,938,DL,MCO,1975
5,8,6,1,17,938,DL,MCO,1974
5,8,7,2,17,938,DL,MCO,1973
18,8,8,3,17,938,DL,MCO,1972
30,8,9,4,17,938,DL,MCO,1971
178,8,12,7,17,938,DL,MCO,1968
35,8,14,2,17,938,DL,MCO,1966
32,8,15,3,17,938,DL,MCO,1965
1,8,16,4,17,938,DL,MCO,1964
7,8,17,5,17,938,DL,MCO,1963
43,8,18,6,17,938,DL,MCO,1962
16,8,19,7,17,938,DL,MCO,1961
23,8,20,1,17,938,DL,MCO,1960
1,8,21,2,17,938,DL,MCO,1959
11,8,22,3,17,938,DL,MCO,1958
13,8,23,4,17,938,DL,MCO,1957
4,8,24,5,17,938,DL,MCO,1956
2,8,25,6,17,938,DL,MCO,1955
0,8,26,7,17,938,DL,MCO,1954
101,8,27,1,17,938,DL,MCO,1953
77,8,28,2,17,938,DL,MCO,1952
-1,8,29,3,17,938,DL,MCO,1951
91,8,30,4,17,938,DL,MCO,1950
157,8,31,5,17,938,DL,MCO,1949
-4,8,1,3,7,938,DL,MCO,1979
2,8,2,4,7,938,DL,MCO,1978
0,8,3,5,7,938,DL,MCO,1977
-4,8,4,6,7,938,DL,MCO,1976
-6,8,5,7,7,938,DL,MCO,1975
-3,8,6,1,7,938,DL,MCO,1974
19,8,7,2,7,938,DL,MCO,1973
4,8,8,3,7,938,DL,MCO,1972
3,8,9,4,7,938,DL,MCO,1971
4,8,10,5,7,938,DL,MCO,1970
2,8,11,6,7,938,DL,MCO,1969
7,8,12,7,7,938,DL,MCO,1968
10,8,13,1,7,938,DL,MCO,1967
6,8,14,2,7,938,DL,MCO,1966
2,8,15,3,7,938,DL,MCO,1965
-1,8,16,4,7,938,DL,MCO,1964
7,8,17,5,7,938,DL,MCO,1963
2,8,18,6,7,938,DL,MCO,1962
18,8,19,7,7,938,DL,MCO,1961
1,8,20,1,7,938,DL,MCO,1960
-5,8,21,2,7,938,DL,MCO,1959
2,8,22,3,7,938,DL,MCO,1958
-2,8,23,4,7,938,DL,MCO,1957
1,8,24,5,7,938,DL,MCO,1956
-2,8,25,6,7,938,DL,MCO,1955
0,8,26,7,7,938,DL,MCO,1954
-2,8,27,1,7,938,DL,MCO,1953
-1,8,28,2,7,938,DL,MCO,1952
1,8,29,3,7,938,DL,MCO,1951
-5,8,30,4,7,938,DL,MCO,1950
-7,8,31,5,7,938,DL,MCO,1949
36,8,1,3,11,938,DL,MCO,1979
7,8,2,4,11,938,DL,MCO,1978
0,8,3,5,11,938,DL,MCO,1977
1,8,4,6,11,938,DL,MCO,1976
69,8,5,7,11,938,DL,MCO,1975
35,8,6,1,11,938,DL,MCO,1974
13,8,7,2,11,938,DL,MCO,1973
6,8,8,3,11,938,DL,MCO,1972
-3,8,9,4,11,938,DL,MCO,1971
-2,8,10,5,11,938,DL,MCO,1970
85,8,11,6,11,938,DL,MCO,1969
4,8,12,7,11,938,DL,MCO,1968
-1,8,13,1,11,938,DL,MCO,1967
-4,8,14,2,11,938,DL,MCO,1966
1,8,15,3,11,938,DL,MCO,1965
-5,8,16,4,11,938,DL,MCO,1964
11,8,17,5,11,938,DL,MCO,1963
-3,8,18,6,11,938,DL,MCO,1962
19,8,19,7,11,938,DL,MCO,1961
-3,8,20,1,11,938,DL,MCO,1960
-6,8,21,2,11,938,DL,MCO,1959
3,8,22,3,11,938,DL,MCO,1958
2,8,23,4,11,938,DL,MCO,1957
0,8,24,5,11,938,DL,MCO,1956
-4,8,25,6,11,938,DL,MCO,1955
-1,8,26,7,11,938,DL,MCO,1954
0,8,27,1,11,938,DL,MCO,1953
-1,8,28,2,11,938,DL,MCO,1952
-3,8,29,3,11,938,DL,MCO,1951
109,8,30,4,11,938,DL,MCO,1950
3,8,31,5,11,938,DL,MCO,1949
2,8,1,3,9,938,DL,MCO,1979
3,8,2,4,9,938,DL,MCO,1978
-2,8,3,5,9,938,DL,MCO,1977
1,8,4,6,9,938,DL,MCO,1976
-2,8,5,7,9,938,DL,MCO,1975
4,8,6,1,9,938,DL,MCO,1974
-4,8,7,2,9,938,DL,MCO,1973
-4,8,8,3,9,938,DL,MCO,1972
-4,8,9,4,9,938,DL,MCO,1971
-2,8,10,5,9,938,DL,MCO,1970
71,8,11,6,9,938,DL,MCO,1969
3,8,12,7,9,938,DL,MCO,1968
-3,8,13,1,9,938,DL,MCO,1967
0,8,14,2,9,938,DL,MCO,1966
-4,8,15,3,9,938,DL,MCO,1965
4,8,16,4,9,938,DL,MCO,1964
2,8,17,5,9,938,DL,MCO,1963
0,8,18,6,9,938,DL,MCO,1962
-9,8,19,7,9,938,DL,MCO,1961
-1,8,20,1,9,938,DL,MCO,1960
-4,8,21,2,9,938,DL,MCO,1959
-6,8,22,3,9,938,DL,MCO,1958
-3,8,24,5,9,938,DL,MCO,1956
-3,8,25,6,9,938,DL,MCO,1955
-1,8,26,7,9,938,DL,MCO,1954
-3,8,27,1,9,938,DL,MCO,1953
4,8,28,2,9,938,DL,MCO,1952
-6,8,29,3,9,938,DL,MCO,1951
-4,8,30,4,9,938,DL,MCO,1950
45,8,31,5,9,938,DL,MCO,1949
1,8,1,3,8,1024,DL,PBI,1979
2,8,2,4,8,1024,DL,PBI,1978
3,8,3,5,8,1024,DL,PBI,1977
4,8,4,6,8,1024,DL,PBI,1976
61,8,5,7,8,1024,DL,PBI,1975
1,8,6,1,8,1024,DL,PBI,1974
-5,8,8,3,8,1024,DL,PBI,1972
0,8,9,4,8,1024,DL,PBI,1971
1,8,10,5,8,1024,DL,PBI,1970
320,8,11,6,8,1024,DL,PBI,1969
8,8,12,7,8,1024,DL,PBI,1968
-4,8,13,1,8,1024,DL,PBI,1967
2,8,14,2,8,1024,DL,PBI,1966
0,8,15,3,8,1024,DL,PBI,1965
0,8,16,4,8,1024,DL,PBI,1964
4,8,17,5,8,1024,DL,PBI,1963
2,8,18,6,8,1024,DL,PBI,1962
2,8,19,7,8,1024,DL,PBI,1961
-2,8,20,1,8,1024,DL,PBI,1960
5,8,21,2,8,1024,DL,PBI,1959
-5,8,22,3,8,1024,DL,PBI,1958
-4,8,23,4,8,1024,DL,PBI,1957
8,8,24,5,8,1024,DL,PBI,1956
3,8,25,6,8,1024,DL,PBI,1955
1,8,26,7,8,1024,DL,PBI,1954
-4,8,27,1,8,1024,DL,PBI,1953
-4,8,28,2,8,1024,DL,PBI,1952
0,8,29,3,8,1024,DL,PBI,1951
-4,8,30,4,8,1024,DL,PBI,1950
-3,8,31,5,8,1024,DL,PBI,1949
27,8,1,3,15,1065,DL,FLL,1979
66,8,2,4,15,1065,DL,FLL,1978
29,8,3,5,15,1065,DL,FLL,1977
21,8,4,6,15,1065,DL,FLL,1976
0,8,5,7,15,1065,DL,FLL,1975
12,8,6,1,15,1065,DL,FLL,1974
6,8,7,2,15,1065,DL,FLL,1973
10,8,8,3,15,1065,DL,FLL,1972
-1,8,9,4,15,1065,DL,FLL,1971
83,8,12,7,15,1065,DL,FLL,1968
16,8,14,2,15,1065,DL,FLL,1966
18,8,15,3,15,1065,DL,FLL,1965
3,8,16,4,15,1065,DL,FLL,1964
17,8,17,5,15,1065,DL,FLL,1963
31,8,18,6,15,1065,DL,FLL,1962
0,8,19,7,15,1065,DL,FLL,1961
21,8,20,1,15,1065,DL,FLL,1960
2,8,21,2,15,1065,DL,FLL,1959
45,8,22,3,15,1065,DL,FLL,1958
15,8,23,4,15,1065,DL,FLL,1957
17,8,24,5,15,1065,DL,FLL,1956
11,8,25,6,15,1065,DL,FLL,1955
5,8,26,7,15,1065,DL,FLL,1954
31,8,27,1,15,1065,DL,FLL,1953
-1,8,28,2,15,1065,DL,FLL,1952
2,8,29,3,15,1065,DL,FLL,1951
2,8,30,4,15,1065,DL,FLL,1950
98,8,31,5,15,1065,DL,FLL,1949
19,8,1,3,16,1024,DL,PBI,1979
24,8,2,4,16,1024,DL,PBI,1978
17,8,3,5,16,1024,DL,PBI,1977
18,8,4,6,16,1024,DL,PBI,1976
37,8,5,7,16,1024,DL,PBI,1975
331,8,6,1,16,1024,DL,PBI,1974
5,8,7,2,16,1024,DL,PBI,1973
-3,8,8,3,16,1024,DL,PBI,1972
21,8,9,4,16,1024,DL,PBI,1971
193,8,10,5,16,1024,DL,PBI,1970
226,8,11,6,16,1024,DL,PBI,1969
138,8,12,7,16,1024,DL,PBI,1968
150,8,13,1,16,1024,DL,PBI,1967
33,8,14,2,16,1024,DL,PBI,1966
13,8,15,3,16,1024,DL,PBI,1965
128,8,16,4,16,1024,DL,PBI,1964
12,8,17,5,16,1024,DL,PBI,1963
24,8,18,6,16,1024,DL,PBI,1962
29,8,19,7,16,1024,DL,PBI,1961
22,8,20,1,16,1024,DL,PBI,1960
-3,8,21,2,16,1024,DL,PBI,1959
-5,8,22,3,16,1024,DL,PBI,1958
8,8,23,4,16,1024,DL,PBI,1957
92,8,24,5,16,1024,DL,PBI,1956
3,8,25,6,16,1024,DL,PBI,1955
11,8,26,7,16,1024,DL,PBI,1954
80,8,27,1,16,1024,DL,PBI,1953
-10,8,28,2,16,1024,DL,PBI,1952
0,8,29,3,16,1024,DL,PBI,1951
4,8,30,4,16,1024,DL,PBI,1950
119,8,31,5,16,1024,DL,PBI,1949
2,8,1,3,11,2227,HP,LAS,1979
-2,8,2,4,11,2227,HP,LAS,1978
0,8,3,5,11,2227,HP,LAS,1977
20,8,4,6,11,2227,HP,LAS,1976
0,8,5,7,11,2227,HP,LAS,1975
50,8,6,1,11,2227,HP,LAS,1974
0,8,7,2,11,2227,HP,LAS,1973
0,8,8,3,11,2227,HP,LAS,1972
14,8,9,4,11,2227,HP,LAS,1971
48,8,10,5,11,2227,HP,LAS,1970
94,8,11,6,11,2227,HP,LAS,1969
66,8,12,7,11,2227,HP,LAS,1968
13,8,13,1,11,2227,HP,LAS,1967
103,8,14,2,11,2227,HP,LAS,1966
72,8,15,3,11,2227,HP,LAS,1965
-5,8,16,4,11,2227,HP,LAS,1964
10,8,17,5,11,2227,HP,LAS,1963
24,8,18,6,11,2227,HP,LAS,1962
0,8,19,7,11,2227,HP,LAS,1961
23,8,20,1,11,2227,HP,LAS,1960
27,8,21,2,11,2227,HP,LAS,1959
40,8,22,3,11,2227,HP,LAS,1958
2,8,23,4,11,2227,HP,LAS,1957
36,8,24,5,11,2227,HP,LAS,1956
30,8,25,6,11,2227,HP,LAS,1955
0,8,26,7,11,2227,HP,LAS,1954
-5,8,27,1,11,2227,HP,LAS,1953
4,8,28,2,11,2227,HP,LAS,1952
-5,8,29,3,11,2227,HP,LAS,1951
-5,8,30,4,11,2227,HP,LAS,1950
21,8,31,5,11,2227,HP,LAS,1949
4,8,1,3,10,2133,HP,PHX,1979
-4,8,2,4,10,2133,HP,PHX,1978
0,8,3,5,10,2133,HP,PHX,1977
0,8,4,6,10,2133,HP,PHX,1976
0,8,5,7,10,2133,HP,PHX,1975
0,8,6,1,10,2133,HP,PHX,1974
-2,8,7,2,10,2133,HP,PHX,1973
-1,8,8,3,10,2133,HP,PHX,1972
25,8,9,4,10,2133,HP,PHX,1971
-5,8,10,5,10,2133,HP,PHX,1970
67,8,11,6,10,2133,HP,PHX,1969
0,8,12,7,10,2133,HP,PHX,1968
0,8,13,1,10,2133,HP,PHX,1967
0,8,14,2,10,2133,HP,PHX,1966
42,8,15,3,10,2133,HP,PHX,1965
-5,8,16,4,10,2133,HP,PHX,1964
-5,8,17,5,10,2133,HP,PHX,1963
12,8,18,6,10,2133,HP,PHX,1962
-2,8,19,7,10,2133,HP,PHX,1961
31,8,20,1,10,2133,HP,PHX,1960
17,8,21,2,10,2133,HP,PHX,1959
2,8,22,3,10,2133,HP,PHX,1958
2,8,23,4,10,2133,HP,PHX,1957
27,8,24,5,10,2133,HP,PHX,1956
26,8,25,6,10,2133,HP,PHX,1955
-1,8,26,7,10,2133,HP,PHX,1954
-3,8,27,1,10,2133,HP,PHX,1953
14,8,28,2,10,2133,HP,PHX,1952
-5,8,30,4,10,2133,HP,PHX,1950
297,8,31,5,10,2133,HP,PHX,1949
10,8,4,6,12,2133,HP,PHX,1976
93,8,11,6,12,2133,HP,PHX,1969
13,8,18,6,12,2133,HP,PHX,1962
43,8,25,6,12,2133,HP,PHX,1955
2,8,1,3,20,2227,HP,LAS,1979
33,8,2,4,20,2227,HP,LAS,1978
-4,8,3,5,20,2227,HP,LAS,1977
5,8,4,6,20,2227,HP,LAS,1976
2,8,5,7,20,2227,HP,LAS,1975
0,8,6,1,20,2227,HP,LAS,1974
10,8,7,2,20,2227,HP,LAS,1973
0,8,8,3,20,2227,HP,LAS,1972
88,8,9,4,20,2227,HP,LAS,1971
147,8,11,6,20,2227,HP,LAS,1969
63,8,12,7,20,2227,HP,LAS,1968
233,8,14,2,20,2227,HP,LAS,1966
0,8,15,3,20,2227,HP,LAS,1965
4,8,16,4,20,2227,HP,LAS,1964
1,8,17,5,20,2227,HP,LAS,1963
13,8,18,6,20,2227,HP,LAS,1962
108,8,19,7,20,2227,HP,LAS,1961
197,8,20,1,20,2227,HP,LAS,1960
12,8,21,2,20,2227,HP,LAS,1959
0,8,22,3,20,2227,HP,LAS,1958
8,8,23,4,20,2227,HP,LAS,1957
5,8,24,5,20,2227,HP,LAS,1956
20,8,25,6,20,2227,HP,LAS,1955
0,8,26,7,20,2227,HP,LAS,1954
1,8,27,1,20,2227,HP,LAS,1953
114,8,28,2,20,2227,HP,LAS,1952
0,8,29,3,20,2227,HP,LAS,1951
22,8,30,4,20,2227,HP,LAS,1950
136,8,31,5,20,2227,HP,LAS,1949
-2,8,1,3,15,2133,HP,PHX,1979
2,8,2,4,15,2133,HP,PHX,1978
0,8,3,5,15,2133,HP,PHX,1977
1,8,5,7,15,2133,HP,PHX,1975
0,8,6,1,15,2133,HP,PHX,1974
4,8,7,2,15,2133,HP,PHX,1973
33,8,8,3,15,2133,HP,PHX,1972
35,8,9,4,15,2133,HP,PHX,1971
148,8,10,5,15,2133,HP,PHX,1970
27,8,12,7,15,2133,HP,PHX,1968
79,8,13,1,15,2133,HP,PHX,1967
0,8,14,2,15,2133,HP,PHX,1966
-1,8,15,3,15,2133,HP,PHX,1965
0,8,16,4,15,2133,HP,PHX,1964
4,8,17,5,15,2133,HP,PHX,1963
27,8,19,7,15,2133,HP,PHX,1961
48,8,20,1,15,2133,HP,PHX,1960
-2,8,21,2,15,2133,HP,PHX,1959
12,8,22,3,15,2133,HP,PHX,1958
-2,8,23,4,15,2133,HP,PHX,1957
0,8,24,5,15,2133,HP,PHX,1956
38,8,26,7,15,2133,HP,PHX,1954
60,8,27,1,15,2133,HP,PHX,1953
-3,8,28,2,15,2133,HP,PHX,1952
-2,8,29,3,15,2133,HP,PHX,1951
-4,8,30,4,15,2133,HP,PHX,1950
0,8,31,5,15,2133,HP,PHX,1949
0,8,1,3,7,2133,HP,PHX,1979
-2,8,2,4,7,2133,HP,PHX,1978
0,8,3,5,7,2133,HP,PHX,1977
-3,8,5,7,7,2133,HP,PHX,1975
-5,8,6,1,7,2133,HP,PHX,1974
-2,8,7,2,7,2133,HP,PHX,1973
-1,8,8,3,7,2133,HP,PHX,1972
-4,8,9,4,7,2133,HP,PHX,1971
-2,8,10,5,7,2133,HP,PHX,1970
5,8,12,7,7,2133,HP,PHX,1968
0,8,13,1,7,2133,HP,PHX,1967
27,8,14,2,7,2133,HP,PHX,1966
120,8,15,3,7,2133,HP,PHX,1965
-5,8,16,4,7,2133,HP,PHX,1964
-4,8,17,5,7,2133,HP,PHX,1963
-5,8,19,7,7,2133,HP,PHX,1961
0,8,20,1,7,2133,HP,PHX,1960
-5,8,21,2,7,2133,HP,PHX,1959
-4,8,22,3,7,2133,HP,PHX,1958
-1,8,23,4,7,2133,HP,PHX,1957
-1,8,24,5,7,2133,HP,PHX,1956
0,8,26,7,7,2133,HP,PHX,1954
0,8,27,1,7,2133,HP,PHX,1953
-5,8,28,2,7,2133,HP,PHX,1952
0,8,29,3,7,2133,HP,PHX,1951
10,8,30,4,7,2133,HP,PHX,1950
-5,8,31,5,7,2133,HP,PHX,1949
-2,8,1,3,18,2133,HP,PHX,1979
6,8,2,4,18,2133,HP,PHX,1978
-1,8,3,5,18,2133,HP,PHX,1977
59,8,4,6,18,2133,HP,PHX,1976
15,8,5,7,18,2133,HP,PHX,1975
12,8,6,1,18,2133,HP,PHX,1974
10,8,7,2,18,2133,HP,PHX,1973
10,8,8,3,18,2133,HP,PHX,1972
6,8,9,4,18,2133,HP,PHX,1971
147,8,10,5,18,2133,HP,PHX,1970
4,8,11,6,18,2133,HP,PHX,1969
23,8,12,7,18,2133,HP,PHX,1968
115,8,13,1,18,2133,HP,PHX,1967
0,8,14,2,18,2133,HP,PHX,1966
0,8,15,3,18,2133,HP,PHX,1965
3,8,16,4,18,2133,HP,PHX,1964
-4,8,17,5,18,2133,HP,PHX,1963
27,8,18,6,18,2133,HP,PHX,1962
0,8,19,7,18,2133,HP,PHX,1961
0,8,20,1,18,2133,HP,PHX,1960
0,8,21,2,18,2133,HP,PHX,1959
-4,8,22,3,18,2133,HP,PHX,1958
0,8,23,4,18,2133,HP,PHX,1957
28,8,24,5,18,2133,HP,PHX,1956
28,8,25,6,18,2133,HP,PHX,1955
0,8,26,7,18,2133,HP,PHX,1954
40,8,27,1,18,2133,HP,PHX,1953
50,8,28,2,18,2133,HP,PHX,1952
-1,8,29,3,18,2133,HP,PHX,1951
382,8,30,4,18,2133,HP,PHX,1950
0,8,4,6,7,2133,HP,PHX,1976
10,8,11,6,7,2133,HP,PHX,1969
0,8,18,6,7,2133,HP,PHX,1962
0,8,25,6,7,2133,HP,PHX,1955
